"id","order_id","user_id","product_id","inventory_item_id","status","created_at","shipped_at","delivered_at","returned_at","sale_price"
"170033","117250","94021","13606","459167","Shipped","2022-02-15 13:18:32","2022-02-14 21:06:00",NULL,NULL,2.5
"59446","40960","32714","13606","160454","Complete","2022-03-23 06:50:27","2022-03-25 05:56:00","2022-03-29 16:47:00",NULL,2.5
"8297","5686","4599","13606","22498","Processing","2022-06-22 01:44:10",NULL,NULL,NULL,2.5
"101053","69836","55850","28951","272918","Shipped","2021-12-27 00:33:42","2021-12-28 14:05:00",NULL,NULL,3
"130189","89794","71917","28951","351504","Shipped","2021-05-29 09:27:56","2021-05-31 11:41:00",NULL,NULL,3
"56220","38752","30988","28951","151721","Complete","2021-01-01 08:32:54","2021-01-01 00:47:00","2021-01-03 01:52:00",NULL,3
"87545","60494","48427","28951","236502","Complete","2022-05-02 03:21:39","2022-04-30 11:43:00","2022-05-03 16:29:00",NULL,3
"129966","89637","71800","28951","350915","Complete","2020-02-25 09:55:27","2020-02-28 02:10:00","2020-03-02 17:42:00",NULL,3
"46268","31845","25411","28951","124926","Returned","2022-04-29 22:39:43","2022-04-30 16:19:00","2022-04-30 20:50:00","2022-05-01 21:22:00",3
"25316","17446","13930","28951","68410","Processing","2020-11-19 06:01:26",NULL,NULL,NULL,3
"76099","52442","41972","28557","205496","Shipped","2022-06-14 22:18:29","2022-06-17 09:01:00",NULL,NULL,3.25
"56134","38696","30937","28557","151481","Complete","2022-03-02 08:03:17","2022-03-05 04:58:00","2022-03-09 03:49:00",NULL,3.25
"69106","47577","38041","28557","186553","Complete","2022-01-29 17:12:43","2022-01-31 05:48:00","2022-02-02 06:12:00",NULL,3.25
"70977","48865","39099","28557","191616","Returned","2020-10-27 00:13:37","2020-10-28 21:33:00","2020-11-02 14:11:00","2020-11-04 07:45:00",3.25
"99775","68965","55141","28557","269496","Cancelled","2020-01-16 11:34:29",NULL,NULL,NULL,3.25
"70894","48809","39052","28557","191394","Processing","2021-08-20 03:18:20",NULL,NULL,NULL,3.25
"46438","31964","25519","28668","125404","Shipped","2021-04-23 07:08:07","2021-04-26 05:18:00",NULL,NULL,3.5
"66959","46064","36838","15917","180795","Shipped","2022-07-22 03:50:57","2022-07-23 18:56:00",NULL,NULL,3.5
"92731","64072","51281","28679","250461","Shipped","2020-12-02 06:15:40","2020-12-03 18:45:00",NULL,NULL,3.5
"101240","69960","55938","28679","273412","Shipped","2021-05-15 05:14:23","2021-05-17 03:52:00",NULL,NULL,3.5
"111462","76999","61612","15784","301022","Shipped","2022-05-25 14:42:12","2022-05-23 03:31:00",NULL,NULL,3.5
"32502","22370","17884","15784","87826","Complete","2022-07-21 22:58:41","2022-07-23 17:00:00","2022-07-27 14:29:00",NULL,3.5
"93201","64406","51530","14248","251718","Complete","2019-10-09 14:54:00","2019-10-10 02:30:00","2019-10-14 03:25:00",NULL,3.5
"96026","66370","53068","15784","259391","Complete","2022-07-21 10:37:07","2022-07-22 21:48:00","2022-07-27 06:53:00",NULL,3.5
"99548","68796","55014","15419","268896","Complete","2021-03-28 14:19:15","2021-03-30 10:36:00","2021-04-02 09:16:00",NULL,3.5
"138097","95298","76391","14248","372895","Complete","2020-08-27 04:51:50","2020-08-28 09:20:00","2020-09-01 14:48:00",NULL,3.5
"158575","109385","87716","28668","428139","Complete","2021-12-13 01:13:44","2021-12-09 05:19:00","2021-12-10 06:40:00",NULL,3.5
"20752","14270","11420","13696","56169","Returned","2022-04-28 22:45:27","2022-04-30 20:32:00","2022-05-03 07:07:00","2022-05-04 08:43:00",3.5
"126367","87167","69750","13696","341186","Returned","2022-06-16 22:52:13","2022-06-16 14:38:00","2022-06-18 01:22:00","2022-06-18 09:52:00",3.5
"176526","121741","97637","28668","476762","Returned","2021-12-09 08:55:58","2021-12-06 20:11:00","2021-12-09 18:08:00","2021-12-10 08:37:00",3.5
"8008","5492","4445","28679","21724","Cancelled","2022-01-07 02:32:19",NULL,NULL,NULL,3.5
"82442","56898","45500","15917","222625","Cancelled","2020-02-01 21:51:07",NULL,NULL,NULL,3.5
"105694","73032","58410","28668","285495","Cancelled","2022-07-10 00:29:04",NULL,NULL,NULL,3.5
"149914","103460","82988","28668","404848","Cancelled","2020-09-16 15:01:06",NULL,NULL,NULL,3.5
"173512","119674","95957","28679","468587","Cancelled","2022-01-29 11:49:49",NULL,NULL,NULL,3.5
"14205","9775","7884","13696","38494","Processing","2020-05-09 05:22:30",NULL,NULL,NULL,3.5
"55598","38325","30629","28679","150020","Processing","2020-12-12 16:39:01",NULL,NULL,NULL,3.5
"92485","63899","51156","15784","249798","Processing","2022-06-07 09:03:44",NULL,NULL,NULL,3.5
"95275","65850","52675","28668","257353","Processing","2021-08-09 04:49:58",NULL,NULL,NULL,3.5
"118896","82084","65717","15784","321028","Processing","2020-05-10 11:51:40",NULL,NULL,NULL,3.5
"120137","82921","66391","15419","324358","Processing","2022-09-02 08:28:12",NULL,NULL,NULL,3.5
"169488","116888","93712","28668","457680","Processing","2022-02-09 23:26:03",NULL,NULL,NULL,3.5
"177185","122188","97975","13696","478547","Processing","2021-09-02 00:40:12",NULL,NULL,NULL,3.5
"118319","81680","65404","12602","319480","Shipped","2022-09-05 12:54:12.187415","2022-09-08 01:41:59.187415",NULL,NULL,3.75
"60930","41965","33545","12602","164490","Complete","2021-01-22 10:55:29","2021-01-20 02:48:00","2021-01-22 13:28:00",NULL,3.75
"112489","77694","62149","12602","303826","Complete","2022-05-23 01:34:28","2022-05-19 09:12:00","2022-05-19 09:20:00",NULL,3.75
"157919","108927","87369","12667","426382","Shipped","2022-07-17 08:38:22","2022-07-18 07:28:00",NULL,NULL,4
"60933","41967","33546","12667","164500","Complete","2020-10-13 15:46:51","2020-10-14 07:31:00","2020-10-17 16:08:00",NULL,4
"86972","60102","48097","12667","234951","Complete","2020-03-08 01:33:54","2020-03-10 13:58:00","2020-03-13 23:42:00",NULL,4
"51129","35248","28138","12667","138010","Returned","2021-08-12 04:50:15","2021-08-14 16:58:00","2021-08-15 20:01:00","2021-08-17 10:29:00",4
"86864","60026","48024","12667","234659","Cancelled","2022-09-04 13:15:17.009929",NULL,NULL,NULL,4
"127339","87813","70308","12667","343783","Cancelled","2022-08-07 06:56:30",NULL,NULL,NULL,4
"14987","10303","8279","12667","40594","Processing","2022-01-22 02:40:49",NULL,NULL,NULL,4
"132660","91510","73288","12667","358225","Processing","2019-12-06 23:04:26",NULL,NULL,NULL,4
"47415","32669","26080","25265","127986","Shipped","2022-05-10 06:27:47","2022-05-12 13:15:00",NULL,NULL,4.5
"56742","39113","31274","24922","153148","Shipped","2021-03-16 09:35:28","2021-03-18 22:33:00",NULL,NULL,4.5
"102368","70733","56556","24922","276510","Shipped","2022-03-05 06:40:05","2022-03-04 18:07:00",NULL,NULL,4.5
"165566","114187","91548","25265","447154","Shipped","2022-08-13 23:23:52","2022-08-15 09:32:00",NULL,NULL,4.5
"179958","124110","99549","25265","485968","Shipped","2022-07-28 04:16:22","2022-07-25 14:56:00",NULL,NULL,4.5
"5040","3433","2806","28370","13631","Complete","2020-09-24 13:16:47","2020-09-25 06:40:00","2020-09-27 02:01:00",NULL,4.5
"33627","23149","18483","25265","90845","Complete","2021-10-26 12:44:11","2021-10-27 00:35:00","2021-11-01 00:27:00",NULL,4.5
"99737","68938","55120","25265","269392","Complete","2020-02-16 23:31:43","2020-02-14 01:52:00","2020-02-15 17:44:00",NULL,4.5
"104376","72123","57659","24922","281953","Complete","2021-01-14 07:10:39","2021-01-17 06:27:00","2021-01-20 07:29:00",NULL,4.5
"136285","94051","75381","24922","368017","Complete","2021-10-01 17:21:16","2021-10-02 01:26:00","2021-10-03 00:00:00",NULL,4.5
"76430","52679","42155","28370","206383","Returned","2022-03-25 12:02:15","2022-03-27 22:56:00","2022-03-30 21:16:00","2022-04-02 07:50:00",4.5
"110089","76043","60809","25265","297357","Returned","2021-07-27 00:16:33","2021-07-23 22:09:00","2021-07-24 10:31:00","2021-07-26 14:03:00",4.5
"155365","107190","86001","24922","419521","Returned","2020-07-18 14:29:42","2020-07-19 04:55:00","2020-07-22 22:18:00","2020-07-23 08:23:00",4.5
"52202","35973","28738","24922","140878","Cancelled","2022-08-10 11:09:49",NULL,NULL,NULL,4.5
"88788","61374","49148","25265","239891","Cancelled","2021-08-16 04:47:54",NULL,NULL,NULL,4.5
"150692","103987","83427","25265","406980","Cancelled","2019-12-31 01:06:05",NULL,NULL,NULL,4.5
"5238","3571","2921","25265","14177","Processing","2022-03-16 12:28:27",NULL,NULL,NULL,4.5
"28309","19510","15604","28370","76528","Processing","2022-09-05 14:07:24.913535",NULL,NULL,NULL,4.5
"35627","24519","19591","24922","96215","Processing","2022-09-03 01:09:12.905051",NULL,NULL,NULL,4.5
"39436","27151","21693","24922","106468","Processing","2021-06-22 05:41:36",NULL,NULL,NULL,4.5
"93952","64910","51947","24922","253761","Processing","2021-09-05 03:24:00",NULL,NULL,NULL,4.5
"144509","99704","79944","24922","390171","Processing","2022-06-21 13:48:06",NULL,NULL,NULL,4.5
"150254","103681","83169","25265","405803","Processing","2021-08-25 05:20:01",NULL,NULL,NULL,4.5
"2271","1554","1257","18719","6150","Shipped","2021-10-06 10:52:44","2021-10-09 06:45:00",NULL,NULL,5
"48187","33195","26522","28992","130063","Shipped","2021-12-12 06:01:05","2021-12-15 08:01:00",NULL,NULL,5
"63123","43462","34750","9002","170432","Shipped","2021-02-26 02:49:49","2021-02-24 20:36:00",NULL,NULL,5
"85260","58917","47098","24793","230307","Shipped","2022-04-17 16:28:33","2022-04-20 09:17:00",NULL,NULL,5
"97373","67298","53773","16949","263020","Shipped","2021-08-17 06:10:33","2021-08-14 15:43:00",NULL,NULL,5
"108486","74948","59931","28992","293048","Shipped","2021-06-10 13:31:48","2021-06-12 02:52:00",NULL,NULL,5
"155480","107265","86071","28992","419828","Shipped","2021-03-20 22:14:45","2021-03-23 13:05:00",NULL,NULL,5
"48286","33272","26584","24793","130319","Complete","2021-01-29 08:26:08","2021-01-29 23:18:00","2021-02-01 16:41:00",NULL,5
"105149","72664","58103","28992","284019","Complete","2021-06-18 09:38:22","2021-06-19 13:21:00","2021-06-23 23:55:00",NULL,5
"126363","87164","69746","11016","341175","Complete","2022-04-15 15:30:33","2022-04-17 20:07:00","2022-04-19 20:51:00",NULL,5
"160929","111010","88997","16949","434507","Complete","2022-01-08 23:15:48","2022-01-08 00:41:00","2022-01-08 03:43:00",NULL,5
"167572","115558","92619","28992","452547","Complete","2022-07-10 11:48:14","2022-07-12 11:12:00","2022-07-14 17:15:00",NULL,5
"178271","122958","98618","18719","481432","Complete","2022-02-15 03:59:52","2022-02-14 20:31:00","2022-02-19 19:22:00",NULL,5
"9109","6247","5055","11016","24690","Returned","2020-10-23 10:39:38","2020-10-24 14:12:00","2020-10-29 11:07:00","2020-10-31 04:31:00",5
"16080","11047","8868","16949","43521","Returned","2020-01-01 04:04:35","2019-12-29 19:25:00","2020-01-03 17:40:00","2020-01-04 22:08:00",5
"49445","34049","27182","9002","133458","Returned","2021-07-30 02:06:28","2021-07-29 03:17:00","2021-07-29 17:00:00","2021-08-01 00:22:00",5
"87645","60562","48495","9002","236770","Returned","2022-05-25 05:48:01","2022-05-26 10:49:00","2022-05-30 20:46:00","2022-06-02 17:38:00",5
"115038","79449","63573","11016","310716","Returned","2020-05-03 03:02:32","2020-05-05 06:17:00","2020-05-05 11:56:00","2020-05-07 19:53:00",5
"167859","115755","92795","24793","453303","Returned","2022-07-22 07:24:46","2022-07-22 19:27:00","2022-07-23 10:50:00","2022-07-25 04:10:00",5
"43218","29729","23712","11016","116705","Cancelled","2022-05-28 07:55:43",NULL,NULL,NULL,5
"55961","38574","30833","28992","151019","Cancelled","2022-05-13 06:23:22",NULL,NULL,NULL,5
"7620","5218","4230","16949","20663","Processing","2022-04-26 03:44:10",NULL,NULL,NULL,5
"22410","15412","12313","16949","60559","Processing","2022-08-11 13:26:33",NULL,NULL,NULL,5
"31339","21560","17253","9002","84704","Processing","2020-09-24 08:47:21",NULL,NULL,NULL,5
"36718","25268","20194","16949","99124","Processing","2022-06-29 08:00:02",NULL,NULL,NULL,5
"43858","30168","24047","16949","118447","Processing","2020-02-10 03:46:02",NULL,NULL,NULL,5
"53323","36751","29369","24793","143891","Processing","2022-06-03 14:48:04",NULL,NULL,NULL,5
"134624","92881","74415","11016","363540","Processing","2022-04-19 23:13:03",NULL,NULL,NULL,5
"137405","94810","75999","28992","371013","Processing","2020-03-15 02:41:37",NULL,NULL,NULL,5
"146820","101287","81257","9002","396451","Processing","2020-09-16 04:46:08",NULL,NULL,NULL,5
"153206","105694","84792","9002","413750","Processing","2022-08-12 14:36:36",NULL,NULL,NULL,5
"155448","107247","86048","16949","419742","Processing","2021-05-18 06:57:05",NULL,NULL,NULL,5
"172212","118751","95206","16949","465113","Processing","2021-05-10 09:13:03",NULL,NULL,NULL,5
"179180","123583","99133","28992","483884","Processing","2022-08-08 04:16:50",NULL,NULL,NULL,5
"28482","19612","15680","6250","76992","Shipped","2021-09-20 02:47:16","2021-09-21 02:48:00",NULL,NULL,5.5
"38608","26591","21248","6250","104233","Shipped","2022-08-31 07:25:07.205661","2022-09-01 07:30:22.205661",NULL,NULL,5.5
"47914","33014","26372","9085","129328","Shipped","2021-07-06 04:21:28","2021-07-06 12:26:00",NULL,NULL,5.5
"67299","46306","37030","9380","181733","Shipped","2022-08-31 12:07:36","2022-09-01 17:28:00",NULL,NULL,5.5
"85032","58759","46976","9085","229676","Shipped","2020-11-22 06:46:01","2020-11-24 15:43:00",NULL,NULL,5.5
"90670","62662","50164","9085","244953","Shipped","2020-04-16 00:34:49","2020-04-15 11:46:00",NULL,NULL,5.5
"108432","74907","59902","6250","292905","Shipped","2022-01-15 16:31:37","2022-01-16 00:58:00",NULL,NULL,5.5
"151240","104354","83721","6250","408458","Shipped","2022-06-04 14:40:47","2022-06-05 18:26:00",NULL,NULL,5.5
"50355","34685","27689","9380","135930","Complete","2022-07-01 01:26:34","2022-07-02 09:38:00","2022-07-06 06:43:00",NULL,5.5
"172345","118841","95273","9380","465480","Complete","2020-04-10 16:02:50","2020-04-12 21:53:00","2020-04-16 08:25:00",NULL,5.5
"33698","23203","18526","9085","91047","Returned","2022-07-18 21:36:53","2022-07-19 12:55:00","2022-07-21 10:15:00","2022-07-21 20:43:00",5.5
"48624","33496","26755","9085","131220","Returned","2019-11-17 07:35:43","2019-11-18 04:43:00","2019-11-18 09:05:00","2019-11-18 19:36:00",5.5
"73885","50891","40713","9380","199492","Returned","2022-07-04 05:29:26","2022-07-05 20:40:00","2022-07-07 05:57:00","2022-07-09 00:52:00",5.5
"164776","113654","91122","9380","444996","Returned","2022-04-28 11:48:34","2022-05-01 10:20:00","2022-05-04 03:14:00","2022-05-05 16:50:00",5.5
"156611","108025","86636","9380","422850","Cancelled","2020-07-28 03:14:30",NULL,NULL,NULL,5.5
"173610","119747","96012","9380","468836","Cancelled","2019-10-19 23:18:02",NULL,NULL,NULL,5.5
"32988","22713","18141","9380","89124","Processing","2022-07-10 01:50:43",NULL,NULL,NULL,5.5
"94197","65076","52059","6250","254425","Processing","2022-07-20 05:11:31",NULL,NULL,NULL,5.5
"108779","75147","60087","9380","293837","Processing","2022-08-14 12:17:43",NULL,NULL,NULL,5.5
"2685","1834","1487","8987","7270","Shipped","2022-09-04 13:03:48","2022-09-04 15:30:00",NULL,NULL,6
"19454","13376","10728","12702","52638","Shipped","2021-04-25 06:19:53","2021-04-26 04:39:00",NULL,NULL,6
"19635","13494","10826","9303","53133","Shipped","2022-06-16 16:07:49","2022-06-19 05:03:00",NULL,NULL,6
"24085","16566","13243","13601","65110","Shipped","2021-12-10 08:15:17","2021-12-09 08:57:00",NULL,NULL,6
"33467","23040","18391","13840","90416","Shipped","2022-06-14 15:46:34","2022-06-13 07:18:00",NULL,NULL,6
"40365","27777","22183","15260","108965","Shipped","2021-04-11 09:53:35","2021-04-09 01:01:00",NULL,NULL,6
"42113","28971","23106","12551","113689","Shipped","2021-11-07 17:09:51","2021-11-09 21:03:00",NULL,NULL,6
"45207","31125","24842","12539","122082","Shipped","2021-02-20 00:12:50","2021-02-16 16:17:00",NULL,NULL,6
"53242","36694","29322","13973","143669","Shipped","2022-01-19 01:59:54","2022-01-19 05:42:00",NULL,NULL,6
"55480","38241","30559","9303","149696","Shipped","2022-09-02 00:42:36.450208","2022-09-02 07:33:28.450208",NULL,NULL,6
"59870","41248","32954","9303","161613","Shipped","2020-03-15 01:33:47","2020-03-15 21:19:00",NULL,NULL,6
"60195","41459","33129","9414","162514","Shipped","2022-01-02 00:31:37","2021-12-29 10:43:00",NULL,NULL,6
"60789","41868","33461","12551","164120","Shipped","2020-02-24 21:53:55","2020-02-27 06:37:00",NULL,NULL,6
"63890","43982","35179","15667","172470","Shipped","2022-03-12 22:46:50","2022-03-14 20:46:00",NULL,NULL,6
"67442","46407","37117","12702","182114","Shipped","2022-02-19 23:16:41","2022-02-20 23:18:00",NULL,NULL,6
"73507","50628","40514","9414","198480","Shipped","2022-09-03 23:19:50","2022-09-05 12:02:00",NULL,NULL,6
"76777","52933","42348","5955","207331","Shipped","2020-03-31 01:16:42","2020-04-02 20:13:00",NULL,NULL,6
"82966","57282","45792","13616","224066","Shipped","2019-11-17 05:48:41","2019-11-19 19:59:00",NULL,NULL,6
"85942","59390","47513","9303","232144","Shipped","2022-07-11 02:51:29","2022-07-12 20:05:00",NULL,NULL,6
"89790","62069","49688","15260","242559","Shipped","2020-02-29 09:36:52","2020-02-28 05:18:00",NULL,NULL,6
"102432","70773","56586","5955","276693","Shipped","2022-03-30 16:13:55","2022-03-30 22:56:00",NULL,NULL,6
"102737","70977","56729","13973","277501","Shipped","2022-06-06 06:00:09","2022-06-07 17:22:00",NULL,NULL,6
"106674","73706","58945","12539","288133","Shipped","2022-09-01 06:12:42","2022-09-03 18:56:00",NULL,NULL,6
"124486","85879","68739","15667","336052","Shipped","2021-10-20 12:14:55","2021-10-23 09:29:00",NULL,NULL,6
"128243","88448","70844","12702","346271","Shipped","2021-08-08 02:13:17","2021-08-10 23:46:00",NULL,NULL,6
"151694","104658","83972","28785","409687","Shipped","2021-12-11 14:50:53","2021-12-14 00:31:00",NULL,NULL,6
"153617","105983","85017","15878","414846","Shipped","2019-07-18 05:51:18","2019-07-16 04:16:00",NULL,NULL,6
"153950","106221","85208","13616","415723","Shipped","2020-09-10 09:50:27","2020-09-10 09:08:00",NULL,NULL,6
"155536","107300","86096","15260","419982","Shipped","2022-04-07 09:22:46","2022-04-08 20:21:00",NULL,NULL,6
"155538","107302","86098","13840","419986","Shipped","2021-03-27 06:40:35","2021-03-26 10:32:00",NULL,NULL,6
"155932","107567","86289","5955","421014","Shipped","2022-08-28 12:42:02","2022-08-28 08:39:00",NULL,NULL,6
"156843","108184","86773","12533","423486","Shipped","2022-05-09 00:49:13","2022-05-09 09:48:00",NULL,NULL,6
"156866","108200","86786","13973","423545","Shipped","2021-07-14 04:36:00","2021-07-15 14:48:00",NULL,NULL,6
"168352","116101","93088","13840","454645","Shipped","2022-04-15 03:46:52","2022-04-17 14:01:00",NULL,NULL,6
"170951","117862","94516","15667","461705","Shipped","2020-10-05 10:31:10","2020-10-03 11:55:00",NULL,NULL,6
"172203","118745","95200","8987","465089","Shipped","2020-07-06 09:43:55","2020-07-07 14:57:00",NULL,NULL,6
"178114","122846","98532","15667","481011","Shipped","2021-12-13 10:04:34","2021-12-16 10:28:00",NULL,NULL,6
"3833","2605","2109","11029","10374","Complete","2021-12-10 00:56:31","2021-12-12 13:34:00","2021-12-14 06:45:00",NULL,6
"19120","13142","10537","15667","51735","Complete","2021-11-10 23:17:37","2021-11-13 09:44:00","2021-11-15 14:24:00",NULL,6
"23400","16102","12873","15878","63248","Complete","2021-12-05 17:06:41","2021-12-05 22:45:00","2021-12-07 06:22:00",NULL,6
"25080","17279","13802","12533","67791","Complete","2022-03-14 15:29:49","2022-03-15 08:04:00","2022-03-17 04:17:00",NULL,6
"29318","20187","16143","13973","79253","Complete","2022-01-01 21:40:36","2021-12-30 09:57:00","2022-01-04 01:44:00",NULL,6
"38621","26602","21259","15260","104266","Complete","2022-01-05 17:43:17","2022-01-05 01:21:00","2022-01-07 07:38:00",NULL,6
"40086","27591","22037","24856","108201","Complete","2022-04-28 15:51:06","2022-04-27 17:56:00","2022-05-02 15:48:00",NULL,6
"47347","32619","26048","13616","127800","Complete","2021-12-01 06:23:15","2021-12-02 23:03:00","2021-12-05 03:01:00",NULL,6
"48823","33631","26855","13973","131758","Complete","2022-08-13 12:27:55","2022-08-11 07:50:00","2022-08-12 17:48:00",NULL,6
"62238","42865","34270","12702","168006","Complete","2021-10-16 02:36:22","2021-10-16 06:55:00","2021-10-20 08:53:00",NULL,6
"63859","43964","35168","13616","172392","Complete","2021-04-06 14:01:46","2021-04-06 17:44:00","2021-04-11 14:21:00",NULL,6
"64788","44595","35680","15667","174938","Complete","2022-05-05 15:08:44","2022-05-07 15:26:00","2022-05-09 17:44:00",NULL,6
"72641","50032","40041","28785","196152","Complete","2022-02-19 04:33:31","2022-02-21 10:53:00","2022-02-23 06:09:00",NULL,6
"78372","54039","43234","5955","211572","Complete","2021-11-11 16:50:46","2021-11-09 21:45:00","2021-11-13 11:01:00",NULL,6
"78613","54198","43389","9303","212226","Complete","2021-07-02 12:54:00","2021-07-04 01:14:00","2021-07-07 13:27:00",NULL,6
"79873","55079","44053","12551","215680","Complete","2022-01-29 14:32:22","2022-02-01 00:41:00","2022-02-01 10:40:00",NULL,6
"81117","55949","44730","8987","219070","Complete","2021-09-29 03:56:44","2021-09-29 14:36:00","2021-10-02 22:44:00",NULL,6
"81510","56233","44942","13840","220130","Complete","2021-03-24 07:09:19","2021-03-25 07:47:00","2021-03-29 13:44:00",NULL,6
"81609","56299","44995","12539","220396","Complete","2022-06-23 11:39:37","2022-06-24 21:25:00","2022-06-25 14:31:00",NULL,6
"83590","57729","46144","12572","225754","Complete","2022-04-29 04:58:06","2022-04-28 03:23:00","2022-05-02 22:45:00",NULL,6
"87624","60548","48484","12539","236710","Complete","2022-07-14 01:12:06","2022-07-14 23:59:00","2022-07-19 00:18:00",NULL,6
"89163","61628","49336","12572","240873","Complete","2022-08-29 15:57:29","2022-08-30 17:40:00","2022-09-01 20:03:00",NULL,6
"95244","65827","52657","12551","257267","Complete","2021-12-04 05:16:28","2021-12-04 15:40:00","2021-12-07 17:22:00",NULL,6
"99307","68624","54863","15260","268255","Complete","2021-12-04 21:19:59","2021-12-01 17:16:00","2021-12-05 14:01:00",NULL,6
"118277","81648","65376","9303","319368","Complete","2019-12-25 07:07:54","2019-12-26 22:42:00","2019-12-31 02:47:00",NULL,6
"132397","91331","73137","13840","357493","Complete","2021-11-08 21:42:33","2021-11-11 18:21:00","2021-11-12 23:28:00",NULL,6
"140657","97024","77812","13616","379782","Complete","2021-08-11 14:12:04","2021-08-14 00:08:00","2021-08-17 23:20:00",NULL,6
"141416","97548","78239","8987","381847","Complete","2022-09-03 08:44:57","2022-09-05 20:08:00","2022-09-10 12:41:00",NULL,6
"153387","105821","84885","12702","414242","Complete","2022-08-08 00:35:40","2022-08-08 01:13:00","2022-08-09 06:31:00",NULL,6
"158134","109076","87476","12572","426950","Complete","2022-02-06 03:21:24","2022-02-06 08:41:00","2022-02-06 21:42:00",NULL,6
"167148","115268","92391","15878","451425","Complete","2020-05-30 11:26:39","2020-05-29 12:05:00","2020-05-29 12:15:00",NULL,6
"173631","119761","96027","5955","468892","Complete","2019-02-19 22:35:28","2019-02-21 09:22:00","2019-02-24 10:07:00",NULL,6
"175040","120703","96778","11029","472711","Complete","2022-05-22 02:01:50","2022-05-23 23:52:00","2022-05-27 23:59:00",NULL,6
"178598","123186","98804","12533","482325","Complete","2021-07-29 17:02:34","2021-07-28 06:23:00","2021-07-30 08:39:00",NULL,6
"31483","21666","17330","12702","85091","Returned","2020-04-25 16:13:48","2020-04-25 19:32:00","2020-04-26 06:00:00","2020-04-27 16:46:00",6
"40732","28018","22348","12539","109986","Returned","2022-05-05 11:30:52","2022-05-01 20:29:00","2022-05-03 07:00:00","2022-05-05 15:31:00",6
"132650","91504","73283","12702","358198","Returned","2021-09-17 07:25:53","2021-09-18 22:43:00","2021-09-22 22:39:00","2021-09-23 06:50:00",6
"144909","99985","80180","12572","391262","Returned","2021-08-04 08:32:56","2021-08-06 14:27:00","2021-08-09 22:06:00","2021-08-11 16:36:00",6
"3070","2088","1678","12572","8299","Cancelled","2021-05-15 23:06:24",NULL,NULL,NULL,6
"24032","16532","13216","15260","64967","Cancelled","2022-08-25 06:50:37",NULL,NULL,NULL,6
"27521","18957","15167","12702","74396","Cancelled","2021-02-16 23:24:59",NULL,NULL,NULL,6
"31174","21450","17163","13616","84260","Cancelled","2022-08-18 12:45:50",NULL,NULL,NULL,6
"38290","26359","21067","13616","103363","Cancelled","2022-08-06 02:21:31",NULL,NULL,NULL,6
"65034","44769","35804","8987","175611","Cancelled","2022-03-07 03:45:22",NULL,NULL,NULL,6
"85803","59298","47429","15878","231771","Cancelled","2022-04-30 01:58:19",NULL,NULL,NULL,6
"112298","77566","62046","13601","303315","Cancelled","2020-09-16 01:16:20",NULL,NULL,NULL,6
"112716","77854","62273","24856","304442","Cancelled","2021-11-01 12:45:41",NULL,NULL,NULL,6
"138747","95745","76761","28785","374657","Cancelled","2021-04-28 10:45:00",NULL,NULL,NULL,6
"138767","95760","76774","13601","374709","Cancelled","2021-01-01 13:31:11",NULL,NULL,NULL,6
"153519","105912","84954","12533","414588","Cancelled","2022-01-06 11:57:27",NULL,NULL,NULL,6
"154865","106855","85739","15878","418183","Cancelled","2022-05-02 11:41:12",NULL,NULL,NULL,6
"3879","2642","2135","12551","10499","Processing","2022-08-30 01:29:12",NULL,NULL,NULL,6
"4453","3046","2456","24856","12076","Processing","2020-02-03 11:21:21",NULL,NULL,NULL,6
"5044","3436","2808","12539","13646","Processing","2022-08-27 11:27:46",NULL,NULL,NULL,6
"14206","9775","7884","12551","38496","Processing","2020-05-11 06:06:43",NULL,NULL,NULL,6
"29733","20482","16368","13973","80381","Processing","2022-07-24 15:55:38",NULL,NULL,NULL,6
"49274","33928","27097","12539","132994","Processing","2021-08-25 09:32:43",NULL,NULL,NULL,6
"105999","73255","58593","12551","286323","Processing","2020-02-04 10:35:04",NULL,NULL,NULL,6
"144605","99771","79996","12539","390424","Processing","2022-03-02 03:41:48",NULL,NULL,NULL,6
"147958","102100","81897","15260","399496","Processing","2020-12-18 07:42:02",NULL,NULL,NULL,6
"149989","103507","83024","8987","405058","Processing","2022-05-21 13:16:53",NULL,NULL,NULL,6
"153938","106213","85202","15667","415690","Processing","2022-03-17 10:18:08",NULL,NULL,NULL,6
"155183","107067","85897","12572","419028","Processing","2021-10-18 05:23:48",NULL,NULL,NULL,6
"72744","50107","40101","28714","196428","Shipped","2022-06-06 04:31:36","2022-06-06 11:38:00",NULL,NULL,6.25
"125493","86574","69278","28714","338821","Shipped","2022-03-16 07:29:54","2022-03-19 06:44:00",NULL,NULL,6.25
"131404","90641","72621","15674","354796","Shipped","2021-03-20 00:37:22","2021-03-22 03:28:00",NULL,NULL,6.25
"13359","9207","7423","28714","36188","Complete","2022-07-26 07:00:21","2022-07-29 01:04:00","2022-07-29 05:07:00",NULL,6.25
"17529","12059","9692","13842","47491","Complete","2021-05-13 07:40:52","2021-05-12 19:00:00","2021-05-15 05:45:00",NULL,6.25
"26308","18126","14481","13842","71108","Complete","2020-09-07 14:08:22","2020-09-09 07:26:00","2020-09-13 11:32:00",NULL,6.25
"43885","30190","24065","15674","118523","Complete","2020-06-21 14:50:10","2020-06-22 23:10:00","2020-06-25 19:48:00",NULL,6.25
"77635","53528","42824","28714","209574","Complete","2022-03-09 11:34:44","2022-03-11 04:18:00","2022-03-14 18:15:00",NULL,6.25
"115847","79998","64023","13842","312874","Complete","2021-11-29 05:16:32","2021-11-29 12:37:00","2021-12-03 17:25:00",NULL,6.25
"136087","93909","75266","28714","367494","Complete","2022-01-22 09:25:05","2022-01-24 10:38:00","2022-01-26 23:27:00",NULL,6.25
"151528","104536","83875","13842","409240","Complete","2019-02-27 06:16:11","2019-02-23 09:34:00","2019-02-27 05:26:00",NULL,6.25
"162680","112208","89962","28714","439287","Complete","2021-06-23 14:24:34","2021-06-24 01:28:00","2021-06-28 22:35:00",NULL,6.25
"33046","22753","18168","15674","89271","Returned","2020-03-05 05:59:55","2020-03-05 20:25:00","2020-03-08 17:52:00","2020-03-08 22:53:00",6.25
"858","611","511","15674","2307","Cancelled","2022-06-15 22:28:43",NULL,NULL,NULL,6.25
"61274","42190","33733","13842","165416","Cancelled","2021-03-30 01:58:59",NULL,NULL,NULL,6.25
"75214","51825","41459","28714","203067","Cancelled","2022-01-28 08:40:51",NULL,NULL,NULL,6.25
"83057","57350","45844","15674","224309","Cancelled","2019-07-10 12:33:14",NULL,NULL,NULL,6.25
"86211","59572","47654","15674","232876","Cancelled","2022-07-28 22:57:10",NULL,NULL,NULL,6.25
"133096","91837","73557","13842","359400","Cancelled","2022-06-04 21:50:18",NULL,NULL,NULL,6.25
"14961","10288","8268","28714","40524","Processing","2022-01-13 01:08:50",NULL,NULL,NULL,6.25
"17314","11914","9572","15674","46894","Processing","2022-04-03 23:36:29",NULL,NULL,NULL,6.25
"68526","47161","37720","28714","184990","Processing","2022-06-05 10:05:14",NULL,NULL,NULL,6.25
"4866","3319","2701","9051","13186","Shipped","2020-02-16 01:00:33","2020-02-18 15:51:00",NULL,NULL,6.5
"14831","10204","8208","18229","40171","Shipped","2020-08-03 12:41:26","2020-08-03 00:45:00",NULL,NULL,6.5
"15745","10801","8680","9051","42634","Shipped","2022-08-29 15:12:19","2022-09-01 15:41:00",NULL,NULL,6.5
"21463","14764","11799","28790","58016","Shipped","2020-11-29 02:49:53","2020-12-01 12:37:00",NULL,NULL,6.5
"34127","23502","18757","9240","92206","Shipped","2021-01-27 05:39:00","2021-01-27 23:10:00",NULL,NULL,6.5
"37275","25667","20509","9161","100655","Shipped","2019-12-11 05:41:50","2019-12-12 23:37:00",NULL,NULL,6.5
"38418","26459","21142","9430","103710","Shipped","2022-08-09 04:00:16","2022-08-09 22:31:00",NULL,NULL,6.5
"44995","30979","24731","6243","121521","Shipped","2022-09-01 11:54:28.676089","2022-09-02 13:03:54.676089",NULL,NULL,6.5
"46639","32118","25644","18229","125925","Shipped","2020-06-19 02:24:33","2020-06-20 23:33:00",NULL,NULL,6.5
"48054","33096","26441","28790","129716","Shipped","2021-12-11 15:02:38","2021-12-12 09:49:00",NULL,NULL,6.5
"58830","40544","32376","9347","158773","Shipped","2022-09-02 23:54:31","2022-09-05 03:59:00",NULL,NULL,6.5
"67923","46739","37390","9294","183393","Shipped","2022-07-21 10:49:50","2022-07-22 12:53:00",NULL,NULL,6.5
"68129","46886","37506","24954","183945","Shipped","2019-04-14 14:12:07","2019-04-16 22:43:00",NULL,NULL,6.5
"77418","53381","42717","9407","208994","Shipped","2021-12-01 12:40:42","2021-12-03 06:17:00",NULL,NULL,6.5
"83701","57807","46212","24954","226061","Shipped","2019-12-28 12:12:24","2019-12-30 07:46:00",NULL,NULL,6.5
"87843","60707","48607","9240","237294","Shipped","2022-06-09 07:26:29","2022-06-10 03:45:00",NULL,NULL,6.5
"93447","64568","51665","9430","252375","Shipped","2022-07-11 11:35:19","2022-07-14 05:49:00",NULL,NULL,6.5
"94564","65329","52265","9254","255443","Shipped","2022-08-30 00:48:18","2022-08-31 06:55:00",NULL,NULL,6.5
"95843","66245","52973","9347","258912","Shipped","2021-12-11 15:57:56","2021-12-14 14:05:00",NULL,NULL,6.5
"96199","66483","53156","9051","259852","Shipped","2020-10-18 12:29:07","2020-10-20 21:34:00",NULL,NULL,6.5
"106853","73833","59035","9240","288608","Shipped","2021-04-03 12:17:56","2021-04-04 19:54:00",NULL,NULL,6.5
"112568","77752","62191","9161","304035","Shipped","2022-04-21 04:55:35","2022-04-22 16:52:00",NULL,NULL,6.5
"114142","78841","63070","9347","308276","Shipped","2022-04-12 01:34:10","2022-04-13 06:27:00",NULL,NULL,6.5
"114969","79411","63526","24572","310523","Shipped","2022-08-11 06:13:24","2022-08-14 00:02:00",NULL,NULL,6.5
"122960","84825","67888","6243","332023","Shipped","2021-04-25 13:36:56","2021-04-23 04:10:00",NULL,NULL,6.5
"125434","86530","69245","24572","338660","Shipped","2020-06-25 22:32:57","2020-06-26 08:02:00",NULL,NULL,6.5
"125804","86769","69431","9254","339634","Shipped","2020-11-21 10:00:49","2020-11-23 09:40:00",NULL,NULL,6.5
"129936","89615","71776","9240","350825","Shipped","2022-05-01 16:41:44","2022-04-30 09:00:00",NULL,NULL,6.5
"130768","90206","72239","9299","353086","Shipped","2019-09-01 09:44:19","2019-08-28 12:55:00",NULL,NULL,6.5
"132136","91155","73002","9407","356776","Shipped","2022-04-29 11:33:12","2022-05-02 05:01:00",NULL,NULL,6.5
"134335","92687","74253","9430","362734","Shipped","2020-09-16 11:31:39","2020-09-14 13:06:00",NULL,NULL,6.5
"135559","93551","74958","9254","366064","Shipped","2019-12-30 05:17:34","2019-12-26 20:03:00",NULL,NULL,6.5
"147871","102041","81844","9201","399262","Shipped","2021-03-16 13:07:10","2021-03-17 20:41:00",NULL,NULL,6.5
"149928","103467","82993","9051","404886","Shipped","2022-05-19 06:53:18","2022-05-20 23:44:00",NULL,NULL,6.5
"153507","105905","84951","9430","414553","Shipped","2022-04-08 00:05:56","2022-04-09 12:08:00",NULL,NULL,6.5
"155251","107108","85934","28790","419216","Shipped","2022-09-08 14:34:36.73671","2022-09-07 04:52:05.73671",NULL,NULL,6.5
"159307","109900","88132","9430","430126","Shipped","2021-12-17 07:02:47","2021-12-18 18:05:00",NULL,NULL,6.5
"167142","115263","92387","18229","451409","Shipped","2019-07-02 11:27:01","2019-06-28 15:57:00",NULL,NULL,6.5
"170992","117887","94536","24954","461816","Shipped","2022-08-04 02:24:38","2022-08-06 23:46:00",NULL,NULL,6.5
"171871","118510","95012","9299","464187","Shipped","2019-09-22 12:40:12","2019-09-23 02:31:00",NULL,NULL,6.5
"175334","120913","96939","6243","473512","Shipped","2022-09-06 12:21:43.302715","2022-09-05 17:15:05.302715",NULL,NULL,6.5
"178459","123091","98737","9254","481940","Shipped","2022-04-06 18:19:05","2022-04-07 08:52:00",NULL,NULL,6.5
"687","484","414","9407","1829","Complete","2021-05-09 12:55:28","2021-05-11 11:52:00","2021-05-12 07:34:00",NULL,6.5
"15776","10824","8697","9294","42718","Complete","2019-10-29 15:48:30","2019-10-31 09:51:00","2019-11-01 14:13:00",NULL,6.5
"29546","20343","16244","24954","79873","Complete","2022-08-24 23:31:13","2022-08-25 08:00:00","2022-08-26 05:50:00",NULL,6.5
"40854","28098","22416","9294","110308","Complete","2022-03-19 00:42:23","2022-03-21 13:42:00","2022-03-21 23:44:00",NULL,6.5
"41235","28364","22629","18229","111331","Complete","2022-05-15 13:41:48","2022-05-18 13:51:00","2022-05-23 02:43:00",NULL,6.5
"44100","30340","24201","9407","119109","Complete","2021-03-20 20:59:43","2021-03-21 05:08:00","2021-03-25 14:25:00",NULL,6.5
"50980","35145","28049","9240","137610","Complete","2020-12-11 18:54:58","2020-12-10 11:01:00","2020-12-11 20:34:00",NULL,6.5
"52891","36458","29136","9430","142718","Complete","2020-08-05 10:55:48","2020-08-04 09:13:00","2020-08-08 00:51:00",NULL,6.5
"60716","41815","33425","9240","163921","Complete","2019-09-08 23:12:07","2019-09-11 16:34:00","2019-09-13 08:14:00",NULL,6.5
"84558","58417","46726","9407","228383","Complete","2022-03-28 14:15:43","2022-03-30 20:48:00","2022-04-02 10:47:00",NULL,6.5
"106456","73566","58829","9240","287546","Complete","2022-02-06 11:10:49","2022-02-07 21:33:00","2022-02-08 19:39:00",NULL,6.5
"135513","93511","74923","24954","365948","Complete","2022-06-04 11:27:07","2022-06-02 23:07:00","2022-06-06 16:55:00",NULL,6.5
"140135","96675","77530","9254","378387","Complete","2020-09-12 10:45:06","2020-09-15 04:12:00","2020-09-16 06:00:00",NULL,6.5
"141193","97382","78101","9407","381236","Complete","2022-09-03 09:07:25","2022-09-06 10:34:00","2022-09-10 14:19:00",NULL,6.5
"141943","97903","78505","24572","383251","Complete","2021-03-07 09:05:44","2021-03-10 06:25:00","2021-03-11 21:58:00",NULL,6.5
"141984","97933","78531","9294","383361","Complete","2021-05-31 03:21:14","2021-06-01 09:36:00","2021-06-04 01:14:00",NULL,6.5
"144348","99597","79855","9464","389750","Complete","2019-03-31 13:07:09","2019-04-02 10:28:00","2019-04-04 11:49:00",NULL,6.5
"145052","100088","80263","28790","391656","Complete","2022-08-23 23:43:40","2022-08-23 20:54:00","2022-08-27 04:23:00",NULL,6.5
"28039","19333","15459","24905","75785","Shipped","2020-10-08 13:49:33","2020-10-05 22:47:00",NULL,NULL,7
"152518","105235","84436","9294","411897","Complete","2022-09-03 03:40:54.834981","2022-09-04 22:02:24.834981","2022-09-08 13:41:24.834981",NULL,6.5
"155429","107237","86038","9407","419693","Complete","2021-08-10 13:51:32","2021-08-12 16:31:00","2021-08-14 15:41:00",NULL,6.5
"158027","109003","87416","9294","426666","Complete","2022-07-04 03:38:45","2022-07-04 14:27:00","2022-07-08 10:51:00",NULL,6.5
"158738","109490","87806","9347","428587","Complete","2021-05-18 01:11:57","2021-05-17 01:42:00","2021-05-20 11:17:00",NULL,6.5
"171596","118318","94882","9051","463429","Complete","2020-07-14 09:42:14","2020-07-12 22:47:00","2020-07-16 22:19:00",NULL,6.5
"171797","118458","94981","9240","463984","Complete","2021-11-29 08:46:27","2021-12-01 18:55:00","2021-12-05 05:02:00",NULL,6.5
"179789","123992","99452","9051","485508","Complete","2022-08-06 14:19:15","2022-08-04 11:46:00","2022-08-08 11:39:00",NULL,6.5
"6437","4391","3562","6243","17424","Returned","2022-09-03 01:14:52","2022-09-02 10:00:00","2022-09-07 06:15:00","2022-09-07 14:08:00",6.5
"25023","17236","13771","9430","67637","Returned","2021-03-31 08:56:26","2021-04-01 00:42:00","2021-04-02 08:42:00","2021-04-03 01:14:00",6.5
"52698","36323","29012","9254","142207","Returned","2021-10-14 10:57:27","2021-10-14 09:25:00","2021-10-19 04:18:00","2021-10-21 00:38:00",6.5
"62427","42994","34372","9347","168522","Returned","2022-03-14 21:50:03","2022-03-16 08:46:00","2022-03-21 01:29:00","2022-03-23 13:42:00",6.5
"107619","74350","59435","9294","290688","Returned","2022-08-18 23:40:14","2022-08-18 07:12:00","2022-08-18 21:25:00","2022-08-19 19:24:00",6.5
"107772","74455","59524","9347","291108","Returned","2022-03-19 04:44:25","2022-03-21 09:29:00","2022-03-26 04:09:00","2022-03-28 23:17:00",6.5
"123248","85031","68043","9299","332777","Returned","2021-12-11 07:41:47","2021-12-12 15:08:00","2021-12-16 13:52:00","2021-12-17 17:49:00",6.5
"144224","99504","79781","9407","389414","Returned","2022-03-03 02:18:13","2022-02-28 16:24:00","2022-03-01 01:06:00","2022-03-03 12:53:00",6.5
"163343","112668","90341","9201","441057","Returned","2019-12-07 23:44:23","2019-12-08 09:29:00","2019-12-11 03:59:00","2019-12-12 03:21:00",6.5
"172681","119084","95457","9240","466380","Returned","2021-12-13 11:33:04","2021-12-13 19:15:00","2021-12-15 13:53:00","2021-12-16 17:08:00",6.5
"12254","8449","6824","9407","33206","Cancelled","2022-08-09 00:52:01",NULL,NULL,NULL,6.5
"25366","17477","13960","28790","68541","Cancelled","2022-04-01 14:40:19",NULL,NULL,NULL,6.5
"25519","17583","14049","24954","68958","Cancelled","2022-08-17 15:16:27",NULL,NULL,NULL,6.5
"42253","29067","23175","9299","114081","Cancelled","2021-11-28 23:31:10",NULL,NULL,NULL,6.5
"64027","44071","35251","9464","172847","Cancelled","2022-06-04 06:38:24",NULL,NULL,NULL,6.5
"83214","57464","45937","9299","224746","Cancelled","2020-11-16 10:37:51",NULL,NULL,NULL,6.5
"93777","64797","51862","9051","253277","Cancelled","2022-07-20 21:35:00",NULL,NULL,NULL,6.5
"95976","66333","53042","18229","259260","Cancelled","2022-02-20 00:11:23",NULL,NULL,NULL,6.5
"122713","84660","67761","9464","331345","Cancelled","2022-02-24 15:52:21",NULL,NULL,NULL,6.5
"125830","86788","69447","6243","339712","Cancelled","2021-10-17 13:44:51",NULL,NULL,NULL,6.5
"152264","105060","84307","9407","411214","Cancelled","2021-10-10 16:33:05",NULL,NULL,NULL,6.5
"8762","6011","4863","24572","23763","Processing","2022-01-12 13:56:49",NULL,NULL,NULL,6.5
"23209","15971","12761","6243","62725","Processing","2022-03-17 04:38:48",NULL,NULL,NULL,6.5
"33168","22835","18224","9201","89596","Processing","2021-12-29 17:36:33",NULL,NULL,NULL,6.5
"47097","32447","25921","9464","127127","Processing","2022-05-09 18:24:03",NULL,NULL,NULL,6.5
"47498","32722","26127","9201","128201","Processing","2019-07-17 04:26:00",NULL,NULL,NULL,6.5
"52758","36367","29060","9240","142362","Processing","2020-12-14 11:36:45",NULL,NULL,NULL,6.5
"56287","38801","31021","9294","151904","Processing","2022-06-22 11:44:23",NULL,NULL,NULL,6.5
"70589","48615","38885","9240","190565","Processing","2022-07-10 07:37:42",NULL,NULL,NULL,6.5
"90391","62478","50017","24954","244177","Processing","2021-10-14 07:02:20",NULL,NULL,NULL,6.5
"92585","63972","51207","24572","250064","Processing","2022-09-05 11:56:36.696519",NULL,NULL,NULL,6.5
"103453","71489","57154","28790","279442","Processing","2022-08-16 21:57:56",NULL,NULL,NULL,6.5
"113768","78592","62852","9430","307268","Processing","2022-09-01 12:28:00",NULL,NULL,NULL,6.5
"115255","79599","63685","9407","311290","Processing","2022-07-05 04:14:19",NULL,NULL,NULL,6.5
"116032","80129","64139","9347","313374","Processing","2022-02-01 02:02:49",NULL,NULL,NULL,6.5
"116884","80695","64610","9430","315654","Processing","2022-05-09 15:21:12",NULL,NULL,NULL,6.5
"120472","83149","66576","9407","325303","Processing","2022-01-24 03:15:16",NULL,NULL,NULL,6.5
"122166","84277","67469","9161","329851","Processing","2021-11-28 14:59:32",NULL,NULL,NULL,6.5
"141857","97848","78452","9240","383013","Processing","2022-03-29 01:10:31",NULL,NULL,NULL,6.5
"146740","101235","81217","9347","396238","Processing","2021-07-20 07:00:04",NULL,NULL,NULL,6.5
"147361","101673","81545","9347","397888","Processing","2021-07-29 08:40:51",NULL,NULL,NULL,6.5
"148851","102710","82394","18229","401949","Processing","2022-05-13 04:35:44",NULL,NULL,NULL,6.5
"154316","106473","85403","9294","416692","Processing","2022-02-01 09:46:04",NULL,NULL,NULL,6.5
"160216","110527","88634","18229","432592","Processing","2022-02-07 00:59:47",NULL,NULL,NULL,6.5
"162493","112073","89852","9161","438771","Processing","2021-10-07 00:31:56",NULL,NULL,NULL,6.5
"175526","121045","97045","9051","474038","Processing","2020-12-12 13:37:12",NULL,NULL,NULL,6.5
"177961","122744","98453","9254","480605","Processing","2022-01-05 02:14:30",NULL,NULL,NULL,6.5
"53451","36840","29433","11009","144240","Shipped","2020-11-07 02:12:18","2020-11-09 06:29:00",NULL,NULL,6.75
"91596","63290","50671","28595","247423","Shipped","2020-11-22 11:26:22","2020-11-24 22:28:00",NULL,NULL,6.75
"130413","89950","72052","28595","352114","Shipped","2022-09-04 08:09:40","2022-09-02 21:52:00",NULL,NULL,6.75
"23722","16328","13062","28595","64131","Complete","2022-03-05 07:32:07","2022-03-07 15:48:00","2022-03-11 08:05:00",NULL,6.75
"25204","17370","13872","11009","68117","Complete","2020-02-11 06:08:36","2020-02-10 07:51:00","2020-02-11 01:51:00",NULL,6.75
"65703","45234","36149","28595","177411","Complete","2022-08-17 02:14:53","2022-08-19 10:03:00","2022-08-22 13:44:00",NULL,6.75
"79083","54523","43625","11009","213527","Complete","2020-12-07 10:02:24","2020-12-08 11:59:00","2020-12-11 06:31:00",NULL,6.75
"142140","98051","78622","28595","383786","Complete","2022-08-28 06:06:37","2022-08-30 23:04:00","2022-09-04 01:36:00",NULL,6.75
"173816","119885","96135","28595","469379","Complete","2022-08-06 05:23:05","2022-08-08 04:30:00","2022-08-11 03:26:00",NULL,6.75
"176670","121836","97711","11009","477155","Complete","2021-02-17 07:06:39","2021-02-14 13:55:00","2021-02-14 23:43:00",NULL,6.75
"178277","122960","98621","11009","481452","Complete","2022-08-06 10:18:33","2022-08-06 13:02:00","2022-08-08 04:03:00",NULL,6.75
"162758","112264","90014","28595","439501","Returned","2022-01-31 01:23:43","2022-02-01 08:47:00","2022-02-03 03:34:00","2022-02-06 02:38:00",6.75
"176845","121962","97814","11009","477625","Returned","2022-03-20 23:03:55","2022-03-23 20:36:00","2022-03-24 16:30:00","2022-03-26 23:18:00",6.75
"8091","5546","4490","28595","21950","Cancelled","2022-08-23 08:01:40",NULL,NULL,NULL,6.75
"14102","9704","7832","11009","38215","Cancelled","2021-09-16 22:36:32",NULL,NULL,NULL,6.75
"56456","38917","31108","11009","152378","Cancelled","2021-02-19 14:53:51",NULL,NULL,NULL,6.75
"77930","53733","42986","28595","210387","Cancelled","2021-06-28 02:25:58",NULL,NULL,NULL,6.75
"42028","28917","23068","28595","113455","Processing","2022-07-28 04:47:33",NULL,NULL,NULL,6.75
"48853","33656","26880","28595","131832","Processing","2021-07-29 06:06:38",NULL,NULL,NULL,6.75
"169323","116777","93628","11009","457244","Processing","2021-09-18 14:50:27",NULL,NULL,NULL,6.75
"9846","6770","5486","15402","26718","Shipped","2020-07-03 07:53:56","2020-07-04 16:55:00",NULL,NULL,7
"15630","10719","8617","12690","42329","Shipped","2022-06-11 09:45:01","2022-06-09 10:20:00",NULL,NULL,7
"19845","13652","10933","15863","53706","Shipped","2022-03-04 13:20:53","2022-03-05 10:12:00",NULL,NULL,7
"26138","18007","14387","12537","70645","Shipped","2021-11-08 17:46:19","2021-11-09 18:14:00",NULL,NULL,7
"27332","18822","15049","11782","73883","Shipped","2022-01-02 22:02:20","2022-01-05 17:36:00",NULL,NULL,7
"31774","21860","17494","11834","85871","Shipped","2021-09-23 02:46:47","2021-09-23 03:48:00",NULL,NULL,7
"36557","25158","20109","11783","98700","Shipped","2021-12-22 03:26:56","2021-12-22 04:03:00",NULL,NULL,7
"37154","25589","20446","24905","100325","Shipped","2022-06-02 23:01:02","2022-06-04 13:17:00",NULL,NULL,7
"38350","26409","21101","12554","103532","Shipped","2021-09-06 00:59:50","2021-09-07 07:45:00",NULL,NULL,7
"42316","29112","23216","8892","114254","Shipped","2021-11-25 16:49:12","2021-11-27 05:44:00",NULL,NULL,7
"48668","33529","26780","8892","131338","Shipped","2021-11-17 04:29:06","2021-11-17 16:27:00",NULL,NULL,7
"61478","42332","33834","15402","165956","Shipped","2022-09-04 23:26:27.986522","2022-09-02 01:59:55.986522",NULL,NULL,7
"65061","44790","35824","25558","175686","Shipped","2022-01-24 03:46:41","2022-01-24 08:24:00",NULL,NULL,7
"71092","48945","39158","8935","191924","Shipped","2021-08-19 08:46:46","2021-08-19 21:51:00",NULL,NULL,7
"88760","61357","49131","12537","239809","Shipped","2022-04-22 04:20:12","2022-04-19 09:42:00",NULL,NULL,7
"89058","61551","49275","15402","240596","Shipped","2020-11-27 10:22:43","2020-11-23 13:50:00",NULL,NULL,7
"90310","62425","49980","25558","243967","Shipped","2022-08-18 22:43:13","2022-08-19 23:28:00",NULL,NULL,7
"101084","69857","55862","12554","272997","Shipped","2020-04-15 06:44:03","2020-04-13 15:46:00",NULL,NULL,7
"104471","72185","57709","11834","282208","Shipped","2022-01-03 03:56:05","2022-01-03 13:30:00",NULL,NULL,7
"104594","72272","57783","24905","282525","Shipped","2021-04-13 09:05:39","2021-04-11 14:20:00",NULL,NULL,7
"109046","75329","60222","15402","294563","Shipped","2020-11-05 07:11:31","2020-11-08 03:51:00",NULL,NULL,7
"119611","82567","66104","15547","322938","Shipped","2022-07-27 06:30:36","2022-07-28 10:49:00",NULL,NULL,7
"120652","83268","66677","11782","325774","Shipped","2022-04-07 15:14:31","2022-04-05 00:47:00",NULL,NULL,7
"138894","95848","76851","12690","375059","Shipped","2022-07-18 05:06:01","2022-07-21 00:51:00",NULL,NULL,7
"140107","96656","77518","13969","378316","Shipped","2022-06-11 15:22:35","2022-06-13 06:52:00",NULL,NULL,7
"144703","99843","80052","13969","390700","Shipped","2022-07-25 10:13:34","2022-07-25 18:06:00",NULL,NULL,7
"146213","100886","80939","28848","394811","Shipped","2021-08-26 16:28:25","2021-08-27 00:16:00",NULL,NULL,7
"150482","103842","83310","12665","406426","Shipped","2021-04-08 17:44:12","2021-04-10 06:01:00",NULL,NULL,7
"150730","104015","83449","24905","407082","Shipped","2022-05-28 09:40:40","2022-05-26 16:36:00",NULL,NULL,7
"153284","105744","84830","13810","413963","Shipped","2020-12-15 08:36:04","2020-12-16 11:30:00",NULL,NULL,7
"158790","109524","87828","25558","428730","Shipped","2020-07-28 16:10:42","2020-07-25 22:59:00",NULL,NULL,7
"159578","110082","88278","8892","430859","Shipped","2022-05-27 07:51:43","2022-05-29 00:18:00",NULL,NULL,7
"169929","117182","93958","11000","458878","Shipped","2021-04-05 12:20:06","2021-04-07 21:14:00",NULL,NULL,7
"175131","120768","96827","15863","472956","Shipped","2020-07-17 15:36:29","2020-07-16 17:07:00",NULL,NULL,7
"175743","121204","97201","24905","474629","Shipped","2019-09-13 01:58:10","2019-09-10 14:53:00",NULL,NULL,7
"178052","122804","98502","13969","480849","Shipped","2021-07-03 03:49:40","2021-07-04 01:46:00",NULL,NULL,7
"178487","123113","98750","15547","482020","Shipped","2022-01-31 01:56:11","2022-02-01 20:30:00",NULL,NULL,7
"179465","123775","99289","15402","484654","Shipped","2021-09-23 11:10:40","2021-09-26 04:12:00",NULL,NULL,7
"2821","1922","1554","12554","7640","Complete","2020-08-05 15:07:28","2020-08-07 10:45:00","2020-08-09 03:55:00",NULL,7
"25117","17308","13825","13810","67888","Complete","2020-08-24 10:13:23","2020-08-22 14:03:00","2020-08-25 20:14:00",NULL,7
"83603","57739","46161","8935","225792","Complete","2020-08-22 03:14:08","2020-08-23 17:39:00","2020-08-27 18:52:00",NULL,7
"86582","59816","47854","25558","233884","Complete","2022-01-06 06:49:26","2022-01-06 11:33:00","2022-01-09 19:20:00",NULL,7
"87116","60203","48183","15863","235341","Complete","2022-06-28 10:05:39","2022-06-29 13:21:00","2022-06-29 15:43:00",NULL,7
"99145","68506","54774","12554","267818","Complete","2020-10-27 23:25:20","2020-10-28 06:40:00","2020-10-28 21:23:00",NULL,7
"101802","70349","56250","28848","274932","Complete","2022-05-16 12:58:31","2022-05-18 04:58:00","2022-05-19 01:56:00",NULL,7
"101822","70363","56261","25558","274989","Complete","2022-06-05 14:44:06","2022-06-07 09:53:00","2022-06-11 08:10:00",NULL,7
"108277","74804","59817","15547","292500","Complete","2021-05-05 08:20:16","2021-05-05 18:57:00","2021-05-06 04:25:00",NULL,7
"111848","77261","61817","15402","302077","Complete","2020-10-04 05:31:25","2020-10-01 13:33:00","2020-10-01 14:25:00",NULL,7
"123166","84968","67994","28848","332556","Complete","2022-09-01 16:01:20.110895","2022-09-03 22:00:07.110895","2022-09-04 17:50:07.110895",NULL,7
"135158","93248","74703","15402","364985","Complete","2021-12-06 13:53:24","2021-12-05 14:44:00","2021-12-08 04:20:00",NULL,7
"140170","96697","77541","11834","378482","Complete","2021-11-02 15:49:12","2021-11-01 21:04:00","2021-11-02 23:07:00",NULL,7
"141371","97514","78208","11000","381730","Complete","2021-06-30 09:34:18","2021-06-29 17:14:00","2021-07-01 07:22:00",NULL,7
"150024","103527","83038","11000","405155","Complete","2021-12-07 09:02:55","2021-12-08 18:10:00","2021-12-13 13:10:00",NULL,7
"157536","108651","87128","25558","425354","Complete","2022-03-31 10:20:26","2022-04-01 19:48:00","2022-04-01 20:58:00",NULL,7
"168318","116075","93066","13969","454553","Complete","2022-08-21 10:47:30","2022-08-23 08:45:00","2022-08-27 04:15:00",NULL,7
"170657","117662","94370","24905","460897","Complete","2022-08-08 00:48:04","2022-08-09 01:39:00","2022-08-12 21:33:00",NULL,7
"9597","6604","5362","12567","26042","Returned","2022-07-08 12:17:38","2022-07-11 06:15:00","2022-07-13 12:24:00","2022-07-16 09:27:00",7
"17437","12000","9647","12690","47236","Returned","2020-07-01 20:28:44","2020-06-30 21:55:00","2020-07-04 11:53:00","2020-07-06 19:46:00",7
"42131","28986","23118","8892","113738","Returned","2020-03-26 03:49:23","2020-03-27 21:57:00","2020-04-01 13:04:00","2020-04-01 16:55:00",7
"57639","39725","31743","12554","155558","Returned","2021-12-18 02:43:03","2021-12-20 06:28:00","2021-12-24 14:49:00","2021-12-26 19:37:00",7
"66072","45473","36356","11783","178414","Returned","2022-08-12 04:36:14","2022-08-11 22:01:00","2022-08-13 00:10:00","2022-08-14 01:45:00",7
"74041","51004","40813","13810","199919","Returned","2021-10-07 10:34:35","2021-10-06 22:22:00","2021-10-08 23:07:00","2021-10-10 07:19:00",7
"81871","56483","45145","13969","221091","Returned","2022-07-07 23:30:02","2022-07-09 17:20:00","2022-07-10 23:51:00","2022-07-11 07:22:00",7
"111544","77059","61653","15863","301251","Returned","2022-04-05 10:31:04","2022-04-07 13:04:00","2022-04-12 07:55:00","2022-04-14 02:18:00",7
"140850","97156","77919","12690","380304","Returned","2020-11-29 03:45:50","2020-11-27 09:29:00","2020-12-02 07:58:00","2020-12-03 00:00:00",7
"8232","5637","4556","12665","22326","Cancelled","2021-05-21 04:17:58",NULL,NULL,NULL,7
"28539","19650","15713","25558","77142","Cancelled","2022-01-15 10:05:49",NULL,NULL,NULL,7
"40699","27989","22329","11782","109897","Cancelled","2022-01-22 10:58:54",NULL,NULL,NULL,7
"43240","29744","23723","11783","116765","Cancelled","2021-03-13 22:32:35",NULL,NULL,NULL,7
"90410","62492","50029","25558","244234","Cancelled","2022-08-28 01:05:23",NULL,NULL,NULL,7
"98299","67927","54283","28848","265549","Cancelled","2022-07-14 10:59:31",NULL,NULL,NULL,7
"103005","71167","56894","12567","278213","Cancelled","2020-02-22 08:19:21",NULL,NULL,NULL,7
"112356","77604","62078","28848","303470","Cancelled","2022-01-18 03:27:12",NULL,NULL,NULL,7
"113432","78360","62668","25558","306376","Cancelled","2022-01-17 14:45:51",NULL,NULL,NULL,7
"137098","94614","75830","11000","370199","Cancelled","2022-04-29 07:03:00",NULL,NULL,NULL,7
"154652","106710","85610","15547","417613","Cancelled","2021-04-29 00:57:00",NULL,NULL,NULL,7
"2260","1547","1252","28848","6120","Processing","2021-01-29 03:30:36",NULL,NULL,NULL,7
"10853","7457","6066","25558","29418","Processing","2022-07-19 08:13:19",NULL,NULL,NULL,7
"20052","13792","11053","8935","54263","Processing","2022-07-19 13:06:52",NULL,NULL,NULL,7
"24990","17215","13757","12690","67554","Processing","2021-11-07 02:18:22",NULL,NULL,NULL,7
"30364","20910","16738","15863","82106","Processing","2022-07-14 09:51:47",NULL,NULL,NULL,7
"35349","24329","19431","12554","95489","Processing","2022-07-19 11:50:40",NULL,NULL,NULL,7
"36022","24799","19828","12665","97276","Processing","2021-04-25 06:24:00",NULL,NULL,NULL,7
"39894","27464","21926","25558","107692","Processing","2020-07-02 07:58:49",NULL,NULL,NULL,7
"49424","34035","27172","12554","133399","Processing","2022-03-23 02:01:04",NULL,NULL,NULL,7
"56770","39129","31285","11834","153231","Processing","2022-08-16 23:44:00",NULL,NULL,NULL,7
"66422","45700","36540","13810","179358","Processing","2021-03-20 09:37:01",NULL,NULL,NULL,7
"91466","63200","50605","11783","247076","Processing","2021-03-11 11:25:19",NULL,NULL,NULL,7
"101770","70324","56229","11783","274851","Processing","2022-07-23 03:14:34",NULL,NULL,NULL,7
"112786","77906","62314","15863","304632","Processing","2022-08-14 08:50:08",NULL,NULL,NULL,7
"115395","79704","63763","28848","311665","Processing","2022-07-11 01:38:38",NULL,NULL,NULL,7
"117598","81180","65022","15622","317553","Processing","2021-12-26 14:02:48",NULL,NULL,NULL,7
"118668","81919","65586","12665","320425","Processing","2022-07-25 02:51:06",NULL,NULL,NULL,7
"122371","84420","67575","25558","330405","Processing","2020-07-31 04:12:36",NULL,NULL,NULL,7
"144556","99737","79968","25558","390286","Processing","2021-09-21 02:57:35",NULL,NULL,NULL,7
"147713","101929","81754","24905","398835","Processing","2020-12-20 05:34:44",NULL,NULL,NULL,7
"149175","102949","82575","25558","402830","Processing","2022-07-13 23:20:51",NULL,NULL,NULL,7
"151117","104279","83655","11834","408120","Processing","2021-11-14 06:42:00",NULL,NULL,NULL,7
"160009","110390","88533","8935","432026","Processing","2022-01-26 16:04:17",NULL,NULL,NULL,7
"163280","112624","90306","11000","440887","Processing","2022-02-12 12:37:59",NULL,NULL,NULL,7
"164899","113723","91173","13810","445342","Processing","2022-01-07 14:20:15",NULL,NULL,NULL,7
"174436","120303","96468","12537","471045","Processing","2021-07-01 06:28:19",NULL,NULL,NULL,7
"35400","24366","19462","6957","95625","Shipped","2021-01-31 06:36:10","2021-02-01 04:15:00",NULL,NULL,7.25
"61124","42086","33638","6951","165021","Shipped","2021-09-09 06:37:12","2021-09-07 15:47:00",NULL,NULL,7.25
"39998","27528","21983","6951","107960","Complete","2021-03-14 04:11:44","2021-03-14 18:34:00","2021-03-17 16:24:00",NULL,7.25
"70133","48292","38614","6957","189335","Complete","2022-02-06 00:11:57","2022-02-04 13:40:00","2022-02-05 19:58:00",NULL,7.25
"93799","64808","51872","6951","253336","Complete","2022-03-03 11:06:21","2022-03-01 13:18:00","2022-03-04 22:10:00",NULL,7.25
"127564","87965","70434","6957","344393","Complete","2021-05-21 01:18:54","2021-05-21 14:12:00","2021-05-24 03:30:00",NULL,7.25
"11375","7823","6344","6957","30815","Returned","2021-05-19 03:14:58","2021-05-21 04:01:00","2021-05-23 12:45:00","2021-05-25 21:26:00",7.25
"42519","29251","23322","6951","114827","Cancelled","2020-06-16 10:54:38",NULL,NULL,NULL,7.25
"163090","112494","90209","6951","440394","Cancelled","2022-09-05 13:22:16",NULL,NULL,NULL,7.25
"58867","40570","32399","6957","158877","Processing","2020-12-14 04:23:47",NULL,NULL,NULL,7.25
"69939","48147","38502","6951","188802","Processing","2021-06-20 06:46:42",NULL,NULL,NULL,7.25
"24718","17018","13587","25006","66808","Shipped","2021-08-19 07:19:33","2021-08-21 20:49:00",NULL,NULL,7.5
"37737","25981","20759","9252","101873","Shipped","2022-07-27 16:28:46","2022-07-23 20:54:00",NULL,NULL,7.5
"37803","26023","20796","9058","102056","Shipped","2021-12-24 00:56:45","2021-12-24 11:35:00",NULL,NULL,7.5
"41905","28830","23004","9058","113130","Shipped","2022-01-05 10:24:40","2022-01-06 20:19:00",NULL,NULL,7.5
"45425","31282","24968","24808","122671","Shipped","2020-06-26 04:59:01","2020-06-28 06:17:00",NULL,NULL,7.5
"57437","39590","31633","28690","155025","Shipped","2022-03-26 03:50:54","2022-03-24 02:27:00",NULL,NULL,7.5
"58949","40630","32448","28690","159101","Shipped","2022-02-08 12:39:29","2022-02-06 23:09:00",NULL,NULL,7.5
"64960","44717","35762","28690","175421","Shipped","2022-05-16 11:49:04","2022-05-19 06:33:00",NULL,NULL,7.5
"69715","48004","38382","25329","188189","Shipped","2022-07-28 00:52:50","2022-07-30 21:43:00",NULL,NULL,7.5
"78095","53857","43077","12527","210836","Shipped","2020-08-18 07:41:37","2020-08-19 15:27:00",NULL,NULL,7.5
"83871","57922","46307","9505","226533","Shipped","2022-07-07 14:17:56","2022-07-06 19:54:00",NULL,NULL,7.5
"91746","63396","50755","9058","247816","Shipped","2022-02-10 09:44:44","2022-02-13 07:01:00",NULL,NULL,7.5
"96498","66686","53310","24808","260655","Shipped","2020-11-05 00:12:42","2020-11-07 11:34:00",NULL,NULL,7.5
"99368","68666","54898","25329","268405","Shipped","2022-05-27 14:17:50","2022-05-29 09:15:00",NULL,NULL,7.5
"105550","72931","58333","28690","285085","Shipped","2021-03-14 13:54:09","2021-03-15 12:33:00",NULL,NULL,7.5
"121953","84136","67352","24808","329273","Shipped","2021-04-21 11:37:40","2021-04-22 12:24:00",NULL,NULL,7.5
"152954","105522","84656","28690","413044","Shipped","2022-06-11 11:33:52","2022-06-12 08:15:00",NULL,NULL,7.5
"162139","111821","89644","9505","437804","Shipped","2022-06-05 09:57:07","2022-06-05 10:06:00",NULL,NULL,7.5
"165457","114112","91485","28690","446865","Shipped","2022-01-10 08:47:22","2022-01-09 23:03:00",NULL,NULL,7.5
"39404","27128","21673","9505","106386","Complete","2022-07-09 04:15:19","2022-07-07 04:42:00","2022-07-09 02:01:00",NULL,7.5
"63230","43533","34808","24808","170726","Complete","2022-08-11 15:34:32","2022-08-08 14:51:00","2022-08-12 22:26:00",NULL,7.5
"97281","67234","53722","28690","262775","Complete","2022-04-21 22:00:11","2022-04-22 22:20:00","2022-04-24 12:23:00",NULL,7.5
"122820","84738","67814","12527","331636","Complete","2022-04-10 04:54:58","2022-04-11 19:00:00","2022-04-15 19:10:00",NULL,7.5
"152980","105540","84675","9058","413115","Complete","2021-03-21 10:52:24","2021-03-21 16:53:00","2021-03-23 07:02:00",NULL,7.5
"161777","111590","89471","25329","436820","Complete","2022-05-17 04:31:29","2022-05-19 23:42:00","2022-05-23 22:19:00",NULL,7.5
"162587","112142","89901","9252","439024","Complete","2020-02-25 10:28:27","2020-02-25 23:02:00","2020-02-27 02:00:00",NULL,7.5
"165651","114248","91596","9252","447393","Complete","2022-08-21 15:35:06","2022-08-23 09:52:00","2022-08-28 05:28:00",NULL,7.5
"166107","114557","91843","25329","448613","Complete","2021-07-09 09:04:36","2021-07-08 06:59:00","2021-07-12 11:07:00",NULL,7.5
"167739","115674","92720","12527","452979","Complete","2021-10-23 08:33:09","2021-10-26 01:18:00","2021-10-27 06:39:00",NULL,7.5
"176460","121697","97605","9505","476576","Complete","2022-07-23 10:54:51","2022-07-25 23:04:00","2022-07-27 06:52:00",NULL,7.5
"10487","7217","5870","9505","28427","Returned","2022-09-07 12:34:47.613814","2022-09-03 21:28:22.613814","2022-09-08 10:33:22.613814","2022-09-09 10:58:22.613814",7.5
"57361","39543","31601","24808","154819","Returned","2020-10-13 07:18:20","2020-10-14 19:06:00","2020-10-18 12:40:00","2020-10-20 15:40:00",7.5
"72725","50093","40091","25006","196378","Returned","2021-01-02 15:28:17","2021-01-02 21:54:00","2021-01-05 20:23:00","2021-01-06 13:07:00",7.5
"18413","12660","10157","25006","49857","Cancelled","2020-07-21 08:50:19",NULL,NULL,NULL,7.5
"51127","35247","28137","9058","138004","Cancelled","2021-02-28 00:51:40",NULL,NULL,NULL,7.5
"80847","55755","44567","24808","218351","Cancelled","2022-07-01 13:04:23",NULL,NULL,NULL,7.5
"85549","59117","47260","9252","231080","Cancelled","2021-12-31 02:53:27",NULL,NULL,NULL,7.5
"91140","62978","50422","12527","246202","Cancelled","2022-07-11 00:34:44",NULL,NULL,NULL,7.5
"103389","71443","57115","24808","279273","Cancelled","2021-12-19 04:36:32",NULL,NULL,NULL,7.5
"148947","102784","82452","9252","402211","Cancelled","2022-03-12 14:39:21",NULL,NULL,NULL,7.5
"176823","121949","97803","9505","477568","Cancelled","2020-02-29 01:26:49",NULL,NULL,NULL,7.5
"20804","14305","11450","28690","56312","Processing","2021-06-17 13:53:29",NULL,NULL,NULL,7.5
"27351","18835","15063","9058","73934","Processing","2022-02-02 10:47:57",NULL,NULL,NULL,7.5
"46345","31897","25462","12527","125149","Processing","2022-05-03 14:52:37",NULL,NULL,NULL,7.5
"97106","67103","53617","25329","262302","Processing","2020-05-15 01:27:44",NULL,NULL,NULL,7.5
"102168","70599","56446","25006","275949","Processing","2021-01-26 00:28:06",NULL,NULL,NULL,7.5
"103094","71235","56945","9252","278463","Processing","2022-08-07 12:52:29",NULL,NULL,NULL,7.5
"105531","72917","58325","25006","285034","Processing","2020-10-17 14:18:59",NULL,NULL,NULL,7.5
"165467","114117","91488","12527","446890","Processing","2020-10-19 12:25:09",NULL,NULL,NULL,7.5
"166043","114511","91798","9252","448442","Processing","2019-04-30 13:05:03",NULL,NULL,NULL,7.5
"177460","122385","98155","25006","479269","Processing","2022-01-21 04:56:22",NULL,NULL,NULL,7.5
"999","698","584","6784","2681","Shipped","2022-05-03 22:31:49","2022-05-06 10:32:00",NULL,NULL,8
"5745","3908","3178","25246","15556","Shipped","2021-07-08 05:14:34","2021-07-10 07:14:00",NULL,NULL,8
"6523","4440","3603","15728","17665","Shipped","2020-06-09 13:14:15","2020-06-08 10:26:00",NULL,NULL,8
"9666","6655","5401","12562","26230","Shipped","2022-06-06 11:08:25","2022-06-07 13:10:00",NULL,NULL,8
"10879","7473","6075","24769","29490","Shipped","2022-01-18 10:54:23","2022-01-18 14:54:00",NULL,NULL,8
"11897","8204","6639","24707","32239","Shipped","2022-01-16 14:41:10","2022-01-19 13:46:00",NULL,NULL,8
"13763","9489","7632","24575","37298","Shipped","2021-07-20 22:54:52","2021-07-18 19:57:00",NULL,NULL,8
"15123","10398","8369","9423","40965","Shipped","2019-06-21 15:26:49","2019-06-20 11:12:00",NULL,NULL,8
"17353","11939","9593","28934","47002","Shipped","2021-10-11 12:34:32","2021-10-12 17:22:00",NULL,NULL,8
"17435","11998","9645","12652","47230","Shipped","2022-09-03 08:26:25","2022-09-04 00:34:00",NULL,NULL,8
"25228","17383","13886","24878","68179","Shipped","2022-07-14 08:45:24","2022-07-10 12:20:00",NULL,NULL,8
"26128","17997","14379","12531","70618","Shipped","2022-08-15 11:43:13","2022-08-16 16:09:00",NULL,NULL,8
"33867","23323","18621","24570","91497","Shipped","2021-12-21 13:53:39","2021-12-22 05:31:00",NULL,NULL,8
"36867","25373","20289","25185","99528","Shipped","2021-12-18 15:14:29","2021-12-19 06:53:00",NULL,NULL,8
"38227","26321","21029","9399","103205","Shipped","2021-12-28 22:59:14","2021-12-31 00:13:00",NULL,NULL,8
"42627","29329","23381","24575","115110","Shipped","2021-02-05 14:51:02","2021-02-04 17:37:00",NULL,NULL,8
"42840","29481","23496","24878","115698","Shipped","2021-12-23 02:18:21","2021-12-24 19:59:00",NULL,NULL,8
"43560","29967","23894","14320","117640","Shipped","2022-06-13 10:53:48","2022-06-15 15:36:00",NULL,NULL,8
"49025","33767","26969","12562","132308","Shipped","2022-05-19 01:41:10","2022-05-17 12:15:00",NULL,NULL,8
"49639","34197","27299","24575","133996","Shipped","2022-09-03 08:30:11.771286","2022-09-04 22:14:01.771286",NULL,NULL,8
"50844","35045","27965","12584","137239","Shipped","2022-03-02 06:44:38","2022-03-04 18:14:00",NULL,NULL,8
"56853","39182","31321","12685","153451","Shipped","2022-09-04 01:42:45","2022-08-31 14:50:00",NULL,NULL,8
"57080","39342","31447","24665","154059","Shipped","2021-12-19 23:07:20","2021-12-20 05:12:00",NULL,NULL,8
"57463","39609","31645","24709","155097","Shipped","2019-09-02 16:34:52","2019-08-29 19:16:00",NULL,NULL,8
"61464","42324","33829","24665","165920","Shipped","2021-11-05 17:44:15","2021-11-08 04:08:00",NULL,NULL,8
"62414","42985","34359","12596","168485","Shipped","2022-02-10 10:55:32","2022-02-12 06:03:00",NULL,NULL,8
"65694","45230","36147","24665","177389","Shipped","2022-05-20 02:38:06","2022-05-18 07:15:00",NULL,NULL,8
"67325","46328","37047","25245","181811","Shipped","2022-08-31 15:01:02","2022-08-29 02:57:00",NULL,NULL,8
"68979","47480","37975","12652","186211","Shipped","2021-02-28 20:57:42","2021-03-01 01:55:00",NULL,NULL,8
"69708","48000","38379","18095","188168","Shipped","2021-10-24 04:28:24","2021-10-25 21:04:00",NULL,NULL,8
"77095","53158","42529","24792","208153","Shipped","2022-08-04 13:27:17","2022-08-06 00:20:00",NULL,NULL,8
"81194","56007","44773","24570","219270","Shipped","2022-08-06 06:12:15","2022-08-06 07:52:00",NULL,NULL,8
"86659","59878","47908","6128","234092","Shipped","2022-07-10 04:23:13","2022-07-10 05:30:00",NULL,NULL,8
"86889","60047","48044","9399","234731","Shipped","2020-10-24 03:28:28","2020-10-22 08:47:00",NULL,NULL,8
"87028","60146","48133","13948","235095","Shipped","2022-08-14 13:10:26","2022-08-13 04:34:00",NULL,NULL,8
"94653","65387","52315","12562","255682","Shipped","2021-09-13 03:46:59","2021-09-09 05:59:00",NULL,NULL,8
"98298","67926","54282","24792","265547","Shipped","2020-08-28 07:25:44","2020-08-30 23:51:00",NULL,NULL,8
"101388","70064","56012","24570","273825","Shipped","2022-08-31 11:16:36","2022-08-30 16:30:00",NULL,NULL,8
"103987","71859","57463","12584","280903","Shipped","2021-08-29 02:59:28","2021-08-29 13:28:00",NULL,NULL,8
"111339","76912","61535","24987","300700","Shipped","2022-08-29 13:16:54","2022-08-29 16:37:00",NULL,NULL,8
"114175","78863","63081","12596","308370","Shipped","2021-05-12 03:33:55","2021-05-12 12:11:00",NULL,NULL,8
"114608","79159","63313","24570","309535","Shipped","2021-11-20 16:26:51","2021-11-21 18:34:00",NULL,NULL,8
"118728","81963","65620","24878","320592","Shipped","2022-09-07 07:01:44.713333","2022-09-04 11:35:04.713333",NULL,NULL,8
"121917","84116","67336","24961","329184","Shipped","2021-05-21 02:06:26","2021-05-21 15:52:00",NULL,NULL,8
"123492","85206","68190","24769","333424","Shipped","2022-05-26 06:57:23","2022-05-24 11:46:00",NULL,NULL,8
"124124","85627","68519","18095","335100","Shipped","2022-09-03 22:19:17","2022-09-02 21:44:00",NULL,NULL,8
"125092","86298","69055","25040","337733","Shipped","2022-08-18 08:58:59","2022-08-19 10:45:00",NULL,NULL,8
"126427","87210","69796","6784","341353","Shipped","2022-07-01 13:26:19","2022-07-03 22:46:00",NULL,NULL,8
"132400","91334","73139","24709","357501","Shipped","2020-12-28 15:54:01","2020-12-29 19:28:00",NULL,NULL,8
"133183","91900","73611","12652","359625","Shipped","2022-05-04 06:33:01","2022-05-02 23:19:00",NULL,NULL,8
"140930","97207","77960","25070","380516","Shipped","2022-01-17 02:33:31","2022-01-19 18:31:00",NULL,NULL,8
"141046","97286","78019","6128","380823","Shipped","2022-04-26 00:19:45","2022-04-24 23:12:00",NULL,NULL,8
"146377","100998","81032","24878","395264","Shipped","2022-02-15 03:29:52","2022-02-15 14:50:00",NULL,NULL,8
"147034","101441","81371","7120","397029","Shipped","2022-03-23 13:48:44","2022-03-23 21:09:00",NULL,NULL,8
"149701","103318","82876","24790","404260","Shipped","2022-01-22 07:49:01","2022-01-20 10:10:00",NULL,NULL,8
"150575","103904","83357","25040","406669","Shipped","2022-08-02 21:38:45","2022-08-03 14:23:00",NULL,NULL,8
"156901","108225","86801","12596","423634","Shipped","2021-08-08 11:16:11","2021-08-11 07:11:00",NULL,NULL,8
"159700","110175","88348","24987","431195","Shipped","2021-05-11 06:09:08","2021-05-09 15:58:00",NULL,NULL,8
"161199","111188","89145","13768","435233","Shipped","2021-09-03 23:28:56","2021-09-05 01:48:00",NULL,NULL,8
"164887","113718","91170","12531","445305","Shipped","2022-08-19 05:41:45","2022-08-19 04:28:00",NULL,NULL,8
"165310","114004","91403","24769","446468","Shipped","2022-07-24 00:30:26","2022-07-26 18:07:00",NULL,NULL,8
"170458","117528","94258","13948","460333","Shipped","2019-09-08 06:15:58","2019-09-10 01:57:00",NULL,NULL,8
"170814","117763","94440","28934","461325","Shipped","2022-07-01 12:09:16","2022-07-02 02:01:00",NULL,NULL,8
"171228","118046","94662","9423","462442","Shipped","2022-07-03 00:49:34","2022-06-29 20:28:00",NULL,NULL,8
"171406","118175","94775","12599","462924","Shipped","2022-03-06 12:19:33","2022-03-08 16:30:00",NULL,NULL,8
"174728","120507","96627","24878","471838","Shipped","2021-04-29 07:28:19","2021-04-27 01:03:00",NULL,NULL,8
"177294","122267","98035","25246","478823","Shipped","2022-04-17 11:37:26","2022-04-17 12:58:00",NULL,NULL,8
"4843","3307","2692","12528","13123","Complete","2021-10-05 12:45:10","2021-10-06 22:43:00","2021-10-11 11:58:00",NULL,8
"5276","3600","2941","24707","14281","Complete","2022-04-09 04:44:15","2022-04-08 18:34:00","2022-04-10 03:59:00",NULL,8
"6194","4225","3425","9092","16757","Complete","2020-10-29 12:02:17","2020-10-29 10:58:00","2020-11-03 01:28:00",NULL,8
"6924","4723","3833","13948","18749","Complete","2021-07-30 05:00:09","2021-07-31 15:31:00","2021-08-04 07:08:00",NULL,8
"10162","6987","5688","12562","27557","Complete","2022-08-30 14:04:16","2022-08-31 20:47:00","2022-09-03 00:44:00",NULL,8
"10388","7147","5818","15545","28159","Complete","2020-12-19 14:45:25","2020-12-17 09:32:00","2020-12-21 09:45:00",NULL,8
"11388","7833","6352","24961","30856","Complete","2022-03-04 04:22:52","2022-03-05 21:02:00","2022-03-07 02:26:00",NULL,8
"14688","10110","8130","12606","39790","Complete","2021-02-07 01:12:54","2021-02-07 06:13:00","2021-02-08 01:12:00",NULL,8
"14838","10207","8209","6784","40193","Complete","2022-01-27 11:41:46","2022-01-29 15:33:00","2022-02-02 22:40:00",NULL,8
"41576","28593","22806","12528","112233","Processing","2020-09-18 06:17:52",NULL,NULL,NULL,8
"15295","10507","8458","9092","41423","Complete","2022-03-16 08:41:24","2022-03-18 11:02:00","2022-03-23 05:11:00",NULL,8
"16507","11354","9130","25180","44682","Complete","2021-11-20 02:48:39","2021-11-19 07:51:00","2021-11-24 00:55:00",NULL,8
"16514","11360","9134","15545","44700","Complete","2021-09-30 18:04:08","2021-10-02 21:47:00","2021-10-03 02:15:00",NULL,8
"16676","11473","9231","25070","45138","Complete","2021-02-22 15:38:33","2021-02-25 00:11:00","2021-02-27 23:40:00",NULL,8
"18851","12955","10385","12652","51016","Complete","2022-07-16 21:24:09","2022-07-17 20:15:00","2022-07-22 08:28:00",NULL,8
"20308","13961","11193","15909","54966","Complete","2020-04-16 15:28:58","2020-04-14 20:08:00","2020-04-16 11:46:00",NULL,8
"32816","22592","18042","24878","88672","Complete","2022-03-10 08:39:26","2022-03-11 11:13:00","2022-03-14 04:01:00",NULL,8
"34721","23900","19083","6784","93795","Complete","2021-10-19 06:00:36","2021-10-19 13:07:00","2021-10-19 22:56:00",NULL,8
"34967","24071","19220","24707","94454","Complete","2022-05-23 13:57:30","2022-05-21 17:48:00","2022-05-24 06:35:00",NULL,8
"35293","24291","19402","25070","95335","Complete","2022-06-06 09:21:33","2022-06-06 11:47:00","2022-06-09 08:09:00",NULL,8
"35995","24780","19817","25070","97205","Complete","2022-09-02 11:40:21","2022-09-03 18:32:00","2022-09-08 17:22:00",NULL,8
"36112","24866","19882","18095","97522","Complete","2021-11-25 01:16:12","2021-11-26 08:44:00","2021-11-30 20:51:00",NULL,8
"36413","25074","20048","6128","98316","Complete","2022-06-20 10:44:02","2022-06-17 20:46:00","2022-06-20 14:15:00",NULL,8
"39385","27116","21662","25185","106334","Complete","2022-07-20 02:09:54","2022-07-20 19:42:00","2022-07-25 00:58:00",NULL,8
"43746","30090","23986","24961","118144","Complete","2020-06-21 21:28:20","2020-06-24 09:03:00","2020-06-26 22:27:00",NULL,8
"47794","32932","26311","24709","129000","Complete","2020-10-18 09:15:09","2020-10-19 03:01:00","2020-10-20 18:49:00",NULL,8
"48976","33741","26940","7120","132175","Complete","2021-12-07 14:30:03","2021-12-08 15:29:00","2021-12-13 02:58:00",NULL,8
"48991","33748","26945","24961","132214","Complete","2021-02-12 12:44:45","2021-02-13 10:29:00","2021-02-17 01:34:00",NULL,8
"54410","37490","29959","15545","146811","Complete","2022-04-23 10:24:07","2022-04-23 17:11:00","2022-04-27 23:48:00",NULL,8
"55972","38582","30840","24570","151049","Complete","2021-01-02 08:44:14","2021-01-03 11:19:00","2021-01-07 13:48:00",NULL,8
"61457","42319","33824","24665","165902","Complete","2021-09-02 16:05:10","2021-09-02 11:34:00","2021-09-03 22:56:00",NULL,8
"61932","42650","34096","6784","167189","Complete","2021-11-04 00:42:33","2021-11-05 05:27:00","2021-11-06 23:33:00",NULL,8
"62005","42703","34143","12670","167379","Complete","2022-04-16 22:20:48","2022-04-17 10:52:00","2022-04-21 07:58:00",NULL,8
"68996","47494","37984","12606","186256","Complete","2022-08-15 06:06:05","2022-08-16 23:37:00","2022-08-16 23:40:00",NULL,8
"71912","49535","39653","28934","194133","Complete","2022-06-23 09:56:39","2022-06-26 04:18:00","2022-07-01 03:29:00",NULL,8
"76000","52373","41928","6784","205231","Complete","2022-05-25 05:43:33","2022-05-25 16:05:00","2022-05-27 21:28:00",NULL,8
"76573","52781","42230","24878","206766","Complete","2022-09-05 09:50:22.693031","2022-09-06 07:22:37.693031","2022-09-07 08:58:37.693031",NULL,8
"76929","53045","42444","13948","207745","Complete","2021-12-09 17:39:53","2021-12-08 16:25:00","2021-12-13 03:20:00",NULL,8
"76970","53072","42459","12599","207844","Complete","2021-04-23 12:19:10","2021-04-22 06:29:00","2021-04-25 00:16:00",NULL,8
"77058","53132","42512","24570","208062","Complete","2021-01-12 16:05:02","2021-01-15 16:36:00","2021-01-15 19:15:00",NULL,8
"77939","53740","42992","25246","210411","Complete","2022-04-04 07:51:34","2022-04-05 20:26:00","2022-04-06 03:35:00",NULL,8
"78364","54037","43232","24987","211551","Complete","2021-09-17 07:20:57","2021-09-18 13:16:00","2021-09-18 20:07:00",NULL,8
"80263","55355","44264","25245","216731","Complete","2022-02-09 15:37:13","2022-02-11 22:33:00","2022-02-12 20:07:00",NULL,8
"81768","56416","45101","24987","220826","Complete","2022-08-31 11:13:19","2022-08-31 22:50:00","2022-09-02 01:32:00",NULL,8
"83177","57435","45913","24575","224649","Complete","2021-09-09 16:35:12","2021-09-10 01:30:00","2021-09-13 20:11:00",NULL,8
"84130","58112","46464","6784","227233","Complete","2020-07-20 22:52:42","2020-07-23 02:21:00","2020-07-23 14:53:00",NULL,8
"84389","58305","46633","24987","227923","Complete","2022-08-04 09:06:37","2022-08-03 10:57:00","2022-08-04 22:51:00",NULL,8
"87606","60536","48470","24878","236663","Complete","2021-12-22 03:32:03","2021-12-20 01:55:00","2021-12-23 09:35:00",NULL,8
"92237","63732","51027","12652","249130","Complete","2021-09-25 14:07:05","2021-09-24 19:01:00","2021-09-24 22:55:00",NULL,8
"92439","63868","51126","13948","249678","Complete","2020-08-20 08:59:04","2020-08-17 14:56:00","2020-08-21 04:16:00",NULL,8
"100220","69264","55384","15909","270672","Complete","2020-11-04 09:18:17","2020-11-03 06:18:00","2020-11-07 12:19:00",NULL,8
"102349","70723","56548","12531","276460","Complete","2022-04-27 05:00:12","2022-04-29 03:16:00","2022-04-29 23:09:00",NULL,8
"102839","71052","56794","18095","277772","Complete","2021-03-10 09:38:57","2021-03-12 23:40:00","2021-03-15 16:50:00",NULL,8
"103439","71479","57147","25246","279402","Complete","2021-11-26 17:28:10","2021-11-27 13:44:00","2021-11-28 05:38:00",NULL,8
"103709","71669","57304","6784","280152","Complete","2022-04-19 13:28:17","2022-04-19 17:50:00","2022-04-21 20:56:00",NULL,8
"107229","74085","59230","13987","289633","Complete","2021-09-14 05:34:46","2021-09-15 10:13:00","2021-09-19 21:40:00",NULL,8
"107289","74118","59254","24665","289796","Complete","2020-10-26 14:03:08","2020-10-29 04:41:00","2020-10-29 19:09:00",NULL,8
"107334","74152","59284","18095","289916","Complete","2021-03-09 08:03:22","2021-03-07 14:15:00","2021-03-09 23:43:00",NULL,8
"110052","76015","60784","7120","297250","Complete","2021-07-06 02:51:52","2021-07-03 19:02:00","2021-07-04 09:02:00",NULL,8
"115424","79720","63779","24961","311740","Complete","2019-04-11 17:57:02","2019-04-14 17:46:00","2019-04-16 18:06:00",NULL,8
"116159","80208","64202","24709","313729","Complete","2021-11-29 08:13:22","2021-12-01 11:23:00","2021-12-03 06:22:00",NULL,8
"118631","81892","65569","12599","320325","Complete","2022-06-16 02:58:07","2022-06-13 07:05:00","2022-06-16 06:47:00",NULL,8
"128382","88546","70927","24570","346653","Complete","2022-09-05 06:22:28","2022-09-02 17:40:00","2022-09-06 09:10:00",NULL,8
"134863","93047","74540","15545","364186","Complete","2022-07-05 12:30:08","2022-07-06 19:28:00","2022-07-07 04:36:00",NULL,8
"136399","94131","75456","24575","368316","Complete","2020-02-06 10:23:40","2020-02-07 17:34:00","2020-02-07 22:45:00",NULL,8
"140052","96613","77473","13948","378168","Complete","2022-07-15 23:06:51","2022-07-17 21:10:00","2022-07-20 04:16:00",NULL,8
"140171","96697","77541","6128","378484","Complete","2021-11-02 13:40:54","2021-11-01 21:04:00","2021-11-02 23:07:00",NULL,8
"143000","98672","79105","15728","386103","Complete","2020-10-16 08:07:28","2020-10-17 10:36:00","2020-10-19 22:02:00",NULL,8
"146708","101209","81201","28934","396157","Complete","2022-07-30 07:41:53","2022-07-30 13:43:00","2022-08-01 00:34:00",NULL,8
"146857","101312","81275","25070","396548","Complete","2022-08-21 16:08:08","2022-08-23 21:27:00","2022-08-24 05:01:00",NULL,8
"148367","102383","82128","24769","400618","Complete","2021-12-21 02:40:31","2021-12-17 11:21:00","2021-12-18 13:01:00",NULL,8
"148482","102451","82183","28934","400948","Complete","2022-02-11 00:17:29","2022-02-10 20:02:00","2022-02-13 19:32:00",NULL,8
"149184","102957","82581","24707","402853","Complete","2020-11-02 08:31:50","2020-11-01 03:55:00","2020-11-05 16:29:00",NULL,8
"157225","108450","86976","24575","424524","Complete","2022-07-25 08:12:03","2022-07-23 12:00:00","2022-07-25 17:23:00",NULL,8
"158869","109586","87886","28934","428943","Complete","2021-03-08 06:35:18","2021-03-09 02:47:00","2021-03-14 02:33:00",NULL,8
"161440","111358","89283","24769","435892","Complete","2022-09-03 16:23:09.342067","2022-09-06 11:40:36.342067","2022-09-09 09:39:36.342067",NULL,8
"161847","111630","89503","24610","437017","Complete","2022-09-01 10:03:21","2022-09-02 12:39:00","2022-09-06 13:07:00",NULL,8
"162668","112202","89957","15545","439255","Complete","2019-09-07 04:56:10","2019-09-08 09:59:00","2019-09-08 13:13:00",NULL,8
"163379","112690","90360","12599","441162","Complete","2022-05-20 02:34:31","2022-05-22 15:25:00","2022-05-23 20:32:00",NULL,8
"165174","113909","91327","25040","446089","Complete","2021-12-13 03:06:17","2021-12-15 12:32:00","2021-12-16 17:29:00",NULL,8
"167451","115474","92557","15909","452226","Complete","2022-06-23 02:44:08","2022-06-25 09:43:00","2022-06-28 00:19:00",NULL,8
"175639","121128","97122","24961","474337","Complete","2019-11-18 13:25:17","2019-11-20 08:01:00","2019-11-21 10:46:00",NULL,8
"177046","122103","97915","24790","478169","Complete","2022-02-14 21:10:00","2022-02-15 20:13:00","2022-02-15 23:17:00",NULL,8
"178625","123206","98822","25245","482395","Complete","2022-01-06 07:42:35","2022-01-07 01:54:00","2022-01-08 22:31:00",NULL,8
"3989","2714","2183","13768","10791","Returned","2022-04-11 07:14:44","2022-04-14 01:58:00","2022-04-17 16:09:00","2022-04-19 14:08:00",8
"8258","5659","4580","13768","22397","Returned","2022-05-16 09:49:46","2022-05-17 18:52:00","2022-05-17 21:53:00","2022-05-20 15:57:00",8
"15609","10707","8610","25180","42279","Returned","2020-10-06 07:45:19","2020-10-08 18:13:00","2020-10-08 19:01:00","2020-10-09 09:40:00",8
"36646","25216","20160","12531","98928","Returned","2022-04-03 13:43:13","2022-04-04 16:36:00","2022-04-06 05:24:00","2022-04-08 05:55:00",8
"40589","27925","22282","25180","109586","Returned","2022-04-02 11:58:49","2022-03-31 14:59:00","2022-04-03 13:40:00","2022-04-04 21:29:00",8
"48503","33420","26692","24575","130897","Returned","2021-11-08 16:06:24","2021-11-11 04:54:00","2021-11-12 12:43:00","2021-11-15 06:39:00",8
"51681","35617","28456","6128","139502","Returned","2022-06-19 14:17:33","2022-06-16 18:39:00","2022-06-19 17:59:00","2022-06-19 18:36:00",8
"59832","41221","32936","15909","161508","Returned","2020-11-12 12:18:54","2020-11-13 08:50:00","2020-11-13 21:08:00","2020-11-15 02:17:00",8
"60746","41839","33443","25245","164003","Returned","2022-06-09 13:11:26","2022-06-09 18:26:00","2022-06-11 01:21:00","2022-06-13 18:35:00",8
"61659","42466","33955","12531","166448","Returned","2022-06-25 05:51:06","2022-06-27 01:53:00","2022-06-30 23:47:00","2022-07-03 18:39:00",8
"63605","43788","35015","25185","171718","Returned","2022-02-18 18:24:34","2022-02-17 17:17:00","2022-02-19 06:13:00","2022-02-21 12:54:00",8
"74069","51021","40827","12652","199993","Returned","2022-05-22 02:29:12","2022-05-23 18:30:00","2022-05-24 11:02:00","2022-05-26 02:50:00",8
"74328","51208","40976","12562","200694","Returned","2022-04-09 22:40:44","2022-04-08 16:43:00","2022-04-11 23:36:00","2022-04-12 00:54:00",8
"76615","52810","42256","24987","206877","Returned","2020-12-17 03:50:10","2020-12-17 18:45:00","2020-12-22 01:05:00","2020-12-22 10:34:00",8
"90002","62210","49794","15909","243128","Returned","2021-07-17 05:34:58","2021-07-15 11:45:00","2021-07-19 05:18:00","2021-07-22 01:27:00",8
"96327","66567","53216","6784","260198","Returned","2021-03-29 08:00:47","2021-03-29 13:44:00","2021-03-31 10:35:00","2021-04-01 13:28:00",8
"104206","72011","57574","15728","281488","Returned","2022-05-08 06:22:05","2022-05-08 15:05:00","2022-05-08 23:25:00","2022-05-09 22:37:00",8
"109554","75680","60491","25185","295921","Returned","2019-12-14 06:17:19","2019-12-16 10:17:00","2019-12-20 11:29:00","2019-12-21 16:15:00",8
"115908","80042","64061","25070","313035","Returned","2022-08-10 23:14:43","2022-08-08 08:23:00","2022-08-08 11:03:00","2022-08-11 03:39:00",8
"117262","80946","64819","12584","316666","Returned","2022-02-22 15:54:45","2022-02-22 12:13:00","2022-02-23 12:54:00","2022-02-25 14:46:00",8
"148538","102489","82217","24570","401100","Returned","2022-06-28 06:02:48","2022-06-28 14:00:00","2022-07-03 07:42:00","2022-07-05 06:06:00",8
"154165","106369","85319","9092","416295","Returned","2021-08-19 13:33:11","2021-08-18 08:32:00","2021-08-18 21:06:00","2021-08-21 02:47:00",8
"156231","107768","86454","12531","421837","Returned","2021-10-26 11:54:04","2021-10-27 11:45:00","2021-10-31 09:03:00","2021-11-01 19:42:00",8
"161276","111246","89189","24570","435440","Returned","2019-07-22 00:00:40","2019-07-21 22:36:00","2019-07-24 22:13:00","2019-07-25 04:21:00",8
"164320","113348","90889","25180","443754","Returned","2021-05-27 00:19:57","2021-05-27 12:04:00","2021-05-28 09:57:00","2021-05-28 15:11:00",8
"177327","122294","98064","24878","478918","Returned","2020-10-25 03:13:03","2020-10-27 20:31:00","2020-10-29 00:36:00","2020-10-29 17:22:00",8
"3611","2445","1977","13948","9763","Cancelled","2022-01-28 23:25:37",NULL,NULL,NULL,8
"6607","4500","3648","9092","17886","Cancelled","2022-05-01 12:12:52",NULL,NULL,NULL,8
"8242","5646","4562","14320","22356","Cancelled","2019-10-01 13:14:35",NULL,NULL,NULL,8
"14049","9675","7804","25245","38070","Cancelled","2021-07-02 01:44:24",NULL,NULL,NULL,8
"14913","10257","8247","24709","40387","Cancelled","2022-07-15 07:47:22",NULL,NULL,NULL,8
"19521","13419","10767","24961","52822","Cancelled","2022-02-17 07:36:00",NULL,NULL,NULL,8
"22238","15287","12214","9399","60095","Cancelled","2022-02-25 12:17:29",NULL,NULL,NULL,8
"33357","22968","18329","24570","90122","Cancelled","2022-08-16 01:42:27",NULL,NULL,NULL,8
"33765","23252","18562","5971","91217","Cancelled","2022-08-16 13:02:43",NULL,NULL,NULL,8
"35511","24444","19533","25185","95908","Cancelled","2022-05-07 01:29:15",NULL,NULL,NULL,8
"46510","32022","25567","24709","125597","Cancelled","2022-07-21 03:01:23",NULL,NULL,NULL,8
"47400","32658","26068","13948","127945","Cancelled","2022-09-03 16:27:35",NULL,NULL,NULL,8
"47458","32695","26103","25245","128100","Cancelled","2022-02-14 15:44:58",NULL,NULL,NULL,8
"58596","40389","32259","5971","158149","Cancelled","2021-03-23 09:09:53",NULL,NULL,NULL,8
"66868","46000","36789","12599","180543","Cancelled","2022-06-09 04:35:23",NULL,NULL,NULL,8
"72277","49778","39837","24709","195122","Cancelled","2019-07-19 14:37:56",NULL,NULL,NULL,8
"73812","50832","40664","12528","199293","Cancelled","2022-04-25 01:53:45",NULL,NULL,NULL,8
"81061","55908","44698","6128","218918","Cancelled","2021-11-08 17:29:34",NULL,NULL,NULL,8
"83408","57596","46041","24987","225263","Cancelled","2022-04-19 09:48:14",NULL,NULL,NULL,8
"87832","60699","48602","12528","237268","Cancelled","2021-08-14 14:20:12",NULL,NULL,NULL,8
"90788","62739","50222","25040","245263","Cancelled","2022-05-06 13:22:26",NULL,NULL,NULL,8
"100813","69671","55713","24961","272278","Cancelled","2022-03-27 23:33:52",NULL,NULL,NULL,8
"103123","71256","56958","13948","278542","Cancelled","2022-03-12 22:11:44",NULL,NULL,NULL,8
"106396","73524","58793","9399","287381","Cancelled","2021-08-08 23:14:58",NULL,NULL,NULL,8
"113098","78121","62490","9092","305479","Cancelled","2020-11-12 09:17:21",NULL,NULL,NULL,8
"114994","79422","63536","25245","310595","Cancelled","2022-09-04 11:42:31",NULL,NULL,NULL,8
"119459","82460","66018","25185","322524","Cancelled","2021-10-03 11:41:05",NULL,NULL,NULL,8
"125010","86242","69008","24987","337500","Cancelled","2020-05-13 07:36:23",NULL,NULL,NULL,8
"125947","86867","69515","24792","340038","Cancelled","2019-06-30 22:00:54",NULL,NULL,NULL,8
"126754","87418","69971","9092","342245","Cancelled","2022-01-02 03:24:05",NULL,NULL,NULL,8
"127323","87801","70299","6784","343740","Cancelled","2022-03-15 03:07:59",NULL,NULL,NULL,8
"131901","90991","72884","24665","356127","Cancelled","2022-03-09 13:59:26",NULL,NULL,NULL,8
"135731","93667","75049","25245","366526","Cancelled","2022-02-18 05:48:09",NULL,NULL,NULL,8
"141330","97477","78170","7120","381611","Cancelled","2022-04-10 23:28:55",NULL,NULL,NULL,8
"146826","101291","81259","24570","396469","Cancelled","2022-01-14 10:05:54",NULL,NULL,NULL,8
"150950","104166","83561","9399","407686","Cancelled","2022-03-28 10:44:53",NULL,NULL,NULL,8
"152563","105270","84461","25070","412012","Cancelled","2022-06-07 01:40:50",NULL,NULL,NULL,8
"160044","110406","88546","28934","432121","Cancelled","2021-03-24 13:19:47",NULL,NULL,NULL,8
"165353","114037","91428","24769","446590","Cancelled","2019-10-05 10:27:10",NULL,NULL,NULL,8
"166861","115072","92231","12685","450652","Cancelled","2022-08-18 05:39:48",NULL,NULL,NULL,8
"172617","119038","95418","24610","466207","Cancelled","2022-07-19 03:40:48",NULL,NULL,NULL,8
"1613","1121","915","12531","4370","Processing","2022-01-07 02:26:01",NULL,NULL,NULL,8
"12603","8697","7023","9423","34153","Processing","2019-11-26 06:03:33",NULL,NULL,NULL,8
"13847","9544","7693","5971","37528","Processing","2021-12-20 05:32:14",NULL,NULL,NULL,8
"16011","10997","8827","9423","43335","Processing","2022-06-18 15:23:52",NULL,NULL,NULL,8
"19942","13721","10998","14320","53971","Processing","2022-02-06 14:15:21",NULL,NULL,NULL,8
"23807","16387","13100","28934","64367","Processing","2019-11-15 17:10:27",NULL,NULL,NULL,8
"27697","19076","15249","12562","74867","Processing","2020-07-30 02:54:32",NULL,NULL,NULL,8
"32545","22396","17902","24665","87943","Processing","2022-01-27 06:19:10",NULL,NULL,NULL,8
"32582","22425","17927","7120","88047","Processing","2022-06-10 14:02:13",NULL,NULL,NULL,8
"33307","22929","18295","24792","89973","Processing","2022-04-04 17:51:09",NULL,NULL,NULL,8
"35739","24596","19661","12606","96511","Processing","2019-11-22 12:58:06",NULL,NULL,NULL,8
"39983","27518","21975","12606","107921","Processing","2020-09-14 11:16:33",NULL,NULL,NULL,8
"50004","34438","27503","25180","134983","Processing","2022-08-25 10:21:27",NULL,NULL,NULL,8
"52528","36199","28917","25180","141756","Processing","2022-01-14 06:56:12",NULL,NULL,NULL,8
"61167","42114","33665","25246","165132","Processing","2022-02-22 11:47:02",NULL,NULL,NULL,8
"62162","42813","34221","18095","167799","Processing","2022-01-18 07:01:51",NULL,NULL,NULL,8
"67167","46206","36947","15728","181377","Processing","2020-06-22 07:24:37",NULL,NULL,NULL,8
"68255","46974","37579","12606","184285","Processing","2022-03-19 17:17:53",NULL,NULL,NULL,8
"84364","58285","46617","13768","227852","Processing","2022-07-23 02:02:19",NULL,NULL,NULL,8
"86753","59949","47960","12652","234350","Processing","2022-01-17 14:02:10",NULL,NULL,NULL,8
"87737","60635","48550","12528","237017","Processing","2020-03-19 08:03:20",NULL,NULL,NULL,8
"94310","65157","52123","24987","254741","Processing","2021-11-17 02:03:46",NULL,NULL,NULL,8
"102544","70858","56646","15545","276994","Processing","2020-12-01 10:48:52",NULL,NULL,NULL,8
"111651","77126","61709","12685","301539","Processing","2021-11-19 08:56:10",NULL,NULL,NULL,8
"112193","77492","61991","9423","303035","Processing","2019-09-08 00:52:48",NULL,NULL,NULL,8
"117074","80833","64712","28934","316150","Processing","2021-10-11 22:39:49",NULL,NULL,NULL,8
"123496","85208","68192","12599","333434","Processing","2022-02-06 23:05:44",NULL,NULL,NULL,8
"123757","85377","68325","28934","334120","Processing","2022-04-26 01:58:04",NULL,NULL,NULL,8
"134422","92743","74304","24792","362972","Processing","2021-05-21 04:58:38",NULL,NULL,NULL,8
"135133","93233","74694","13987","364918","Processing","2021-06-06 05:50:36",NULL,NULL,NULL,8
"135192","93271","74722","13768","365075","Processing","2022-08-16 11:17:08",NULL,NULL,NULL,8
"135931","93802","75170","12584","367062","Processing","2022-07-10 01:31:34",NULL,NULL,NULL,8
"136530","94220","75518","9423","368659","Processing","2022-02-19 00:16:20",NULL,NULL,NULL,8
"137696","95017","76163","12606","371787","Processing","2021-10-29 04:14:06",NULL,NULL,NULL,8
"140622","97006","77799","25185","379689","Processing","2020-10-10 17:25:00",NULL,NULL,NULL,8
"148270","102323","82079","24769","400345","Processing","2020-08-19 03:19:01",NULL,NULL,NULL,8
"149632","103276","82838","24570","404069","Processing","2021-11-22 21:24:17",NULL,NULL,NULL,8
"150757","104032","83459","12606","407154","Processing","2022-09-06 15:13:07.591378",NULL,NULL,NULL,8
"154550","106638","85541","24610","417331","Processing","2021-01-06 21:06:13",NULL,NULL,NULL,8
"154570","106652","85551","12670","417384","Processing","2022-07-03 22:51:36",NULL,NULL,NULL,8
"156973","108274","86838","12584","423825","Processing","2020-06-24 12:32:31",NULL,NULL,NULL,8
"161766","111586","89466","24769","436787","Processing","2022-01-22 00:32:12",NULL,NULL,NULL,8
"162453","112044","89830","25180","438663","Processing","2021-03-04 00:35:29",NULL,NULL,NULL,8
"163711","112934","90554","25180","442065","Processing","2022-08-31 04:24:52",NULL,NULL,NULL,8
"167999","115862","92887","24769","453664","Processing","2021-06-12 16:12:01",NULL,NULL,NULL,8
"169254","116731","93592","9423","457061","Processing","2022-03-25 02:52:24",NULL,NULL,NULL,8
"172232","118762","95213","15728","465172","Processing","2021-01-04 13:27:47",NULL,NULL,NULL,8
"172427","118906","95331","5971","465698","Processing","2021-04-12 05:08:11",NULL,NULL,NULL,8
"925","655","546","1197","2485","Shipped","2021-04-20 10:50:49","2021-04-17 18:26:00",NULL,NULL,8.5
"4197","2854","2289","9402","11381","Shipped","2020-11-04 18:06:04","2020-11-07 06:25:00",NULL,NULL,8.5
"26691","18389","14689","9090","72150","Shipped","2022-08-04 01:50:55","2022-08-02 10:40:00",NULL,NULL,8.5
"26735","18418","14704","15685","72269","Shipped","2020-09-19 08:12:31","2020-09-20 21:57:00",NULL,NULL,8.5
"27131","18690","14938","12638","73356","Shipped","2022-07-18 11:25:48","2022-07-19 16:02:00",NULL,NULL,8.5
"46776","32211","25731","12638","126292","Shipped","2021-01-17 07:39:09","2021-01-18 06:46:00",NULL,NULL,8.5
"51410","35434","28309","9402","138756","Shipped","2022-08-16 04:39:46","2022-08-15 16:07:00",NULL,NULL,8.5
"54195","37350","29847","12638","146246","Shipped","2022-01-24 11:48:57","2022-01-25 21:44:00",NULL,NULL,8.5
"55040","37948","30313","1197","148516","Shipped","2022-07-24 05:17:13","2022-07-26 14:27:00",NULL,NULL,8.5
"79713","54976","43964","2644","215240","Shipped","2019-10-20 13:08:31","2019-10-22 13:03:00",NULL,NULL,8.5
"89459","61833","49507","9402","241654","Shipped","2021-07-27 12:46:57","2021-07-26 20:33:00",NULL,NULL,8.5
"90867","62790","50274","9402","245467","Shipped","2022-07-01 10:29:44","2022-07-03 21:25:00",NULL,NULL,8.5
"95207","65803","52642","5714","257171","Shipped","2022-04-12 12:35:38","2022-04-11 19:26:00",NULL,NULL,8.5
"105452","72857","58277","9198","284824","Shipped","2021-11-16 08:21:39","2021-11-18 22:30:00",NULL,NULL,8.5
"110810","76549","61230","171","299267","Shipped","2019-07-07 15:37:27","2019-07-07 01:50:00",NULL,NULL,8.5
"114255","78914","63122","1197","308586","Shipped","2021-11-21 14:20:22","2021-11-21 21:23:00",NULL,NULL,8.5
"136993","94544","75776","1197","369924","Shipped","2022-03-19 00:29:27","2022-03-20 15:31:00",NULL,NULL,8.5
"139368","96151","77104","9402","376358","Shipped","2021-08-30 17:01:42","2021-08-29 15:14:00",NULL,NULL,8.5
"140775","97108","77874","9198","380099","Shipped","2022-08-03 02:33:02","2022-08-01 02:25:00",NULL,NULL,8.5
"142682","98445","78932","1197","385249","Shipped","2019-05-11 06:07:29","2019-05-10 18:13:00",NULL,NULL,8.5
"149711","103324","82881","11074","404289","Shipped","2022-05-21 01:24:17","2022-05-19 09:48:00",NULL,NULL,8.5
"165741","114306","91637","15685","447633","Shipped","2022-08-07 11:15:02","2022-08-09 09:41:00",NULL,NULL,8.5
"172228","118760","95213","171","465160","Shipped","2021-12-26 16:15:04","2021-12-29 05:13:00",NULL,NULL,8.5
"119","89","73","12638","324","Complete","2021-08-12 01:21:21","2021-08-13 18:24:00","2021-08-14 00:46:00",NULL,8.5
"1933","1341","1082","1197","5233","Complete","2022-04-30 06:34:51","2022-05-02 08:09:00","2022-05-05 07:29:00",NULL,8.5
"9039","6196","5006","1178","24504","Complete","2022-04-04 09:22:27","2022-04-05 01:43:00","2022-04-06 20:30:00",NULL,8.5
"16839","11587","9329","2644","45610","Complete","2021-05-20 07:31:35","2021-05-22 23:55:00","2021-05-25 20:25:00",NULL,8.5
"35828","24661","19722","9198","96746","Complete","2022-08-31 20:45:59","2022-09-01 04:51:00","2022-09-05 22:49:00",NULL,8.5
"42435","29192","23277","2644","114588","Complete","2022-07-26 12:08:28","2022-07-28 16:11:00","2022-07-30 04:47:00",NULL,8.5
"50529","34814","27789","171","136394","Complete","2021-10-01 05:21:17","2021-10-03 07:41:00","2021-10-04 06:35:00",NULL,8.5
"51797","35692","28515","1178","139813","Complete","2022-07-04 00:28:33","2022-07-04 18:46:00","2022-07-07 20:02:00",NULL,8.5
"55563","38300","30606","5714","149920","Complete","2021-09-12 14:36:20","2021-09-15 13:31:00","2021-09-20 13:17:00",NULL,8.5
"64784","44594","35680","6068","174928","Complete","2022-03-24 15:15:46","2022-03-23 16:25:00","2022-03-28 03:30:00",NULL,8.5
"78068","53838","43061","15685","210762","Complete","2021-05-25 02:12:14","2021-05-23 15:50:00","2021-05-26 06:33:00",NULL,8.5
"79392","54747","43788","15650","214361","Complete","2021-06-06 06:52:13","2021-06-08 21:14:00","2021-06-10 23:45:00",NULL,8.5
"88772","61364","49140","2644","239843","Complete","2020-10-07 13:59:52","2020-10-05 10:10:00","2020-10-07 22:34:00",NULL,8.5
"102985","71155","56879","6068","278160","Complete","2022-08-03 14:57:01","2022-08-05 01:18:00","2022-08-07 20:03:00",NULL,8.5
"110803","76544","61226","9198","299248","Complete","2022-08-20 12:50:45","2022-08-23 04:27:00","2022-08-24 13:26:00",NULL,8.5
"115218","79571","63665","5714","311192","Complete","2021-12-05 02:14:24","2021-12-06 05:57:00","2021-12-10 20:28:00",NULL,8.5
"119347","82384","65960","9402","322234","Complete","2020-10-29 10:17:19","2020-10-31 07:41:00","2020-11-02 08:13:00",NULL,8.5
"124347","85780","68651","9402","335679","Complete","2020-08-19 08:13:21","2020-08-21 09:18:00","2020-08-25 03:03:00",NULL,8.5
"130007","89669","71823","9402","351025","Complete","2022-08-02 23:40:08","2022-08-03 07:38:00","2022-08-06 03:43:00",NULL,8.5
"153111","105629","84752","5714","413488","Complete","2021-09-10 05:41:33","2021-09-08 06:09:00","2021-09-09 15:40:00",NULL,8.5
"166395","114750","91990","9355","449409","Processing","2019-10-29 04:18:37",NULL,NULL,NULL,9
"170858","117799","94466","12638","461447","Complete","2022-03-23 15:26:18","2022-03-26 14:00:00","2022-03-28 18:40:00",NULL,8.5
"173953","119980","96207","9402","469742","Complete","2021-03-24 03:34:30","2021-03-25 05:44:00","2021-03-28 06:50:00",NULL,8.5
"30972","21313","17065","9402","83729","Returned","2022-04-30 20:40:11","2022-05-03 07:41:00","2022-05-07 16:33:00","2022-05-09 15:07:00",8.5
"49744","34265","27360","5714","134274","Returned","2022-07-15 01:08:54","2022-07-16 08:32:00","2022-07-20 03:51:00","2022-07-23 00:47:00",8.5
"53409","36815","29414","9198","144124","Returned","2020-01-26 17:50:45","2020-01-22 19:46:00","2020-01-26 12:18:00","2020-01-26 17:18:00",8.5
"58373","40245","32152","9090","157539","Returned","2022-08-01 12:12:44","2022-08-02 23:22:00","2022-08-07 09:38:00","2022-08-09 08:06:00",8.5
"65150","44851","35861","9198","175925","Returned","2021-09-20 02:10:52","2021-09-22 19:56:00","2021-09-26 04:55:00","2021-09-27 01:05:00",8.5
"69094","47567","38035","2644","186517","Returned","2021-04-23 03:38:07","2021-04-21 14:36:00","2021-04-22 05:33:00","2021-04-24 04:54:00",8.5
"74698","51471","41184","9198","201683","Returned","2021-01-24 07:48:02","2021-01-24 14:13:00","2021-01-26 23:20:00","2021-01-29 12:03:00",8.5
"92872","64174","51363","6068","250836","Returned","2021-08-09 00:44:02","2021-08-09 07:04:00","2021-08-11 15:50:00","2021-08-12 08:44:00",8.5
"107543","74305","59406","972","290485","Returned","2021-08-17 07:00:08","2021-08-16 05:13:00","2021-08-18 19:03:00","2021-08-19 14:52:00",8.5
"131719","90860","72777","171","355643","Returned","2022-01-02 02:55:09","2022-01-01 12:09:00","2022-01-02 07:11:00","2022-01-04 05:25:00",8.5
"160026","110397","88538","9090","432071","Returned","2022-08-17 13:29:54","2022-08-18 12:14:00","2022-08-19 19:21:00","2022-08-19 22:46:00",8.5
"3949","2688","2164","2644","10684","Cancelled","2020-09-05 23:06:50",NULL,NULL,NULL,8.5
"11133","7656","6213","6068","30169","Cancelled","2021-08-04 16:09:24",NULL,NULL,NULL,8.5
"20356","13997","11219","12638","55102","Cancelled","2021-11-28 08:55:55",NULL,NULL,NULL,8.5
"39914","27476","21935","1197","107741","Cancelled","2021-05-25 22:36:55",NULL,NULL,NULL,8.5
"48396","33350","26636","6068","130610","Cancelled","2022-03-26 09:42:16",NULL,NULL,NULL,8.5
"55260","38086","30431","1197","149098","Cancelled","2021-07-22 10:47:58",NULL,NULL,NULL,8.5
"65143","44845","35858","6068","175907","Cancelled","2021-07-11 16:21:34",NULL,NULL,NULL,8.5
"75272","51866","41496","12638","203219","Cancelled","2021-09-07 15:39:46",NULL,NULL,NULL,8.5
"102304","70691","56524","15650","276333","Cancelled","2022-01-31 00:47:28",NULL,NULL,NULL,8.5
"128460","88603","70968","1197","346869","Cancelled","2022-09-07 05:31:12.232045",NULL,NULL,NULL,8.5
"133336","92004","73693","9090","360035","Cancelled","2022-08-09 06:19:02",NULL,NULL,NULL,8.5
"155443","107244","86045","972","419730","Cancelled","2022-02-24 11:02:27",NULL,NULL,NULL,8.5
"160762","110901","88919","1178","434058","Cancelled","2022-05-30 11:46:10",NULL,NULL,NULL,8.5
"3677","2492","2012","9198","9943","Processing","2022-07-11 10:25:29",NULL,NULL,NULL,8.5
"11222","7714","6268","1178","30408","Processing","2022-02-11 18:15:53",NULL,NULL,NULL,8.5
"25435","17524","13999","12638","68728","Processing","2022-08-21 02:25:12",NULL,NULL,NULL,8.5
"39806","27408","21884","12638","107458","Processing","2021-09-22 11:06:48",NULL,NULL,NULL,8.5
"99977","69108","55259","2644","270032","Processing","2022-08-24 06:31:35",NULL,NULL,NULL,8.5
"116605","80507","64455","15650","314930","Processing","2022-04-26 05:49:50",NULL,NULL,NULL,8.5
"122127","84247","67441","9402","329742","Processing","2021-07-09 14:24:22",NULL,NULL,NULL,8.5
"158230","109136","87527","171","427206","Processing","2022-07-14 14:44:25",NULL,NULL,NULL,8.5
"160807","110925","88933","12638","434181","Processing","2022-08-19 08:25:16",NULL,NULL,NULL,8.5
"7551","5170","4197","11612","20463","Shipped","2020-12-07 01:45:36","2020-12-09 15:27:00",NULL,NULL,9
"17510","12047","9678","25326","47438","Shipped","2022-01-28 13:15:23","2022-01-29 00:50:00",NULL,NULL,9
"23380","16086","12860","28800","63191","Shipped","2020-12-27 11:39:39","2020-12-30 08:32:00",NULL,NULL,9
"23594","16236","12988","18741","63786","Shipped","2021-05-06 01:06:49","2021-05-04 04:28:00",NULL,NULL,9
"40052","27567","22016","9456","108103","Shipped","2021-01-18 06:47:16","2021-01-21 09:25:00",NULL,NULL,9
"40549","27898","22266","8939","109470","Shipped","2021-04-04 09:38:39","2021-04-05 17:01:00",NULL,NULL,9
"43386","29846","23797","19728","117150","Shipped","2022-04-28 14:40:07","2022-04-30 15:30:00",NULL,NULL,9
"47338","32613","26046","12614","127778","Shipped","2020-08-30 04:37:21","2020-09-02 02:08:00",NULL,NULL,9
"55033","37942","30309","11065","148496","Shipped","2022-03-11 03:31:19","2022-03-13 19:59:00",NULL,NULL,9
"57914","39914","31902","11508","156290","Shipped","2022-03-07 09:41:42","2022-03-07 16:44:00",NULL,NULL,9
"58922","40610","32437","11068","159029","Shipped","2022-06-05 10:54:49","2022-06-08 10:56:00",NULL,NULL,9
"63555","43762","34996","27013","171580","Shipped","2021-08-22 03:28:48","2021-08-21 14:26:00",NULL,NULL,9
"68459","47115","37691","10877","184811","Shipped","2022-01-19 09:36:07","2022-01-19 01:21:00",NULL,NULL,9
"68501","47145","37709","18218","184920","Shipped","2022-08-30 15:26:53","2022-08-30 05:44:00",NULL,NULL,9
"70485","48545","38826","11068","190291","Shipped","2022-04-27 11:59:42","2022-04-28 21:40:00",NULL,NULL,9
"72445","49897","39934","10877","195606","Shipped","2021-09-07 13:44:55","2021-09-09 04:07:00",NULL,NULL,9
"79297","54677","43735","11022","214102","Shipped","2022-08-15 12:43:26","2022-08-16 15:57:00",NULL,NULL,9
"81173","55993","44761","11508","219215","Shipped","2021-09-15 10:47:02","2021-09-18 05:21:00",NULL,NULL,9
"81198","56010","44775","19728","219285","Shipped","2022-04-01 00:09:26","2022-03-31 08:52:00",NULL,NULL,9
"81760","56411","45097","19728","220804","Shipped","2022-09-04 03:03:22","2022-09-04 10:10:00",NULL,NULL,9
"82408","56875","45485","12607","222537","Shipped","2022-04-29 07:04:17","2022-04-30 07:30:00",NULL,NULL,9
"82539","56973","45553","18741","222904","Shipped","2021-10-27 00:07:33","2021-10-26 23:22:00",NULL,NULL,9
"82979","57288","45795","12614","224105","Shipped","2020-04-01 11:26:55","2020-04-02 00:59:00",NULL,NULL,9
"84084","58079","46438","11508","227112","Shipped","2021-06-22 04:13:21","2021-06-23 12:33:00",NULL,NULL,9
"86552","59795","47836","18218","233802","Shipped","2022-06-27 09:23:21","2022-06-30 00:58:00",NULL,NULL,9
"88284","61009","48850","11068","238493","Shipped","2020-10-24 02:51:14","2020-10-24 13:14:00",NULL,NULL,9
"91023","62905","50368","24886","245882","Shipped","2022-02-10 14:35:36","2022-02-07 12:48:00",NULL,NULL,9
"93551","64633","51713","9266","252661","Shipped","2021-04-26 23:10:40","2021-04-28 22:09:00",NULL,NULL,9
"94861","65540","52428","13726","256245","Shipped","2022-05-12 23:07:18","2022-05-13 14:28:00",NULL,NULL,9
"95613","66089","52859","12614","258280","Shipped","2020-06-23 08:26:42","2020-06-21 08:55:00",NULL,NULL,9
"99344","68650","54883","11068","268352","Shipped","2022-08-30 13:12:37","2022-08-28 20:42:00",NULL,NULL,9
"103520","71540","57198","9211","279626","Shipped","2022-06-18 15:57:54","2022-06-17 09:59:00",NULL,NULL,9
"105592","72957","58355","8939","285209","Shipped","2020-08-13 06:20:26","2020-08-13 00:18:00",NULL,NULL,9
"108388","74883","59878","11612","292790","Shipped","2022-03-16 07:05:32","2022-03-16 10:00:00",NULL,NULL,9
"110599","76401","61100","26634","298692","Shipped","2020-02-13 05:59:06","2020-02-14 09:33:00",NULL,NULL,9
"114529","79103","63270","8939","309330","Shipped","2022-03-21 15:51:41","2022-03-22 12:43:00",NULL,NULL,9
"118091","81517","65280","18741","318873","Shipped","2021-04-01 04:55:00","2021-04-01 22:51:00",NULL,NULL,9
"126336","87146","69734","18218","341103","Shipped","2022-03-19 11:06:18","2022-03-20 04:11:00",NULL,NULL,9
"135794","93709","75086","11612","366692","Shipped","2022-04-08 10:04:49","2022-04-08 12:34:00",NULL,NULL,9
"140459","96888","77692","24886","379266","Shipped","2021-12-17 06:19:32","2021-12-19 01:11:00",NULL,NULL,9
"142163","98064","78630","27013","383847","Shipped","2021-10-13 22:15:22","2021-10-15 01:55:00",NULL,NULL,9
"151809","104739","84042","11508","409997","Shipped","2022-02-28 02:03:53","2022-03-01 06:23:00",NULL,NULL,9
"152134","104970","84239","11508","410874","Shipped","2019-10-02 17:12:38","2019-10-01 18:07:00",NULL,NULL,9
"154745","106772","85673","11022","417860","Shipped","2021-07-30 21:54:47","2021-07-28 16:49:00",NULL,NULL,9
"156715","108100","86704","11093","423122","Shipped","2022-09-05 11:33:49","2022-09-03 21:34:00",NULL,NULL,9
"157513","108638","87118","13726","425293","Shipped","2021-11-12 12:14:38","2021-11-15 03:21:00",NULL,NULL,9
"158448","109288","87655","11612","427801","Shipped","2021-04-12 21:30:34","2021-04-13 18:10:00",NULL,NULL,9
"161294","111260","89203","13726","435487","Shipped","2022-04-16 04:21:34","2022-04-14 10:54:00",NULL,NULL,9
"166057","114523","91810","8939","448479","Shipped","2022-03-31 09:18:54","2022-03-31 13:31:00",NULL,NULL,9
"166788","115021","92199","15506","450449","Shipped","2020-09-21 20:35:21","2020-09-20 20:56:00",NULL,NULL,9
"169006","116564","93447","11065","456397","Shipped","2022-08-26 04:54:43","2022-08-27 09:06:00",NULL,NULL,9
"173104","119385","95706","18741","467542","Shipped","2019-02-23 06:26:05","2019-02-23 19:25:00",NULL,NULL,9
"173566","119715","95988","11068","468726","Shipped","2021-11-02 03:21:46","2021-11-03 03:48:00",NULL,NULL,9
"174690","120486","96611","27013","471729","Shipped","2020-07-14 08:39:27","2020-07-13 08:08:00",NULL,NULL,9
"176331","121607","97529","25086","476223","Shipped","2019-08-29 12:05:01","2019-08-30 12:13:00",NULL,NULL,9
"176998","122072","97896","28533","478039","Shipped","2021-05-09 05:41:13","2021-05-11 06:17:00",NULL,NULL,9
"179290","123660","99195","12614","484172","Shipped","2022-08-05 10:33:49","2022-08-02 01:24:00",NULL,NULL,9
"1062","736","616","11508","2855","Complete","2022-03-26 14:50:31","2022-03-27 09:14:00","2022-03-30 01:57:00",NULL,9
"2826","1925","1557","28533","7653","Complete","2021-05-07 02:44:49","2021-05-05 11:58:00","2021-05-06 05:47:00",NULL,9
"6093","4157","3374","15506","16481","Complete","2022-05-27 01:26:15","2022-05-28 21:07:00","2022-05-30 22:28:00",NULL,9
"6648","4532","3676","11093","18006","Complete","2022-03-24 10:49:56","2022-03-26 00:28:00","2022-03-28 12:50:00",NULL,9
"7650","5243","4246","11093","20742","Complete","2022-06-01 13:38:49","2022-05-31 04:25:00","2022-06-04 04:06:00",NULL,9
"10720","7371","5999","24554","29050","Complete","2020-12-01 09:14:50","2020-12-03 14:02:00","2020-12-06 22:22:00",NULL,9
"11503","7917","6420","13726","31167","Complete","2021-08-03 07:31:31","2021-07-30 17:04:00","2021-08-01 15:02:00",NULL,9
"16108","11066","8884","11778","43596","Complete","2021-03-08 04:32:41","2021-03-06 23:33:00","2021-03-07 11:24:00",NULL,9
"21566","14829","11848","8939","58302","Complete","2019-04-13 01:31:46","2019-04-15 17:40:00","2019-04-17 09:40:00",NULL,9
"22627","15561","12438","13726","61155","Complete","2021-10-05 10:09:04","2021-10-05 09:52:00","2021-10-09 21:50:00",NULL,9
"25636","17661","14102","11114","69278","Complete","2021-11-28 00:31:15","2021-11-28 10:23:00","2021-12-01 15:24:00",NULL,9
"25944","17878","14291","11093","70101","Complete","2020-12-23 23:10:04","2020-12-25 11:18:00","2020-12-26 16:31:00",NULL,9
"27327","18817","15047","11022","73872","Complete","2022-07-31 04:05:45","2022-07-27 16:52:00","2022-07-29 17:28:00",NULL,9
"30586","21065","16863","12614","82707","Complete","2020-08-25 02:20:45","2020-08-28 03:56:00","2020-09-01 21:50:00",NULL,9
"35160","24199","19319","15466","94984","Complete","2020-09-14 09:08:00","2020-09-10 16:40:00","2020-09-10 17:59:00",NULL,9
"37247","25649","20493","8939","100578","Complete","2022-06-30 05:57:33","2022-06-30 21:14:00","2022-07-02 13:53:00",NULL,9
"44754","30801","24584","9266","120875","Complete","2020-02-14 10:14:46","2020-02-15 08:39:00","2020-02-19 05:58:00",NULL,9
"49865","34343","27415","15466","134609","Complete","2019-11-08 06:26:56","2019-11-11 03:52:00","2019-11-12 09:51:00",NULL,9
"52984","36526","29185","9211","142972","Complete","2022-07-20 05:21:34","2022-07-21 17:44:00","2022-07-24 11:45:00",NULL,9
"57342","39525","31586","11114","154765","Complete","2021-05-06 07:51:07","2021-05-07 19:44:00","2021-05-12 18:44:00",NULL,9
"59713","41142","32873","25086","161195","Complete","2020-11-20 02:36:31","2020-11-16 21:05:00","2020-11-18 08:45:00",NULL,9
"60688","41797","33408","18218","163843","Complete","2022-01-12 05:32:34","2022-01-11 06:13:00","2022-01-13 07:20:00",NULL,9
"73685","50746","40602","15506","198952","Complete","2022-09-01 00:18:36","2022-09-03 01:47:00","2022-09-06 03:57:00",NULL,9
"74552","51379","41103","11114","201286","Complete","2022-05-23 07:41:33","2022-05-22 17:16:00","2022-05-22 22:25:00",NULL,9
"76075","52427","41962","13726","205432","Complete","2022-02-26 23:46:38","2022-03-01 14:50:00","2022-03-05 04:15:00",NULL,9
"79300","54679","43738","25086","214109","Complete","2022-08-29 10:11:39","2022-08-31 21:33:00","2022-09-01 17:26:00",NULL,9
"81240","56040","44793","25326","219394","Complete","2021-07-02 23:29:35","2021-07-05 18:21:00","2021-07-08 18:48:00",NULL,9
"86905","60056","48051","24886","234772","Complete","2020-04-17 05:31:52","2020-04-18 00:25:00","2020-04-20 06:53:00",NULL,9
"90209","62352","49914","18741","243708","Complete","2022-08-14 09:58:47","2022-08-15 06:56:00","2022-08-16 20:08:00",NULL,9
"92355","63810","51084","15506","249451","Complete","2020-12-23 10:46:38","2020-12-24 13:01:00","2020-12-25 11:14:00",NULL,9
"92950","64225","51404","28800","251056","Complete","2022-09-03 07:41:37.879133","2022-09-05 00:38:42.879133","2022-09-08 05:41:42.879133",NULL,9
"93581","64656","51730","18218","252745","Complete","2021-07-18 05:32:05","2021-07-18 18:26:00","2021-07-20 03:05:00",NULL,9
"96776","66866","53446","13726","261398","Complete","2022-05-25 16:01:06","2022-05-26 03:19:00","2022-05-27 12:52:00",NULL,9
"113719","78560","62822","9266","307135","Complete","2019-03-17 14:45:26","2019-03-18 13:59:00","2019-03-20 02:05:00",NULL,9
"120705","83300","66697","11508","325919","Complete","2021-11-01 22:14:19","2021-10-29 02:49:00","2021-10-30 07:05:00",NULL,9
"122715","84661","67762","28533","331349","Complete","2022-04-30 10:57:49","2022-04-28 05:56:00","2022-05-02 12:19:00",NULL,9
"122950","84818","67882","11778","331995","Complete","2022-03-22 12:41:26","2022-03-22 21:22:00","2022-03-24 12:43:00",NULL,9
"123262","85039","68055","18741","332814","Complete","2021-10-23 09:38:51","2021-10-25 12:11:00","2021-10-28 08:02:00",NULL,9
"128251","88456","70855","11065","346293","Complete","2022-09-05 04:15:04","2022-09-04 19:08:00","2022-09-09 18:03:00",NULL,9
"130524","90031","72115","28800","352401","Complete","2022-05-18 23:54:41","2022-05-19 12:05:00","2022-05-23 08:27:00",NULL,9
"130588","90079","72147","11093","352580","Complete","2022-08-24 07:07:13","2022-08-24 08:45:00","2022-08-29 04:58:00",NULL,9
"131473","90689","72660","10877","354978","Complete","2022-08-19 01:16:24","2022-08-20 18:34:00","2022-08-21 04:19:00",NULL,9
"136519","94211","75513","18741","368631","Complete","2021-09-18 10:50:00","2021-09-20 13:15:00","2021-09-23 20:44:00",NULL,9
"139140","96008","76983","11065","375736","Complete","2022-07-30 10:24:04","2022-07-27 20:19:00","2022-07-28 13:02:00",NULL,9
"139765","96419","77319","15887","377403","Complete","2022-04-16 10:55:39","2022-04-19 03:14:00","2022-04-23 14:37:00",NULL,9
"140224","96737","77569","13726","378632","Complete","2021-07-25 09:37:35","2021-07-26 12:32:00","2021-07-27 08:38:00",NULL,9
"140838","97148","77914","25086","380271","Complete","2020-11-10 08:11:20","2020-11-08 14:46:00","2020-11-11 11:32:00",NULL,9
"148483","102451","82183","25086","400950","Complete","2022-02-10 01:02:28","2022-02-10 20:02:00","2022-02-13 19:32:00",NULL,9
"148656","102572","82286","27013","401423","Complete","2021-09-17 22:43:29","2021-09-19 19:05:00","2021-09-21 06:55:00",NULL,9
"149127","102914","82552","24886","402699","Complete","2020-12-24 10:44:57","2020-12-27 11:35:00","2021-01-01 11:14:00",NULL,9
"176251","121548","97479","10940","476007","Complete","2022-04-06 03:48:36","2022-04-05 06:28:00","2022-04-07 13:40:00",NULL,9
"178125","122856","98541","10940","481038","Complete","2021-07-01 04:48:55","2021-07-02 16:26:00","2021-07-03 09:54:00",NULL,9
"372","264","227","28800","982","Returned","2021-09-20 13:50:38","2021-09-19 10:08:00","2021-09-22 05:11:00","2021-09-24 11:32:00",9
"16490","11341","9121","28800","44634","Returned","2022-06-09 12:02:57","2022-06-07 01:09:00","2022-06-10 16:04:00","2022-06-13 07:09:00",9
"17864","12284","9882","27013","48396","Returned","2021-10-14 02:34:38","2021-10-16 12:47:00","2021-10-19 11:39:00","2021-10-21 06:25:00",9
"19054","13101","10502","11778","51569","Returned","2021-06-28 15:22:15","2021-07-01 13:17:00","2021-07-05 03:14:00","2021-07-07 15:15:00",9
"51490","35491","28353","10940","138989","Returned","2019-11-14 01:23:34","2019-11-15 07:03:00","2019-11-16 21:46:00","2019-11-18 09:44:00",9
"53817","37084","29622","18741","145248","Returned","2020-09-06 09:05:08","2020-09-07 18:16:00","2020-09-11 02:43:00","2020-09-12 15:31:00",9
"70648","48652","38921","15466","190733","Returned","2022-06-28 22:59:38","2022-06-30 06:54:00","2022-06-30 21:45:00","2022-07-01 11:25:00",9
"77263","53268","42622","11612","208594","Returned","2022-08-24 10:50:04","2022-08-21 18:52:00","2022-08-24 08:07:00","2022-08-26 01:26:00",9
"77946","53746","42994","28800","210429","Returned","2022-03-04 10:32:17","2022-03-05 06:56:00","2022-03-08 06:25:00","2022-03-09 08:49:00",9
"82439","56897","45499","10940","222617","Returned","2022-01-10 02:01:20","2022-01-13 01:04:00","2022-01-14 23:03:00","2022-01-15 09:08:00",9
"96654","66787","53383","25326","261067","Returned","2022-08-17 04:12:11","2022-08-17 23:36:00","2022-08-22 20:19:00","2022-08-23 23:33:00",9
"111600","77089","61669","28533","301404","Returned","2022-09-03 15:00:32.219786","2022-09-05 21:24:19.219786","2022-09-08 08:39:19.219786","2022-09-10 16:43:19.219786",9
"124343","85777","68648","11022","335667","Returned","2022-05-18 21:57:00","2022-05-15 06:36:00","2022-05-16 18:58:00","2022-05-19 16:37:00",9
"124989","86228","68995","24886","337443","Returned","2022-08-05 16:27:55","2022-08-05 09:22:00","2022-08-10 02:53:00","2022-08-10 13:16:00",9
"127528","87943","70416","26634","344296","Returned","2021-09-01 10:36:26","2021-09-02 19:03:00","2021-09-07 03:51:00","2021-09-09 04:22:00",9
"129392","89231","71478","12614","349379","Returned","2022-03-28 06:02:29","2022-03-30 00:59:00","2022-04-03 11:37:00","2022-04-03 12:41:00",9
"135505","93507","74920","11778","365927","Returned","2020-03-27 16:44:35","2020-03-29 11:05:00","2020-03-29 16:46:00","2020-03-30 07:15:00",9
"141835","97835","78441","11068","382956","Returned","2022-06-14 06:43:12","2022-06-13 04:34:00","2022-06-16 02:53:00","2022-06-18 01:45:00",9
"151667","104637","83957","10940","409619","Returned","2022-05-02 21:25:00","2022-05-02 08:45:00","2022-05-06 01:02:00","2022-05-07 09:04:00",9
"162212","111874","89695","11508","438010","Returned","2022-06-24 02:39:51","2022-06-24 06:08:00","2022-06-28 09:41:00","2022-07-01 09:39:00",9
"164768","113650","91118","11114","444972","Returned","2022-08-18 11:34:07","2022-08-20 10:23:00","2022-08-25 08:49:00","2022-08-28 04:45:00",9
"3505","2369","1905","9211","9477","Cancelled","2020-06-10 22:53:05",NULL,NULL,NULL,9
"9914","6819","5528","19728","26900","Cancelled","2022-09-02 16:56:12",NULL,NULL,NULL,9
"13131","9067","7312","28800","35572","Cancelled","2022-03-08 09:29:15",NULL,NULL,NULL,9
"13834","9535","7687","15506","37491","Cancelled","2020-12-14 15:03:38",NULL,NULL,NULL,9
"17713","12179","9797","9355","47976","Cancelled","2022-02-17 22:13:01",NULL,NULL,NULL,9
"19988","13755","11024","18741","54096","Cancelled","2022-06-08 04:35:24",NULL,NULL,NULL,9
"38010","26170","20916","28800","102622","Cancelled","2022-04-05 22:43:45",NULL,NULL,NULL,9
"40261","27711","22134","24886","108674","Cancelled","2019-10-15 16:04:48",NULL,NULL,NULL,9
"56777","39133","31287","12607","153251","Cancelled","2021-03-04 14:41:55",NULL,NULL,NULL,9
"72177","49711","39789","11114","194851","Cancelled","2020-12-12 15:39:53",NULL,NULL,NULL,9
"79583","54884","43893","24554","214890","Cancelled","2022-07-31 00:13:28",NULL,NULL,NULL,9
"86340","59660","47734","11114","233226","Cancelled","2020-11-08 04:21:17",NULL,NULL,NULL,9
"87708","60614","48535","11065","236940","Cancelled","2022-07-30 03:44:06",NULL,NULL,NULL,9
"95021","65663","52536","11778","256676","Cancelled","2022-06-05 22:37:46",NULL,NULL,NULL,9
"95679","66132","52889","9355","258460","Cancelled","2020-03-10 02:39:50",NULL,NULL,NULL,9
"97580","67438","53891","12607","263595","Cancelled","2021-07-27 00:47:06",NULL,NULL,NULL,9
"99562","68808","55024","18218","268933","Cancelled","2020-09-16 12:49:59",NULL,NULL,NULL,9
"108755","75130","60073","25326","293777","Cancelled","2022-09-04 13:45:42",NULL,NULL,NULL,9
"116912","80715","64622","24554","315727","Cancelled","2020-05-02 05:09:26",NULL,NULL,NULL,9
"117137","80871","64748","24554","316323","Cancelled","2022-08-16 07:25:15",NULL,NULL,NULL,9
"127034","87610","70143","11093","342996","Cancelled","2022-05-10 06:28:22",NULL,NULL,NULL,9
"137779","95075","76215","12614","372012","Cancelled","2021-11-11 21:28:07",NULL,NULL,NULL,9
"143370","98933","79322","11508","387097","Cancelled","2022-05-06 11:35:12",NULL,NULL,NULL,9
"155341","107174","85991","9355","419459","Cancelled","2022-08-14 03:16:00",NULL,NULL,NULL,9
"158375","109242","87612","12614","427598","Cancelled","2020-06-07 11:17:06",NULL,NULL,NULL,9
"159273","109881","88121","27013","430032","Cancelled","2021-11-10 17:47:35",NULL,NULL,NULL,9
"162975","112416","90149","19728","440084","Cancelled","2021-05-24 07:40:11",NULL,NULL,NULL,9
"172068","118645","95118","28800","464731","Cancelled","2021-05-08 03:00:26",NULL,NULL,NULL,9
"174856","120585","96686","18741","472196","Cancelled","2022-08-26 04:55:25",NULL,NULL,NULL,9
"7897","5409","4379","26634","21419","Processing","2021-10-25 09:29:37",NULL,NULL,NULL,9
"7994","5484","4438","9266","21683","Processing","2021-04-04 06:09:19",NULL,NULL,NULL,9
"8266","5666","4585","10877","22418","Processing","2022-03-11 07:49:51",NULL,NULL,NULL,9
"8722","5984","4844","18218","23653","Processing","2022-01-05 16:57:14",NULL,NULL,NULL,9
"19537","13429","10778","11022","52870","Processing","2022-07-24 01:39:42",NULL,NULL,NULL,9
"22052","15163","12110","28800","59607","Processing","2021-06-18 05:07:15",NULL,NULL,NULL,9
"23568","16219","12973","11508","63704","Processing","2022-07-16 07:19:32",NULL,NULL,NULL,9
"34978","24078","19226","9355","94488","Processing","2022-07-24 12:52:54",NULL,NULL,NULL,9
"35156","24197","19318","26634","94975","Processing","2022-08-26 23:14:12",NULL,NULL,NULL,9
"40973","28175","22466","11114","110620","Processing","2022-02-28 05:07:56",NULL,NULL,NULL,9
"45171","31102","24827","28800","121987","Processing","2022-03-24 13:36:50",NULL,NULL,NULL,9
"52099","35905","28685","9211","140616","Processing","2022-04-21 00:33:34",NULL,NULL,NULL,9
"56494","38942","31129","12614","152477","Processing","2021-01-30 14:19:42",NULL,NULL,NULL,9
"61923","42643","34093","28800","167163","Processing","2022-08-10 07:09:46",NULL,NULL,NULL,9
"67955","46760","37409","24554","183482","Processing","2022-03-02 04:28:02",NULL,NULL,NULL,9
"73065","50335","40291","25326","197290","Processing","2021-08-19 02:55:44",NULL,NULL,NULL,9
"74169","51094","40901","24554","200273","Processing","2022-07-24 03:54:06",NULL,NULL,NULL,9
"77391","53363","42697","15887","208920","Processing","2022-07-10 04:22:52",NULL,NULL,NULL,9
"80508","55530","44392","15466","217402","Processing","2020-06-01 00:53:34",NULL,NULL,NULL,9
"88733","61339","49119","15887","239728","Processing","2021-07-29 02:29:14",NULL,NULL,NULL,9
"93843","64842","51894","13726","253466","Processing","2020-10-21 04:15:56",NULL,NULL,NULL,9
"99621","68847","55054","11612","269094","Processing","2019-12-15 12:24:30",NULL,NULL,NULL,9
"102497","70825","56624","11508","276871","Processing","2022-08-09 06:54:47",NULL,NULL,NULL,9
"105805","73111","58472","12607","285801","Processing","2022-06-20 01:24:39",NULL,NULL,NULL,9
"105899","73181","58540","15887","286055","Processing","2020-08-11 06:10:49",NULL,NULL,NULL,9
"111105","76759","61408","10940","300063","Processing","2022-06-01 23:55:18",NULL,NULL,NULL,9
"113645","78508","62783","11612","306936","Processing","2020-07-02 21:50:16",NULL,NULL,NULL,9
"116297","80305","64281","27013","314101","Processing","2022-01-04 11:56:36",NULL,NULL,NULL,9
"117061","80827","64707","24554","316117","Processing","2021-12-23 11:49:49",NULL,NULL,NULL,9
"120663","83275","66684","24554","325805","Processing","2022-04-17 00:32:28",NULL,NULL,NULL,9
"123847","85439","68370","19728","334363","Processing","2022-05-14 10:18:37",NULL,NULL,NULL,9
"130158","89774","71902","18741","351422","Processing","2021-03-31 23:59:37",NULL,NULL,NULL,9
"130990","90362","72377","11778","353682","Processing","2021-03-13 08:56:40",NULL,NULL,NULL,9
"138549","95606","76655","9266","374124","Processing","2021-09-10 14:00:03",NULL,NULL,NULL,9
"140139","96678","77531","18218","378400","Processing","2022-07-15 05:47:25",NULL,NULL,NULL,9
"142523","98330","78852","11093","384821","Processing","2022-07-07 00:25:35",NULL,NULL,NULL,9
"149159","102938","82567","12607","402788","Processing","2021-08-15 06:50:40",NULL,NULL,NULL,9
"150830","104084","83500","11093","407361","Processing","2022-03-29 02:13:03",NULL,NULL,NULL,9
"159392","109956","88176","9456","430349","Processing","2021-09-21 12:47:09",NULL,NULL,NULL,9
"162423","112019","89812","11612","438577","Processing","2022-07-07 06:02:51",NULL,NULL,NULL,9
"170421","117503","94243","12607","460232","Processing","2022-03-29 05:22:19",NULL,NULL,NULL,9
"172477","118944","95358","25326","465832","Processing","2022-01-23 12:24:38",NULL,NULL,NULL,9
"172487","118949","95361","10940","465857","Processing","2021-07-22 07:05:10",NULL,NULL,NULL,9
"174959","120651","96741","8939","472485","Processing","2021-08-25 07:11:57",NULL,NULL,NULL,9
"2686","1834","1487","15476","7272","Shipped","2022-09-07 12:44:28","2022-09-04 15:30:00",NULL,NULL,9.5
"8943","6127","4953","10791","24253","Shipped","2022-06-29 03:31:29","2022-06-29 17:48:00",NULL,NULL,9.5
"9028","6187","4997","1219","24475","Shipped","2022-09-02 08:59:12","2022-09-04 14:59:00",NULL,NULL,9.5
"12531","8637","6970","10963","33953","Shipped","2022-06-14 02:13:32","2022-06-12 20:09:00",NULL,NULL,9.5
"17848","12270","9868","7334","48349","Shipped","2020-12-09 08:49:22","2020-12-11 08:14:00",NULL,NULL,9.5
"21884","15045","12017","310","59151","Shipped","2022-04-12 00:05:32","2022-04-10 11:39:00",NULL,NULL,9.5
"27228","18754","14997","310","73613","Shipped","2022-05-18 16:19:41","2022-05-20 02:17:00",NULL,NULL,9.5
"29444","20271","16199","1219","79592","Shipped","2022-03-31 07:36:33","2022-03-30 18:02:00",NULL,NULL,9.5
"34240","23573","18814","10904","92506","Shipped","2021-06-26 10:26:22","2021-06-27 04:00:00",NULL,NULL,9.5
"37160","25592","20449","11067","100340","Shipped","2020-06-26 10:07:36","2020-06-28 07:34:00",NULL,NULL,9.5
"40202","27672","22105","10791","108518","Shipped","2022-09-01 01:59:31","2022-08-30 03:57:00",NULL,NULL,9.5
"41945","28859","23022","1219","113243","Shipped","2022-01-06 21:49:11","2022-01-09 14:29:00",NULL,NULL,9.5
"44665","30744","24534","10754","120639","Shipped","2022-09-02 14:21:05","2022-09-04 05:12:00",NULL,NULL,9.5
"45224","31134","24851","9184","122128","Shipped","2022-03-30 22:09:03","2022-03-31 17:30:00",NULL,NULL,9.5
"57881","39891","31880","10961","156206","Shipped","2020-03-09 03:56:00","2020-03-08 09:54:00",NULL,NULL,9.5
"63191","43509","34788","10791","170621","Shipped","2022-02-18 04:31:44","2022-02-19 07:02:00",NULL,NULL,9.5
"68312","47017","37613","310","184427","Shipped","2020-06-26 16:09:19","2020-06-26 09:28:00",NULL,NULL,9.5
"68630","47235","37778","10963","185265","Shipped","2022-08-28 00:50:24","2022-08-28 13:03:00",NULL,NULL,9.5
"70818","48765","39014","11067","191186","Shipped","2022-08-27 23:45:00","2022-08-29 17:43:00",NULL,NULL,9.5
"72180","49714","39792","10826","194857","Shipped","2022-01-12 14:55:41","2022-01-11 15:55:00",NULL,NULL,9.5
"74048","51010","40819","10872","199939","Shipped","2021-11-21 18:03:48","2021-11-23 09:05:00",NULL,NULL,9.5
"76281","52572","42070","10711","205995","Shipped","2022-06-18 05:34:29","2022-06-18 20:51:00",NULL,NULL,9.5
"77694","53573","42871","10737","209718","Shipped","2020-12-09 08:04:14","2020-12-12 06:58:00",NULL,NULL,9.5
"78090","53853","43074","15476","210823","Shipped","2021-04-13 16:14:01","2021-04-13 05:12:00",NULL,NULL,9.5
"78239","53954","43160","16652","211225","Shipped","2022-05-27 05:21:17","2022-05-25 17:05:00",NULL,NULL,9.5
"83667","57784","46197","10851","225964","Shipped","2022-07-14 05:39:12","2022-07-14 12:35:00",NULL,NULL,9.5
"96343","66577","53222","10961","260238","Shipped","2022-08-11 04:10:23","2022-08-14 02:18:00",NULL,NULL,9.5
"97121","67113","53625","11080","262344","Shipped","2022-07-02 14:08:07","2022-07-04 19:25:00",NULL,NULL,9.5
"97759","67561","53994","15476","264081","Shipped","2021-12-09 12:11:39","2021-12-11 14:34:00",NULL,NULL,9.5
"110247","76161","60901","10872","297760","Shipped","2022-01-04 14:12:42","2022-01-05 04:36:00",NULL,NULL,9.5
"112147","77463","61968","10737","302907","Shipped","2021-11-26 04:12:31","2021-11-26 15:03:00",NULL,NULL,9.5
"113738","78573","62832","10872","307183","Shipped","2021-08-20 14:07:03","2021-08-17 11:18:00",NULL,NULL,9.5
"116874","80688","64606","10872","315628","Shipped","2022-01-10 08:18:43","2022-01-13 00:58:00",NULL,NULL,9.5
"137980","95215","76325","10791","372566","Shipped","2020-10-06 17:11:45","2020-10-08 05:53:00",NULL,NULL,9.5
"138557","95613","76661","10754","374147","Shipped","2021-11-02 08:47:05","2021-11-04 23:31:00",NULL,NULL,9.5
"142212","98100","78655","11080","383980","Shipped","2022-03-07 13:11:40","2022-03-09 20:45:00",NULL,NULL,9.5
"146553","101111","81124","10830","395742","Shipped","2022-07-26 02:07:22","2022-07-24 06:38:00",NULL,NULL,9.5
"149165","102941","82569","1046","402803","Shipped","2021-07-30 21:49:49","2021-08-02 04:02:00",NULL,NULL,9.5
"159639","110130","88313","10754","431029","Shipped","2021-02-19 06:15:36","2021-02-22 07:18:00",NULL,NULL,9.5
"160741","110889","88910","10961","434003","Shipped","2022-05-05 03:36:47","2022-05-06 00:12:00",NULL,NULL,9.5
"173249","119486","95798","9184","467913","Shipped","2019-10-22 15:37:38","2019-10-23 06:53:00",NULL,NULL,9.5
"177235","122224","98001","10961","478671","Shipped","2020-06-26 22:53:41","2020-06-29 06:50:00",NULL,NULL,9.5
"1932","1341","1082","13883","5231","Complete","2022-05-01 05:46:23","2022-05-02 08:09:00","2022-05-05 07:29:00",NULL,9.5
"6383","4359","3538","10963","17274","Complete","2021-01-14 00:42:28","2021-01-15 12:43:00","2021-01-19 15:40:00",NULL,9.5
"7256","4959","4021","1219","19657","Complete","2022-05-01 16:40:34","2022-05-01 20:00:00","2022-05-03 18:14:00",NULL,9.5
"15641","10728","8621","10904","42358","Complete","2022-03-21 13:09:27","2022-03-22 13:53:00","2022-03-23 14:51:00",NULL,9.5
"18056","12418","9987","10891","48923","Complete","2022-08-28 16:32:07","2022-08-26 15:03:00","2022-08-28 22:42:00",NULL,9.5
"18756","12892","10347","1219","50772","Complete","2022-09-01 12:45:17","2022-08-30 15:47:00","2022-09-04 10:38:00",NULL,9.5
"23068","15866","12682","9184","62352","Complete","2022-05-04 05:06:11","2022-05-05 11:48:00","2022-05-06 22:22:00",NULL,9.5
"26372","18172","14522","10791","71276","Complete","2022-08-15 15:13:50","2022-08-15 22:29:00","2022-08-18 23:08:00",NULL,9.5
"36479","25118","20083","1046","98486","Complete","2021-06-25 11:50:46","2021-06-26 03:27:00","2021-06-30 11:15:00",NULL,9.5
"37742","25984","20762","10737","101889","Complete","2021-10-24 00:49:13","2021-10-26 03:59:00","2021-10-28 11:07:00",NULL,9.5
"41121","28276","22557","15476","111012","Complete","2021-04-20 15:21:59","2021-04-20 22:30:00","2021-04-23 14:25:00",NULL,9.5
"46460","31982","25534","13883","125464","Complete","2022-05-20 12:41:07","2022-05-22 19:11:00","2022-05-24 10:13:00",NULL,9.5
"49352","33986","27141","9184","133207","Complete","2022-05-26 01:43:28","2022-05-27 16:19:00","2022-05-29 22:08:00",NULL,9.5
"53623","36949","29519","10711","144706","Complete","2021-02-11 00:10:51","2021-02-12 13:00:00","2021-02-14 12:39:00",NULL,9.5
"55503","38258","30575","10872","149762","Complete","2022-02-11 22:37:33","2022-02-14 10:27:00","2022-02-17 22:15:00",NULL,9.5
"58528","40345","32219","10961","157965","Complete","2021-03-09 01:58:20","2021-03-10 21:53:00","2021-03-15 01:22:00",NULL,9.5
"67590","46503","37196","11067","182507","Complete","2022-08-15 15:02:20","2022-08-16 11:43:00","2022-08-16 17:26:00",NULL,9.5
"68791","47345","37866","10830","185709","Complete","2022-02-05 08:39:42","2022-02-05 15:20:00","2022-02-05 19:32:00",NULL,9.5
"78556","54158","43352","10791","212072","Complete","2022-07-12 10:24:09","2022-07-14 20:43:00","2022-07-15 20:51:00",NULL,9.5
"78720","54272","43445","10754","212518","Complete","2020-10-24 15:28:00","2020-10-27 05:15:00","2020-10-30 04:49:00",NULL,9.5
"85695","59222","47361","10791","231483","Complete","2022-07-21 18:59:43","2022-07-22 10:02:00","2022-07-26 13:37:00",NULL,9.5
"89462","61835","49507","10791","241664","Complete","2021-02-22 12:17:32","2021-02-25 01:37:00","2021-02-28 11:39:00",NULL,9.5
"106935","73891","59085","1046","288831","Complete","2022-08-28 06:06:53","2022-08-25 10:25:00","2022-08-26 00:20:00",NULL,9.5
"108150","74713","59743","10826","292158","Complete","2022-07-14 14:51:46","2022-07-17 14:36:00","2022-07-18 15:18:00",NULL,9.5
"126342","87149","69737","10961","341121","Complete","2022-04-15 01:50:21","2022-04-15 11:03:00","2022-04-18 22:05:00",NULL,9.5
"133086","91831","73551","7334","359373","Complete","2021-04-06 21:09:50","2021-04-09 11:35:00","2021-04-11 08:24:00",NULL,9.5
"134979","93120","74608","310","364496","Complete","2022-03-20 10:29:31","2022-03-20 14:21:00","2022-03-24 12:56:00",NULL,9.5
"143665","99132","79481","16652","387892","Complete","2022-08-17 14:15:32","2022-08-19 03:58:00","2022-08-20 20:23:00",NULL,9.5
"148358","102378","82122","10904","400594","Complete","2022-08-18 11:10:40","2022-08-15 15:29:00","2022-08-19 21:09:00",NULL,9.5
"149622","103269","82826","10791","404041","Complete","2022-07-31 23:34:53","2022-07-30 02:44:00","2022-07-31 14:23:00",NULL,9.5
"158528","109353","87699","10737","428011","Complete","2020-11-20 16:11:04","2020-11-23 08:23:00","2020-11-25 23:40:00",NULL,9.5
"162980","112421","90152","10737","440097","Complete","2022-09-01 08:29:50.531028","2022-09-01 11:57:59.531028","2022-09-03 06:16:59.531028",NULL,9.5
"165419","114088","91466","310","446767","Complete","2022-08-28 16:25:47","2022-08-30 02:33:00","2022-09-01 12:19:00",NULL,9.5
"170299","117419","94165","310","459903","Complete","2021-05-03 04:38:14","2021-05-05 23:52:00","2021-05-10 19:25:00",NULL,9.5
"174647","120456","96580","16652","471611","Complete","2021-02-02 00:05:59","2021-02-02 10:19:00","2021-02-04 11:47:00",NULL,9.5
"175342","120919","96945","10826","473536","Complete","2022-09-05 03:51:33.441097","2022-09-07 19:54:05.441097","2022-09-09 18:17:05.441097",NULL,9.5
"5263","3589","2935","10961","14245","Returned","2021-10-14 17:44:02","2021-10-17 13:55:00","2021-10-18 21:04:00","2021-10-19 13:59:00",9.5
"24020","16521","13208","16652","64929","Returned","2020-03-16 15:03:29","2020-03-14 04:46:00","2020-03-14 07:12:00","2020-03-16 16:13:00",9.5
"24648","16964","13542","15476","66619","Returned","2021-04-11 12:36:25","2021-04-12 04:48:00","2021-04-13 09:12:00","2021-04-16 07:30:00",9.5
"26661","18368","14673","7334","72068","Returned","2021-11-21 13:36:25","2021-11-18 08:43:00","2021-11-22 11:05:00","2021-11-24 14:12:00",9.5
"51531","35521","28378","10754","139091","Returned","2021-07-26 16:59:53","2021-07-25 07:16:00","2021-07-29 17:36:00","2021-08-01 14:56:00",9.5
"112530","77723","62172","15476","303939","Returned","2020-04-20 10:48:13","2020-04-20 14:35:00","2020-04-20 23:02:00","2020-04-22 17:51:00",9.5
"118929","82107","65736","10961","321108","Returned","2022-09-03 10:47:34.518816","2022-09-04 22:35:07.518816","2022-09-05 07:46:07.518816","2022-09-07 18:54:07.518816",9.5
"120622","83247","66665","10904","325696","Returned","2021-12-25 03:30:04","2021-12-24 20:06:00","2021-12-29 00:13:00","2021-12-29 15:15:00",9.5
"138241","95391","76472","9184","373282","Returned","2021-06-09 00:58:03","2021-06-11 15:41:00","2021-06-14 16:01:00","2021-06-17 01:11:00",9.5
"153348","105797","84869","11080","414137","Returned","2022-07-31 22:58:13","2022-08-02 05:17:00","2022-08-03 23:08:00","2022-08-04 09:40:00",9.5
"154842","106840","85729","10754","418115","Returned","2022-03-10 22:33:11","2022-03-12 12:22:00","2022-03-15 23:47:00","2022-03-17 04:07:00",9.5
"175626","121119","97112","10830","474301","Returned","2022-08-31 05:20:37","2022-09-01 21:41:00","2022-09-03 22:52:00","2022-09-05 21:19:00",9.5
"22157","15233","12174","16652","59884","Cancelled","2022-07-01 23:45:36",NULL,NULL,NULL,9.5
"25179","17353","13857","15476","68053","Cancelled","2021-10-23 22:47:38",NULL,NULL,NULL,9.5
"33580","23111","18451","9184","90713","Cancelled","2022-08-11 08:24:18",NULL,NULL,NULL,9.5
"34884","24010","19173","10904","94240","Cancelled","2021-02-01 03:21:59",NULL,NULL,NULL,9.5
"40529","27885","22257","13883","109413","Cancelled","2022-05-08 12:22:36",NULL,NULL,NULL,9.5
"43894","30197","24071","9184","118549","Cancelled","2021-10-22 13:49:25",NULL,NULL,NULL,9.5
"52697","36322","29012","1219","142204","Cancelled","2021-09-06 10:00:24",NULL,NULL,NULL,9.5
"59736","41155","32883","10872","161258","Cancelled","2022-04-07 15:11:10",NULL,NULL,NULL,9.5
"62813","43250","34581","16652","169582","Cancelled","2020-04-17 14:04:58",NULL,NULL,NULL,9.5
"63766","43900","35110","13883","172147","Cancelled","2022-07-29 14:17:36",NULL,NULL,NULL,9.5
"74740","51501","41221","10754","201793","Cancelled","2020-08-31 14:39:54",NULL,NULL,NULL,9.5
"75158","51787","41427","13883","202921","Cancelled","2019-06-19 15:04:13",NULL,NULL,NULL,9.5
"75633","52121","41733","11080","204205","Cancelled","2020-06-12 05:46:46",NULL,NULL,NULL,9.5
"82337","56827","45446","11080","222343","Cancelled","2022-04-10 08:22:33",NULL,NULL,NULL,9.5
"85798","59294","47426","9184","231756","Cancelled","2022-05-19 23:19:12",NULL,NULL,NULL,9.5
"115245","79593","63678","10826","311265","Cancelled","2021-02-05 11:25:25",NULL,NULL,NULL,9.5
"117828","81337","65137","11080","318181","Cancelled","2022-08-27 23:23:56",NULL,NULL,NULL,9.5
"127537","87947","70419","10830","344319","Cancelled","2022-03-11 06:28:25",NULL,NULL,NULL,9.5
"128825","88852","71170","1219","347837","Cancelled","2022-08-31 17:31:04",NULL,NULL,NULL,9.5
"134961","93109","74596","10891","364447","Cancelled","2022-02-27 11:16:35",NULL,NULL,NULL,9.5
"141668","97718","78348","1219","382521","Cancelled","2021-04-22 22:23:24",NULL,NULL,NULL,9.5
"150937","104157","83552","10830","407654","Cancelled","2021-07-18 08:55:41",NULL,NULL,NULL,9.5
"153062","105595","84725","10826","413343","Cancelled","2022-07-23 07:43:41",NULL,NULL,NULL,9.5
"157141","108393","86924","10961","424290","Cancelled","2022-03-20 15:23:04",NULL,NULL,NULL,9.5
"167810","115723","92765","1046","453172","Cancelled","2022-08-27 09:59:05",NULL,NULL,NULL,9.5
"167966","115836","92866","15476","453573","Cancelled","2022-07-10 21:21:50",NULL,NULL,NULL,9.5
"180231","124287","99687","10830","486711","Cancelled","2022-05-14 04:34:17",NULL,NULL,NULL,9.5
"180276","124314","99704","10891","486827","Cancelled","2020-06-19 21:20:45",NULL,NULL,NULL,9.5
"7999","5488","4441","10754","21697","Processing","2022-02-21 15:07:32",NULL,NULL,NULL,9.5
"8703","5968","4832","310","23604","Processing","2021-02-15 22:35:46",NULL,NULL,NULL,9.5
"22115","15204","12147","10791","59777","Processing","2019-10-11 04:05:30",NULL,NULL,NULL,9.5
"23791","16379","13095","1219","64323","Processing","2022-08-29 01:36:42",NULL,NULL,NULL,9.5
"30069","20709","16562","10711","81284","Processing","2021-08-23 05:14:33",NULL,NULL,NULL,9.5
"42514","29247","23319","11080","114810","Processing","2020-08-15 05:41:53",NULL,NULL,NULL,9.5
"48147","33164","26500","11080","129954","Processing","2021-03-08 13:31:07",NULL,NULL,NULL,9.5
"51165","35272","28159","7334","138097","Processing","2019-09-07 14:05:12",NULL,NULL,NULL,9.5
"95460","65984","52782","7334","257867","Processing","2021-12-29 02:52:50",NULL,NULL,NULL,9.5
"96446","66652","53286","1046","260518","Processing","2022-07-30 15:23:23",NULL,NULL,NULL,9.5
"98461","68033","54380","11067","265983","Processing","2022-08-28 04:02:20",NULL,NULL,NULL,9.5
"100188","69242","55370","10737","270591","Processing","2021-04-06 13:12:52",NULL,NULL,NULL,9.5
"124852","86136","68928","9184","337069","Processing","2021-10-26 11:55:31",NULL,NULL,NULL,9.5
"125486","86568","69273","10737","338801","Processing","2022-08-06 09:53:51",NULL,NULL,NULL,9.5
"130586","90078","72147","9184","352574","Processing","2020-10-04 06:56:12",NULL,NULL,NULL,9.5
"132947","91728","73475","1219","358994","Processing","2021-05-07 05:33:00",NULL,NULL,NULL,9.5
"160564","110774","88825","9184","433530","Processing","2021-02-25 08:27:37",NULL,NULL,NULL,9.5
"165603","114215","91571","310","447262","Processing","2022-01-30 14:42:58",NULL,NULL,NULL,9.5
"168050","115895","92912","10851","453807","Processing","2021-11-15 05:47:38",NULL,NULL,NULL,9.5
"169919","117177","93954","9184","458852","Processing","2022-01-14 14:29:39",NULL,NULL,NULL,9.5
"171052","117930","94574","10791","461973","Processing","2022-05-01 13:26:04",NULL,NULL,NULL,9.5
"175326","120908","96936","13883","473486","Processing","2022-04-23 23:59:31",NULL,NULL,NULL,9.5
"745","526","444","25351","1995","Shipped","2019-12-19 04:11:30","2019-12-21 15:52:00",NULL,NULL,10
"2118","1458","1181","24600","5734","Shipped","2021-12-18 00:10:47","2021-12-15 06:53:00",NULL,NULL,10
"4561","3128","2541","11499","12362","Shipped","2022-07-18 03:33:21","2022-07-19 16:35:00",NULL,NULL,10
"6191","4223","3425","12649","16750","Shipped","2022-03-02 12:14:09","2022-03-04 17:21:00",NULL,NULL,10
"6209","4235","3437","10764","16795","Shipped","2021-11-28 22:20:22","2021-11-29 13:33:00",NULL,NULL,10
"7216","4930","3994","25099","19552","Shipped","2019-12-24 12:42:05","2019-12-27 08:24:00",NULL,NULL,10
"8351","5720","4622","9157","22644","Shipped","2022-06-15 22:37:21","2022-06-16 20:46:00",NULL,NULL,10
"8548","5857","4740","9331","23196","Shipped","2020-12-21 16:01:53","2020-12-24 00:36:00",NULL,NULL,10
"9416","6474","5258","9087","25536","Shipped","2021-10-30 22:56:42","2021-10-31 12:38:00",NULL,NULL,10
"10346","7119","5800","10869","28051","Shipped","2020-04-11 15:34:43","2020-04-13 19:35:00",NULL,NULL,10
"10393","7151","5820","5720","28170","Shipped","2022-04-02 23:25:10","2022-04-03 07:48:00",NULL,NULL,10
"10999","7560","6140","24897","29812","Shipped","2022-01-02 00:08:27","2021-12-30 12:44:00",NULL,NULL,10
"11109","7639","6201","25198","30106","Shipped","2021-03-25 00:44:12","2021-03-25 22:49:00",NULL,NULL,10
"12275","8465","6834","9087","33264","Shipped","2021-08-01 05:43:49","2021-07-31 06:00:00",NULL,NULL,10
"12689","8759","7072","10869","34385","Shipped","2021-08-11 07:01:40","2021-08-13 09:57:00",NULL,NULL,10
"12737","8796","7103","2704","34513","Shipped","2021-03-15 07:03:13","2021-03-16 01:03:00",NULL,NULL,10
"13187","9104","7340","15302","35725","Shipped","2020-05-17 06:43:32","2020-05-16 13:39:00",NULL,NULL,10
"13375","9216","7431","18636","36235","Shipped","2022-05-17 20:37:01","2022-05-18 22:37:00",NULL,NULL,10
"14918","10260","8250","12552","40400","Shipped","2021-05-20 06:55:42","2021-05-21 00:08:00",NULL,NULL,10
"16022","11004","8830","10871","43365","Shipped","2021-06-10 01:03:23","2021-06-08 06:03:00",NULL,NULL,10
"16239","11164","8974","11110","43955","Shipped","2022-09-07 16:16:09.416901","2022-09-05 15:07:44.416901",NULL,NULL,10
"16550","11387","9159","24750","44798","Shipped","2022-02-22 14:39:49","2022-02-23 11:10:00",NULL,NULL,10
"17655","12146","9761","24820","47824","Shipped","2022-01-30 07:44:44","2022-01-31 00:50:00",NULL,NULL,10
"18017","12393","9967","12651","48814","Shipped","2022-07-22 11:09:59","2022-07-22 15:38:00",NULL,NULL,10
"18553","12741","10221","24750","50235","Shipped","2022-09-04 04:25:18","2022-09-03 11:47:00",NULL,NULL,10
"21166","14548","11628","15340","57255","Shipped","2019-12-05 03:02:08","2019-12-04 05:25:00",NULL,NULL,10
"22112","15201","12143","9071","59768","Shipped","2020-08-13 23:32:41","2020-08-15 13:10:00",NULL,NULL,10
"22994","15816","12646","24636","62161","Shipped","2021-05-03 07:14:42","2021-05-05 04:38:00",NULL,NULL,10
"23377","16083","12858","9518","63183","Shipped","2022-09-03 07:12:04","2022-09-04 20:47:00",NULL,NULL,10
"24453","16825","13443","14054","66093","Shipped","2022-01-31 23:53:28","2022-02-01 06:49:00",NULL,NULL,10
"24800","17077","13641","10871","67023","Shipped","2022-03-15 08:45:35","2022-03-15 03:40:00",NULL,NULL,10
"25588","17626","14077","25263","69141","Shipped","2020-12-05 16:58:06","2020-12-06 13:37:00",NULL,NULL,10
"26540","18289","14613","11664","71735","Shipped","2020-03-08 13:52:02","2020-03-05 13:46:00",NULL,NULL,10
"26629","18351","14659","14054","71974","Shipped","2022-04-29 04:45:27","2022-04-29 19:52:00",NULL,NULL,10
"27022","18613","14867","24939","73051","Shipped","2022-06-30 04:25:56","2022-07-03 01:15:00",NULL,NULL,10
"28726","19776","15807","10886","77652","Shipped","2019-12-12 06:59:45","2019-12-11 01:52:00",NULL,NULL,10
"30167","20772","16612","25173","81557","Shipped","2022-09-04 13:29:03","2022-09-02 22:53:00",NULL,NULL,10
"33454","23030","18375","2465","90385","Shipped","2022-04-01 21:45:06","2022-03-30 17:43:00",NULL,NULL,10
"34432","23705","18921","25226","93010","Shipped","2022-03-16 07:39:02","2022-03-18 20:59:00",NULL,NULL,10
"34590","23812","19011","18636","93446","Shipped","2022-06-08 12:54:29","2022-06-07 09:12:00",NULL,NULL,10
"34815","23960","19130","24788","94055","Shipped","2022-04-11 14:39:33","2022-04-12 09:48:00",NULL,NULL,10
"35957","24752","19790","5720","97096","Shipped","2022-07-22 12:40:47","2022-07-23 08:43:00",NULL,NULL,10
"36316","25010","19991","24692","98051","Shipped","2022-05-09 13:54:05","2022-05-10 01:23:00",NULL,NULL,10
"39564","27243","21767","25249","106799","Shipped","2021-03-13 08:11:19","2021-03-14 15:02:00",NULL,NULL,10
"41300","28406","22659","24788","111496","Shipped","2022-06-05 22:50:56","2022-06-06 20:44:00",NULL,NULL,10
"42617","29325","23378","11595","115082","Shipped","2022-04-29 09:27:40","2022-04-30 02:59:00",NULL,NULL,10
"43056","29624","23630","24692","116262","Shipped","2021-09-28 15:40:51","2021-09-30 19:24:00",NULL,NULL,10
"43434","29882","23825","9389","117283","Shipped","2019-10-19 09:30:47","2019-10-20 00:34:00",NULL,NULL,10
"44471","30613","24433","11499","120112","Shipped","2021-04-28 03:36:25","2021-04-24 05:32:00",NULL,NULL,10
"45483","31317","24998","25310","122821","Shipped","2022-06-05 08:36:37","2022-06-05 06:43:00",NULL,NULL,10
"46371","31912","25475","24464","125220","Shipped","2020-10-16 09:47:17","2020-10-19 06:46:00",NULL,NULL,10
"46562","32062","25600","14054","125722","Shipped","2021-08-31 01:20:55","2021-09-02 12:09:00",NULL,NULL,10
"47448","32688","26097","24939","128075","Shipped","2022-01-08 15:21:44","2022-01-10 06:06:00",NULL,NULL,10
"49135","33840","27025","18293","132611","Shipped","2021-05-22 21:38:49","2021-05-25 05:49:00",NULL,NULL,10
"49490","34084","27209","15294","133585","Shipped","2020-11-25 10:14:29","2020-11-27 06:08:00",NULL,NULL,10
"50401","34717","27714","10960","136053","Shipped","2022-07-17 17:48:28","2022-07-14 14:09:00",NULL,NULL,10
"50960","35132","28037","10444","137554","Shipped","2021-11-15 06:43:23","2021-11-17 12:53:00",NULL,NULL,10
"52517","36191","28909","15706","141723","Shipped","2021-07-09 22:47:16","2021-07-10 10:19:00",NULL,NULL,10
"53271","36716","29342","25310","143745","Shipped","2020-12-16 13:34:16","2020-12-14 00:49:00",NULL,NULL,10
"53648","36971","29536","11579","144773","Shipped","2021-12-12 09:49:25","2021-12-10 14:03:00",NULL,NULL,10
"53963","37187","29711","9157","145636","Shipped","2022-07-07 01:20:40","2022-07-06 00:13:00",NULL,NULL,10
"54323","37431","29911","10905","146591","Shipped","2022-09-01 22:25:36","2022-09-02 16:50:00",NULL,NULL,10
"54521","37584","30029","10871","147112","Shipped","2022-09-02 07:05:13","2022-09-04 00:43:00",NULL,NULL,10
"55165","38024","30381","25295","148840","Shipped","2020-01-30 14:04:52","2020-02-01 05:03:00",NULL,NULL,10
"55236","38074","30422","10845","149028","Shipped","2022-04-27 09:46:09","2022-04-26 13:11:00",NULL,NULL,10
"55357","38155","30484","15822","149356","Shipped","2022-05-17 16:10:15","2022-05-14 11:11:00",NULL,NULL,10
"55850","38496","30763","25263","150718","Shipped","2020-12-30 04:18:01","2021-01-02 04:48:00",NULL,NULL,10
"57130","39375","31477","9109","154197","Shipped","2022-01-10 00:22:13","2022-01-11 22:38:00",NULL,NULL,10
"58108","40052","32001","9518","156809","Shipped","2020-07-30 13:40:47","2020-07-28 17:59:00",NULL,NULL,10
"59153","40768","32558","15764","159639","Shipped","2022-05-31 04:15:31","2022-06-01 04:12:00",NULL,NULL,10
"59538","41022","32765","9297","160703","Shipped","2022-02-19 18:01:09","2022-02-20 21:40:00",NULL,NULL,10
"60127","41417","33085","12593","162341","Shipped","2020-12-30 01:23:48","2020-12-31 09:14:00",NULL,NULL,10
"60264","41504","33164","8866","162698","Shipped","2021-10-29 12:41:32","2021-10-29 21:24:00",NULL,NULL,10
"63119","43460","34749","9297","170421","Shipped","2021-09-19 12:07:40","2021-09-18 05:05:00",NULL,NULL,10
"63955","44027","35216","25191","172661","Shipped","2021-01-14 00:04:39","2021-01-15 14:31:00",NULL,NULL,10
"65497","45104","36053","10905","176864","Shipped","2022-01-29 10:35:01","2022-01-31 14:20:00",NULL,NULL,10
"66485","45742","36581","10786","179519","Shipped","2022-07-24 08:03:46","2022-07-24 08:53:00",NULL,NULL,10
"66817","45969","36766","10839","180404","Shipped","2022-06-14 03:43:55","2022-06-14 23:54:00",NULL,NULL,10
"67628","46531","37224","8931","182605","Shipped","2021-09-09 02:33:47","2021-09-09 17:51:00",NULL,NULL,10
"68407","47080","37663","12552","184681","Shipped","2022-07-28 14:22:59","2022-07-26 22:07:00",NULL,NULL,10
"68517","47154","37718","25226","184966","Shipped","2022-08-21 10:18:00","2022-08-20 12:34:00",NULL,NULL,10
"68859","47393","37899","9109","185896","Shipped","2022-08-30 14:40:24","2022-08-30 12:11:00",NULL,NULL,10
"70427","48501","38789","10871","190141","Shipped","2022-01-19 04:57:13","2022-01-20 10:04:00",NULL,NULL,10
"72031","49611","39717","15822","194452","Shipped","2021-09-13 04:11:28","2021-09-11 23:19:00",NULL,NULL,10
"72150","49693","39778","10960","194780","Shipped","2022-08-14 01:59:21","2022-08-14 12:24:00",NULL,NULL,10
"73276","50475","40405","10869","197856","Shipped","2021-04-21 02:32:09","2021-04-22 15:51:00",NULL,NULL,10
"74151","51078","40878","10764","200223","Shipped","2022-09-03 03:49:10","2022-09-03 18:22:00",NULL,NULL,10
"74224","51134","40927","10845","200422","Shipped","2021-09-24 12:38:40","2021-09-22 10:56:00",NULL,NULL,10
"74574","51393","41116","25310","201341","Shipped","2021-08-22 12:25:58","2021-08-22 11:06:00",NULL,NULL,10
"74901","51610","41301","24739","202228","Shipped","2020-08-08 06:46:30","2020-08-06 04:49:00",NULL,NULL,10
"75161","51788","41430","12552","202930","Shipped","2021-10-16 17:03:15","2021-10-17 18:52:00",NULL,NULL,10
"75505","52026","41637","9071","203855","Shipped","2022-05-08 10:39:39","2022-05-08 23:56:00",NULL,NULL,10
"76212","52523","42029","10718","205804","Shipped","2021-10-21 14:11:09","2021-10-22 07:33:00",NULL,NULL,10
"76287","52577","42073","11044","206011","Shipped","2021-12-27 09:12:35","2021-12-28 11:10:00",NULL,NULL,10
"76697","52871","42304","9123","207117","Shipped","2021-12-29 03:39:17","2021-12-30 08:29:00",NULL,NULL,10
"79183","54592","43674","9319","213796","Shipped","2022-08-20 13:45:33","2022-08-22 21:43:00",NULL,NULL,10
"79653","54933","43930","11505","215076","Shipped","2021-08-14 10:36:51","2021-08-11 13:51:00",NULL,NULL,10
"80882","55775","44586","18636","218443","Shipped","2019-12-14 15:28:26","2019-12-12 02:21:00",NULL,NULL,10
"81087","55927","44715","10964","218991","Shipped","2022-08-18 09:50:01","2022-08-20 00:12:00",NULL,NULL,10
"81232","56036","44791","10871","219373","Shipped","2021-03-05 08:48:07","2021-03-05 22:26:00",NULL,NULL,10
"85013","58742","46961","12552","229623","Shipped","2022-07-17 23:57:22","2022-07-18 10:12:00",NULL,NULL,10
"85725","59244","47382","9391","231558","Shipped","2022-07-17 11:08:48","2022-07-18 09:43:00",NULL,NULL,10
"85834","59315","47448","10885","231854","Shipped","2021-12-02 08:49:49","2021-12-01 23:21:00",NULL,NULL,10
"85992","59422","47537","8866","232273","Shipped","2020-10-17 12:54:23","2020-10-20 01:00:00",NULL,NULL,10
"86334","59656","47732","9087","233210","Shipped","2021-06-15 22:04:12","2021-06-14 06:42:00",NULL,NULL,10
"86671","59887","47915","745","234124","Shipped","2022-07-18 04:46:52","2022-07-20 06:38:00",NULL,NULL,10
"86938","60077","48074","15822","234861","Shipped","2022-07-22 23:54:48","2022-07-25 09:28:00",NULL,NULL,10
"87422","60410","48364","25295","236172","Shipped","2021-08-18 12:18:18","2021-08-20 17:35:00",NULL,NULL,10
"87820","60689","48597","2465","237238","Shipped","2021-02-06 10:33:08","2021-02-08 09:56:00",NULL,NULL,10
"88252","60987","48827","14362","238407","Shipped","2022-05-31 07:50:55","2022-05-31 04:43:00",NULL,NULL,10
"89527","61884","49536","24968","241835","Shipped","2021-11-11 14:06:25","2021-11-11 18:24:00",NULL,NULL,10
"91017","62901","50363","10885","245865","Shipped","2022-02-14 10:10:40","2022-02-13 09:31:00",NULL,NULL,10
"91366","63137","50548","9239","246804","Shipped","2022-05-04 05:12:51","2022-04-30 07:16:00",NULL,NULL,10
"92135","63659","50961","9349","248857","Shipped","2022-06-15 10:34:48","2022-06-12 16:06:00",NULL,NULL,10
"92706","64053","51271","25310","250392","Shipped","2021-03-06 09:02:45","2021-03-09 01:44:00",NULL,NULL,10
"93259","64451","51574","24897","251874","Shipped","2022-04-13 17:46:51","2022-04-15 16:02:00",NULL,NULL,10
"94579","65338","52270","15302","255481","Shipped","2021-05-14 17:14:00","2021-05-15 02:47:00",NULL,NULL,10
"95750","66183","52923","9165","258657","Shipped","2020-02-04 12:18:49","2020-02-04 12:09:00",NULL,NULL,10
"95806","66220","52953","2704","258812","Shipped","2021-10-10 08:03:21","2021-10-10 23:54:00",NULL,NULL,10
"96332","66569","53217","9165","260210","Shipped","2022-01-29 00:00:25","2022-01-29 18:11:00",NULL,NULL,10
"97237","67204","53697","24897","262662","Shipped","2022-04-07 13:03:43","2022-04-09 00:09:00",NULL,NULL,10
"97930","67677","54075","25343","264552","Shipped","2022-02-16 13:03:20","2022-02-17 08:51:00",NULL,NULL,10
"98109","67798","54172","12566","265033","Shipped","2022-09-04 10:54:43","2022-09-04 03:09:00",NULL,NULL,10
"99757","68955","55131","25226","269448","Shipped","2022-07-25 04:41:30","2022-07-25 12:03:00",NULL,NULL,10
"100461","69420","55518","12631","271320","Shipped","2022-04-21 15:27:54","2022-04-19 02:56:00",NULL,NULL,10
"100787","69652","55697","24636","272209","Shipped","2020-10-19 03:49:26","2020-10-20 15:50:00",NULL,NULL,10
"102638","70912","56684","8880","277235","Shipped","2019-12-17 02:35:02","2019-12-17 02:48:00",NULL,NULL,10
"102676","70939","56704","25249","277340","Shipped","2020-08-30 22:33:00","2020-09-01 20:47:00",NULL,NULL,10
"105437","72847","58270","24631","284777","Shipped","2022-04-09 12:40:28","2022-04-06 02:28:00",NULL,NULL,10
"105927","73204","58557","15931","286126","Shipped","2021-06-05 07:46:09","2021-06-06 04:49:00",NULL,NULL,10
"105958","73221","58569","9239","286213","Shipped","2022-09-01 00:56:23","2022-09-01 23:18:00",NULL,NULL,10
"106115","73336","58663","24815","286630","Shipped","2020-06-08 08:32:09","2020-06-10 09:05:00",NULL,NULL,10
"106946","73897","59092","25099","288858","Shipped","2022-08-20 08:51:31","2022-08-18 12:10:00",NULL,NULL,10
"107012","73941","59130","12631","289035","Shipped","2022-05-05 12:49:27","2022-05-05 16:35:00",NULL,NULL,10
"107856","74511","59569","24771","291338","Shipped","2020-08-04 22:11:20","2020-08-02 19:46:00",NULL,NULL,10
"108264","74793","59809","24771","292467","Shipped","2022-01-22 03:28:17","2022-01-24 12:33:00",NULL,NULL,10
"108790","75153","60093","24750","293869","Shipped","2021-08-06 08:57:04","2021-08-05 06:52:00",NULL,NULL,10
"109310","75509","60366","11044","295266","Shipped","2021-05-03 11:10:53","2021-05-04 10:09:00",NULL,NULL,10
"109311","75509","60366","10885","295268","Shipped","2021-05-05 12:00:24","2021-05-04 10:09:00",NULL,NULL,10
"110611","76409","61108","12593","298724","Shipped","2019-10-15 08:38:58","2019-10-13 18:21:00",NULL,NULL,10
"111581","77079","61662","11505","301349","Shipped","2021-12-03 11:03:06","2021-12-04 15:16:00",NULL,NULL,10
"111784","77221","61789","25173","301900","Shipped","2022-06-06 04:13:23","2022-06-07 15:33:00",NULL,NULL,10
"112471","77683","62142","15294","303778","Shipped","2022-07-18 10:04:54","2022-07-20 13:37:00",NULL,NULL,10
"114124","78828","63053","24897","308230","Shipped","2021-09-26 23:18:52","2021-09-25 02:18:00",NULL,NULL,10
"114482","79074","63243","9447","309208","Shipped","2020-04-02 13:23:41","2020-04-05 11:02:00",NULL,NULL,10
"115347","79668","63730","9389","311537","Shipped","2021-12-16 14:47:21","2021-12-17 09:56:00",NULL,NULL,10
"118093","81519","65283","8921","318878","Shipped","2022-08-24 04:19:07","2022-08-26 04:05:00",NULL,NULL,10
"119762","82683","66186","2538","323328","Shipped","2021-06-30 22:02:00","2021-07-01 07:24:00",NULL,NULL,10
"120257","82999","66449","25310","324689","Shipped","2022-03-14 02:22:22","2022-03-12 05:41:00",NULL,NULL,10
"122176","84283","67477","24897","329879","Shipped","2020-05-21 06:48:07","2020-05-22 01:18:00",NULL,NULL,10
"122478","84500","67633","9331","330702","Shipped","2019-10-08 02:07:06","2019-10-10 05:31:00",NULL,NULL,10
"123216","85009","68024","24600","332693","Shipped","2021-01-04 15:36:33","2021-01-04 18:30:00",NULL,NULL,10
"125167","86345","69093","8903","337939","Shipped","2022-08-20 15:44:01","2022-08-17 19:02:00",NULL,NULL,10
"126828","87474","70027","9165","342438","Shipped","2021-08-11 00:26:40","2021-08-12 11:40:00",NULL,NULL,10
"128108","88355","70765","24692","345905","Shipped","2022-01-03 09:28:33","2022-01-01 10:12:00",NULL,NULL,10
"128235","88443","70839","25099","346244","Shipped","2022-05-19 04:25:33","2022-05-21 00:12:00",NULL,NULL,10
"128888","88893","71214","12631","348005","Shipped","2022-02-02 04:31:27","2022-02-03 23:36:00",NULL,NULL,10
"129160","89075","71360","25099","348756","Shipped","2021-01-08 09:03:57","2021-01-08 18:02:00",NULL,NULL,10
"129703","89453","71658","9087","350180","Shipped","2022-05-21 14:48:04","2022-05-21 18:47:00",NULL,NULL,10
"130181","89788","71914","24820","351483","Shipped","2021-02-07 03:35:39","2021-02-09 06:08:00",NULL,NULL,10
"131416","90649","72628","9071","354833","Shipped","2022-03-24 03:45:08","2022-03-24 21:01:00",NULL,NULL,10
"131627","90794","72728","10886","355392","Shipped","2021-08-17 00:12:19","2021-08-18 16:02:00",NULL,NULL,10
"131995","91058","72941","9291","356386","Shipped","2022-07-30 01:08:30","2022-08-01 02:32:00",NULL,NULL,10
"132657","91508","73287","24968","358218","Shipped","2022-08-26 16:53:55","2022-08-28 04:10:00",NULL,NULL,10
"134202","92598","74177","9349","362378","Shipped","2021-12-13 04:51:35","2021-12-15 20:09:00",NULL,NULL,10
"136992","94544","75776","10764","369922","Shipped","2022-03-22 23:59:18","2022-03-20 15:31:00",NULL,NULL,10
"137467","94849","76024","25263","371179","Shipped","2021-10-31 11:24:30","2021-11-02 14:36:00",NULL,NULL,10
"137610","94954","76113","9297","371556","Shipped","2021-09-06 00:09:32","2021-09-06 11:29:00",NULL,NULL,10
"142471","98287","78810","25343","384676","Shipped","2021-07-19 06:46:28","2021-07-20 19:11:00",NULL,NULL,10
"143554","99056","79430","15931","387597","Shipped","2022-03-26 22:18:44","2022-03-29 17:38:00",NULL,NULL,10
"143602","99082","79451","24739","387728","Shipped","2022-06-07 06:50:41","2022-06-09 15:54:00",NULL,NULL,10
"144167","99468","79751","9239","389248","Shipped","2022-06-11 23:50:34","2022-06-14 14:17:00",NULL,NULL,10
"144561","99741","79972","10756","390300","Shipped","2021-11-08 00:37:46","2021-11-08 10:08:00",NULL,NULL,10
"145285","100243","80385","12631","392296","Shipped","2021-02-06 07:45:59","2021-02-05 11:30:00",NULL,NULL,10
"146417","101024","81049","10730","395368","Shipped","2022-06-19 13:57:14","2022-06-21 15:08:00",NULL,NULL,10
"146623","101161","81167","25310","395933","Shipped","2022-06-21 08:48:45","2022-06-21 14:34:00",NULL,NULL,10
"147266","101610","81499","24739","397629","Shipped","2021-10-01 16:51:53","2021-10-01 01:14:00",NULL,NULL,10
"147607","101862","81700","10444","398549","Shipped","2021-08-03 06:21:22","2021-08-04 03:00:00",NULL,NULL,10
"147622","101873","81708","12637","398588","Shipped","2022-06-24 04:44:36","2022-06-24 13:23:00",NULL,NULL,10
"147925","102077","81876","8931","399404","Shipped","2022-01-06 04:06:27","2022-01-06 07:34:00",NULL,NULL,10
"148692","102603","82310","24631","401524","Shipped","2022-05-09 14:21:29","2022-05-12 16:28:00",NULL,NULL,10
"148742","102636","82331","10926","401664","Shipped","2021-08-06 01:32:17","2021-08-06 11:25:00",NULL,NULL,10
"151341","104419","83779","10902","408724","Shipped","2022-06-26 14:04:46","2022-06-26 11:18:00",NULL,NULL,10
"151863","104777","84075","10871","410143","Shipped","2022-01-03 07:44:43","2022-01-02 05:10:00",NULL,NULL,10
"151956","104843","84136","9123","410393","Shipped","2020-04-29 14:14:46","2020-04-26 17:09:00",NULL,NULL,10
"152437","105179","84382","24857","411686","Shipped","2022-06-10 06:10:19","2022-06-12 16:10:00",NULL,NULL,10
"153441","105858","84909","25176","414389","Shipped","2021-12-26 07:38:56","2021-12-26 15:07:00",NULL,NULL,10
"153932","106211","85198","12593","415673","Shipped","2021-01-11 08:05:25","2021-01-10 02:21:00",NULL,NULL,10
"154418","106547","85469","8880","416965","Shipped","2022-07-17 10:48:49","2022-07-16 04:25:00",NULL,NULL,10
"155215","107085","85915","9331","419117","Shipped","2021-09-25 05:27:03","2021-09-25 09:20:00",NULL,NULL,10
"155579","107329","86119","24750","420096","Shipped","2022-04-02 07:45:25","2022-04-04 01:03:00",NULL,NULL,10
"155632","107365","86144","12593","420233","Shipped","2021-01-29 13:14:25","2021-01-27 03:03:00",NULL,NULL,10
"155908","107556","86281","14362","420948","Shipped","2022-05-22 16:19:16","2022-05-22 14:07:00",NULL,NULL,10
"156761","108129","86726","24857","423251","Shipped","2022-03-26 22:51:25","2022-03-24 03:55:00",NULL,NULL,10
"157162","108408","86935","24876","424351","Shipped","2020-07-09 10:25:14","2020-07-08 23:22:00",NULL,NULL,10
"157981","108973","87392","15764","426546","Shipped","2022-09-08 00:33:52.537634","2022-09-05 14:03:45.537634",NULL,NULL,10
"158123","109068","87469","9447","426923","Shipped","2020-07-31 04:26:43","2020-07-30 07:52:00",NULL,NULL,10
"158637","109424","87752","15706","428301","Shipped","2022-06-16 01:09:40","2022-06-15 05:23:00",NULL,NULL,10
"158877","109592","87890","10730","428964","Shipped","2022-07-13 03:51:31","2022-07-14 03:13:00",NULL,NULL,10
"159010","109686","87962","25343","429317","Shipped","2019-06-05 00:38:40","2019-06-05 21:16:00",NULL,NULL,10
"160445","110689","88762","10839","433214","Shipped","2021-11-30 01:33:33","2021-11-30 13:43:00",NULL,NULL,10
"160897","110983","88979","24939","434420","Shipped","2022-07-09 00:17:41","2022-07-11 12:26:00",NULL,NULL,10
"164243","113288","90836","14362","443533","Shipped","2022-07-21 00:48:47","2022-07-20 08:22:00",NULL,NULL,10
"165919","114429","91733","25176","448118","Shipped","2021-09-15 03:12:10","2021-09-17 01:46:00",NULL,NULL,10
"166819","115041","92211","25198","450534","Shipped","2020-11-28 14:41:07","2020-11-30 11:42:00",NULL,NULL,10
"168566","116247","93203","10960","455217","Shipped","2022-05-18 02:47:31","2022-05-19 05:04:00",NULL,NULL,10
"169074","116608","93492","10964","456581","Shipped","2020-03-30 14:08:21","2020-03-31 00:06:00",NULL,NULL,10
"171122","117973","94606","9447","462159","Shipped","2019-12-18 02:52:31","2019-12-19 21:17:00",NULL,NULL,10
"174022","120024","96246","12543","469932","Shipped","2021-04-14 09:55:35","2021-04-14 21:03:00",NULL,NULL,10
"174127","120096","96307","25295","470213","Shipped","2022-07-13 09:06:21","2022-07-12 20:28:00",NULL,NULL,10
"174220","120158","96359","10885","470468","Shipped","2022-01-03 01:04:13","2022-01-04 05:06:00",NULL,NULL,10
"176978","122057","97889","10812","477978","Shipped","2020-08-18 14:27:03","2020-08-19 11:38:00",NULL,NULL,10
"177110","122141","97943","10926","478341","Shipped","2021-10-29 01:05:29","2021-10-27 12:06:00",NULL,NULL,10
"179291","123661","99196","12585","484174","Shipped","2022-05-17 14:04:40","2022-05-19 13:22:00",NULL,NULL,10
"1977","1372","1106","24739","5359","Complete","2022-08-11 21:34:53","2022-08-12 22:43:00","2022-08-16 14:29:00",NULL,10
"2060","1421","1143","9087","5576","Complete","2021-05-13 20:37:42","2021-05-14 15:37:00","2021-05-18 20:52:00",NULL,10
"3775","2559","2074","12593","10216","Complete","2022-07-15 15:04:14","2022-07-17 23:32:00","2022-07-21 14:52:00",NULL,10
"4047","2747","2204","25249","10956","Complete","2022-04-14 09:58:01","2022-04-13 00:07:00","2022-04-16 15:21:00",NULL,10
"5498","3754","3062","24600","14896","Complete","2022-08-26 05:45:38","2022-08-26 00:36:00","2022-08-29 05:09:00",NULL,10
"6287","4288","3486","9518","17012","Complete","2022-07-30 08:17:14","2022-08-01 13:19:00","2022-08-06 12:20:00",NULL,10
"6324","4315","3504","15822","17107","Complete","2022-07-02 08:25:18","2022-07-04 12:35:00","2022-07-05 09:35:00",NULL,10
"6499","4427","3592","8866","17597","Complete","2019-12-14 06:08:24","2019-12-17 03:25:00","2019-12-20 14:37:00",NULL,10
"6681","4553","3695","15340","18099","Complete","2022-06-22 23:04:21","2022-06-19 06:50:00","2022-06-23 11:25:00",NULL,10
"8283","5677","4595","11028","22462","Complete","2022-08-30 07:14:40","2022-08-30 03:03:00","2022-09-03 00:37:00",NULL,10
"8670","5945","4812","10839","23514","Complete","2022-04-27 17:45:38","2022-04-29 15:20:00","2022-05-03 18:46:00",NULL,10
"10145","6975","5673","24699","27512","Complete","2022-03-26 06:51:50","2022-03-27 10:05:00","2022-03-28 12:05:00",NULL,10
"15213","10454","8422","15441","41201","Complete","2020-12-04 06:34:23","2020-12-01 23:09:00","2020-12-06 09:21:00",NULL,10
"15723","10784","8664","11595","42575","Complete","2022-08-01 17:10:12","2022-08-02 07:37:00","2022-08-04 10:22:00",NULL,10
"16008","10994","8827","11664","43328","Complete","2022-07-09 14:48:00","2022-07-10 10:13:00","2022-07-13 19:14:00",NULL,10
"16569","11397","9168","25198","44843","Complete","2022-05-27 12:39:37","2022-05-29 07:15:00","2022-06-02 04:59:00",NULL,10
"17757","12207","9819","26169","48094","Complete","2022-01-07 06:51:25","2022-01-09 00:10:00","2022-01-09 23:15:00",NULL,10
"19488","13399","10747","9239","52734","Complete","2021-09-30 21:41:27","2021-10-01 04:29:00","2021-10-04 16:30:00",NULL,10
"20676","14218","11379","14362","55970","Complete","2021-04-12 01:15:21","2021-04-10 02:08:00","2021-04-14 06:41:00",NULL,10
"22352","15374","12282","8880","60395","Complete","2022-09-05 07:28:07.382251","2022-09-06 09:49:11.382251","2022-09-09 07:36:11.382251",NULL,10
"22903","15751","12591","24692","61918","Complete","2022-09-05 15:57:22.509936","2022-09-06 09:16:19.509936","2022-09-10 12:03:19.509936",NULL,10
"23307","16031","12804","9447","62997","Complete","2022-02-15 23:07:55","2022-02-16 12:24:00","2022-02-16 19:43:00",NULL,10
"23922","16456","13152","10905","64667","Complete","2022-08-25 13:37:39","2022-08-23 22:42:00","2022-08-25 16:41:00",NULL,10
"24581","16913","13510","6509","66428","Complete","2021-06-13 17:13:04","2021-06-16 10:21:00","2021-06-20 15:51:00",NULL,10
"26013","17927","14326","2704","70290","Complete","2022-04-26 12:30:51","2022-04-27 06:22:00","2022-05-01 07:12:00",NULL,10
"26100","17979","14365","2538","70539","Complete","2022-02-08 04:37:17","2022-02-09 14:19:00","2022-02-10 00:53:00",NULL,10
"26232","18069","14435","24600","70895","Complete","2020-09-27 05:33:42","2020-09-29 20:33:00","2020-09-30 06:50:00",NULL,10
"26910","18540","14807","11044","72728","Complete","2021-08-04 07:24:50","2021-08-05 21:23:00","2021-08-09 07:26:00",NULL,10
"28608","19692","15745","2538","77331","Complete","2022-03-11 05:17:10","2022-03-08 04:55:00","2022-03-12 00:17:00",NULL,10
"29413","20250","16188","18636","79511","Complete","2022-05-13 16:09:23","2022-05-11 13:07:00","2022-05-15 04:23:00",NULL,10
"29674","20438","16324","10444","80216","Complete","2022-01-08 23:24:58","2022-01-11 21:28:00","2022-01-12 01:44:00",NULL,10
"31023","21344","17087","25249","83863","Complete","2022-07-02 04:52:38","2022-07-05 02:05:00","2022-07-07 05:29:00",NULL,10
"31142","21427","17147","2465","84184","Complete","2020-04-26 03:18:42","2020-04-28 04:40:00","2020-05-02 22:49:00",NULL,10
"31632","21765","17416","9447","85498","Complete","2021-09-12 14:57:55","2021-09-14 00:42:00","2021-09-18 02:13:00",NULL,10
"31981","22012","17606","12566","86417","Complete","2021-09-29 13:00:44","2021-09-30 15:27:00","2021-10-05 06:36:00",NULL,10
"32570","22418","17920","15509","88011","Complete","2021-03-21 07:31:34","2021-03-24 00:11:00","2021-03-26 16:18:00",NULL,10
"33054","22759","18173","24876","89295","Complete","2021-04-29 13:34:48","2021-04-30 05:09:00","2021-05-04 22:11:00",NULL,10
"37153","25588","20445","10964","100322","Complete","2022-01-09 12:53:28","2022-01-10 15:23:00","2022-01-11 18:37:00",NULL,10
"37575","25868","20665","11664","101462","Complete","2022-06-16 13:06:09","2022-06-17 15:20:00","2022-06-17 21:50:00",NULL,10
"38113","26239","20962","9447","102893","Complete","2020-09-22 05:27:43","2020-09-22 12:09:00","2020-09-24 22:25:00",NULL,10
"39257","27024","21583","24739","105995","Complete","2022-08-18 04:41:28","2022-08-19 22:22:00","2022-08-23 07:56:00",NULL,10
"39307","27058","21612","8931","106128","Complete","2022-07-06 17:23:28","2022-07-07 10:15:00","2022-07-10 09:07:00",NULL,10
"39765","27381","21859","18636","107342","Complete","2019-12-23 05:43:54","2019-12-24 05:10:00","2019-12-24 23:28:00",NULL,10
"40494","27863","22243","9506","109318","Complete","2022-06-03 13:46:02","2022-06-04 19:35:00","2022-06-09 06:27:00",NULL,10
"40874","28111","22426","24815","110361","Complete","2020-09-11 09:16:12","2020-09-13 22:19:00","2020-09-15 00:18:00",NULL,10
"41597","28609","22817","25343","112290","Complete","2021-04-25 06:54:41","2021-04-24 16:49:00","2021-04-27 23:06:00",NULL,10
"41769","28735","22922","24857","112756","Complete","2020-04-03 11:21:15","2020-04-04 17:53:00","2020-04-09 03:11:00",NULL,10
"41798","28753","22933","15340","112839","Complete","2022-01-23 05:47:31","2022-01-25 09:43:00","2022-01-29 19:26:00",NULL,10
"43364","29832","23783","9123","117098","Complete","2021-12-16 22:55:12","2021-12-17 14:40:00","2021-12-19 02:27:00",NULL,10
"43575","29976","23898","10885","117679","Complete","2022-09-05 13:53:16.617407","2022-09-05 11:52:32.617407","2022-09-09 23:25:32.617407",NULL,10
"44701","30770","24559","10756","120741","Complete","2021-10-26 13:53:14","2021-10-28 11:36:00","2021-10-29 22:14:00",NULL,10
"45101","31057","24793","15471","121803","Complete","2020-03-17 10:16:45","2020-03-16 17:46:00","2020-03-20 05:11:00",NULL,10
"46391","31927","25492","10964","125278","Complete","2020-07-18 15:32:40","2020-07-20 09:14:00","2020-07-21 19:07:00",NULL,10
"46393","31929","25493","9297","125284","Complete","2022-08-16 08:56:01","2022-08-17 20:11:00","2022-08-22 03:34:00",NULL,10
"47738","32891","26270","24699","128847","Complete","2022-05-29 16:47:09","2022-05-30 09:48:00","2022-06-03 04:50:00",NULL,10
"47937","33030","26384","9383","129392","Complete","2022-09-03 16:31:05","2022-09-01 06:52:00","2022-09-02 15:01:00",NULL,10
"49243","33908","27084","9383","132908","Complete","2021-02-03 09:11:33","2021-02-05 14:09:00","2021-02-10 02:46:00",NULL,10
"49300","33949","27113","10765","133070","Complete","2022-02-20 00:19:42","2022-02-20 21:52:00","2022-02-22 10:08:00",NULL,10
"49427","34038","27174","15764","133408","Complete","2019-10-08 16:48:38","2019-10-11 10:49:00","2019-10-15 20:42:00",NULL,10
"50857","35056","27976","8921","137269","Complete","2022-01-21 08:52:50","2022-01-24 02:27:00","2022-01-25 22:45:00",NULL,10
"51000","35158","28059","9319","137666","Complete","2021-01-18 12:32:50","2021-01-19 15:45:00","2021-01-19 21:14:00",NULL,10
"51102","35228","28119","24857","137941","Complete","2021-02-14 12:47:41","2021-02-15 02:01:00","2021-02-19 03:51:00",NULL,10
"51755","35665","28497","18636","139701","Complete","2022-06-22 02:55:09","2022-06-22 19:57:00","2022-06-23 08:34:00",NULL,10
"51891","35758","28564","2704","140077","Complete","2021-03-16 01:18:06","2021-03-16 19:04:00","2021-03-17 10:40:00",NULL,10
"52495","36175","28898","9391","141662","Complete","2021-02-06 16:53:18","2021-02-05 17:42:00","2021-02-08 20:19:00",NULL,10
"52757","36366","29058","10964","142360","Complete","2022-02-28 10:43:57","2022-02-27 19:39:00","2022-03-03 20:57:00",NULL,10
"52774","36378","29068","25198","142400","Complete","2022-06-01 11:32:40","2022-05-28 20:23:00","2022-06-02 09:29:00",NULL,10
"53204","36676","29312","9383","143563","Complete","2022-02-17 15:44:44","2022-02-19 21:11:00","2022-02-20 20:36:00",NULL,10
"53601","36932","29505","11499","144647","Complete","2019-09-22 03:23:53","2019-09-19 23:30:00","2019-09-22 23:12:00",NULL,10
"55715","38405","30692","24815","150342","Complete","2022-06-20 04:17:54","2022-06-22 00:34:00","2022-06-23 18:54:00",NULL,10
"56053","38640","30887","25295","151271","Complete","2022-08-30 07:09:44","2022-08-29 04:09:00","2022-08-29 15:40:00",NULL,10
"57196","39422","31510","11028","154371","Complete","2022-03-14 01:19:32","2022-03-16 15:46:00","2022-03-19 13:33:00",NULL,10
"57286","39487","31552","11499","154620","Complete","2021-11-25 02:35:42","2021-11-25 18:18:00","2021-11-28 22:05:00",NULL,10
"57823","39848","31849","18293","156037","Complete","2022-05-14 10:27:24","2022-05-16 06:58:00","2022-05-17 12:30:00",NULL,10
"58797","40526","32363","10812","158686","Complete","2022-06-19 20:49:19","2022-06-20 23:15:00","2022-06-22 10:38:00",NULL,10
"59217","40805","32593","25173","159819","Complete","2022-08-14 09:24:59","2022-08-16 07:43:00","2022-08-18 06:47:00",NULL,10
"60132","41420","33090","15764","162353","Complete","2022-05-13 04:17:37","2022-05-12 04:43:00","2022-05-15 08:53:00",NULL,10
"61424","42298","33816","10764","165813","Complete","2021-12-01 06:19:53","2021-12-02 08:42:00","2021-12-06 21:18:00",NULL,10
"61900","42626","34076","25191","167110","Complete","2021-05-17 08:30:44","2021-05-18 04:28:00","2021-05-22 20:28:00",NULL,10
"62809","43247","34579","9239","169570","Complete","2021-08-02 12:57:14","2021-07-31 05:34:00","2021-08-01 19:19:00",NULL,10
"64167","44162","35324","14362","173224","Complete","2022-08-03 07:41:32","2022-08-02 20:50:00","2022-08-03 08:21:00",NULL,10
"64965","44721","35766","2704","175434","Complete","2022-02-16 00:12:29","2022-02-18 09:41:00","2022-02-20 07:11:00",NULL,10
"66189","45553","36416","24788","178732","Complete","2021-05-09 00:02:43","2021-05-10 05:36:00","2021-05-10 08:09:00",NULL,10
"66334","45647","36488","15509","179122","Complete","2020-07-25 07:40:37","2020-07-24 16:33:00","2020-07-26 04:50:00",NULL,10
"66660","45861","36677","9389","179983","Complete","2021-02-23 11:18:08","2021-02-22 09:49:00","2021-02-27 04:46:00",NULL,10
"66661","45861","36677","8931","179987","Complete","2021-02-23 09:39:58","2021-02-22 09:49:00","2021-02-27 04:46:00",NULL,10
"66765","45934","36736","24815","180265","Complete","2021-02-09 23:06:05","2021-02-10 23:59:00","2021-02-14 16:04:00",NULL,10
"67461","46418","37124","25198","182164","Complete","2021-04-27 14:06:01","2021-04-26 04:22:00","2021-04-29 05:45:00",NULL,10
"67687","46574","37257","9165","182762","Complete","2021-01-20 05:58:18","2021-01-22 09:20:00","2021-01-23 22:53:00",NULL,10
"68199","46932","37537","6381","184134","Complete","2021-11-02 02:10:51","2021-11-04 10:37:00","2021-11-07 15:33:00",NULL,10
"69692","47987","38368","25343","188125","Complete","2019-10-29 12:44:11","2019-10-29 20:04:00","2019-11-03 19:14:00",NULL,10
"69744","48020","38398","25176","188269","Complete","2021-12-04 04:37:55","2021-12-05 20:22:00","2021-12-06 07:14:00",NULL,10
"70710","48691","38951","10885","190896","Complete","2020-11-29 05:44:28","2020-11-30 08:59:00","2020-12-03 07:39:00",NULL,10
"71433","49195","39377","24788","192858","Complete","2021-07-12 18:05:39","2021-07-13 11:33:00","2021-07-18 03:26:00",NULL,10
"71594","49304","39462","11110","193287","Complete","2022-04-27 05:34:06","2022-04-27 19:33:00","2022-04-29 02:10:00",NULL,10
"71997","49588","39701","12552","194362","Complete","2021-04-22 06:10:52","2021-04-23 12:12:00","2021-04-23 18:29:00",NULL,10
"73216","50429","40366","25099","197701","Complete","2019-11-21 12:38:28","2019-11-22 07:26:00","2019-11-22 14:41:00",NULL,10
"74980","51664","41343","12631","202446","Complete","2022-08-20 22:00:42","2022-08-23 17:06:00","2022-08-25 03:12:00",NULL,10
"76244","52543","42045","15706","205891","Complete","2022-01-06 08:13:54","2022-01-06 19:51:00","2022-01-10 19:17:00",NULL,10
"77577","53488","42800","9087","209420","Complete","2021-09-16 21:03:47","2021-09-17 06:39:00","2021-09-18 11:23:00",NULL,10
"77992","53781","43021","10764","210550","Complete","2020-12-10 10:15:06","2020-12-12 13:52:00","2020-12-12 15:14:00",NULL,10
"78272","53978","43182","11110","211310","Complete","2022-02-17 07:58:37","2022-02-15 05:38:00","2022-02-15 22:53:00",NULL,10
"80871","55771","44585","10812","218411","Complete","2022-06-21 05:38:41","2022-06-21 00:18:00","2022-06-21 05:38:00",NULL,10
"83031","57330","45829","9291","224238","Complete","2021-09-14 09:06:53","2021-09-10 18:08:00","2021-09-15 00:44:00",NULL,10
"83721","57823","46227","745","226115","Complete","2021-06-11 05:17:58","2021-06-12 11:25:00","2021-06-14 09:30:00",NULL,10
"84303","58244","46576","12543","227689","Complete","2022-06-15 05:21:27","2022-06-12 13:36:00","2022-06-14 22:07:00",NULL,10
"84469","58356","46676","12585","228138","Complete","2022-05-24 00:00:20","2022-05-24 15:37:00","2022-05-29 15:15:00",NULL,10
"86851","60016","48018","10786","234624","Complete","2022-08-18 14:42:16","2022-08-21 09:06:00","2022-08-26 05:00:00",NULL,10
"87081","60179","48159","24692","235244","Complete","2021-10-25 14:38:17","2021-10-27 17:16:00","2021-10-31 13:43:00",NULL,10
"88544","61194","49010","15822","239217","Complete","2021-07-04 02:34:22","2021-07-06 00:14:00","2021-07-06 01:08:00",NULL,10
"89266","61702","49403","25191","241151","Complete","2021-08-16 11:25:44","2021-08-17 06:31:00","2021-08-17 07:01:00",NULL,10
"90560","62591","50110","10734","244652","Complete","2021-08-29 11:22:19","2021-09-01 02:04:00","2021-09-05 11:42:00",NULL,10
"91630","63312","50695","10871","247513","Complete","2021-02-06 16:48:48","2021-02-07 00:21:00","2021-02-09 09:07:00",NULL,10
"92598","63980","51215","12552","250097","Complete","2022-08-29 03:57:41","2022-08-29 14:01:00","2022-08-30 15:53:00",NULL,10
"94848","65529","52421","9109","256215","Complete","2020-11-22 03:28:33","2020-11-22 22:55:00","2020-11-24 02:28:00",NULL,10
"96453","66658","53289","5720","260539","Complete","2022-08-30 22:51:41","2022-08-29 15:24:00","2022-08-30 06:02:00",NULL,10
"97605","67457","53911","2681","263668","Complete","2022-07-14 08:01:36","2022-07-16 15:22:00","2022-07-20 07:57:00",NULL,10
"97939","67683","54078","24788","264575","Complete","2019-12-26 12:19:12","2019-12-27 08:17:00","2019-12-30 17:09:00",NULL,10
"99115","68483","54758","9349","267737","Complete","2021-10-29 05:22:31","2021-10-29 22:48:00","2021-11-01 15:55:00",NULL,10
"100772","69642","55689","11505","272164","Complete","2022-07-08 04:39:05","2022-07-08 08:11:00","2022-07-11 10:22:00",NULL,10
"101550","70170","56105","25351","274268","Complete","2020-08-08 06:34:59","2020-08-09 10:48:00","2020-08-12 22:19:00",NULL,10
"102017","70498","56363","12585","275530","Complete","2021-09-19 00:31:20","2021-09-17 19:22:00","2021-09-20 02:48:00",NULL,10
"104623","72296","57805","12651","282604","Complete","2021-05-15 02:38:02","2021-05-15 14:33:00","2021-05-19 09:38:00",NULL,10
"104662","72323","57823","25226","282709","Complete","2022-08-25 06:05:10","2022-08-21 10:49:00","2022-08-24 21:09:00",NULL,10
"107020","73948","59134","10937","289055","Complete","2019-07-18 23:54:32","2019-07-17 05:24:00","2019-07-17 20:58:00",NULL,10
"107718","74418","59491","10730","290953","Complete","2022-06-29 03:52:23","2022-06-29 05:16:00","2022-07-04 04:00:00",NULL,10
"108183","74735","59764","9436","292248","Complete","2021-09-01 05:49:09","2021-08-30 18:40:00","2021-09-02 19:00:00",NULL,10
"108726","75113","60056","9297","293697","Complete","2022-09-06 00:26:40.250089","2022-09-04 23:20:35.250089","2022-09-05 10:05:35.250089",NULL,10
"109438","75598","60430","14362","295611","Complete","2019-12-02 13:57:09","2019-12-01 21:55:00","2019-12-06 11:54:00",NULL,10
"110261","76171","60907","10964","297800","Complete","2022-03-15 10:18:05","2022-03-13 19:46:00","2022-03-17 15:20:00",NULL,10
"110417","76272","60997","10820","298203","Complete","2021-10-31 08:19:08","2021-10-31 22:48:00","2021-11-01 04:50:00",NULL,10
"110588","76391","61095","8880","298664","Complete","2022-05-19 18:23:38","2022-05-17 03:41:00","2022-05-21 22:37:00",NULL,10
"111274","76871","61500","24699","300516","Complete","2022-03-16 23:01:47","2022-03-17 03:02:00","2022-03-19 06:08:00",NULL,10
"111503","77029","61630","2704","301136","Complete","2021-11-09 22:31:48","2021-11-12 10:00:00","2021-11-16 17:41:00",NULL,10
"116256","80276","64261","25263","313987","Complete","2021-04-30 09:51:18","2021-04-27 02:04:00","2021-04-28 07:49:00",NULL,10
"116559","80483","64434","8931","314806","Complete","2021-07-13 10:34:10","2021-07-14 03:55:00","2021-07-15 19:47:00",NULL,10
"117887","81371","65166","10926","318347","Complete","2021-08-23 23:07:13","2021-08-26 15:16:00","2021-08-27 05:29:00",NULL,10
"119032","82172","65792","11499","321387","Complete","2022-01-23 09:45:08","2022-01-24 21:08:00","2022-01-28 16:43:00",NULL,10
"119160","82258","65861","25310","321728","Complete","2019-11-13 02:21:45","2019-11-15 15:44:00","2019-11-17 13:57:00",NULL,10
"120244","82993","66444","10871","324653","Complete","2022-05-31 18:41:50","2022-06-03 15:11:00","2022-06-06 11:43:00",NULL,10
"121874","84091","67316","15302","329061","Complete","2021-11-09 06:11:02","2021-11-09 21:53:00","2021-11-14 21:09:00",NULL,10
"122847","84754","67829","10820","331713","Complete","2022-09-04 16:11:24.766066","2022-09-05 02:28:02.766066","2022-09-07 21:36:02.766066",NULL,10
"122910","84795","67861","11664","331884","Complete","2021-06-15 09:01:50","2021-06-13 23:06:00","2021-06-18 20:36:00",NULL,10
"125897","86835","69491","9109","339893","Complete","2022-06-17 09:15:11","2022-06-15 14:36:00","2022-06-16 15:24:00",NULL,10
"126598","87318","69886","24897","341819","Complete","2022-05-08 14:50:29","2022-05-09 23:18:00","2022-05-14 09:34:00",NULL,10
"126725","87398","69955","11045","342165","Complete","2021-11-19 03:59:47","2021-11-18 08:30:00","2021-11-18 22:41:00",NULL,10
"126957","87561","70103","26169","342790","Complete","2020-09-06 18:06:02","2020-09-07 04:24:00","2020-09-11 04:40:00",NULL,10
"127485","87908","70387","18050","344184","Complete","2022-01-01 10:05:58","2021-12-30 18:23:00","2022-01-04 09:40:00",NULL,10
"128242","88447","70843","18293","346268","Complete","2021-09-26 14:21:25","2021-09-28 22:28:00","2021-09-30 00:04:00",NULL,10
"128775","88813","71139","11110","347706","Complete","2022-07-21 09:13:33","2022-07-20 20:49:00","2022-07-23 01:25:00",NULL,10
"128855","88872","71186","8866","347916","Complete","2022-09-01 17:49:46","2022-09-02 00:07:00","2022-09-03 17:01:00",NULL,10
"129598","89378","71597","9391","349913","Complete","2021-10-02 16:04:20","2021-10-04 21:09:00","2021-10-09 09:00:00",NULL,10
"129784","89513","71701","24939","350410","Complete","2022-03-07 02:02:47","2022-03-07 07:38:00","2022-03-08 18:37:00",NULL,10
"132389","91326","73133","12593","357472","Complete","2020-06-01 02:52:45","2020-06-04 05:31:00","2020-06-08 09:52:00",NULL,10
"133300","91979","73669","2553","359933","Complete","2021-11-08 23:38:59","2021-11-08 17:09:00","2021-11-09 20:06:00",NULL,10
"133550","92139","73796","24771","360623","Complete","2019-04-13 05:11:14","2019-04-15 20:41:00","2019-04-20 03:45:00",NULL,10
"134407","92733","74295","15509","362932","Complete","2022-07-22 06:25:09","2022-07-23 17:06:00","2022-07-23 20:17:00",NULL,10
"136259","94029","75366","11585","367949","Complete","2022-07-21 07:06:08","2022-07-21 07:26:00","2022-07-22 14:53:00",NULL,10
"136871","94456","75708","15706","369605","Complete","2022-01-27 04:46:37","2022-01-26 05:04:00","2022-01-29 04:46:00",NULL,10
"139581","96289","77223","12637","376917","Complete","2020-12-10 22:33:35","2020-12-12 18:27:00","2020-12-14 22:51:00",NULL,10
"139737","96396","77300","11585","377326","Complete","2022-05-04 10:42:30","2022-05-07 00:45:00","2022-05-07 12:34:00",NULL,10
"140062","96622","77481","18293","378196","Complete","2021-10-05 08:17:53","2021-10-07 00:50:00","2021-10-09 11:30:00",NULL,10
"140187","96709","77549","24788","378535","Complete","2020-12-20 03:38:19","2020-12-20 07:39:00","2020-12-20 22:16:00",NULL,10
"141738","97768","78389","11505","382708","Complete","2022-07-31 13:19:35","2022-07-31 22:41:00","2022-08-04 21:29:00",NULL,10
"141744","97774","78395","9391","382725","Complete","2022-08-21 06:34:04","2022-08-23 13:27:00","2022-08-26 01:32:00",NULL,10
"142541","98346","78866","9389","384866","Complete","2022-03-18 02:47:58","2022-03-18 19:28:00","2022-03-20 12:18:00",NULL,10
"142930","98619","79064","10718","385916","Complete","2021-11-25 10:06:56","2021-11-26 08:44:00","2021-12-01 01:28:00",NULL,10
"146536","101103","81117","10902","395694","Complete","2021-04-08 02:23:12","2021-04-08 18:37:00","2021-04-11 10:03:00",NULL,10
"146949","101381","81328","9436","396800","Complete","2022-05-12 11:06:42","2022-05-12 20:13:00","2022-05-14 11:05:00",NULL,10
"147492","101773","81634","24636","398244","Complete","2022-04-04 13:44:04","2022-04-03 12:40:00","2022-04-04 16:46:00",NULL,10
"147678","101905","81733","18293","398734","Complete","2021-09-16 14:21:50","2021-09-16 05:39:00","2021-09-21 01:51:00",NULL,10
"148597","102532","82248","25226","401256","Complete","2022-07-16 22:59:29","2022-07-14 06:18:00","2022-07-16 21:17:00",NULL,10
"150433","103806","83276","24750","406292","Complete","2022-07-09 16:16:27","2022-07-10 03:39:00","2022-07-12 10:16:00",NULL,10
"151189","104318","83692","10905","408319","Complete","2020-07-08 06:06:26","2020-07-10 13:23:00","2020-07-14 14:48:00",NULL,10
"151231","104347","83716","2704","408433","Complete","2020-08-19 05:00:01","2020-08-18 14:30:00","2020-08-21 10:33:00",NULL,10
"151450","104492","83841","10845","409026","Complete","2022-05-19 12:50:00","2022-05-20 15:21:00","2022-05-24 21:49:00",NULL,10
"152925","105507","84641","5720","412966","Complete","2022-05-19 15:56:55","2022-05-20 22:53:00","2022-05-23 13:27:00",NULL,10
"154544","106634","85538","12631","417315","Complete","2022-09-07 16:30:42.293562","2022-09-08 09:57:55.293562","2022-09-12 23:11:55.293562",NULL,10
"155814","107494","86241","24876","420699","Complete","2022-07-29 08:35:00","2022-07-29 19:44:00","2022-08-03 06:37:00",NULL,10
"156075","107664","86373","9109","421403","Complete","2022-03-20 08:42:09","2022-03-19 16:30:00","2022-03-20 04:03:00",NULL,10
"156362","107862","86521","15441","422186","Complete","2022-08-31 09:42:33","2022-09-02 09:41:00","2022-09-07 07:30:00",NULL,10
"157310","108503","87014","12593","424757","Complete","2021-09-30 15:16:37","2021-10-01 11:01:00","2021-10-05 22:54:00",NULL,10
"158331","109213","87591","9391","427476","Complete","2021-02-17 04:19:06","2021-02-18 23:45:00","2021-02-22 18:53:00",NULL,10
"159761","110216","88382","25173","431352","Complete","2022-04-23 23:23:27","2022-04-24 23:07:00","2022-04-27 04:33:00",NULL,10
"162440","112034","89823","10764","438627","Complete","2022-08-21 11:16:53","2022-08-22 23:03:00","2022-08-25 05:10:00",NULL,10
"162551","112116","89880","10786","438926","Complete","2021-11-01 05:33:02","2021-10-31 05:00:00","2021-11-03 13:31:00",NULL,10
"163390","112696","90364","25176","441189","Complete","2021-08-26 16:25:18","2021-08-28 11:13:00","2021-08-30 18:43:00",NULL,10
"163752","112963","90578","25191","442169","Complete","2022-04-16 02:12:08","2022-04-18 18:06:00","2022-04-19 11:09:00",NULL,10
"164802","113670","91130","10905","445067","Complete","2021-01-03 11:18:35","2020-12-31 04:47:00","2020-12-31 18:58:00",NULL,10
"166276","114673","91932","15340","449081","Complete","2020-11-14 06:04:28","2020-11-15 12:03:00","2020-11-19 04:10:00",NULL,10
"166887","115093","92247","11044","450730","Complete","2022-04-16 16:13:56","2022-04-19 14:27:00","2022-04-24 01:25:00",NULL,10
"166965","115144","92289","12651","450936","Complete","2021-12-06 20:28:30","2021-12-08 17:48:00","2021-12-08 20:49:00",NULL,10
"167056","115208","92340","24820","451176","Complete","2022-08-02 13:18:12","2022-07-31 07:19:00","2022-08-04 14:06:00",NULL,10
"167262","115345","92454","9447","451733","Complete","2022-08-06 16:14:03","2022-08-08 02:57:00","2022-08-08 19:26:00",NULL,10
"167667","115626","92678","10871","452796","Complete","2021-08-08 23:31:26","2021-08-07 12:41:00","2021-08-07 19:41:00",NULL,10
"169848","117132","93916","12552","458665","Complete","2021-09-20 08:28:05","2021-09-18 07:18:00","2021-09-22 01:43:00",NULL,10
"170262","117397","94147","8880","459804","Complete","2022-05-01 00:29:30","2022-04-30 13:34:00","2022-05-05 10:46:00",NULL,10
"170409","117495","94236","9383","460203","Complete","2022-02-23 05:16:30","2022-02-25 11:48:00","2022-02-28 02:53:00",NULL,10
"170570","117607","94321","24857","460641","Complete","2020-10-24 05:47:49","2020-10-25 14:03:00","2020-10-26 12:18:00",NULL,10
"170900","117828","94487","10937","461567","Complete","2022-08-31 07:39:10","2022-08-28 09:43:00","2022-09-02 00:10:00",NULL,10
"171053","117931","94575","10444","461976","Complete","2022-01-18 13:55:08","2022-01-19 06:09:00","2022-01-21 17:41:00",NULL,10
"171351","118130","94734","10765","462784","Complete","2022-06-26 18:17:14","2022-06-25 05:56:00","2022-06-27 13:06:00",NULL,10
"171490","118241","94836","10926","463143","Complete","2022-07-07 00:42:35","2022-07-08 05:38:00","2022-07-11 23:58:00",NULL,10
"172579","119011","95402","9209","466101","Complete","2020-06-28 02:18:40","2020-06-30 11:38:00","2020-07-05 10:02:00",NULL,10
"173152","119416","95733","5720","467663","Complete","2022-08-15 01:18:50","2022-08-14 02:16:00","2022-08-18 07:41:00",NULL,10
"174721","120503","96625","10730","471817","Complete","2022-06-18 00:28:50","2022-06-15 05:00:00","2022-06-15 19:16:00",NULL,10
"176502","121726","97628","24857","476692","Complete","2021-12-13 21:24:32","2021-12-11 03:10:00","2021-12-14 19:12:00",NULL,10
"177377","122329","98099","25310","479050","Complete","2022-08-02 13:08:39","2022-07-31 17:29:00","2022-08-02 19:32:00",NULL,10
"178038","122794","98492","18293","480813","Complete","2021-09-05 02:44:26","2021-09-05 15:24:00","2021-09-10 13:45:00",NULL,10
"178385","123037","98688","25249","481729","Complete","2022-08-06 02:13:31","2022-08-02 11:50:00","2022-08-03 00:10:00",NULL,10
"179280","123653","99191","25343","484146","Complete","2022-09-04 01:13:06.908941","2022-09-06 23:59:04.908941","2022-09-09 13:08:04.908941",NULL,10
"179369","123713","99247","8921","484387","Complete","2021-03-04 10:57:49","2021-03-05 10:17:00","2021-03-06 20:32:00",NULL,10
"180486","124463","99801","11585","487381","Complete","2022-08-04 12:06:34","2022-08-04 14:55:00","2022-08-05 23:39:00",NULL,10
"8076","5534","4481","2553","21907","Returned","2022-08-12 02:45:42","2022-08-12 14:47:00","2022-08-17 08:49:00","2022-08-19 07:50:00",10
"9822","6754","5468","11028","26644","Returned","2022-07-27 08:48:18","2022-07-28 15:51:00","2022-07-31 11:35:00","2022-08-01 14:44:00",10
"12253","8448","6824","8880","33202","Returned","2022-04-16 23:43:22","2022-04-14 03:06:00","2022-04-16 17:18:00","2022-04-19 11:56:00",10
"16864","11604","9343","10902","45681","Returned","2021-06-23 06:59:03","2021-06-24 04:41:00","2021-06-28 05:15:00","2021-07-01 00:31:00",10
"17558","12075","9707","10869","47558","Returned","2020-08-24 01:22:18","2020-08-20 09:38:00","2020-08-21 00:05:00","2020-08-21 01:39:00",10
"21887","15047","12019","15441","59160","Returned","2021-07-21 05:57:39","2021-07-23 14:14:00","2021-07-25 15:17:00","2021-07-26 18:44:00",10
"31689","21809","17457","24720","85648","Returned","2022-04-13 10:39:37","2022-04-12 06:05:00","2022-04-16 16:17:00","2022-04-17 20:43:00",10
"31699","21813","17459","24692","85673","Returned","2022-06-24 22:03:01","2022-06-22 21:47:00","2022-06-24 01:16:00","2022-06-25 08:33:00",10
"32549","22399","17905","6381","87952","Returned","2022-07-28 13:17:15","2022-07-29 18:49:00","2022-08-01 11:34:00","2022-08-03 19:03:00",10
"36352","25033","20012","24897","98146","Returned","2020-02-22 02:06:56","2020-02-20 15:59:00","2020-02-21 03:11:00","2020-02-22 18:14:00",10
"39153","26957","21531","18636","105714","Returned","2020-12-27 11:20:40","2020-12-28 06:28:00","2020-12-31 03:35:00","2021-01-02 05:47:00",10
"39733","27356","21844","12585","107250","Returned","2021-07-17 09:54:22","2021-07-18 09:06:00","2021-07-19 13:30:00","2021-07-19 23:36:00",10
"45832","31553","25180","10886","123746","Returned","2019-11-08 10:47:51","2019-11-07 05:22:00","2019-11-10 17:44:00","2019-11-11 13:56:00",10
"51081","35213","28107","12543","137886","Returned","2021-08-09 01:06:59","2021-08-10 22:16:00","2021-08-14 10:57:00","2021-08-15 20:11:00",10
"52012","35847","28636","18636","140397","Returned","2021-03-08 02:01:08","2021-03-09 14:51:00","2021-03-13 22:17:00","2021-03-15 13:04:00",10
"55238","38076","30423","10845","149034","Returned","2022-08-19 05:37:10","2022-08-19 19:40:00","2022-08-20 06:33:00","2022-08-21 00:28:00",10
"55502","38257","30574","2704","149759","Returned","2022-04-07 01:10:43","2022-04-08 01:54:00","2022-04-12 11:39:00","2022-04-14 00:25:00",10
"57159","39396","31495","15509","154275","Returned","2022-08-14 09:04:50","2022-08-14 09:50:00","2022-08-15 01:28:00","2022-08-17 22:36:00",10
"59835","41223","32938","9071","161515","Returned","2021-12-20 02:08:05","2021-12-21 01:26:00","2021-12-22 04:26:00","2021-12-22 18:04:00",10
"61820","42566","34040","10839","166891","Returned","2021-01-15 02:03:02","2021-01-16 23:18:00","2021-01-20 20:52:00","2021-01-22 11:46:00",10
"67532","46461","37158","26169","182348","Returned","2022-01-16 07:54:05","2022-01-17 03:34:00","2022-01-18 12:07:00","2022-01-19 13:35:00",10
"69728","48011","38391","11505","188225","Returned","2022-05-08 13:08:07","2022-05-09 10:15:00","2022-05-10 04:26:00","2022-05-11 10:05:00",10
"73809","50830","40664","2465","199285","Returned","2020-09-03 01:22:59","2020-08-31 11:40:00","2020-09-04 00:55:00","2020-09-05 04:11:00",10
"81688","56357","45052","10921","220601","Returned","2022-03-09 00:59:43","2022-03-10 22:11:00","2022-03-14 13:30:00","2022-03-14 23:40:00",10
"85678","59212","47349","10902","231438","Returned","2022-03-20 17:03:43","2022-03-22 23:25:00","2022-03-26 21:14:00","2022-03-27 09:48:00",10
"88321","61034","48863","25310","238597","Returned","2022-04-22 16:30:41","2022-04-23 13:18:00","2022-04-27 19:40:00","2022-04-28 02:34:00",10
"92205","63711","51012","25191","249048","Returned","2022-08-31 12:17:26","2022-09-02 16:53:00","2022-09-03 13:59:00","2022-09-04 20:41:00",10
"92789","64111","51311","25099","250622","Returned","2021-10-19 14:36:05","2021-10-19 22:21:00","2021-10-23 13:04:00","2021-10-23 13:39:00",10
"93400","64542","51643","9349","252253","Returned","2022-04-17 11:17:01","2022-04-14 07:52:00","2022-04-18 09:17:00","2022-04-21 08:12:00",10
"98365","67968","54327","6509","265721","Returned","2020-07-14 10:01:51","2020-07-12 19:38:00","2020-07-15 15:03:00","2020-07-15 17:25:00",10
"98705","68197","54516","24820","266642","Returned","2022-06-20 03:35:29","2022-06-19 22:14:00","2022-06-23 19:53:00","2022-06-23 21:18:00",10
"103710","71670","57304","11045","280155","Returned","2021-12-27 15:01:32","2021-12-27 23:03:00","2021-12-30 18:42:00","2022-01-01 06:31:00",10
"107562","74313","59411","12593","290535","Returned","2021-10-16 04:36:28","2021-10-16 20:55:00","2021-10-18 00:18:00","2021-10-18 10:17:00",10
"108368","74870","59869","24968","292742","Returned","2022-07-19 08:17:15","2022-07-18 09:18:00","2022-07-19 18:19:00","2022-07-22 06:01:00",10
"114308","78954","63154","25263","308729","Returned","2021-07-26 00:54:49","2021-07-27 11:20:00","2021-07-29 16:06:00","2021-07-31 07:52:00",10
"117265","80946","64819","10871","316673","Returned","2022-02-21 12:45:47","2022-02-22 12:13:00","2022-02-23 12:54:00","2022-02-25 14:46:00",10
"119569","82539","66084","24815","322827","Returned","2022-07-08 17:16:45","2022-07-10 15:54:00","2022-07-11 14:49:00","2022-07-11 23:52:00",10
"122200","84298","67486","9349","329941","Returned","2022-06-02 13:23:05","2022-06-04 02:46:00","2022-06-04 07:48:00","2022-06-05 19:38:00",10
"123459","85186","68174","9349","333336","Returned","2021-12-16 02:37:48","2021-12-15 09:15:00","2021-12-17 20:35:00","2021-12-19 16:42:00",10
"126502","87263","69842","11028","341559","Returned","2022-08-31 05:42:09","2022-08-31 12:09:00","2022-08-31 22:21:00","2022-09-03 05:19:00",10
"132745","91575","73349","15706","358458","Returned","2022-05-15 14:52:18","2022-05-16 19:08:00","2022-05-19 06:08:00","2022-05-20 01:25:00",10
"132788","91605","73378","10902","358578","Returned","2022-07-20 12:42:12","2022-07-21 21:12:00","2022-07-26 11:48:00","2022-07-27 14:42:00",10
"133924","92403","74016","15302","361617","Returned","2020-11-18 02:27:53","2020-11-18 14:21:00","2020-11-21 15:38:00","2020-11-22 09:21:00",10
"139755","96411","77312","9518","377375","Returned","2022-07-21 00:23:48","2022-07-23 05:16:00","2022-07-25 04:16:00","2022-07-25 05:27:00",10
"140022","96593","77458","25295","378091","Returned","2022-03-12 22:14:25","2022-03-13 20:02:00","2022-03-17 04:47:00","2022-03-17 18:44:00",10
"140295","96779","77607","9319","378824","Returned","2021-10-25 04:26:55","2021-10-21 11:07:00","2021-10-23 14:05:00","2021-10-23 20:33:00",10
"146883","101333","81296","745","396624","Returned","2022-09-02 23:32:14","2022-09-04 22:39:00","2022-09-05 01:05:00","2022-09-07 02:58:00",10
"146990","101416","81352","10734","396908","Returned","2020-06-19 07:13:21","2020-06-19 22:49:00","2020-06-21 01:47:00","2020-06-21 15:44:00",10
"148084","102184","81971","12593","399845","Returned","2022-08-03 12:24:29","2022-08-05 22:07:00","2022-08-06 14:28:00","2022-08-07 10:53:00",10
"149845","103414","82950","24857","404657","Returned","2021-08-18 23:45:37","2021-08-20 00:24:00","2021-08-21 06:18:00","2021-08-24 02:29:00",10
"153188","105682","84787","11028","413696","Returned","2021-07-24 05:41:44","2021-07-25 15:34:00","2021-07-26 23:47:00","2021-07-29 15:51:00",10
"154164","106369","85319","10926","416292","Returned","2021-08-21 14:56:54","2021-08-18 08:32:00","2021-08-18 21:06:00","2021-08-21 02:47:00",10
"154598","106674","85571","11044","417469","Returned","2022-03-01 11:31:45","2022-03-03 06:55:00","2022-03-05 23:43:00","2022-03-07 10:30:00",10
"160336","110616","88694","24968","432915","Returned","2022-07-15 02:33:40","2022-07-16 11:42:00","2022-07-17 01:46:00","2022-07-18 17:09:00",10
"165321","114012","91410","15340","446501","Returned","2021-03-09 23:19:08","2021-03-11 07:54:00","2021-03-15 03:15:00","2021-03-15 07:30:00",10
"171378","118152","94753","9389","462854","Returned","2021-10-23 12:15:51","2021-10-25 06:17:00","2021-10-26 07:19:00","2021-10-28 18:37:00",10
"172655","119065","95440","9071","466304","Returned","2022-08-11 07:49:59","2022-08-11 08:26:00","2022-08-14 20:38:00","2022-08-15 17:03:00",10
"174351","120247","96425","10902","470818","Returned","2022-09-02 05:48:23.144685","2022-09-04 06:50:51.144685","2022-09-08 20:12:51.144685","2022-09-09 20:38:51.144685",10
"174747","120516","96632","10786","471892","Returned","2021-12-22 10:21:19","2021-12-22 18:46:00","2021-12-23 18:24:00","2021-12-23 23:23:00",10
"176430","121675","97586","24464","476489","Returned","2020-10-17 01:32:24","2020-10-14 20:39:00","2020-10-18 07:29:00","2020-10-18 11:47:00",10
"177777","122612","98346","12543","480123","Returned","2021-01-23 12:55:03","2021-01-21 20:44:00","2021-01-23 08:05:00","2021-01-23 17:06:00",10
"179592","123861","99351","11505","484998","Returned","2020-12-31 03:11:58","2021-01-02 04:29:00","2021-01-05 19:26:00","2021-01-06 14:36:00",10
"180321","124350","99727","25173","486948","Returned","2022-08-05 16:31:44","2022-08-08 10:19:00","2022-08-09 02:51:00","2022-08-10 22:46:00",10
"2628","1803","1458","10756","7106","Cancelled","2021-06-05 07:31:21",NULL,NULL,NULL,10
"7665","5253","4254","24968","20786","Cancelled","2022-09-03 18:08:31",NULL,NULL,NULL,10
"9970","6859","5561","9109","27052","Cancelled","2022-08-04 09:01:35",NULL,NULL,NULL,10
"11630","8007","6496","15764","31511","Cancelled","2022-02-12 02:40:20",NULL,NULL,NULL,10
"12415","8559","6910","745","33646","Cancelled","2021-10-04 16:26:42",NULL,NULL,NULL,10
"12976","8954","7223","24771","35154","Cancelled","2022-01-15 11:43:15",NULL,NULL,NULL,10
"14030","9661","7795","10734","38020","Cancelled","2020-10-17 16:48:19",NULL,NULL,NULL,10
"15646","10732","8623","9447","42377","Cancelled","2021-08-17 09:12:50",NULL,NULL,NULL,10
"16136","11090","8906","25099","43676","Cancelled","2021-01-21 21:51:13",NULL,NULL,NULL,10
"18037","12408","9978","14054","48870","Cancelled","2021-11-20 13:56:17",NULL,NULL,NULL,10
"18710","12861","10324","24876","50646","Cancelled","2022-09-06 09:26:24.586155",NULL,NULL,NULL,10
"21521","14799","11821","11045","58181","Cancelled","2022-08-15 12:40:10",NULL,NULL,NULL,10
"22694","15610","12473","12585","61342","Cancelled","2021-08-10 12:23:14",NULL,NULL,NULL,10
"23751","16345","13073","10756","64207","Cancelled","2022-04-03 16:46:49",NULL,NULL,NULL,10
"25638","17663","14105","24699","69284","Cancelled","2022-08-31 07:19:33",NULL,NULL,NULL,10
"26643","18360","14668","24636","72016","Cancelled","2022-03-25 10:24:47",NULL,NULL,NULL,10
"27198","18728","14970","10730","73534","Cancelled","2022-03-15 06:46:45",NULL,NULL,NULL,10
"30285","20854","16687","11028","81881","Cancelled","2022-01-18 01:48:31",NULL,NULL,NULL,10
"34554","23792","18990","11110","93346","Cancelled","2022-08-30 21:52:22",NULL,NULL,NULL,10
"35810","24645","19709","25310","96700","Cancelled","2022-06-10 09:36:23",NULL,NULL,NULL,10
"38231","26324","21032","24876","103215","Cancelled","2021-06-08 10:05:12",NULL,NULL,NULL,10
"39012","26862","21451","25249","105315","Cancelled","2020-04-30 02:09:51",NULL,NULL,NULL,10
"39267","27032","21593","10812","106021","Cancelled","2020-08-04 15:57:23",NULL,NULL,NULL,10
"39528","27219","21750","15931","106711","Cancelled","2022-06-15 00:27:23",NULL,NULL,NULL,10
"40279","27727","22143","11110","108721","Cancelled","2022-08-20 00:46:54",NULL,NULL,NULL,10
"41891","28820","22996","8921","113089","Cancelled","2019-08-23 14:50:45",NULL,NULL,NULL,10
"42922","29531","23551","8903","115911","Cancelled","2022-08-12 12:27:43",NULL,NULL,NULL,10
"43726","30076","23975","25249","118089","Cancelled","2022-04-13 15:30:27",NULL,NULL,NULL,10
"44066","30318","24184","10960","119021","Cancelled","2020-01-29 07:09:59",NULL,NULL,NULL,10
"44554","30670","24481","10871","120338","Cancelled","2020-03-09 05:52:30",NULL,NULL,NULL,10
"45054","31022","24769","24815","121675","Cancelled","2022-06-26 07:01:36",NULL,NULL,NULL,10
"45125","31078","24809","24636","121866","Cancelled","2022-08-31 03:50:22.611582",NULL,NULL,NULL,10
"47805","32941","26321","24636","129029","Cancelled","2020-07-22 04:23:13",NULL,NULL,NULL,10
"49250","33912","27088","10886","132925","Cancelled","2021-07-23 05:12:48",NULL,NULL,NULL,10
"49780","34291","27379","9297","134374","Cancelled","2020-03-09 06:35:08",NULL,NULL,NULL,10
"52510","36188","28906","8921","141708","Cancelled","2020-12-11 06:31:42",NULL,NULL,NULL,10
"57019","39300","31415","25198","153893","Cancelled","2022-01-29 15:59:09",NULL,NULL,NULL,10
"57239","39452","31531","25198","154486","Cancelled","2022-03-19 07:10:49",NULL,NULL,NULL,10
"57577","39683","31707","15509","155387","Cancelled","2021-05-07 15:30:14",NULL,NULL,NULL,10
"58238","40145","32071","25198","157164","Cancelled","2022-02-23 23:13:42",NULL,NULL,NULL,10
"60380","41584","33224","9291","163013","Cancelled","2019-02-28 01:07:14",NULL,NULL,NULL,10
"60742","41836","33441","24464","163994","Cancelled","2021-11-09 10:03:24",NULL,NULL,NULL,10
"64257","44220","35368","2704","173476","Cancelled","2022-07-03 13:17:20",NULL,NULL,NULL,10
"65461","45076","36027","10937","176771","Cancelled","2021-09-02 14:12:18",NULL,NULL,NULL,10
"65472","45086","36036","10964","176798","Cancelled","2020-05-05 05:41:44",NULL,NULL,NULL,10
"70302","48415","38719","10869","189798","Cancelled","2021-11-09 06:03:29",NULL,NULL,NULL,10
"71008","48888","39114","8880","191700","Cancelled","2022-07-29 05:39:35",NULL,NULL,NULL,10
"71327","49114","39305","24857","192575","Cancelled","2022-05-20 06:05:26",NULL,NULL,NULL,10
"72633","50027","40037","24876","196130","Cancelled","2022-04-06 05:48:09",NULL,NULL,NULL,10
"73933","50924","40744","10885","199621","Cancelled","2022-05-12 13:01:04",NULL,NULL,NULL,10
"77687","53569","42864","11505","209701","Cancelled","2022-05-01 16:48:53",NULL,NULL,NULL,10
"78646","54219","43406","10444","212312","Cancelled","2020-01-07 17:17:14",NULL,NULL,NULL,10
"79123","54554","43645","9389","213635","Cancelled","2022-07-21 16:20:22",NULL,NULL,NULL,10
"82208","56733","45374","15340","221985","Cancelled","2021-12-30 13:15:43",NULL,NULL,NULL,10
"82989","57294","45799","2553","224129","Cancelled","2020-05-14 03:03:17",NULL,NULL,NULL,10
"83409","57597","46042","25176","225266","Cancelled","2022-08-01 09:24:47",NULL,NULL,NULL,10
"83914","57952","46341","11110","226652","Cancelled","2021-03-04 08:57:01",NULL,NULL,NULL,10
"84401","58311","46638","6381","227954","Cancelled","2021-10-21 13:22:59",NULL,NULL,NULL,10
"85276","58928","47112","25226","230351","Cancelled","2021-11-13 06:41:50",NULL,NULL,NULL,10
"85503","59084","47240","24897","230951","Cancelled","2022-07-02 14:03:29",NULL,NULL,NULL,10
"85545","59114","47257","2681","231069","Cancelled","2021-04-16 08:18:33",NULL,NULL,NULL,10
"85806","59299","47430","24876","231780","Cancelled","2022-06-14 07:06:52",NULL,NULL,NULL,10
"86320","59647","47723","24631","233170","Cancelled","2021-05-28 14:50:34",NULL,NULL,NULL,10
"90764","62725","50214","24968","245208","Cancelled","2021-07-21 11:28:27",NULL,NULL,NULL,10
"91817","63441","50794","10764","248018","Cancelled","2021-09-16 13:02:37",NULL,NULL,NULL,10
"93499","64602","51689","11505","252518","Cancelled","2022-06-28 05:23:18",NULL,NULL,NULL,10
"94430","65243","52200","8880","255082","Cancelled","2022-04-17 11:48:28",NULL,NULL,NULL,10
"96379","66601","53245","25249","260336","Cancelled","2022-03-14 22:33:38",NULL,NULL,NULL,10
"97706","67526","53964","12566","263942","Cancelled","2022-05-20 03:18:49",NULL,NULL,NULL,10
"102823","71041","56787","10845","277729","Cancelled","2022-08-13 09:33:40",NULL,NULL,NULL,10
"105236","72726","58157","12593","284229","Cancelled","2022-09-02 04:02:18",NULL,NULL,NULL,10
"109942","75943","60724","10839","296959","Cancelled","2020-08-27 16:05:21",NULL,NULL,NULL,10
"110251","76163","60903","11579","297771","Cancelled","2020-08-22 01:38:07",NULL,NULL,NULL,10
"114013","78751","62984","24857","307932","Cancelled","2022-09-06 12:32:42.242026",NULL,NULL,NULL,10
"117373","81021","64888","11585","316952","Cancelled","2022-07-14 15:28:51",NULL,NULL,NULL,10
"117499","81108","64961","2704","317281","Cancelled","2021-10-26 00:35:46",NULL,NULL,NULL,10
"118152","81558","65319","24739","319038","Cancelled","2022-06-15 07:46:27",NULL,NULL,NULL,10
"120790","83366","66748","24857","326149","Cancelled","2021-04-15 15:02:21",NULL,NULL,NULL,10
"121293","83707","67025","12649","327511","Cancelled","2021-08-31 23:48:50",NULL,NULL,NULL,10
"127120","87667","70185","11044","343230","Cancelled","2022-08-17 02:50:56",NULL,NULL,NULL,10
"128449","88595","70963","24815","346835","Cancelled","2022-07-08 15:10:50",NULL,NULL,NULL,10
"128900","88900","71218","10926","348041","Cancelled","2020-02-17 11:51:11",NULL,NULL,NULL,10
"130626","90105","72162","10756","352690","Cancelled","2021-11-06 16:17:17",NULL,NULL,NULL,10
"133544","92133","73793","2553","360608","Cancelled","2022-08-04 04:02:42",NULL,NULL,NULL,10
"134507","92805","74351","24600","363215","Cancelled","2022-01-01 23:20:56",NULL,NULL,NULL,10
"136219","94004","75342","2465","367845","Cancelled","2020-03-10 07:40:40",NULL,NULL,NULL,10
"136623","94278","75564","14054","368911","Cancelled","2021-04-10 16:04:23",NULL,NULL,NULL,10
"136827","94421","75670","26169","369475","Cancelled","2022-02-02 06:40:43",NULL,NULL,NULL,10
"137157","94647","75868","15822","370361","Cancelled","2022-08-18 12:18:07",NULL,NULL,NULL,10
"137242","94697","75907","24939","370585","Cancelled","2021-05-07 12:12:40",NULL,NULL,NULL,10
"138520","95584","76636","10964","374039","Cancelled","2020-04-29 05:46:57",NULL,NULL,NULL,10
"138836","95804","76817","8903","374901","Cancelled","2022-08-20 16:11:15",NULL,NULL,NULL,10
"142686","98448","78933","12552","385258","Cancelled","2022-05-20 05:57:00",NULL,NULL,NULL,10
"143210","98809","79227","10734","386681","Cancelled","2022-08-25 05:10:55",NULL,NULL,NULL,10
"143651","99122","79473","8880","387860","Cancelled","2022-05-12 22:22:40",NULL,NULL,NULL,10
"144775","99897","80103","10730","390907","Cancelled","2022-05-17 01:19:32",NULL,NULL,NULL,10
"145232","100203","80347","9518","392153","Cancelled","2022-03-29 22:55:55",NULL,NULL,NULL,10
"145610","100470","80580","10786","393195","Cancelled","2021-04-26 02:26:44",NULL,NULL,NULL,10
"145739","100558","80658","24699","393543","Cancelled","2022-04-20 23:35:10",NULL,NULL,NULL,10
"145747","100562","80664","25343","393563","Cancelled","2021-01-19 01:33:09",NULL,NULL,NULL,10
"146363","100986","81025","12631","395230","Cancelled","2021-06-13 16:52:00",NULL,NULL,NULL,10
"150872","104111","83520","25226","407477","Cancelled","2022-07-15 10:52:48",NULL,NULL,NULL,10
"151221","104343","83712","24815","408408","Cancelled","2020-11-04 03:09:32",NULL,NULL,NULL,10
"152203","105017","84282","6381","411056","Cancelled","2021-12-03 09:25:22",NULL,NULL,NULL,10
"153094","105617","84741","18636","413436","Cancelled","2022-07-02 13:05:23",NULL,NULL,NULL,10
"153810","106128","85132","11044","415347","Cancelled","2022-05-19 23:24:29",NULL,NULL,NULL,10
"154282","106453","85384","9436","416611","Cancelled","2022-07-03 04:25:55",NULL,NULL,NULL,10
"154675","106723","85623","18293","417674","Cancelled","2021-09-22 02:44:51",NULL,NULL,NULL,10
"154709","106747","85650","24739","417767","Cancelled","2021-05-12 01:38:19",NULL,NULL,NULL,10
"156583","108006","86624","25343","422773","Cancelled","2021-08-25 10:33:57",NULL,NULL,NULL,10
"158345","109222","87596","9071","427517","Cancelled","2022-03-25 03:17:12",NULL,NULL,NULL,10
"159089","109743","88012","25198","429528","Cancelled","2021-04-01 11:20:11",NULL,NULL,NULL,10
"162092","111785","89611","12651","437678","Cancelled","2019-08-08 16:46:01",NULL,NULL,NULL,10
"162260","111907","89719","10786","438143","Cancelled","2022-09-04 21:01:37",NULL,NULL,NULL,10
"163243","112596","90293","9331","440788","Cancelled","2022-01-12 14:13:14",NULL,NULL,NULL,10
"164099","113192","90770","25099","443136","Cancelled","2020-06-30 22:58:20",NULL,NULL,NULL,10
"167359","115414","92513","25343","451985","Cancelled","2020-08-01 06:44:35",NULL,NULL,NULL,10
"168851","116449","93359","10921","455974","Cancelled","2021-04-06 12:22:08",NULL,NULL,NULL,10
"169999","117225","93999","745","459069","Cancelled","2021-02-25 15:33:41",NULL,NULL,NULL,10
"172679","119082","95456","10820","466372","Cancelled","2020-03-28 08:50:34",NULL,NULL,NULL,10
"172977","119297","95622","24699","467199","Cancelled","2022-02-25 23:29:21",NULL,NULL,NULL,10
"173034","119332","95652","9389","467353","Cancelled","2019-05-20 21:50:01",NULL,NULL,NULL,10
"173201","119451","95768","745","467787","Cancelled","2022-06-24 10:09:34",NULL,NULL,NULL,10
"173223","119466","95780","9297","467847","Cancelled","2022-08-09 17:39:00",NULL,NULL,NULL,10
"175279","120877","96909","15302","473353","Cancelled","2021-10-25 14:03:16",NULL,NULL,NULL,10
"176511","121731","97631","8903","476721","Cancelled","2020-12-05 07:12:30",NULL,NULL,NULL,10
"348","250","216","10764","918","Processing","2021-10-08 04:31:04",NULL,NULL,NULL,10
"8064","5526","4475","24699","21878","Processing","2022-08-21 09:17:12",NULL,NULL,NULL,10
"8267","5666","4585","8880","22421","Processing","2022-03-11 10:23:54",NULL,NULL,NULL,10
"9178","6292","5100","10820","24884","Processing","2022-01-24 07:56:10",NULL,NULL,NULL,10
"11368","7820","6342","10871","30796","Processing","2020-03-02 10:43:23",NULL,NULL,NULL,10
"16069","11040","8861","24699","43491","Processing","2022-07-15 14:08:54",NULL,NULL,NULL,10
"18527","12727","10209","10444","50168","Processing","2022-01-30 16:03:46",NULL,NULL,NULL,10
"22060","15167","12111","26169","59630","Processing","2021-11-26 10:27:26",NULL,NULL,NULL,10
"22378","15390","12297","9291","60467","Processing","2020-07-31 07:06:34",NULL,NULL,NULL,10
"24082","16564","13242","9383","65102","Processing","2020-06-22 08:12:48",NULL,NULL,NULL,10
"24406","16792","13416","5720","65966","Processing","2022-08-06 14:46:49",NULL,NULL,NULL,10
"24548","16887","13494","25310","66348","Processing","2022-07-30 08:40:10",NULL,NULL,NULL,10
"24584","16916","13513","18293","66435","Processing","2022-04-29 02:39:16",NULL,NULL,NULL,10
"24787","17069","13634","10444","66983","Processing","2022-02-11 02:06:22",NULL,NULL,NULL,10
"24813","17087","13648","9331","67057","Processing","2019-05-06 22:18:31",NULL,NULL,NULL,10
"26572","18309","14629","24815","71815","Processing","2019-02-15 00:38:17",NULL,NULL,NULL,10
"27102","18670","14918","10921","73279","Processing","2022-08-08 23:44:24",NULL,NULL,NULL,10
"27159","18708","14956","2681","73426","Processing","2021-08-22 14:05:23",NULL,NULL,NULL,10
"27778","19139","15305","8931","75099","Processing","2020-01-26 14:04:07",NULL,NULL,NULL,10
"28591","19684","15738","12593","77285","Processing","2021-12-13 08:31:11",NULL,NULL,NULL,10
"28606","19691","15744","24692","77327","Processing","2020-03-21 04:17:30",NULL,NULL,NULL,10
"30130","20746","16590","11045","81449","Processing","2022-09-07 04:37:26",NULL,NULL,NULL,10
"32271","22203","17755","24968","87191","Processing","2020-09-21 09:45:50",NULL,NULL,NULL,10
"36208","24930","19926","25351","97769","Processing","2022-06-11 02:18:00",NULL,NULL,NULL,10
"38754","26693","21334","10921","104634","Processing","2022-04-27 11:23:51",NULL,NULL,NULL,10
"40473","27850","22236","9331","109260","Processing","2020-01-26 13:33:11",NULL,NULL,NULL,10
"40756","28035","22365","10885","110058","Processing","2022-05-12 01:37:01",NULL,NULL,NULL,10
"42844","29484","23499","11664","115711","Processing","2021-11-03 09:06:11",NULL,NULL,NULL,10
"42947","29549","23573","24815","115976","Processing","2022-06-19 05:56:44",NULL,NULL,NULL,10
"43646","30025","23936","24968","117881","Processing","2022-06-22 14:16:34",NULL,NULL,NULL,10
"44475","30616","24435","15441","120121","Processing","2022-06-26 02:13:26",NULL,NULL,NULL,10
"44617","30708","24508","24771","120508","Processing","2021-11-16 12:22:11",NULL,NULL,NULL,10
"45603","31399","25063","26169","123138","Processing","2022-04-29 07:57:52",NULL,NULL,NULL,10
"46860","32275","25778","11499","126514","Processing","2020-04-01 05:53:46",NULL,NULL,NULL,10
"47790","32929","26308","10964","128989","Processing","2022-06-25 13:05:29",NULL,NULL,NULL,10
"48159","33171","26503","15706","129988","Processing","2021-05-30 09:13:08",NULL,NULL,NULL,10
"48906","33696","26908","26169","131980","Processing","2019-09-24 13:07:28",NULL,NULL,NULL,10
"50742","34968","27906","10886","136944","Processing","2022-05-28 14:04:36",NULL,NULL,NULL,10
"52801","36397","29082","18636","142483","Processing","2022-06-06 04:12:10",NULL,NULL,NULL,10
"53682","36988","29549","24636","144869","Processing","2021-04-27 12:56:35",NULL,NULL,NULL,10
"54368","37464","29936","10812","146708","Processing","2021-03-11 04:46:54",NULL,NULL,NULL,10
"54661","37682","30111","25343","147500","Processing","2021-09-23 12:12:40",NULL,NULL,NULL,10
"55499","38254","30572","8903","149751","Processing","2021-09-30 04:50:16",NULL,NULL,NULL,10
"57602","39697","31716","9071","155456","Processing","2021-04-20 15:44:14",NULL,NULL,NULL,10
"57692","39760","31771","9109","155696","Processing","2020-07-04 05:57:59",NULL,NULL,NULL,10
"58585","40384","32253","18050","158117","Processing","2022-09-04 00:35:52",NULL,NULL,NULL,10
"61164","42112","33663","10964","165124","Processing","2021-03-27 03:45:29",NULL,NULL,NULL,10
"61551","42387","33879","10845","166152","Processing","2021-05-14 09:42:29",NULL,NULL,NULL,10
"63151","43480","34766","12566","170513","Processing","2021-03-17 02:13:07",NULL,NULL,NULL,10
"63897","43986","35182","10905","172489","Processing","2022-02-27 02:44:20",NULL,NULL,NULL,10
"64583","44455","35558","10734","174374","Processing","2021-06-23 02:07:26",NULL,NULL,NULL,10
"64777","44589","35677","9071","174909","Processing","2021-09-25 03:06:02",NULL,NULL,NULL,10
"65263","44934","35928","10905","176221","Processing","2022-07-03 04:30:46",NULL,NULL,NULL,10
"65956","45402","36295","24720","178098","Processing","2021-09-08 01:33:47",NULL,NULL,NULL,10
"66876","46006","36793","24788","180567","Processing","2022-08-24 14:59:00",NULL,NULL,NULL,10
"68611","47222","37769","14054","185217","Processing","2021-12-04 00:53:36",NULL,NULL,NULL,10
"69817","48064","38433","10730","188470","Processing","2022-08-06 08:26:46",NULL,NULL,NULL,10
"72714","50086","40089","24897","196351","Processing","2022-09-01 05:42:13",NULL,NULL,NULL,10
"75371","51937","41559","745","203491","Processing","2021-01-13 13:02:57",NULL,NULL,NULL,10
"75840","52267","41850","9319","204793","Processing","2022-06-26 09:33:37",NULL,NULL,NULL,10
"76205","52518","42025","12631","205785","Processing","2022-08-14 12:48:52",NULL,NULL,NULL,10
"76492","52725","42190","10937","206560","Processing","2022-09-04 00:09:40.682534",NULL,NULL,NULL,10
"80115","55254","44189","25099","216321","Processing","2021-04-20 08:54:00",NULL,NULL,NULL,10
"82554","56983","45558","10885","222948","Processing","2021-01-11 23:46:50",NULL,NULL,NULL,10
"82831","57184","45721","2553","223699","Processing","2022-08-28 00:45:25",NULL,NULL,NULL,10
"82875","57214","45741","24788","223826","Processing","2021-12-30 09:10:45",NULL,NULL,NULL,10
"83480","57647","46086","9349","225456","Processing","2020-03-08 11:35:29",NULL,NULL,NULL,10
"83749","57843","46246","10839","226187","Processing","2022-08-10 06:43:43",NULL,NULL,NULL,10
"83960","57985","46368","9123","226775","Processing","2022-05-25 04:47:49",NULL,NULL,NULL,10
"84194","58157","46498","10926","227406","Processing","2022-01-03 17:23:00",NULL,NULL,NULL,10
"84606","58449","46751","24968","228517","Processing","2022-04-16 08:23:03",NULL,NULL,NULL,10
"87239","60282","48248","8921","235671","Processing","2020-04-17 12:05:45",NULL,NULL,NULL,10
"90244","62378","49938","11595","243796","Processing","2022-04-07 07:01:46",NULL,NULL,NULL,10
"90711","62690","50190","12585","245063","Processing","2021-07-05 15:22:28",NULL,NULL,NULL,10
"91162","62992","50430","11664","246263","Processing","2020-08-14 23:30:54",NULL,NULL,NULL,10
"92811","64127","51328","25176","250675","Processing","2021-12-23 23:56:16",NULL,NULL,NULL,10
"96197","66482","53156","9447","259847","Processing","2022-08-18 09:49:09",NULL,NULL,NULL,10
"100892","69729","55758","10964","272502","Processing","2021-05-14 01:52:29",NULL,NULL,NULL,10
"101860","70393","56286","12566","275094","Processing","2022-06-30 07:09:35",NULL,NULL,NULL,10
"102149","70585","56432","11664","275894","Processing","2021-03-24 18:26:26",NULL,NULL,NULL,10
"103725","71682","57311","9349","280200","Processing","2022-08-06 13:29:03",NULL,NULL,NULL,10
"104855","72453","57926","24815","283233","Processing","2022-06-04 01:30:30",NULL,NULL,NULL,10
"105098","72633","58080","9157","283888","Processing","2021-12-11 09:48:36",NULL,NULL,NULL,10
"105947","73214","58565","6381","286185","Processing","2020-10-16 08:18:55",NULL,NULL,NULL,10
"106654","73694","58936","10786","288078","Processing","2022-04-11 04:26:52",NULL,NULL,NULL,10
"106797","73793","59007","25198","288463","Processing","2021-07-15 16:00:01",NULL,NULL,NULL,10
"106843","73824","59027","11044","288579","Processing","2022-04-28 01:06:04",NULL,NULL,NULL,10
"107540","74303","59405","9071","290478","Processing","2021-10-23 15:56:06",NULL,NULL,NULL,10
"109468","75620","60444","18293","295695","Processing","2022-08-13 00:09:03",NULL,NULL,NULL,10
"109965","75961","60736","24968","297016","Processing","2022-07-23 02:44:34",NULL,NULL,NULL,10
"111469","77002","61614","10730","301041","Processing","2022-08-12 02:21:41",NULL,NULL,NULL,10
"111603","77091","61670","15471","301412","Processing","2020-05-06 21:30:08",NULL,NULL,NULL,10
"113585","78469","62756","12631","306775","Processing","2022-08-23 07:08:36",NULL,NULL,NULL,10
"114341","78976","63167","25173","308824","Processing","2021-10-30 00:44:39",NULL,NULL,NULL,10
"118409","81735","65443","25173","319725","Processing","2022-09-04 10:36:10.290958",NULL,NULL,NULL,10
"119451","82456","66014","15931","322502","Processing","2021-08-03 23:57:04",NULL,NULL,NULL,10
"120583","83223","66642","26169","325594","Processing","2021-11-09 10:39:54",NULL,NULL,NULL,10
"121177","83624","66956","12637","327202","Processing","2020-12-17 05:11:01",NULL,NULL,NULL,10
"122843","84751","67825","15931","331700","Processing","2022-09-03 01:36:04.672255",NULL,NULL,NULL,10
"123738","85365","68313","9071","334065","Processing","2021-05-19 11:17:48",NULL,NULL,NULL,10
"124376","85802","68671","11044","335757","Processing","2022-03-03 08:27:42",NULL,NULL,NULL,10
"126549","87292","69862","11045","341687","Processing","2022-01-30 00:58:52",NULL,NULL,NULL,10
"127489","87911","70390","9331","344194","Processing","2021-11-09 15:24:53",NULL,NULL,NULL,10
"128780","88814","71142","10964","347717","Processing","2022-08-20 07:19:00",NULL,NULL,NULL,10
"129210","89111","71391","24815","348895","Processing","2020-08-01 09:50:31",NULL,NULL,NULL,10
"131318","90587","72572","12649","354555","Processing","2022-07-10 17:35:54",NULL,NULL,NULL,10
"131517","90715","72679","12631","355094","Processing","2021-07-09 10:06:53",NULL,NULL,NULL,10
"132004","91063","72945","15441","356408","Processing","2022-08-19 00:46:16",NULL,NULL,NULL,10
"133225","91928","73633","14054","359739","Processing","2021-10-27 21:58:16",NULL,NULL,NULL,10
"133684","92238","73879","24771","360983","Processing","2022-08-19 17:02:52",NULL,NULL,NULL,10
"137113","94624","75840","24699","370239","Processing","2022-04-15 22:47:31",NULL,NULL,NULL,10
"137951","95196","76309","11110","372492","Processing","2022-03-30 23:22:49",NULL,NULL,NULL,10
"138357","95477","76550","12593","373609","Processing","2019-06-15 15:06:42",NULL,NULL,NULL,10
"138925","95868","76869","25310","375147","Processing","2022-05-10 00:35:24",NULL,NULL,NULL,10
"138976","95903","76900","8866","375286","Processing","2022-09-02 03:55:32",NULL,NULL,NULL,10
"139585","96292","77226","12651","376928","Processing","2021-08-20 06:47:59",NULL,NULL,NULL,10
"141020","97270","78012","24720","380754","Processing","2021-04-07 12:53:51",NULL,NULL,NULL,10
"143418","98964","79349","10886","387225","Processing","2020-07-23 09:42:58",NULL,NULL,NULL,10
"143785","99210","79540","12585","388201","Processing","2022-08-14 03:44:48",NULL,NULL,NULL,10
"144369","99612","79867","8880","389805","Processing","2020-09-14 17:22:16",NULL,NULL,NULL,10
"145648","100493","80604","12566","393298","Processing","2022-04-16 08:57:15",NULL,NULL,NULL,10
"146501","101081","81099","25351","395598","Processing","2022-05-08 16:27:06",NULL,NULL,NULL,10
"148262","102316","82072","9071","400323","Processing","2020-10-14 18:18:38",NULL,NULL,NULL,10
"148795","102672","82363","24968","401806","Processing","2021-04-28 04:30:37",NULL,NULL,NULL,10
"151293","104385","83746","24857","408596","Processing","2021-01-19 10:14:48",NULL,NULL,NULL,10
"153004","105556","84690","2704","413179","Processing","2022-01-03 14:07:28",NULL,NULL,NULL,10
"160959","111033","89018","9447","434585","Processing","2022-09-05 23:02:18",NULL,NULL,NULL,10
"161021","111070","89048","2704","434748","Processing","2022-03-12 07:26:45",NULL,NULL,NULL,10
"161266","111240","89182","9123","435409","Processing","2022-02-18 04:09:00",NULL,NULL,NULL,10
"161921","111684","89543","10937","437216","Processing","2022-03-22 05:37:57",NULL,NULL,NULL,10
"163427","112723","90388","24771","441290","Processing","2022-02-04 02:34:45",NULL,NULL,NULL,10
"165152","113895","91316","24788","446026","Processing","2022-01-06 00:28:51",NULL,NULL,NULL,10
"165584","114201","91560","8921","447204","Processing","2022-02-08 04:09:41",NULL,NULL,NULL,10
"165959","114456","91751","24631","448230","Processing","2021-11-20 14:43:17",NULL,NULL,NULL,10
"166169","114604","91879","9506","448796","Processing","2022-02-03 12:54:42",NULL,NULL,NULL,10
"166183","114614","91888","15294","448831","Processing","2021-01-27 00:50:35",NULL,NULL,NULL,10
"166220","114637","91903","24771","448931","Processing","2020-12-26 12:07:15",NULL,NULL,NULL,10
"166272","114669","91927","2465","449071","Processing","2022-05-20 23:10:04",NULL,NULL,NULL,10
"167248","115336","92447","11585","451692","Processing","2022-08-04 10:21:15",NULL,NULL,NULL,10
"167729","115665","92711","24464","452949","Processing","2019-12-04 11:52:36",NULL,NULL,NULL,10
"167945","115820","92855","10845","453518","Processing","2022-03-20 04:34:16",NULL,NULL,NULL,10
"168612","116275","93228","25198","455340","Processing","2021-01-23 23:10:49",NULL,NULL,NULL,10
"169336","116784","93631","15294","457278","Processing","2020-08-01 03:12:02",NULL,NULL,NULL,10
"169645","116986","93801","24750","458111","Processing","2021-06-27 15:16:24",NULL,NULL,NULL,10
"170870","117806","94470","15471","461481","Processing","2021-06-03 11:20:42",NULL,NULL,NULL,10
"83909","57948","46333","18553","226636","Cancelled","2022-08-08 23:05:26",NULL,NULL,NULL,"16"
"89799","62073","49692","26164","242582","Cancelled","2022-06-26 11:43:49",NULL,NULL,NULL,"16"
"92754","64088","51293","24805","250520","Cancelled","2022-04-24 12:12:04",NULL,NULL,NULL,"16"
"94006","64944","51972","14199","253907","Cancelled","2020-02-24 01:01:52",NULL,NULL,NULL,"16"
"94171","65058","52043","22800","254351","Cancelled","2022-08-15 06:05:06",NULL,NULL,NULL,"16"
"94491","65278","52227","25243","255243","Cancelled","2022-05-16 11:53:43",NULL,NULL,NULL,"16"
"100691","69581","55649","26385","271940","Cancelled","2021-12-31 08:48:39",NULL,NULL,NULL,"16"
"105331","72787","58220","25275","284499","Cancelled","2021-09-23 15:29:33",NULL,NULL,NULL,"16"
"110902","76615","61284","25340","299515","Cancelled","2022-03-01 13:08:48",NULL,NULL,NULL,"16"
"114634","79177","63328","26220","309604","Cancelled","2022-08-17 03:36:28",NULL,NULL,NULL,"16"
"115573","79817","63862","11120","312129","Cancelled","2020-12-14 12:00:42",NULL,NULL,NULL,"16"
"119827","82723","66223","10641","323516","Cancelled","2020-02-10 05:18:22",NULL,NULL,NULL,"16"
"120240","82991","66439","25620","324640","Cancelled","2021-05-22 10:15:28",NULL,NULL,NULL,"16"
"122193","84294","67482","25359","329923","Cancelled","2022-08-25 10:47:03",NULL,NULL,NULL,"16"
"124303","85755","68629","9462","335564","Cancelled","2021-11-28 13:02:28",NULL,NULL,NULL,"16"
"125803","86768","69430","25054","339630","Cancelled","2022-06-11 23:50:00",NULL,NULL,NULL,"16"
"126410","87201","69780","24798","341305","Cancelled","2022-07-16 05:26:27",NULL,NULL,NULL,"16"
"126615","87326","69895","24710","341864","Cancelled","2022-01-30 05:08:21",NULL,NULL,NULL,"16"
"131297","90571","72556","28307","354501","Cancelled","2022-08-03 23:38:46",NULL,NULL,NULL,"16"
"134704","92932","74454","9248","363758","Cancelled","2022-04-28 15:02:06",NULL,NULL,NULL,"16"
"137941","95189","76302","25359","372459","Cancelled","2022-06-15 01:28:18",NULL,NULL,NULL,"16"
"139267","96087","77053","25260","376067","Cancelled","2020-03-19 17:24:42",NULL,NULL,NULL,"16"
"139943","96534","77413","9308","377876","Cancelled","2021-06-14 12:00:48",NULL,NULL,NULL,"16"
"141084","97308","78038","26164","380933","Cancelled","2020-10-26 12:30:40",NULL,NULL,NULL,"16"
"141893","97869","78468","12579","383119","Cancelled","2022-07-23 08:01:44",NULL,NULL,NULL,"16"
"147880","102048","81850","25067","399288","Cancelled","2021-09-27 00:26:56",NULL,NULL,NULL,"16"
"150385","103772","83246","10641","406160","Cancelled","2022-06-26 23:00:00",NULL,NULL,NULL,"16"
"151959","104845","84137","25359","410401","Cancelled","2022-04-08 23:40:20",NULL,NULL,NULL,"16"
"152670","105345","84515","25275","412298","Cancelled","2021-01-21 05:37:20",NULL,NULL,NULL,"16"
"156947","108257","86822","18170","423756","Cancelled","2021-08-09 02:16:28",NULL,NULL,NULL,"16"
"160043","110406","88546","25067","432118","Cancelled","2021-03-22 12:58:42",NULL,NULL,NULL,"16"
"160875","110969","88966","25243","434356","Cancelled","2020-10-17 21:46:10",NULL,NULL,NULL,"16"
"161896","111666","89528","24647","437147","Cancelled","2021-05-17 16:54:50",NULL,NULL,NULL,"16"
"165669","114260","91605","25076","447445","Cancelled","2022-05-25 01:42:32",NULL,NULL,NULL,"16"
"169415","116841","93670","28307","457487","Cancelled","2021-02-12 22:45:31",NULL,NULL,NULL,"16"
"173923","119961","96192","18553","469670","Cancelled","2021-01-23 14:05:51",NULL,NULL,NULL,"16"
"179157","123567","99118","25359","483818","Cancelled","2020-03-16 12:21:44",NULL,NULL,NULL,"16"
"179749","123971","99435","25076","485405","Cancelled","2022-09-04 10:01:49",NULL,NULL,NULL,"16"
"180171","124255","99657","24868","486540","Cancelled","2021-11-27 01:17:48",NULL,NULL,NULL,"16"
"106","79","64","26107","290","Processing","2022-02-09 00:44:03",NULL,NULL,NULL,"16"
"1567","1087","894","26396","4247","Processing","2020-03-26 00:20:34",NULL,NULL,NULL,"16"
"2095","1443","1165","25067","5669","Processing","2022-01-07 23:25:45",NULL,NULL,NULL,"16"
"2582","1770","1427","16165","6983","Processing","2021-01-23 14:04:27",NULL,NULL,NULL,"16"
"2978","2034","1643","25283","8059","Processing","2022-09-01 06:48:03",NULL,NULL,NULL,"16"
"3837","2607","2110","25213","10385","Processing","2022-01-10 14:39:38",NULL,NULL,NULL,"16"
"7206","4923","3989","18553","19526","Processing","2022-01-23 22:51:55",NULL,NULL,NULL,"16"
"13473","9288","7487","26396","36513","Processing","2021-02-26 23:28:17",NULL,NULL,NULL,"16"
"13595","9362","7545","10835","36847","Processing","2022-06-15 06:40:39",NULL,NULL,NULL,"16"
"13786","9499","7644","8844","37364","Processing","2022-07-15 03:16:10",NULL,NULL,NULL,"16"
"13791","9503","7649","22795","37379","Processing","2020-10-15 01:48:01",NULL,NULL,NULL,"16"
"17452","12011","9654","28194","47279","Processing","2021-01-17 07:57:48",NULL,NULL,NULL,"16"
"17802","12240","9846","8977","48223","Processing","2022-09-03 03:16:41",NULL,NULL,NULL,"16"
"19452","13374","10727","26107","52632","Processing","2022-09-04 23:04:18.942208",NULL,NULL,NULL,"16"
"20683","14221","11381","9160","55987","Processing","2022-03-23 23:32:12",NULL,NULL,NULL,"16"
"24155","16612","13277","11120","65298","Processing","2021-06-06 05:20:13",NULL,NULL,NULL,"16"
"26208","18057","14427","15588","70834","Processing","2022-04-28 21:12:17",NULL,NULL,NULL,"16"
"27172","18714","14960","10951","73462","Processing","2022-06-13 04:59:44",NULL,NULL,NULL,"16"
"30674","21124","16910","16165","82935","Processing","2021-11-27 21:10:02",NULL,NULL,NULL,"16"
"32237","22179","17739","12658","87096","Processing","2021-02-16 23:37:06",NULL,NULL,NULL,"16"
"32279","22208","17758","9317","87213","Processing","2020-08-20 06:01:32",NULL,NULL,NULL,"16"
"36635","25209","20156","18170","98898","Processing","2020-04-15 00:56:41",NULL,NULL,NULL,"16"
"38991","26852","21446","24892","105255","Processing","2020-08-11 09:02:10",NULL,NULL,NULL,"16"
"40574","27915","22275","11119","109542","Processing","2022-02-11 07:30:20",NULL,NULL,NULL,"16"
"42379","29156","23250","2798","114427","Processing","2022-03-29 13:09:49",NULL,NULL,NULL,"16"
"44517","30645","24463","15891","120230","Processing","2022-02-15 17:13:50",NULL,NULL,NULL,"16"
"49175","33862","27043","22795","132721","Processing","2022-09-05 06:32:42",NULL,NULL,NULL,"16"
"49454","34054","27187","25142","133485","Processing","2022-08-30 09:45:55",NULL,NULL,NULL,"16"
"52897","36463","29139","29069","142735","Processing","2022-07-01 04:49:12",NULL,NULL,NULL,"16"
"55035","37944","30310","24892","148503","Processing","2021-07-17 04:21:01",NULL,NULL,NULL,"16"
"56166","38718","30961","9368","151567","Processing","2022-05-14 06:55:36",NULL,NULL,NULL,"16"
"56511","38950","31137","11703","152520","Processing","2022-04-29 00:28:27",NULL,NULL,NULL,"16"
"60401","41601","33241","26220","163077","Processing","2021-01-04 04:08:59",NULL,NULL,NULL,"16"
"61797","42554","34031","12590","166830","Processing","2022-07-15 16:10:45",NULL,NULL,NULL,"16"
"63400","43650","34912","25213","171184","Processing","2022-06-11 07:42:10",NULL,NULL,NULL,"16"
"65372","45018","35986","25076","176522","Processing","2021-01-23 08:51:44",NULL,NULL,NULL,"16"
"65541","45139","36078","12579","176991","Processing","2020-10-03 13:46:34",NULL,NULL,NULL,"16"
"65709","45239","36155","25283","177427","Processing","2019-12-24 00:26:03",NULL,NULL,NULL,"16"
"66800","45958","36758","25141","180356","Processing","2021-08-26 12:02:08",NULL,NULL,NULL,"16"
"70577","48606","38881","22795","190529","Processing","2021-01-19 22:24:55",NULL,NULL,NULL,"16"
"71944","49555","39674","11001","194218","Processing","2020-11-19 15:55:17",NULL,NULL,NULL,"16"
"72807","50149","40144","24868","196594","Processing","2020-07-26 11:34:32",NULL,NULL,NULL,"16"
"80934","55810","44621","25137","218585","Processing","2021-05-22 05:36:18",NULL,NULL,NULL,"16"
"83727","57828","46231","24868","226130","Processing","2022-06-07 04:07:47",NULL,NULL,NULL,"16"
"84452","58345","46671","24543","228089","Processing","2022-06-14 09:14:00",NULL,NULL,NULL,"16"
"85931","59382","47508","8977","232110","Processing","2021-09-14 12:09:24",NULL,NULL,NULL,"16"
"87096","60187","48167","9160","235287","Processing","2022-04-17 05:15:26",NULL,NULL,NULL,"16"
"87477","60444","48390","10835","236318","Processing","2022-02-27 05:23:08",NULL,NULL,NULL,"16"
"91393","63152","50560","26164","246877","Processing","2022-03-03 22:13:42",NULL,NULL,NULL,"16"
"92670","64033","51254","28655","250299","Processing","2022-03-21 08:36:40",NULL,NULL,NULL,"16"
"93416","64548","51649","29069","252291","Processing","2021-05-14 02:27:14",NULL,NULL,NULL,"16"
"93451","64569","51666","9482","252385","Processing","2022-03-04 04:02:29",NULL,NULL,NULL,"16"
"93832","64834","51889","25213","253436","Processing","2021-07-13 03:48:38",NULL,NULL,NULL,"16"
"95972","66330","53040","10289","259251","Processing","2021-01-15 15:58:38",NULL,NULL,NULL,"16"
"97092","67095","53609","25137","262264","Processing","2020-10-17 05:27:15",NULL,NULL,NULL,"16"
"97834","67613","54032","26115","264287","Processing","2022-02-10 12:29:41",NULL,NULL,NULL,"16"
"99445","68723","54947","25137","268614","Processing","2021-06-28 05:18:37",NULL,NULL,NULL,"16"
"100040","69140","55282","26107","270205","Processing","2022-05-12 00:11:42",NULL,NULL,NULL,"16"
"102561","70870","56651","24892","277034","Processing","2021-07-31 06:34:13",NULL,NULL,NULL,"16"
"102856","71066","56805","18788","277817","Processing","2020-11-20 05:54:57",NULL,NULL,NULL,"16"
"104295","72065","57618","10887","281722","Processing","2022-02-11 03:14:53",NULL,NULL,NULL,"16"
"104549","72239","57754","25019","282416","Processing","2022-06-07 21:45:11",NULL,NULL,NULL,"16"
"105557","72935","58337","11001","285105","Processing","2021-12-15 16:02:36",NULL,NULL,NULL,"16"
"105603","72966","58364","8950","285241","Processing","2021-01-29 04:16:10",NULL,NULL,NULL,"16"
"106415","73536","58802","15588","287433","Processing","2020-07-11 06:45:04",NULL,NULL,NULL,"16"
"108263","74792","59807","25779","292465","Processing","2022-08-01 00:26:25",NULL,NULL,NULL,"16"
"110770","76521","61203","25019","299154","Processing","2022-08-10 03:15:34",NULL,NULL,NULL,"16"
"112365","77611","62084","6434","303491","Processing","2022-08-05 07:45:08",NULL,NULL,NULL,"16"
"112467","77681","62139","25019","303767","Processing","2022-07-05 04:59:51",NULL,NULL,NULL,"16"
"114729","79246","63391","9045","309875","Processing","2021-12-20 07:19:03",NULL,NULL,NULL,"16"
"115149","79525","63632","26350","311008","Processing","2020-06-18 02:42:41",NULL,NULL,NULL,"16"
"115528","79791","63841","10289","312008","Processing","2020-01-26 06:13:01",NULL,NULL,NULL,"16"
"117063","80828","64709","25213","316123","Processing","2021-02-28 07:41:35",NULL,NULL,NULL,"16"
"120156","82936","66405","24543","324406","Processing","2021-04-18 11:26:48",NULL,NULL,NULL,"16"
"122573","84565","67688","25359","330956","Processing","2021-11-22 05:50:12",NULL,NULL,NULL,"16"
"124663","86007","68836","15747","336544","Processing","2022-07-31 13:16:13",NULL,NULL,NULL,"16"
"124774","86084","68891","10887","336848","Processing","2022-08-11 14:13:53",NULL,NULL,NULL,"16"
"131743","90878","72793","28307","355702","Processing","2019-11-07 07:38:41",NULL,NULL,NULL,"16"
"132021","91075","72952","9248","356450","Processing","2019-10-17 14:50:15",NULL,NULL,NULL,"16"
"136095","93916","75269","22800","367513","Processing","2022-05-19 05:03:21",NULL,NULL,NULL,"16"
"141103","97320","78044","25088","380980","Processing","2022-09-07 23:19:20.684872",NULL,NULL,NULL,"16"
"141573","97649","78303","15588","382271","Processing","2021-10-20 12:13:41",NULL,NULL,NULL,"16"
"142079","98003","78584","26164","383625","Processing","2022-08-06 03:43:07",NULL,NULL,NULL,"16"
"142815","98536","78998","11120","385610","Processing","2022-05-21 01:40:41",NULL,NULL,NULL,"16"
"143196","98801","79225","24805","386640","Processing","2022-05-27 07:53:55",NULL,NULL,NULL,"16"
"145421","100336","80455","18153","392672","Processing","2020-03-29 14:38:04",NULL,NULL,NULL,"16"
"146653","101174","81180","26385","396010","Processing","2022-08-19 08:21:40",NULL,NULL,NULL,"16"
"148539","102490","82217","25188","401102","Processing","2022-05-13 06:57:26",NULL,NULL,NULL,"16"
"148733","102630","82329","25141","401639","Processing","2020-03-15 10:54:28",NULL,NULL,NULL,"16"
"150650","103957","83402","24798","406866","Processing","2022-07-07 23:33:19",NULL,NULL,NULL,"16"
"154085","106317","85270","8986","416091","Processing","2022-08-09 04:04:09",NULL,NULL,NULL,"16"
"154277","106450","85383","11665","416600","Processing","2020-01-19 08:27:58",NULL,NULL,NULL,"16"
"154289","106458","85389","12658","416627","Processing","2022-01-04 03:12:43",NULL,NULL,NULL,"16"
"155127","107022","85862","11703","418876","Processing","2021-08-18 23:13:01",NULL,NULL,NULL,"16"
"156402","107885","86535","24798","422299","Processing","2021-07-04 16:40:06",NULL,NULL,NULL,"16"
"156559","107990","86611","11021","422714","Processing","2020-04-03 00:35:31",NULL,NULL,NULL,"16"
"162129","111814","89639","25260","437776","Processing","2021-06-04 12:14:12",NULL,NULL,NULL,"16"
"162567","112125","89883","25096","438968","Processing","2021-06-17 04:47:20",NULL,NULL,NULL,"16"
"162844","112325","90075","24805","439733","Processing","2022-08-04 08:42:25",NULL,NULL,NULL,"16"
"164289","113323","90864","24805","443663","Processing","2020-05-29 04:02:56",NULL,NULL,NULL,"16"
"164394","113399","90924","11665","443956","Processing","2021-09-29 08:20:35",NULL,NULL,NULL,"16"
"164935","113751","91193","11703","445433","Processing","2022-01-21 10:47:51",NULL,NULL,NULL,"16"
"167175","115285","92405","14941","451498","Processing","2022-08-23 10:28:40",NULL,NULL,NULL,"16"
"168860","116454","93363","25213","456001","Processing","2020-09-14 15:35:44",NULL,NULL,NULL,"16"
"171840","118488","95000","11665","464102","Processing","2022-08-09 10:10:31",NULL,NULL,NULL,"16"
"173326","119542","95844","24526","468105","Processing","2020-08-22 01:43:50",NULL,NULL,NULL,"16"
"173626","119756","96022","25067","468877","Processing","2022-02-25 04:21:40",NULL,NULL,NULL,"16"
"174158","120116","96323","26107","470295","Processing","2022-09-03 22:19:02.990785",NULL,NULL,NULL,"16"
"175761","121217","97214","25076","474674","Processing","2022-02-22 05:59:31",NULL,NULL,NULL,"16"
"175798","121239","97226","25141","474775","Processing","2022-03-07 04:13:10",NULL,NULL,NULL,"16"
"175998","121381","97350","8986","475310","Processing","2022-08-04 01:35:00",NULL,NULL,NULL,"16"
"177571","122471","98232","14941","479559","Processing","2021-07-21 23:22:03",NULL,NULL,NULL,"16"
"179284","123656","99193","25141","484155","Processing","2020-11-02 03:31:58",NULL,NULL,NULL,"16"
"179443","123761","99279","25779","484595","Processing","2022-04-09 08:02:51",NULL,NULL,NULL,"16"
"180644","124581","99894","22795","487811","Processing","2022-08-16 15:58:38",NULL,NULL,NULL,"16"
"3463","2344","1884","11566","9364","Shipped","2021-10-23 02:16:24","2021-10-25 07:28:00",NULL,NULL,"17"
"5639","3843","3129","24584","15263","Shipped","2021-12-24 13:23:25","2021-12-27 03:41:00",NULL,NULL,"17"
"7752","5316","4303","13208","21027","Shipped","2020-06-24 08:10:42","2020-06-23 17:58:00",NULL,NULL,"17"
"8767","6015","4868","9466","23776","Shipped","2022-01-29 13:53:49","2022-01-30 18:56:00",NULL,NULL,"17"
"12951","8935","7210","11328","35090","Shipped","2022-08-24 12:41:56","2022-08-27 13:31:00",NULL,NULL,"17"
"13063","9019","7274","10535","35385","Shipped","2020-12-24 04:37:41","2020-12-25 17:07:00",NULL,NULL,"17"
"13307","9177","7394","16248","36047","Shipped","2022-02-01 13:15:11","2022-02-02 12:19:00",NULL,NULL,"17"
"16846","11591","9332","9499","45629","Shipped","2022-08-15 07:20:59","2022-08-15 16:52:00",NULL,NULL,"17"
"17696","12167","9783","18278","47934","Shipped","2021-11-29 06:33:20","2021-11-30 10:10:00",NULL,NULL,"17"
"18387","12644","10142","10535","49792","Shipped","2022-08-02 08:18:32","2022-08-05 04:32:00",NULL,NULL,"17"
"25497","17569","14040","18447","68900","Shipped","2021-01-13 09:19:04","2021-01-15 20:26:00",NULL,NULL,"17"
"25785","17775","14198","9499","69687","Shipped","2022-08-16 05:00:29","2022-08-17 06:09:00",NULL,NULL,"17"
"33006","22725","18147","25125","89169","Shipped","2022-02-12 11:39:17","2022-02-12 15:10:00",NULL,NULL,"17"
"41507","28547","22772","10608","112043","Shipped","2022-06-28 00:41:08","2022-06-30 22:06:00",NULL,NULL,"17"
"45697","31461","25111","25337","123396","Shipped","2022-05-24 07:39:47","2022-05-25 06:12:00",NULL,NULL,"17"
"46794","32225","25741","13372","126340","Shipped","2022-09-04 09:36:04.848271","2022-09-03 19:25:20.848271",NULL,NULL,"17"
"47308","32593","26028","24542","127693","Shipped","2020-04-25 17:16:21","2020-04-26 09:01:00",NULL,NULL,"17"
"48243","33238","26559","25859","130205","Shipped","2021-03-04 15:25:25","2021-03-05 03:12:00",NULL,NULL,"17"
"51145","35260","28148","25486","138046","Shipped","2022-08-23 04:07:18","2022-08-21 06:55:00",NULL,NULL,"17"
"52343","36073","28805","24906","141245","Shipped","2019-03-14 01:18:44","2019-03-14 13:22:00",NULL,NULL,"17"
"53263","36710","29336","25221","143724","Shipped","2021-06-06 01:15:45","2021-06-07 05:41:00",NULL,NULL,"17"
"56482","38936","31125","24649","152443","Shipped","2019-08-12 01:23:54","2019-08-13 22:12:00",NULL,NULL,"17"
"58573","40376","32247","26182","158086","Shipped","2021-04-25 00:50:34","2021-04-24 04:18:00",NULL,NULL,"17"
"59601","41070","32812","24629","160876","Shipped","2022-04-13 11:32:51","2022-04-14 15:03:00",NULL,NULL,"17"
"62202","42839","34247","26323","167908","Shipped","2022-08-21 14:16:02","2022-08-21 20:39:00",NULL,NULL,"17"
"65777","45286","36198","24542","177612","Shipped","2021-11-07 06:50:00","2021-11-05 03:03:00",NULL,NULL,"17"
"67237","46262","36994","24542","181566","Shipped","2022-08-12 23:36:07","2022-08-14 17:37:00",NULL,NULL,"17"
"69764","48031","38405","16274","188323","Shipped","2022-01-13 13:52:30","2022-01-14 16:26:00",NULL,NULL,"17"
"70768","48731","38987","10535","191050","Shipped","2021-08-20 08:23:16","2021-08-23 09:32:00",NULL,NULL,"17"
"71489","49228","39398","25532","193017","Shipped","2022-09-02 10:11:27","2022-09-03 17:59:00",NULL,NULL,"17"
"76888","53018","42423","25337","207631","Shipped","2021-11-17 07:38:54","2021-11-17 19:39:00",NULL,NULL,"17"
"80498","55522","44387","11023","217373","Shipped","2021-02-07 13:38:06","2021-02-08 13:58:00",NULL,NULL,"17"
"84243","58196","46535","28345","227536","Shipped","2022-03-19 00:24:49","2022-03-19 07:03:00",NULL,NULL,"17"
"85211","58884","47076","25486","230169","Shipped","2022-04-19 17:43:18","2022-04-21 14:54:00",NULL,NULL,"17"
"85289","58939","47122","9020","230386","Shipped","2022-01-18 04:45:07","2022-01-19 11:52:00",NULL,NULL,"17"
"86147","59528","47624","16274","232714","Shipped","2021-09-29 06:57:36","2021-09-29 16:17:00",NULL,NULL,"17"
"86791","59977","47991","26182","234462","Shipped","2022-06-11 00:50:22","2022-06-12 16:46:00",NULL,NULL,"17"
"89598","61936","49581","16274","242033","Shipped","2022-08-27 08:47:30","2022-08-28 07:08:00",NULL,NULL,"17"
"90978","62872","50338","25754","245756","Shipped","2022-06-07 04:11:18","2022-06-05 20:28:00",NULL,NULL,"17"
"92004","63571","50893","24542","248507","Shipped","2022-08-22 03:33:48","2022-08-19 17:34:00",NULL,NULL,"17"
"97288","67240","53726","24629","262796","Shipped","2021-12-22 01:21:45","2021-12-20 13:01:00",NULL,NULL,"17"
"100928","69752","55775","25125","272597","Shipped","2022-07-21 14:24:19","2022-07-21 14:15:00",NULL,NULL,"17"
"102152","70588","56436","25125","275902","Shipped","2021-05-18 02:57:37","2021-05-21 02:29:00",NULL,NULL,"17"
"103945","71833","57441","24906","280789","Shipped","2021-03-20 15:45:26","2021-03-17 20:56:00",NULL,NULL,"17"
"106757","73763","58983","18250","288359","Shipped","2022-08-30 15:55:30","2022-08-31 22:40:00",NULL,NULL,"17"
"106889","73858","59057","24542","288709","Shipped","2022-06-14 06:28:23","2022-06-16 10:10:00",NULL,NULL,"17"
"107570","74317","59413","28345","290556","Shipped","2021-01-06 05:19:04","2021-01-06 22:19:00",NULL,NULL,"17"
"110541","76359","61072","26323","298547","Shipped","2022-06-05 00:19:46","2022-06-07 13:23:00",NULL,NULL,"17"
"110545","76362","61072","25486","298557","Shipped","2021-06-07 01:17:44","2021-06-07 12:53:00",NULL,NULL,"17"
"111067","76733","61379","18278","299958","Shipped","2022-07-09 12:16:34","2022-07-10 13:39:00",NULL,NULL,"17"
"111922","77303","61855","9499","302283","Shipped","2021-02-15 10:10:43","2021-02-14 11:35:00",NULL,NULL,"17"
"112542","77733","62178","9466","303967","Shipped","2020-10-02 08:12:31","2020-09-30 12:24:00",NULL,NULL,"17"
"113039","78083","62462","11023","305324","Shipped","2022-07-02 11:43:51","2022-07-01 11:49:00",NULL,NULL,"17"
"113663","78520","62791","11566","306984","Shipped","2020-06-30 10:29:52","2020-07-03 02:05:00",NULL,NULL,"17"
"115014","79438","63559","25221","310649","Shipped","2022-01-02 01:39:16","2022-01-01 20:14:00",NULL,NULL,"17"
"118005","81453","65225","16248","318646","Shipped","2022-04-12 09:18:34","2022-04-14 02:18:00",NULL,NULL,"17"
"124780","86089","68896","25859","336867","Shipped","2020-06-16 04:44:24","2020-06-17 18:42:00",NULL,NULL,"17"
"126462","87232","69814","26851","341441","Shipped","2021-04-27 06:06:59","2021-04-25 23:52:00",NULL,NULL,"17"
"126483","87247","69829","13208","341503","Shipped","2022-06-01 09:50:27","2022-06-02 10:56:00",NULL,NULL,"17"
"128928","88919","71230","10608","348118","Shipped","2022-06-24 03:20:59","2022-06-22 19:47:00",NULL,NULL,"17"
"131044","90396","72406","9448","353817","Shipped","2022-01-03 08:06:19","2022-01-05 01:51:00",NULL,NULL,"17"
"133759","92292","73924","26323","361185","Shipped","2021-02-27 14:19:18","2021-02-27 16:50:00",NULL,NULL,"17"
"136517","94210","75512","13294","368626","Shipped","2022-03-19 06:58:06","2022-03-18 03:05:00",NULL,NULL,"17"
"140633","97011","77803","25486","379721","Shipped","2020-12-31 06:19:47","2021-01-01 04:02:00",NULL,NULL,"17"
"142928","98617","79062","24629","385912","Shipped","2022-07-20 02:42:44","2022-07-20 13:47:00",NULL,NULL,"17"
"143229","98824","79236","9448","386731","Shipped","2022-08-08 09:04:05","2022-08-11 01:15:00",NULL,NULL,"17"
"147362","101674","81546","26182","397890","Shipped","2019-12-22 10:33:53","2019-12-23 02:21:00",NULL,NULL,"17"
"149414","103120","82707","25532","403474","Shipped","2020-03-17 14:27:01","2020-03-17 05:05:00",NULL,NULL,"17"
"152930","105511","84644","25114","412980","Shipped","2022-06-21 01:18:24","2022-06-20 13:44:00",NULL,NULL,"17"
"153699","106046","85061","25175","415055","Shipped","2020-02-10 15:12:30","2020-02-12 17:31:00",NULL,NULL,"17"
"157355","108531","87034","11328","424879","Shipped","2021-01-24 08:09:37","2021-01-26 11:39:00",NULL,NULL,"17"
"158799","109530","87837","9466","428752","Shipped","2020-07-25 11:18:46","2020-07-27 14:45:00",NULL,NULL,"17"
"160708","110871","88899","13294","433915","Shipped","2022-03-03 10:42:46","2022-03-05 08:04:00",NULL,NULL,"17"
"162373","111989","89786","24542","438444","Shipped","2022-07-09 23:26:53","2022-07-12 03:23:00",NULL,NULL,"17"
"163213","112573","90271","13294","440713","Shipped","2022-05-30 01:33:11","2022-05-31 18:49:00",NULL,NULL,"17"
"164846","113697","91149","25175","445199","Shipped","2022-08-30 16:09:17","2022-09-01 09:57:00",NULL,NULL,"17"
"169163","116671","93546","2664","456814","Shipped","2019-12-04 12:33:50","2019-12-04 18:57:00",NULL,NULL,"17"
"169500","116894","93718","10608","457714","Shipped","2021-11-27 23:34:42","2021-11-29 17:00:00",NULL,NULL,"17"
"169619","116969","93786","11328","458046","Shipped","2022-02-13 09:46:58","2022-02-15 08:32:00",NULL,NULL,"17"
"172790","119165","95523","11023","466679","Shipped","2022-03-02 08:36:58","2022-03-02 16:44:00",NULL,NULL,"17"
"173230","119471","95783","25345","467865","Shipped","2021-11-20 23:43:11","2021-11-21 05:22:00",NULL,NULL,"17"
"175777","121228","97220","16274","474718","Shipped","2020-01-25 11:40:06","2020-01-26 03:39:00",NULL,NULL,"17"
"177629","122512","98261","25754","479719","Shipped","2021-04-16 08:15:30","2021-04-15 02:19:00",NULL,NULL,"17"
"177999","122771","98473","13208","480712","Shipped","2022-01-27 01:26:40","2022-01-28 16:42:00",NULL,NULL,"17"
"178092","122832","98524","24649","480957","Shipped","2020-09-29 00:25:31","2020-10-01 00:57:00",NULL,NULL,"17"
"180297","124329","99712","25859","486880","Shipped","2020-03-27 05:01:44","2020-03-26 11:11:00",NULL,NULL,"17"
"4968","3386","2757","11023","13446","Complete","2022-08-08 09:46:20","2022-08-11 01:55:00","2022-08-13 20:36:00",NULL,"17"
"6245","4260","3463","26182","16898","Complete","2022-08-12 09:33:04","2022-08-12 01:47:00","2022-08-12 08:16:00",NULL,"17"
"7511","5141","4171","25486","20351","Complete","2020-02-02 02:02:04","2020-02-02 11:07:00","2020-02-03 06:30:00",NULL,"17"
"9973","6860","5563","9499","27060","Complete","2022-02-08 08:58:46","2022-02-09 16:21:00","2022-02-11 00:49:00",NULL,"17"
"10244","7054","5744","9020","27782","Complete","2022-04-13 10:06:02","2022-04-13 04:38:00","2022-04-18 02:12:00",NULL,"17"
"11393","7837","6354","25221","30869","Complete","2022-09-04 08:31:04","2022-09-05 03:27:00","2022-09-05 23:40:00",NULL,"17"
"11812","8136","6590","9499","32002","Complete","2021-04-21 09:52:07","2021-04-20 09:07:00","2021-04-23 12:52:00",NULL,"17"
"13852","9549","7696","24906","37545","Complete","2022-08-27 05:06:24","2022-08-29 19:01:00","2022-08-30 02:51:00",NULL,"17"
"15167","10423","8387","3094","41082","Complete","2021-09-06 01:50:59","2021-09-04 01:56:00","2021-09-04 19:29:00",NULL,"17"
"15877","10902","8759","18278","42990","Complete","2021-10-18 01:48:03","2021-10-18 02:43:00","2021-10-18 16:10:00",NULL,"17"
"19691","13541","10860","9499","53275","Complete","2022-07-11 23:30:10","2022-07-14 19:57:00","2022-07-17 15:45:00",NULL,"17"
"22521","15484","12369","13294","60866","Complete","2022-05-27 16:56:42","2022-05-29 23:06:00","2022-06-03 00:01:00",NULL,"17"
"25337","17455","13938","25221","68463","Complete","2020-12-31 06:48:55","2020-12-29 05:05:00","2020-12-29 08:59:00",NULL,"17"
"26506","18267","14596","26373","71640","Complete","2022-09-03 08:23:56.646097","2022-09-05 00:47:16.646097","2022-09-08 16:14:16.646097",NULL,"17"
"33857","23316","18616","25532","91466","Complete","2020-06-17 09:16:45","2020-06-18 12:14:00","2020-06-18 23:55:00",NULL,"17"
"33908","23350","18639","16274","91617","Complete","2022-03-17 04:31:50","2022-03-19 00:15:00","2022-03-19 13:30:00",NULL,"17"
"36157","24897","19899","24906","97639","Complete","2022-09-03 06:00:52.799048","2022-09-05 08:31:45.799048","2022-09-08 04:51:45.799048",NULL,"17"
"40449","27836","22231","25337","109193","Complete","2021-12-01 08:36:36","2021-12-03 13:04:00","2021-12-07 07:41:00",NULL,"17"
"40964","28170","22463","2664","110595","Complete","2019-10-06 01:52:10","2019-10-07 04:24:00","2019-10-08 10:49:00",NULL,"17"
"43567","29972","23897","25175","117659","Complete","2022-08-20 23:58:26","2022-08-19 03:49:00","2022-08-23 15:32:00",NULL,"17"
"43931","30222","24099","10535","118652","Complete","2021-12-05 09:20:51","2021-12-06 01:59:00","2021-12-08 15:58:00",NULL,"17"
"45413","31274","24963","25859","122637","Complete","2022-09-04 05:33:25.401264","2022-09-05 05:45:00.401264","2022-09-10 02:45:00.401264",NULL,"17"
"46622","32104","25631","13294","125883","Complete","2021-11-27 04:50:53","2021-11-30 04:40:00","2021-11-30 10:16:00",NULL,"17"
"47431","32678","26086","26851","128029","Complete","2022-05-18 13:30:31","2022-05-18 09:15:00","2022-05-20 01:44:00",NULL,"17"
"57414","39572","31621","9020","154968","Complete","2022-01-30 14:27:00","2022-02-02 13:09:00","2022-02-02 23:09:00",NULL,"17"
"59286","40854","32627","24906","160014","Complete","2022-08-08 09:54:07","2022-08-09 13:01:00","2022-08-09 23:40:00",NULL,"17"
"63741","43886","35100","25221","172083","Complete","2021-09-01 01:47:47","2021-09-03 09:47:00","2021-09-03 12:32:00",NULL,"17"
"63836","43947","35156","25114","172331","Complete","2022-01-04 23:05:54","2022-01-05 23:56:00","2022-01-10 08:27:00",NULL,"17"
"69576","47912","38306","10599","187805","Complete","2022-07-20 09:40:31","2022-07-21 08:52:00","2022-07-24 03:02:00",NULL,"17"
"70990","48873","39103","13372","191651","Complete","2021-12-26 04:09:20","2021-12-24 18:50:00","2021-12-25 02:36:00",NULL,"17"
"73310","50493","40415","25859","197953","Complete","2021-04-30 05:54:54","2021-05-03 01:07:00","2021-05-07 23:12:00",NULL,"17"
"74027","50996","40805","18254","199880","Complete","2021-05-28 12:59:21","2021-05-25 07:18:00","2021-05-25 10:31:00",NULL,"17"
"76328","52610","42100","26068","206117","Complete","2021-08-09 13:11:14","2021-08-11 16:15:00","2021-08-16 14:10:00",NULL,"17"
"77286","53286","42635","26182","208652","Complete","2021-07-28 08:54:24","2021-07-28 14:11:00","2021-07-30 15:27:00",NULL,"17"
"78037","53813","43045","24649","210672","Complete","2021-03-12 06:10:12","2021-03-12 05:12:00","2021-03-12 23:26:00",NULL,"17"
"85369","58991","47160","16274","230589","Complete","2022-02-05 05:20:45","2022-02-05 22:21:00","2022-02-09 02:45:00",NULL,"17"
"88555","61203","49015","25221","239248","Complete","2021-07-15 02:00:32","2021-07-13 12:38:00","2021-07-18 03:52:00",NULL,"17"
"92627","64001","51233","28345","250187","Complete","2021-06-05 05:30:58","2021-06-06 17:44:00","2021-06-09 18:42:00",NULL,"17"
"95578","66064","52834","26851","258181","Complete","2022-06-06 04:45:05","2022-06-07 15:53:00","2022-06-11 19:59:00",NULL,"17"
"104720","72361","57851","10535","282867","Complete","2020-01-15 02:09:11","2020-01-17 12:57:00","2020-01-18 02:42:00",NULL,"17"
"104889","72474","57942","16248","283328","Complete","2022-06-17 00:39:35","2022-06-18 19:56:00","2022-06-21 09:24:00",NULL,"17"
"108064","74650","59688","11328","291918","Complete","2022-04-03 15:29:40","2022-04-06 07:21:00","2022-04-06 18:18:00",NULL,"17"
"108191","74742","59768","13372","292271","Complete","2021-08-02 08:11:04","2021-07-31 05:35:00","2021-08-03 21:35:00",NULL,"17"
"108337","74851","59857","25221","292657","Complete","2022-04-13 07:10:46","2022-04-13 22:47:00","2022-04-16 22:08:00",NULL,"17"
"108586","75016","59983","18278","293326","Complete","2021-05-07 12:28:32","2021-05-04 16:24:00","2021-05-06 21:18:00",NULL,"17"
"113949","78704","62944","13208","307767","Complete","2022-02-20 13:13:33","2022-02-22 15:19:00","2022-02-24 16:19:00",NULL,"17"
"114467","79066","63236","25337","309166","Complete","2020-05-24 17:06:06","2020-05-23 18:49:00","2020-05-25 02:17:00",NULL,"17"
"118781","82001","65645","25345","320731","Complete","2020-12-01 07:31:37","2020-12-01 15:04:00","2020-12-02 04:51:00",NULL,"17"
"122706","84655","67758","25175","331326","Complete","2022-03-08 15:45:57","2022-03-10 00:50:00","2022-03-14 01:34:00",NULL,"17"
"123446","85174","68166","18278","333302","Complete","2020-03-23 06:00:31","2020-03-24 19:13:00","2020-03-29 06:29:00",NULL,"17"
"123702","85339","68290","3094","333972","Complete","2019-11-13 23:36:56","2019-11-14 14:43:00","2019-11-16 19:36:00",NULL,"17"
"124044","85572","68473","9466","334879","Complete","2022-01-21 09:21:35","2022-01-21 03:33:00","2022-01-22 04:24:00",NULL,"17"
"127465","87898","70378","25114","344124","Complete","2022-08-22 04:19:23","2022-08-20 04:54:00","2022-08-23 20:49:00",NULL,"17"
"130508","90020","72106","25532","352362","Complete","2022-01-29 13:36:22","2022-01-30 12:11:00","2022-01-30 14:18:00",NULL,"17"
"138249","95398","76482","25532","373305","Complete","2021-01-12 10:36:17","2021-01-12 09:09:00","2021-01-14 22:53:00",NULL,"17"
"139195","96044","77011","24584","375886","Complete","2021-10-21 03:20:49","2021-10-23 04:30:00","2021-10-26 06:14:00",NULL,"17"
"145260","100224","80365","10599","392229","Complete","2019-08-16 11:12:43","2019-08-18 11:15:00","2019-08-18 20:28:00",NULL,"17"
"147962","102103","81900","24629","399506","Complete","2021-09-07 18:25:11","2021-09-07 12:50:00","2021-09-08 13:22:00",NULL,"17"
"148217","102283","82051","13208","400200","Complete","2021-01-29 10:51:59","2021-01-27 16:04:00","2021-01-30 03:04:00",NULL,"17"
"152812","105430","84584","25532","412672","Complete","2022-05-16 00:25:59","2022-05-16 01:56:00","2022-05-19 19:28:00",NULL,"17"
"157065","108334","86876","10608","424081","Complete","2022-06-26 11:51:46","2022-06-26 13:56:00","2022-06-29 13:49:00",NULL,"17"
"163992","113120","90712","25175","442848","Complete","2020-11-17 23:11:44","2020-11-20 04:46:00","2020-11-24 21:30:00",NULL,"17"
"164903","113727","91177","18250","445352","Complete","2022-06-24 08:26:07","2022-06-25 02:36:00","2022-06-25 22:10:00",NULL,"17"
"171445","118207","94804","26373","463023","Complete","2022-08-16 16:27:36","2022-08-17 11:24:00","2022-08-19 11:38:00",NULL,"17"
"173299","119522","95827","18250","468040","Complete","2021-10-30 18:45:34","2021-11-02 13:10:00","2021-11-05 07:29:00",NULL,"17"
"175452","120997","97004","24542","473838","Complete","2022-04-29 08:08:06","2022-04-29 15:45:00","2022-04-29 20:02:00",NULL,"17"
"175773","121225","97219","3094","474705","Complete","2021-08-07 16:01:20","2021-08-10 10:47:00","2021-08-11 18:46:00",NULL,"17"
"12145","8386","6772","24649","32914","Returned","2022-02-04 11:08:13","2022-02-05 12:39:00","2022-02-08 16:34:00","2022-02-08 20:41:00","17"
"19331","13287","10654","25486","52303","Returned","2022-01-06 14:35:45","2022-01-06 17:27:00","2022-01-07 15:42:00","2022-01-08 05:59:00","17"
"20067","13799","11057","28345","54306","Returned","2022-04-01 23:31:43","2022-04-04 20:36:00","2022-04-05 21:12:00","2022-04-07 18:18:00","17"
"33241","22883","18259","25125","89789","Returned","2021-10-02 13:07:47","2021-10-03 16:59:00","2021-10-04 05:12:00","2021-10-06 18:48:00","17"
"39154","26957","21531","18254","105716","Returned","2020-12-26 10:12:45","2020-12-28 06:28:00","2020-12-31 03:35:00","2021-01-02 05:47:00","17"
"39854","27441","21913","16248","107590","Returned","2021-11-22 08:10:33","2021-11-22 18:23:00","2021-11-23 07:59:00","2021-11-23 10:52:00","17"
"43015","29597","23610","25125","116162","Returned","2019-05-22 11:57:43","2019-05-24 16:22:00","2019-05-27 19:11:00","2019-05-29 04:14:00","17"
"46995","32371","25851","25221","126850","Returned","2022-08-14 00:41:24","2022-08-15 19:43:00","2022-08-16 23:12:00","2022-08-17 15:41:00","17"
"49446","34050","27184","26182","133461","Returned","2022-08-11 12:27:28","2022-08-10 21:33:00","2022-08-15 10:22:00","2022-08-18 06:45:00","17"
"49520","34107","27232","25114","133668","Returned","2022-02-10 08:46:57","2022-02-11 02:12:00","2022-02-12 16:33:00","2022-02-14 13:57:00","17"
"52485","36168","28893","26068","141634","Returned","2022-08-28 08:29:43","2022-08-30 05:51:00","2022-09-01 09:32:00","2022-09-02 21:55:00","17"
"53726","37023","29581","9448","144991","Returned","2022-09-02 09:13:10.899135","2022-09-03 11:01:02.899135","2022-09-05 16:16:02.899135","2022-09-07 06:45:02.899135","17"
"56201","38740","30976","16274","151667","Returned","2021-01-27 13:00:43","2021-01-28 04:18:00","2021-01-28 17:01:00","2021-01-30 21:00:00","17"
"57586","39689","31712","9020","155410","Returned","2020-03-03 02:49:01","2020-03-03 08:09:00","2020-03-05 05:49:00","2020-03-05 05:52:00","17"
"58713","40465","32323","25754","158460","Returned","2022-06-12 08:57:50","2022-06-12 18:32:00","2022-06-13 06:35:00","2022-06-16 04:56:00","17"
"59253","40831","32608","13208","159918","Returned","2022-03-09 23:26:57","2022-03-11 12:27:00","2022-03-15 10:50:00","2022-03-18 06:51:00","17"
"61100","42071","33625","24542","164956","Returned","2022-08-12 13:05:00","2022-08-14 12:09:00","2022-08-15 17:28:00","2022-08-16 07:18:00","17"
"69384","47780","38198","28345","187284","Returned","2022-04-05 14:37:49","2022-04-08 02:39:00","2022-04-12 11:27:00","2022-04-14 04:59:00","17"
"72746","50109","40103","25114","196432","Returned","2021-07-28 23:09:31","2021-07-26 07:02:00","2021-07-26 13:25:00","2021-07-27 17:31:00","17"
"72775","50126","40113","2664","196507","Returned","2021-06-18 05:03:43","2021-06-18 08:15:00","2021-06-19 10:33:00","2021-06-21 16:45:00","17"
"78336","54017","43218","13372","211479","Returned","2022-07-20 02:41:06","2022-07-19 20:50:00","2022-07-20 03:27:00","2022-07-21 15:28:00","17"
"104980","72544","58003","26323","283578","Returned","2020-07-30 10:50:02","2020-08-01 00:50:00","2020-08-01 23:45:00","2020-08-04 23:03:00","17"
"106764","73770","58989","28345","288375","Returned","2019-11-26 16:29:36","2019-11-23 01:43:00","2019-11-26 09:05:00","2019-11-27 22:07:00","17"
"111670","77137","61717","25754","301597","Returned","2021-08-28 02:55:06","2021-08-29 04:44:00","2021-08-30 20:31:00","2021-09-01 05:17:00","17"
"124265","85724","68602","25337","335465","Returned","2020-06-08 17:37:50","2020-06-08 18:25:00","2020-06-10 17:16:00","2020-06-11 17:53:00","17"
"147481","101765","81624","11023","398216","Returned","2021-06-19 13:31:36","2021-06-22 08:02:00","2021-06-26 23:07:00","2021-06-27 20:39:00","17"
"147687","101912","81739","26373","398763","Returned","2022-07-01 04:52:24","2022-07-03 11:58:00","2022-07-07 03:54:00","2022-07-08 11:38:00","17"
"149430","103130","82718","25337","403518","Returned","2022-07-21 13:51:56","2022-07-21 17:56:00","2022-07-24 09:41:00","2022-07-26 12:13:00","17"
"153461","105871","84926","18254","414440","Returned","2022-08-22 07:39:04","2022-08-18 18:17:00","2022-08-23 14:04:00","2022-08-24 07:13:00","17"
"162929","112384","90123","25125","439968","Returned","2022-06-07 05:41:42","2022-06-09 03:36:00","2022-06-13 05:53:00","2022-06-14 19:14:00","17"
"164686","113594","91082","18254","444752","Returned","2022-07-20 15:02:00","2022-07-20 06:40:00","2022-07-22 13:06:00","2022-07-24 01:54:00","17"
"166971","115149","92295","26182","450952","Returned","2021-09-03 07:15:59","2021-08-31 14:45:00","2021-09-03 09:50:00","2021-09-03 17:36:00","17"
"2292","1571","1266","9466","6204","Cancelled","2022-09-03 11:29:42",NULL,NULL,NULL,"17"
"6411","4376","3551","16248","17353","Cancelled","2022-03-20 21:02:42",NULL,NULL,NULL,"17"
"7745","5312","4298","25345","21006","Cancelled","2020-12-03 00:08:12",NULL,NULL,NULL,"17"
"8082","5539","4486","16248","21924","Cancelled","2022-05-18 15:28:34",NULL,NULL,NULL,"17"
"10149","6979","5680","18254","27520","Cancelled","2021-05-24 15:16:29",NULL,NULL,NULL,"17"
"18701","12853","10313","13372","50624","Cancelled","2021-08-07 15:43:13",NULL,NULL,NULL,"17"
"19593","13466","10802","26323","53016","Cancelled","2022-06-19 03:02:29",NULL,NULL,NULL,"17"
"21069","14490","11591","25532","56999","Cancelled","2022-08-18 13:46:42",NULL,NULL,NULL,"17"
"21892","15051","12021","25754","59173","Cancelled","2021-08-21 05:18:57",NULL,NULL,NULL,"17"
"22036","15151","12100","9466","59564","Cancelled","2020-07-25 14:01:48",NULL,NULL,NULL,"17"
"28063","19350","15473","16274","75855","Cancelled","2022-05-25 06:59:30",NULL,NULL,NULL,"17"
"29428","20258","16192","25345","79547","Cancelled","2021-08-25 07:00:13",NULL,NULL,NULL,"17"
"32149","22125","17695","9020","86850","Cancelled","2021-03-28 02:51:34",NULL,NULL,NULL,"17"
"34925","24046","19201","25532","94353","Cancelled","2021-11-04 13:22:09",NULL,NULL,NULL,"17"
"36460","25106","20072","26182","98437","Cancelled","2022-05-05 17:05:43",NULL,NULL,NULL,"17"
"43348","29819","23774","26182","117056","Cancelled","2021-09-27 00:14:53",NULL,NULL,NULL,"17"
"56282","38797","31018","10535","151891","Cancelled","2022-01-16 21:49:00",NULL,NULL,NULL,"17"
"56864","39189","31325","26373","153480","Cancelled","2022-07-06 03:32:01",NULL,NULL,NULL,"17"
"57791","39827","31835","18250","155953","Cancelled","2020-12-07 14:28:18",NULL,NULL,NULL,"17"
"58849","40557","32387","26323","158827","Cancelled","2022-09-02 01:36:37.677689",NULL,NULL,NULL,"17"
"66071","45472","36354","10535","178412","Cancelled","2022-07-02 03:57:38",NULL,NULL,NULL,"17"
"79675","54948","43943","25125","215136","Cancelled","2021-06-07 10:26:29",NULL,NULL,NULL,"17"
"81146","55970","44745","10599","219146","Cancelled","2022-08-24 16:09:49",NULL,NULL,NULL,"17"
"82908","57238","45759","24629","223909","Cancelled","2022-08-21 02:30:28",NULL,NULL,NULL,"17"
"86291","59626","47707","2664","233088","Cancelled","2021-04-06 12:23:18",NULL,NULL,NULL,"17"
"88238","60978","48815","25532","238368","Cancelled","2022-09-05 09:12:17.391968",NULL,NULL,NULL,"17"
"100229","69271","55389","24629","270695","Cancelled","2022-06-03 16:37:29",NULL,NULL,NULL,"17"
"100585","69511","55597","25859","271639","Cancelled","2022-05-13 09:13:17",NULL,NULL,NULL,"17"
"102824","71041","56787","10535","277731","Cancelled","2022-08-15 08:19:15",NULL,NULL,NULL,"17"
"104401","72138","57675","11023","282022","Cancelled","2021-07-20 06:27:55",NULL,NULL,NULL,"17"
"104739","72374","57861","18250","282917","Cancelled","2020-04-10 12:29:00",NULL,NULL,NULL,"17"
"111532","77050","61643","26373","301218","Cancelled","2020-08-01 09:44:15",NULL,NULL,NULL,"17"
"112983","78041","62430","11566","305172","Cancelled","2021-02-04 02:02:18",NULL,NULL,NULL,"17"
"114247","78908","63115","9129","308564","Cancelled","2022-01-03 09:23:52",NULL,NULL,NULL,"17"
"114368","78992","63181","28345","308898","Cancelled","2022-08-04 12:48:51",NULL,NULL,NULL,"17"
"115185","79549","63649","25114","311104","Cancelled","2022-05-20 07:59:23",NULL,NULL,NULL,"17"
"118675","81925","65588","24542","320442","Cancelled","2022-08-28 14:44:36",NULL,NULL,NULL,"17"
"119415","82430","65992","25532","322408","Cancelled","2022-09-03 13:49:04.27683",NULL,NULL,NULL,"17"
"120843","83399","66780","25125","326283","Cancelled","2021-02-04 04:45:11",NULL,NULL,NULL,"17"
"122072","84208","67403","24584","329590","Cancelled","2020-10-16 02:24:05",NULL,NULL,NULL,"17"
"124325","85766","68640","18447","335624","Cancelled","2022-02-08 02:18:55",NULL,NULL,NULL,"17"
"127806","88140","70584","26323","345066","Cancelled","2021-07-27 10:17:44",NULL,NULL,NULL,"17"
"138922","95866","76868","25114","375137","Cancelled","2019-12-04 10:46:03",NULL,NULL,NULL,"17"
"142493","98304","78824","9448","384739","Cancelled","2022-06-06 06:19:47",NULL,NULL,NULL,"17"
"145797","100603","80701","26373","393690","Cancelled","2022-08-30 04:33:59",NULL,NULL,NULL,"17"
"156275","107797","86469","25532","421954","Cancelled","2022-09-05 23:28:00",NULL,NULL,NULL,"17"
"158013","108991","87407","11023","426629","Cancelled","2022-01-05 04:13:22",NULL,NULL,NULL,"17"
"158394","109252","87622","24629","427651","Cancelled","2019-09-11 00:45:57",NULL,NULL,NULL,"17"
"165748","114310","91639","25754","447652","Cancelled","2019-08-08 13:30:03",NULL,NULL,NULL,"17"
"167134","115258","92384","24629","451386","Cancelled","2021-11-12 03:12:38",NULL,NULL,NULL,"17"
"168649","116301","93247","24542","455437","Cancelled","2021-12-23 14:31:48",NULL,NULL,NULL,"17"
"1751","1221","982","10608","4738","Processing","2022-08-21 10:05:54",NULL,NULL,NULL,"17"
"3688","2499","2019","25337","9975","Processing","2022-08-29 08:53:43",NULL,NULL,NULL,"17"
"5332","3642","2974","9020","14436","Processing","2021-08-30 07:02:30",NULL,NULL,NULL,"17"
"8415","5768","4661","9466","22834","Processing","2022-02-26 07:10:44",NULL,NULL,NULL,"17"
"10146","6976","5674","9448","27514","Processing","2020-11-24 13:50:04",NULL,NULL,NULL,"17"
"15091","10375","8351","18254","40882","Processing","2020-12-05 11:10:27",NULL,NULL,NULL,"17"
"15108","10387","8361","26373","40925","Processing","2022-07-14 08:12:48",NULL,NULL,NULL,"17"
"16592","11415","9179","26373","44901","Processing","2021-01-12 23:07:56",NULL,NULL,NULL,"17"
"20635","14188","11362","13372","55861","Processing","2020-08-30 08:01:38",NULL,NULL,NULL,"17"
"27196","18726","14968","10608","73526","Processing","2020-01-26 09:13:45",NULL,NULL,NULL,"17"
"29264","20147","16104","523","79107","Processing","2022-06-15 23:17:07",NULL,NULL,NULL,"17"
"29475","20296","16215","13208","79670","Processing","2022-08-24 01:27:46",NULL,NULL,NULL,"17"
"30722","21154","16942","18254","83053","Processing","2021-08-31 16:54:31",NULL,NULL,NULL,"17"
"33803","23282","18587","16248","91320","Processing","2019-10-30 11:05:43",NULL,NULL,NULL,"17"
"37004","25478","20369","26068","99914","Processing","2022-07-25 00:04:15",NULL,NULL,NULL,"17"
"37171","25601","20453","28345","100368","Processing","2022-09-03 14:38:04.58004",NULL,NULL,NULL,"17"
"47311","32596","26030","24629","127700","Processing","2022-08-11 05:32:02",NULL,NULL,NULL,"17"
"48525","33433","26701","3094","130958","Processing","2021-11-10 16:29:30",NULL,NULL,NULL,"17"
"58784","40518","32356","13294","158651","Processing","2020-11-14 03:54:40",NULL,NULL,NULL,"17"
"59535","41020","32763","9129","160697","Processing","2022-09-07 17:42:56.702316",NULL,NULL,NULL,"17"
"67063","46133","36893","13294","181084","Processing","2021-12-21 14:26:32",NULL,NULL,NULL,"17"
"68177","46916","37525","10599","184071","Processing","2022-08-31 02:48:48.669673",NULL,NULL,NULL,"17"
"69536","47884","38287","18254","187697","Processing","2022-08-29 14:22:28",NULL,NULL,NULL,"17"
"70797","48750","39002","10535","191133","Processing","2021-07-25 14:37:02",NULL,NULL,NULL,"17"
"71396","49165","39351","11566","192761","Processing","2021-02-21 00:01:02",NULL,NULL,NULL,"17"
"77133","53182","42550","18250","208257","Processing","2022-05-04 09:46:17",NULL,NULL,NULL,"17"
"83374","57572","46019","25114","225177","Processing","2022-01-12 23:20:27",NULL,NULL,NULL,"17"
"84989","58724","46950","25337","229557","Processing","2022-05-04 21:35:59",NULL,NULL,NULL,"17"
"85062","58780","46995","10608","229758","Processing","2022-08-30 16:59:11",NULL,NULL,NULL,"17"
"85776","59278","47415","11328","231693","Processing","2022-06-23 04:21:52",NULL,NULL,NULL,"17"
"86796","59980","47993","9129","234475","Processing","2022-08-18 13:12:35",NULL,NULL,NULL,"17"
"89349","61755","49446","10608","241368","Processing","2022-01-18 12:13:49",NULL,NULL,NULL,"17"
"89748","62040","49660","26068","242452","Processing","2022-07-29 07:40:36",NULL,NULL,NULL,"17"
"100403","69389","55484","24629","271167","Processing","2022-07-13 16:17:01",NULL,NULL,NULL,"17"
"102691","70949","56714","26323","277378","Processing","2020-12-01 07:32:36",NULL,NULL,NULL,"17"
"110399","76261","60986","18250","298153","Processing","2022-01-08 06:27:32",NULL,NULL,NULL,"17"
"115857","80006","64028","26068","312898","Processing","2020-11-13 10:32:23",NULL,NULL,NULL,"17"
"116924","80725","64629","25114","315761","Processing","2022-06-20 09:49:49",NULL,NULL,NULL,"17"
"121988","84155","67365","25114","329362","Processing","2022-05-23 20:45:51",NULL,NULL,NULL,"17"
"123511","85216","68199","3094","333474","Processing","2022-08-24 01:20:41",NULL,NULL,NULL,"17"
"123708","85344","68295","523","333989","Processing","2022-08-09 14:21:16",NULL,NULL,NULL,"17"
"125077","86286","69043","25221","337689","Processing","2020-11-17 22:37:14",NULL,NULL,NULL,"17"
"127268","87768","70271","16274","343592","Processing","2022-05-24 09:24:14",NULL,NULL,NULL,"17"
"137620","94961","76119","18254","371581","Processing","2022-06-20 06:09:00",NULL,NULL,NULL,"17"
"138318","95450","76525","25486","373499","Processing","2022-05-10 07:52:23",NULL,NULL,NULL,"17"
"143302","98883","79294","28345","386922","Processing","2020-10-20 03:30:12",NULL,NULL,NULL,"17"
"144892","99977","80173","10535","391219","Processing","2022-06-03 06:47:21",NULL,NULL,NULL,"17"
"148018","102145","81930","18278","399659","Processing","2022-07-20 05:13:17",NULL,NULL,NULL,"17"
"148272","102323","82079","25754","400350","Processing","2020-08-21 01:13:36",NULL,NULL,NULL,"17"
"148572","102512","82232","25125","401196","Processing","2022-06-04 09:48:16",NULL,NULL,NULL,"17"
"155509","107282","86081","18250","419910","Processing","2022-03-07 00:54:54",NULL,NULL,NULL,"17"
"157004","108294","86849","18250","423916","Processing","2020-06-06 07:58:38",NULL,NULL,NULL,"17"
"159422","109976","88200","26323","430429","Processing","2022-05-10 03:00:38",NULL,NULL,NULL,"17"
"163391","112697","90365","9448","441191","Processing","2022-05-05 16:34:43",NULL,NULL,NULL,"17"
"164835","113690","91145","25859","445168","Processing","2022-06-20 09:25:39",NULL,NULL,NULL,"17"
"171144","117987","94618","25859","462219","Processing","2021-12-04 00:37:24",NULL,NULL,NULL,"17"
"171910","118539","95033","16274","464294","Processing","2022-04-14 00:25:24",NULL,NULL,NULL,"17"
"172077","118652","95123","24584","464754","Processing","2021-01-04 09:16:24",NULL,NULL,NULL,"17"
"173507","119673","95956","25345","468573","Processing","2022-08-06 12:57:10",NULL,NULL,NULL,"17"
"176125","121465","97411","18447","475662","Processing","2022-09-03 04:25:05.097953",NULL,NULL,NULL,"17"
"176390","121644","97562","13208","476382","Processing","2022-04-23 23:12:00",NULL,NULL,NULL,"17"
"176950","122039","97870","24649","477901","Processing","2021-11-18 22:48:31",NULL,NULL,NULL,"17"
"2172","1489","1205","18130","5885","Shipped","2020-11-25 22:46:20","2020-11-26 02:21:00",NULL,NULL,"18"
"2339","1606","1293","25680","6331","Shipped","2021-02-20 02:53:56","2021-02-17 13:52:00",NULL,NULL,"18"
"2452","1682","1356","8841","6637","Shipped","2020-04-27 16:18:49","2020-04-28 01:00:00",NULL,NULL,"18"
"3407","2303","1848","11637","9210","Shipped","2021-04-23 01:43:47","2021-04-22 20:09:00",NULL,NULL,"18"
"3544","2398","1937","25718","9586","Shipped","2022-05-18 05:28:14","2022-05-15 13:28:00",NULL,NULL,"18"
"4329","2954","2371","25362","11737","Shipped","2020-08-13 01:56:21","2020-08-13 22:02:00",NULL,NULL,"18"
"4718","3229","2635","14470","12792","Shipped","2019-10-15 14:04:39","2019-10-15 06:46:00",NULL,NULL,"18"
"4762","3260","2660","24514","12905","Shipped","2020-02-09 23:23:51","2020-02-11 09:28:00",NULL,NULL,"18"
"6053","4125","3346","24840","16372","Shipped","2022-07-03 06:43:50","2022-07-05 10:37:00",NULL,NULL,"18"
"6558","4463","3619","9654","17759","Shipped","2019-09-07 15:51:07","2019-09-07 15:04:00",NULL,NULL,"18"
"6609","4502","3649","7035","17893","Shipped","2022-02-26 15:15:52","2022-02-28 17:47:00",NULL,NULL,"18"
"7495","5130","4161","25362","20305","Shipped","2021-08-06 11:01:52","2021-08-05 18:46:00",NULL,NULL,"18"
"7584","5192","4214","26269","20557","Shipped","2020-06-15 11:46:49","2020-06-14 23:06:00",NULL,NULL,"18"
"7610","5211","4226","25115","20635","Shipped","2021-07-31 10:00:01","2021-07-31 15:38:00",NULL,NULL,"18"
"8227","5632","4554","25362","22315","Shipped","2022-04-01 22:47:23","2022-03-29 21:36:00",NULL,NULL,"18"
"9266","6356","5154","9637","25130","Shipped","2020-06-29 15:02:39","2020-06-30 23:57:00",NULL,NULL,"18"
"10882","7475","6077","9062","29499","Shipped","2020-04-01 04:49:45","2020-04-03 01:55:00",NULL,NULL,"18"
"12049","8317","6716","25879","32662","Shipped","2022-07-15 22:57:06","2022-07-15 12:38:00",NULL,NULL,"18"
"12721","8781","7091","25604","34473","Shipped","2020-06-26 15:19:37","2020-06-27 05:52:00",NULL,NULL,"18"
"13166","9089","7328","26903","35659","Shipped","2022-08-03 09:14:09","2022-08-03 19:39:00",NULL,NULL,"18"
"13748","9476","7622","15768","37258","Shipped","2021-09-15 23:51:48","2021-09-15 02:52:00",NULL,NULL,"18"
"14016","9650","7790","2454","37982","Shipped","2019-03-11 03:46:04","2019-03-11 15:10:00",NULL,NULL,"18"
"14209","9776","7884","15328","38503","Shipped","2021-05-25 06:02:35","2021-05-22 20:18:00",NULL,NULL,"18"
"14326","9860","7950","15328","38826","Shipped","2022-09-04 02:38:29.532339","2022-09-04 03:57:17.532339",NULL,NULL,"18"
"15694","10761","8643","13953","42501","Shipped","2022-04-04 15:59:13","2022-04-06 05:33:00",NULL,NULL,"18"
"15792","10834","8704","25505","42758","Shipped","2019-09-15 14:33:43","2019-09-12 15:53:00",NULL,NULL,"18"
"16031","11011","8836","26438","43384","Shipped","2022-02-03 15:57:17","2022-02-02 13:01:00",NULL,NULL,"18"
"16084","11050","8872","9062","43531","Shipped","2021-12-23 01:00:05","2021-12-23 12:09:00",NULL,NULL,"18"
"16608","11428","9190","24764","44950","Shipped","2022-08-20 04:23:53","2022-08-20 21:08:00",NULL,NULL,"18"
"18116","12452","10014","25505","49084","Shipped","2020-08-03 07:59:23","2020-08-03 08:42:00",NULL,NULL,"18"
"18788","12912","10362","9494","50856","Shipped","2020-11-06 03:54:18","2020-11-05 01:37:00",NULL,NULL,"18"
"19976","13745","11020","26438","54061","Shipped","2022-03-16 03:27:02","2022-03-17 08:34:00",NULL,NULL,"18"
"20648","14196","11370","11637","55895","Shipped","2022-01-08 12:38:11","2022-01-06 17:38:00",NULL,NULL,"18"
"20842","14334","11468","25579","56411","Shipped","2020-05-05 14:11:03","2020-05-07 08:30:00",NULL,NULL,"18"
"20880","14358","11497","24896","56510","Shipped","2022-05-13 08:10:01","2022-05-14 16:00:00",NULL,NULL,"18"
"21255","14614","11682","28889","57487","Shipped","2021-09-28 10:18:32","2021-09-29 11:59:00",NULL,NULL,"18"
"21804","14986","11972","2603","58929","Shipped","2022-03-15 07:55:42","2022-03-14 15:34:00",NULL,NULL,"18"
"21999","15129","12080","25731","59471","Shipped","2020-03-08 06:58:46","2020-03-08 12:42:00",NULL,NULL,"18"
"22597","15540","12424","10914","61075","Shipped","2020-04-11 10:33:48","2020-04-09 13:51:00",NULL,NULL,"18"
"23219","15977","12764","15355","62748","Shipped","2022-02-21 18:06:13","2022-02-18 16:32:00",NULL,NULL,"18"
"24102","16577","13251","8859","65152","Shipped","2022-03-05 00:41:56","2022-03-06 13:07:00",NULL,NULL,"18"
"26390","18188","14539","12575","71327","Shipped","2021-12-10 17:13:21","2021-12-11 21:23:00",NULL,NULL,"18"
"26494","18258","14590","7035","71604","Shipped","2021-10-02 02:49:27","2021-09-30 05:51:00",NULL,NULL,"18"
"27605","19017","15208","15355","74617","Shipped","2022-08-22 09:39:38","2022-08-18 19:18:00",NULL,NULL,"18"
"28247","19466","15572","10604","76363","Shipped","2022-06-20 14:23:53","2022-06-18 11:30:00",NULL,NULL,"18"
"31138","21423","17145","26283","84173","Shipped","2021-10-07 08:02:43","2021-10-09 15:07:00",NULL,NULL,"18"
"31478","21661","17329","2937","85077","Shipped","2022-08-25 02:47:38","2022-08-25 12:40:00",NULL,NULL,"18"
"31721","21826","17467","484","85728","Shipped","2022-07-20 02:16:14","2022-07-22 08:30:00",NULL,NULL,"18"
"32015","22036","17622","13779","86505","Shipped","2022-07-18 13:53:29","2022-07-16 21:27:00",NULL,NULL,"18"
"32209","22163","17728","25517","87019","Shipped","2022-09-04 03:57:14.164858","2022-09-07 00:37:47.164858",NULL,NULL,"18"
"33604","23133","18467","24615","90783","Shipped","2020-12-27 08:00:57","2020-12-28 02:25:00",NULL,NULL,"18"
"34297","23609","18838","14221","92654","Shipped","2021-10-21 01:50:54","2021-10-19 18:57:00",NULL,NULL,"18"
"35608","24504","19581","2524","96163","Shipped","2021-09-10 00:57:27","2021-09-11 09:25:00",NULL,NULL,"18"
"35933","24734","19776","25765","97028","Shipped","2021-08-24 13:37:12","2021-08-21 18:31:00",NULL,NULL,"18"
"36170","24906","19907","25765","97672","Shipped","2022-08-06 16:47:39","2022-08-09 00:59:00",NULL,NULL,"18"
"36308","25004","19984","25505","98030","Shipped","2022-07-27 12:30:00","2022-07-27 23:51:00",NULL,NULL,"18"
"37174","25604","20455","25041","100376","Shipped","2020-12-05 16:05:09","2020-12-03 19:51:00",NULL,NULL,"18"
"37501","25809","20620","26438","101266","Shipped","2022-02-07 10:08:01","2022-02-10 10:57:00",NULL,NULL,"18"
"38353","26412","21106","18639","103539","Shipped","2021-11-07 04:39:00","2021-11-08 02:42:00",NULL,NULL,"18"
"38843","26753","21374","10343","104869","Shipped","2022-09-06 02:45:14.066395","2022-09-03 19:49:26.066395",NULL,NULL,"18"
"39112","26931","21509","13945","105598","Shipped","2021-09-12 05:01:01","2021-09-12 15:38:00",NULL,NULL,"18"
"39575","27254","21774","25680","106829","Shipped","2020-01-02 03:17:13","2020-01-03 11:43:00",NULL,NULL,"18"
"41770","28736","22922","26276","112758","Shipped","2022-01-10 12:17:02","2022-01-10 05:05:00",NULL,NULL,"18"
"43135","29672","23665","11748","116479","Shipped","2022-06-04 02:52:25","2022-05-31 21:09:00",NULL,NULL,"18"
"44313","30495","24344","10916","119678","Shipped","2022-06-09 11:23:59","2022-06-10 08:01:00",NULL,NULL,"18"
"44971","30963","24723","28889","121455","Shipped","2020-01-13 10:24:23","2020-01-13 12:24:00",NULL,NULL,"18"
"45055","31023","24773","25154","121677","Shipped","2020-11-03 04:22:54","2020-11-02 21:58:00",NULL,NULL,"18"
"46128","31756","25339","9637","124554","Shipped","2022-07-07 11:29:54","2022-07-10 10:26:00",NULL,NULL,"18"
"46216","31816","25390","15355","124789","Shipped","2022-09-02 00:05:30","2022-08-31 10:01:00",NULL,NULL,"18"
"46264","31844","25410","24514","124917","Shipped","2019-06-13 12:18:10","2019-06-11 12:18:00",NULL,NULL,"18"
"46316","31877","25439","26283","125067","Shipped","2022-05-24 17:34:29","2022-05-26 11:32:00",NULL,NULL,"18"
"47678","32852","26234","14470","128683","Shipped","2022-03-17 01:15:43","2022-03-17 21:45:00",NULL,NULL,"18"
"47875","32988","26352","15274","129222","Shipped","2021-08-12 08:18:55","2021-08-11 16:53:00",NULL,NULL,"18"
"48388","33345","26632","11084","130592","Shipped","2022-07-04 22:55:07","2022-07-03 17:47:00",NULL,NULL,"18"
"48605","33482","26745","25805","131173","Shipped","2022-06-29 22:11:19","2022-07-02 19:29:00",NULL,NULL,"18"
"49080","33798","26996","25805","132450","Shipped","2021-07-01 11:24:35","2021-07-03 11:41:00",NULL,NULL,"18"
"49362","33993","27145","24745","133236","Shipped","2021-10-09 00:54:42","2021-10-09 05:01:00",NULL,NULL,"18"
"50765","34988","27923","18702","137007","Shipped","2022-03-30 05:16:20","2022-04-01 11:08:00",NULL,NULL,"18"
"50970","35139","28045","7006","137585","Shipped","2020-11-07 06:16:29","2020-11-09 05:17:00",NULL,NULL,"18"
"51146","35260","28148","25761","138049","Shipped","2022-08-24 03:42:59","2022-08-21 06:55:00",NULL,NULL,"18"
"51467","35475","28343","24745","138924","Shipped","2022-07-18 17:25:54","2022-07-21 00:31:00",NULL,NULL,"18"
"52210","35977","28740","26309","140899","Shipped","2021-08-01 15:12:22","2021-07-30 16:13:00",NULL,NULL,"18"
"53188","36662","29296","2650","143516","Shipped","2021-12-07 08:18:38","2021-12-06 04:45:00",NULL,NULL,"18"
"53894","37141","29675","22926","145454","Shipped","2020-04-30 16:17:07","2020-04-30 21:39:00",NULL,NULL,"18"
"55453","38218","30538","24615","149623","Shipped","2022-08-13 11:36:42","2022-08-14 17:22:00",NULL,NULL,"18"
"55500","38255","30573","15587","149755","Shipped","2022-06-16 11:00:17","2022-06-18 21:37:00",NULL,NULL,"18"
"56636","39038","31202","25041","152861","Shipped","2020-08-07 23:40:30","2020-08-08 14:51:00",NULL,NULL,"18"
"56970","39262","31381","25186","153754","Shipped","2022-04-24 04:05:44","2022-04-23 01:18:00",NULL,NULL,"18"
"57405","39567","31618","2603","154943","Shipped","2021-10-22 07:46:46","2021-10-24 19:09:00",NULL,NULL,"18"
"58212","40126","32058","18749","157094","Shipped","2021-04-14 15:50:33","2021-04-15 04:58:00",NULL,NULL,"18"
"59960","41308","32998","25718","161872","Shipped","2021-07-21 00:18:42","2021-07-23 14:05:00",NULL,NULL,"18"
"60488","41659","33297","26438","163314","Shipped","2021-04-30 13:43:49","2021-05-02 15:56:00",NULL,NULL,"18"
"61179","42122","33671","11012","165163","Shipped","2022-01-04 00:42:06","2022-01-02 16:26:00",NULL,NULL,"18"
"61573","42403","33900","10476","166216","Shipped","2019-06-06 12:45:14","2019-06-08 06:42:00",NULL,NULL,"18"
"62356","42946","34330","14573","168310","Shipped","2021-02-27 06:05:38","2021-02-26 13:28:00",NULL,NULL,"18"
"63006","43374","34677","13945","170105","Shipped","2021-01-12 16:46:36","2021-01-13 10:06:00",NULL,NULL,"18"
"63990","44047","35232","24736","172751","Shipped","2022-09-01 15:40:20","2022-09-04 00:23:00",NULL,NULL,"18"
"66258","45601","36452","26269","178921","Shipped","2022-09-04 23:15:45","2022-09-01 11:42:00",NULL,NULL,"18"
"66283","45615","36464","8951","178990","Shipped","2021-04-01 15:38:57","2021-04-03 07:06:00",NULL,NULL,"18"
"67556","46480","37171","2828","182417","Shipped","2022-06-24 18:47:32","2022-06-26 17:29:00",NULL,NULL,"18"
"67612","46518","37212","26390","182563","Shipped","2021-01-28 12:48:27","2021-01-30 11:21:00",NULL,NULL,"18"
"67817","46670","37334","15360","183105","Shipped","2022-08-02 02:47:35","2022-08-03 23:24:00",NULL,NULL,"18"
"67896","46723","37383","15576","183319","Shipped","2022-08-05 16:04:17","2022-08-07 01:19:00",NULL,NULL,"18"
"67901","46726","37385","26309","183331","Shipped","2022-08-18 14:13:17","2022-08-18 14:53:00",NULL,NULL,"18"
"68235","46961","37566","9494","184231","Shipped","2021-12-25 04:56:43","2021-12-25 21:42:00",NULL,NULL,"18"
"68750","47319","37847","18130","185600","Shipped","2020-07-27 17:11:03","2020-07-29 17:47:00",NULL,NULL,"18"
"70078","48250","38582","25186","189176","Shipped","2021-12-19 20:40:14","2021-12-20 04:21:00",NULL,NULL,"18"
"70373","48468","38763","10476","189998","Shipped","2022-05-10 12:26:43","2022-05-11 21:58:00",NULL,NULL,"18"
"70959","48852","39085","2650","191570","Shipped","2022-09-02 14:20:42.84029","2022-09-05 09:24:13.84029",NULL,NULL,"18"
"71141","48980","39187","14355","192067","Shipped","2022-07-24 11:14:49","2022-07-26 09:52:00",NULL,NULL,"18"
"71818","49466","39600","25414","193886","Shipped","2019-10-12 11:22:04","2019-10-12 05:29:00",NULL,NULL,"18"
"72340","49820","39877","25284","195299","Shipped","2022-07-01 01:51:10","2022-06-29 20:13:00",NULL,NULL,"18"
"72654","50041","40047","10343","196184","Shipped","2022-08-12 05:30:55","2022-08-14 00:30:00",NULL,NULL,"18"
"72945","50251","40229","28499","196958","Shipped","2022-06-04 15:44:21","2022-06-06 11:29:00",NULL,NULL,"18"
"73087","50349","40305","25579","197353","Shipped","2022-07-28 05:52:45","2022-07-28 13:52:00",NULL,NULL,"18"
"74238","51143","40934","14470","200460","Shipped","2022-03-05 13:17:37","2022-03-05 22:17:00",NULL,NULL,"18"
"75062","51723","41379","25805","202666","Shipped","2022-02-02 23:56:06","2022-02-01 16:17:00",NULL,NULL,"18"
"75475","52005","41609","617","203768","Shipped","2021-12-15 10:09:50","2021-12-16 05:49:00",NULL,NULL,"18"
"76814","52964","42370","24736","207432","Shipped","2022-06-27 23:26:34","2022-06-29 00:12:00",NULL,NULL,"18"
"77758","53613","42899","14056","209894","Shipped","2021-11-18 02:40:48","2021-11-19 20:17:00",NULL,NULL,"18"
"78113","53866","43086","26390","210882","Shipped","2020-07-11 06:19:33","2020-07-13 19:03:00",NULL,NULL,"18"
"78275","53979","43183","11012","211319","Shipped","2022-08-01 17:11:18","2022-07-29 14:29:00",NULL,NULL,"18"
"78617","54200","43391","24615","212238","Shipped","2022-06-24 02:44:41","2022-06-24 10:40:00",NULL,NULL,"18"
"78749","54296","43463","26238","212598","Shipped","2021-06-15 00:30:51","2021-06-16 05:34:00",NULL,NULL,"18"
"79314","54691","43745","26438","214149","Shipped","2021-10-16 23:04:28","2021-10-17 07:07:00",NULL,NULL,"18"
"80744","55685","44514","26238","218068","Shipped","2022-05-22 09:07:49","2022-05-20 01:05:00",NULL,NULL,"18"
"81648","56326","45021","11375","220496","Shipped","2022-02-04 05:40:30","2022-02-05 06:49:00",NULL,NULL,"18"
"82083","56642","45287","25761","221651","Shipped","2022-06-28 04:51:46","2022-06-28 15:18:00",NULL,NULL,"18"
"82984","57292","45797","2647","224117","Shipped","2021-03-09 21:45:35","2021-03-11 06:48:00",NULL,NULL,"18"
"83164","57425","45907","15274","224613","Shipped","2021-11-07 14:31:49","2021-11-08 20:43:00",NULL,NULL,"18"
"83576","57718","46139","25113","225714","Shipped","2020-07-12 06:50:27","2020-07-15 04:28:00",NULL,NULL,"18"
"83762","57848","46250","22926","226224","Shipped","2022-07-05 08:28:40","2022-07-03 21:39:00",NULL,NULL,"18"
"83881","57928","46311","26438","226561","Shipped","2022-05-22 07:42:47","2022-05-21 07:27:00",NULL,NULL,"18"
"84095","58088","46444","10916","227137","Shipped","2022-04-14 05:08:37","2022-04-14 19:47:00",NULL,NULL,"18"
"84467","58354","46676","9654","228132","Shipped","2022-06-03 22:36:58","2022-06-05 15:04:00",NULL,NULL,"18"
"84621","58461","46763","8942","228556","Shipped","2022-04-27 00:35:48","2022-04-29 01:35:00",NULL,NULL,"18"
"84747","58549","46829","2454","228897","Shipped","2021-11-19 04:02:24","2021-11-16 05:30:00",NULL,NULL,"18"
"86914","60062","48061","7018","234799","Shipped","2021-11-30 06:56:27","2021-11-26 13:10:00",NULL,NULL,"18"
"87021","60141","48128","25879","235080","Shipped","2021-11-15 13:16:06","2021-11-14 04:36:00",NULL,NULL,"18"
"88372","61068","48895","15567","238730","Shipped","2022-07-30 02:13:12","2022-07-30 21:45:00",NULL,NULL,"18"
"88503","61166","48984","13666","239095","Shipped","2022-07-10 15:11:14","2022-07-08 20:38:00",NULL,NULL,"18"
"90672","62662","50164","10476","244959","Shipped","2020-04-16 02:53:19","2020-04-15 11:46:00",NULL,NULL,"18"
"91403","63159","50566","18130","246904","Shipped","2021-08-12 13:30:38","2021-08-13 08:04:00",NULL,NULL,"18"
"91936","63524","50861","15587","248326","Shipped","2021-01-10 14:16:37","2021-01-11 00:13:00",NULL,NULL,"18"
"93073","64315","51467","10604","251389","Shipped","2021-12-18 10:11:22","2021-12-19 06:23:00",NULL,NULL,"18"
"93711","64750","51820","11084","253101","Shipped","2022-02-17 10:35:55","2022-02-18 17:29:00",NULL,NULL,"18"
"94146","65044","52036","24764","254282","Shipped","2022-08-27 05:56:24","2022-08-24 16:39:00",NULL,NULL,"18"
"94347","65184","52149","24500","254846","Shipped","2019-11-09 12:34:10","2019-11-10 01:49:00",NULL,NULL,"18"
"94664","65393","52320","25470","255715","Shipped","2022-06-09 13:16:53","2022-06-10 01:05:00",NULL,NULL,"18"
"95106","65725","52579","9494","256904","Shipped","2020-06-19 17:07:53","2020-06-21 23:29:00",NULL,NULL,"18"
"95138","65747","52596","26283","256986","Shipped","2022-07-15 12:25:55","2022-07-13 10:25:00",NULL,NULL,"18"
"96101","66424","53106","15328","259591","Shipped","2022-05-19 14:00:22","2022-05-19 17:44:00",NULL,NULL,"18"
"96245","66512","53179","7084","259978","Shipped","2022-08-19 10:12:29","2022-08-21 08:01:00",NULL,NULL,"18"
"96520","66700","53321","25113","260710","Shipped","2022-06-05 04:15:04","2022-06-07 00:44:00",NULL,NULL,"18"
"96662","66791","53386","15350","261089","Shipped","2022-05-03 02:37:27","2022-05-01 12:20:00",NULL,NULL,"18"
"96808","66886","53459","15558","261487","Shipped","2022-08-31 22:15:05","2022-08-31 09:40:00",NULL,NULL,"18"
"97006","67034","53563","11169","262022","Shipped","2020-03-13 03:35:01","2020-03-14 08:16:00",NULL,NULL,"18"
"98894","68329","54632","15274","267137","Shipped","2021-07-26 23:05:31","2021-07-28 15:42:00",NULL,NULL,"18"
"99042","68432","54717","2785","267545","Shipped","2022-07-25 11:55:24","2022-07-23 20:14:00",NULL,NULL,"18"
"99469","68736","54955","10916","268685","Shipped","2022-02-17 18:59:26","2022-02-19 21:44:00",NULL,NULL,"18"
"99987","69113","55261","25145","270056","Shipped","2022-08-12 00:41:09","2022-08-13 20:44:00",NULL,NULL,"18"
"100036","69137","55279","13779","270192","Shipped","2021-08-04 22:46:29","2021-08-02 23:02:00",NULL,NULL,"18"
"100302","69322","55431","10916","270892","Shipped","2022-09-01 03:57:30","2022-09-02 06:03:00",NULL,NULL,"18"
"100390","69379","55473","25438","271133","Shipped","2021-11-27 16:38:52","2021-11-30 16:48:00",NULL,NULL,"18"
"100890","69727","55757","25186","272498","Shipped","2022-07-29 00:11:13","2022-07-31 12:08:00",NULL,NULL,"18"
"101829","70369","56267","15421","275009","Shipped","2021-08-29 03:09:21","2021-08-29 06:58:00",NULL,NULL,"18"
"101984","70476","56349","7006","275443","Shipped","2021-06-22 00:54:33","2021-06-22 12:06:00",NULL,NULL,"18"
"102943","71129","56857","28889","278049","Shipped","2022-02-27 07:01:44","2022-02-27 16:06:00",NULL,NULL,"18"
"103556","71568","57219","15576","279732","Shipped","2021-01-21 23:09:00","2021-01-22 12:20:00",NULL,NULL,"18"
"104689","72337","57837","26133","282775","Shipped","2022-04-20 12:38:21","2022-04-20 21:08:00",NULL,NULL,"18"
"104953","72523","57986","13664","283504","Shipped","2022-08-18 04:18:17","2022-08-17 04:31:00",NULL,NULL,"18"
"105769","73086","58454","25765","285700","Shipped","2020-02-04 08:38:02","2020-02-04 12:26:00",NULL,NULL,"18"
"106575","73646","58892","15355","287874","Shipped","2022-08-17 00:23:55","2022-08-19 09:15:00",NULL,NULL,"18"
"106708","73727","58958","8884","288228","Shipped","2021-03-25 15:31:02","2021-03-26 20:42:00",NULL,NULL,"18"
"106847","73827","59028","15558","288589","Shipped","2020-12-11 23:37:09","2020-12-14 00:06:00",NULL,NULL,"18"
"107089","73993","59161","9310","289242","Shipped","2022-09-03 23:18:36.088382","2022-09-04 18:29:10.088382",NULL,NULL,"18"
"107283","74116","59253","24851","289781","Shipped","2021-09-27 07:00:15","2021-09-27 19:49:00",NULL,NULL,"18"
"109925","75929","60711","10491","296912","Shipped","2020-07-26 12:38:29","2020-07-27 16:34:00",NULL,NULL,"18"
"110186","76116","60867","25517","297595","Shipped","2022-07-17 02:05:37","2022-07-17 15:45:00",NULL,NULL,"18"
"110298","76195","60932","25517","297897","Shipped","2020-11-06 05:53:27","2020-11-04 06:01:00",NULL,NULL,"18"
"110300","76195","60932","25113","297902","Shipped","2020-11-06 02:15:38","2020-11-04 06:01:00",NULL,NULL,"18"
"111308","76892","61519","25115","300611","Shipped","2022-07-06 10:22:23","2022-07-08 16:28:00",NULL,NULL,"18"
"111361","76928","61550","617","300759","Shipped","2020-02-03 16:48:03","2020-02-04 15:20:00",NULL,NULL,"18"
"114096","78812","63044","26127","308146","Shipped","2022-05-10 04:30:23","2022-05-10 18:48:00",NULL,NULL,"18"
"115684","79889","63933","11079","312427","Shipped","2022-08-03 07:26:52","2022-07-30 14:57:00",NULL,NULL,"18"
"115730","79923","63960","15587","312552","Shipped","2022-05-06 05:23:18","2022-05-06 19:24:00",NULL,NULL,"18"
"116445","80413","64370","10914","314506","Shipped","2022-02-15 17:03:46","2022-02-15 09:02:00",NULL,NULL,"18"
"116655","80538","64480","13953","315070","Shipped","2020-12-29 02:37:33","2020-12-28 18:00:00",NULL,NULL,"18"
"117762","81293","65104","25615","318001","Shipped","2022-09-02 00:38:00.173961","2022-09-03 02:56:51.173961",NULL,NULL,"18"
"117930","81403","65191","25284","318465","Shipped","2022-04-21 06:14:20","2022-04-23 06:24:00",NULL,NULL,"18"
"118196","81590","65339","26903","319156","Shipped","2022-08-03 10:55:27","2022-08-04 13:36:00",NULL,NULL,"18"
"118611","81876","65560","2454","320269","Shipped","2022-04-10 13:19:48","2022-04-09 14:08:00",NULL,NULL,"18"
"118919","82101","65732","28489","321084","Shipped","2021-05-19 00:44:16","2021-05-19 05:51:00",NULL,NULL,"18"
"119087","82205","65817","25854","321534","Shipped","2022-07-11 04:18:29","2022-07-09 14:18:00",NULL,NULL,"18"
"119105","82218","65831","28499","321582","Shipped","2021-04-10 09:33:08","2021-04-11 15:15:00",NULL,NULL,"18"
"119258","82323","65909","15727","321996","Shipped","2021-10-30 04:59:42","2021-11-02 01:23:00",NULL,NULL,"18"
"119368","82400","65969","25879","322288","Shipped","2022-08-13 14:24:24","2022-08-15 02:54:00",NULL,NULL,"18"
"120116","82909","66381","14333","324304","Shipped","2021-12-27 23:23:46","2021-12-24 20:23:00",NULL,NULL,"18"
"120366","83065","66506","25761","324991","Shipped","2022-01-21 07:43:02","2022-01-22 17:01:00",NULL,NULL,"18"
"120555","83201","66620","2603","325526","Shipped","2022-07-27 06:04:01","2022-07-25 09:32:00",NULL,NULL,"18"
"123493","85206","68190","25854","333427","Shipped","2022-05-23 06:44:31","2022-05-24 11:46:00",NULL,NULL,"18"
"123870","85458","68382","10443","334426","Shipped","2021-01-15 00:26:10","2021-01-16 15:32:00",NULL,NULL,"18"
"125911","86845","69500","26127","339936","Shipped","2022-09-04 00:39:47","2022-09-05 20:02:00",NULL,NULL,"18"
"126357","87159","69743","25579","341161","Shipped","2022-06-12 04:17:17","2022-06-14 07:57:00",NULL,NULL,"18"
"126781","87437","69986","11079","342316","Shipped","2021-10-20 11:02:41","2021-10-20 16:45:00",NULL,NULL,"18"
"127500","87922","70399","7018","344222","Shipped","2022-07-21 13:52:18","2022-07-23 18:23:00",NULL,NULL,"18"
"127937","88236","70657","26283","345430","Shipped","2021-08-18 14:36:36","2021-08-20 14:15:00",NULL,NULL,"18"
"128487","88616","70981","2524","346938","Shipped","2020-02-22 00:37:04","2020-02-21 03:55:00",NULL,NULL,"18"
"128644","88726","71066","10916","347359","Shipped","2021-05-27 09:09:51","2021-05-29 01:28:00",NULL,NULL,"18"
"133939","92411","74022","15421","361653","Shipped","2022-07-31 18:08:22","2022-07-30 11:08:00",NULL,NULL,"18"
"136085","93907","75265","13880","367486","Shipped","2022-05-17 01:44:12","2022-05-20 03:07:00",NULL,NULL,"18"
"136400","94132","75456","24615","368320","Shipped","2019-08-19 07:37:01","2019-08-21 21:56:00",NULL,NULL,"18"
"136661","94303","75588","26269","369026","Shipped","2022-08-31 01:54:37","2022-08-30 08:20:00",NULL,NULL,"18"
"136673","94312","75591","25879","369058","Shipped","2021-04-15 10:34:46","2021-04-17 12:11:00",NULL,NULL,"18"
"136785","94388","75642","9637","369358","Shipped","2021-08-22 15:54:39","2021-08-24 04:09:00",NULL,NULL,"18"
"139173","96032","77001","25680","375829","Shipped","2022-08-14 15:02:45","2022-08-16 11:54:00",NULL,NULL,"18"
"139315","96114","77078","25604","376198","Shipped","2022-08-30 03:37:33","2022-09-01 23:24:00",NULL,NULL,"18"
"139494","96238","77186","26903","376694","Shipped","2022-03-08 05:53:32","2022-03-10 15:35:00",NULL,NULL,"18"
"139927","96523","77403","10943","377832","Shipped","2020-05-19 13:02:33","2020-05-20 19:18:00",NULL,NULL,"18"
"140208","96726","77561","10343","378593","Shipped","2022-05-19 22:35:13","2022-05-20 06:07:00",NULL,NULL,"18"
"140814","97131","77901","15821","380202","Shipped","2021-11-26 01:52:13","2021-11-26 05:55:00",NULL,NULL,"18"
"141390","97527","78216","10604","381780","Shipped","2022-07-16 12:09:50","2022-07-16 02:06:00",NULL,NULL,"18"
"142257","98133","78685","26133","384105","Shipped","2021-05-30 07:16:27","2021-06-01 18:56:00",NULL,NULL,"18"
"142484","98297","78822","25604","384711","Shipped","2022-08-31 13:09:37.366261","2022-09-03 12:09:53.366261",NULL,NULL,"18"
"143001","98673","79106","8884","386107","Shipped","2022-04-04 14:05:10","2022-04-03 00:21:00",NULL,NULL,"18"
"143701","99154","79496","25284","387981","Shipped","2021-10-13 14:28:14","2021-10-14 23:48:00",NULL,NULL,"18"
"143883","99280","79604","26242","388476","Shipped","2022-05-23 22:16:49","2022-05-26 08:54:00",NULL,NULL,"18"
"145105","100123","80291","7084","391809","Shipped","2022-03-20 23:11:37","2022-03-22 07:58:00",NULL,NULL,"18"
"147798","101990","81802","26238","399067","Shipped","2019-11-19 18:37:45","2019-11-22 15:12:00",NULL,NULL,"18"
"148778","102662","82353","11079","401760","Shipped","2021-03-26 06:43:12","2021-03-25 09:35:00",NULL,NULL,"18"
"148911","102756","82428","26133","402108","Shipped","2022-05-28 07:19:08","2022-05-29 18:17:00",NULL,NULL,"18"
"149124","102912","82551","25731","402692","Shipped","2022-01-20 04:27:31","2022-01-22 03:58:00",NULL,NULL,"18"
"149705","103320","82880","9494","404273","Shipped","2022-08-15 07:07:52","2022-08-16 07:05:00",NULL,NULL,"18"
"149714","103326","82882","15727","404297","Shipped","2022-09-05 11:16:26","2022-09-02 09:18:00",NULL,NULL,"18"
"150879","104118","83523","12094","407499","Shipped","2022-09-01 04:57:01","2022-09-02 14:24:00",NULL,NULL,"18"
"150891","104127","83528","24991","407531","Shipped","2022-09-01 04:51:00.586193","2022-09-01 18:25:59.586193",NULL,NULL,"18"
"151778","104715","84019","8942","409910","Shipped","2022-03-11 00:52:33","2022-03-12 23:54:00",NULL,NULL,"18"
"152395","105146","84362","2828","411573","Shipped","2022-08-17 09:09:17","2022-08-16 08:44:00",NULL,NULL,"18"
"152681","105354","84521","26118","412324","Shipped","2019-05-08 07:31:31","2019-05-09 00:13:00",NULL,NULL,"18"
"152724","105377","84543","8884","412437","Shipped","2022-02-09 15:03:23","2022-02-10 02:18:00",NULL,NULL,"18"
"152974","105534","84670","26242","413098","Shipped","2022-08-30 16:44:50","2022-08-31 22:28:00",NULL,NULL,"18"
"153582","105958","84996","25805","414750","Shipped","2020-08-18 00:22:46","2020-08-20 13:38:00",NULL,NULL,"18"
"153626","105990","85022","11079","414869","Shipped","2021-12-31 06:15:31","2021-12-29 23:31:00",NULL,NULL,"18"
"154506","106608","85515","26438","417212","Shipped","2022-01-28 01:48:00","2022-01-25 08:05:00",NULL,NULL,"18"
"155079","106995","85844","25718","418750","Shipped","2021-02-02 01:38:15","2021-02-02 21:36:00",NULL,NULL,"18"
"155081","106996","85844","18702","418754","Shipped","2022-06-16 00:06:55","2022-06-12 21:12:00",NULL,NULL,"18"
"157514","108639","87118","15821","425297","Shipped","2020-05-29 10:30:45","2020-05-31 01:10:00",NULL,NULL,"18"
"157987","108976","87394","2785","426561","Shipped","2021-02-19 09:13:02","2021-02-17 08:07:00",NULL,NULL,"18"
"158906","109611","87907","26238","429040","Shipped","2021-07-15 13:57:06","2021-07-18 12:31:00",NULL,NULL,"18"
"159199","109820","88071","13953","429829","Shipped","2020-10-01 10:02:22","2020-10-03 14:46:00",NULL,NULL,"18"
"159381","109948","88171","11748","430322","Shipped","2022-07-20 20:59:02","2022-07-23 06:18:00",NULL,NULL,"18"
"159470","110012","88225","9637","430565","Shipped","2020-04-13 03:08:17","2020-04-15 16:37:00",NULL,NULL,"18"
"160873","110967","88964","10604","434352","Shipped","2021-05-31 05:41:45","2021-06-02 04:14:00",NULL,NULL,"18"
"162395","112001","89794","8870","438504","Shipped","2022-02-23 10:21:52","2022-02-25 10:58:00",NULL,NULL,"18"
"162706","112226","89979","26283","439357","Shipped","2022-03-27 01:01:37","2022-03-27 16:36:00",NULL,NULL,"18"
"162718","112236","89989","10418","439390","Shipped","2022-08-05 00:27:30","2022-08-01 14:20:00",NULL,NULL,"18"
"162860","112334","90082","7006","439775","Shipped","2021-01-22 07:30:54","2021-01-22 15:29:00",NULL,NULL,"18"
"163002","112436","90165","10916","440152","Shipped","2022-06-28 09:25:16","2022-06-27 17:02:00",NULL,NULL,"18"
"163052","112469","90190","11748","440287","Shipped","2022-08-17 11:46:16","2022-08-18 18:03:00",NULL,NULL,"18"
"163086","112491","90207","14055","440382","Shipped","2021-01-08 08:22:03","2021-01-09 18:31:00",NULL,NULL,"18"
"163294","112634","90313","11375","440923","Shipped","2021-12-21 15:13:01","2021-12-22 12:16:00",NULL,NULL,"18"
"163449","112740","90403","11079","441349","Shipped","2022-07-13 15:52:36","2022-07-15 20:16:00",NULL,NULL,"18"
"164211","113265","90822","25438","443450","Shipped","2022-07-23 11:04:56","2022-07-23 22:45:00",NULL,NULL,"18"
"166614","114896","92109","13788","449993","Shipped","2021-12-06 09:00:45","2021-12-08 03:09:00",NULL,NULL,"18"
"166622","114901","92111","28489","450014","Shipped","2022-08-29 05:26:28","2022-08-30 12:39:00",NULL,NULL,"18"
"167021","115181","92318","15587","451088","Shipped","2021-05-29 14:11:41","2021-05-31 02:48:00",NULL,NULL,"18"
"167392","115437","92526","25579","452074","Shipped","2020-07-26 00:34:12","2020-07-27 23:41:00",NULL,NULL,"18"
"168856","116453","93362","14573","455987","Shipped","2021-10-04 02:41:02","2021-10-03 22:43:00",NULL,NULL,"18"
"168910","116494","93391","25115","456135","Shipped","2022-05-12 10:27:58","2022-05-14 12:31:00",NULL,NULL,"18"
"169992","117218","93991","13945","459052","Shipped","2021-05-24 06:25:17","2021-05-25 15:28:00",NULL,NULL,"18"
"170482","117545","94268","18702","460395","Shipped","2021-11-28 03:51:57","2021-11-25 22:09:00",NULL,NULL,"18"
"170852","117795","94463","25718","461430","Shipped","2019-08-18 00:11:19","2019-08-20 18:14:00",NULL,NULL,"18"
"171522","118265","94849","25113","463230","Shipped","2021-06-01 23:32:30","2021-05-30 06:36:00",NULL,NULL,"18"
"171992","118591","95076","15821","464524","Shipped","2022-05-10 04:53:30","2022-05-11 13:28:00",NULL,NULL,"18"
"172919","119258","95594","26238","467039","Shipped","2022-07-27 09:05:45","2022-07-26 18:09:00",NULL,NULL,"18"
"173915","119954","96186","22926","469651","Shipped","2021-03-15 09:10:23","2021-03-16 19:01:00",NULL,NULL,"18"
"173928","119965","96196","13697","469684","Shipped","2021-04-24 06:47:58","2021-04-26 13:01:00",NULL,NULL,"18"
"174582","120409","96546","24991","471439","Shipped","2021-09-04 07:16:28","2021-09-06 14:46:00",NULL,NULL,"18"
"175106","120747","96810","11169","472892","Shipped","2022-03-07 23:19:16","2022-03-07 08:33:00",NULL,NULL,"18"
"175421","120975","96989","24745","473752","Shipped","2021-04-30 13:39:38","2021-05-03 09:17:00",NULL,NULL,"18"
"175514","121038","97040","11037","474006","Shipped","2022-09-06 02:33:40.967379","2022-09-05 17:56:07.967379",NULL,NULL,"18"
"176188","121509","97452","10868","475837","Shipped","2021-05-07 03:39:22","2021-05-10 01:32:00",NULL,NULL,"18"
"177336","122300","98070","15558","478941","Shipped","2022-08-11 14:57:03","2022-08-13 07:07:00",NULL,NULL,"18"
"177363","122320","98088","25955","479013","Shipped","2022-08-20 06:07:08","2022-08-20 16:31:00",NULL,NULL,"18"
"177678","122541","98284","25041","479850","Shipped","2021-09-07 12:49:49","2021-09-08 07:59:00",NULL,NULL,"18"
"178082","122825","98518","14470","480929","Shipped","2022-04-02 04:31:04","2022-04-04 16:59:00",NULL,NULL,"18"
"178316","122986","98643","6586","481553","Shipped","2021-03-17 16:00:32","2021-03-18 13:25:00",NULL,NULL,"18"
"178405","123052","98704","25765","481787","Shipped","2021-09-06 02:43:21","2021-09-07 01:14:00",NULL,NULL,"18"
"178721","123273","98874","25517","482647","Shipped","2022-06-17 06:56:34","2022-06-17 12:49:00",NULL,NULL,"18"
"178829","123349","98938","484","482925","Shipped","2020-09-19 05:31:43","2020-09-20 13:40:00",NULL,NULL,"18"
"178917","123404","98983","24840","483167","Shipped","2021-01-04 23:05:23","2021-01-04 05:53:00",NULL,NULL,"18"
"179961","124110","99549","24991","485975","Shipped","2022-07-27 03:55:25","2022-07-25 14:56:00",NULL,NULL,"18"
"180106","124211","99624","25186","486379","Shipped","2021-11-13 21:32:08","2021-11-13 07:32:00",NULL,NULL,"18"
"180570","124526","99857","666","487614","Shipped","2021-06-12 07:23:30","2021-06-12 19:12:00",NULL,NULL,"18"
"1807","1263","1015","2785","4890","Complete","2022-06-28 07:59:20","2022-06-28 17:44:00","2022-06-30 03:13:00",NULL,"18"
"2723","1861","1511","26335","7376","Complete","2022-08-06 12:49:54","2022-08-04 01:06:00","2022-08-09 00:41:00",NULL,"18"
"2884","1970","1591","25765","7806","Complete","2021-09-02 12:02:40","2021-09-04 21:17:00","2021-09-08 04:05:00",NULL,"18"
"3783","2567","2081","10524","10237","Complete","2022-05-12 05:51:29","2022-05-14 01:28:00","2022-05-16 11:27:00",NULL,"18"
"7916","5424","4392","10476","21473","Complete","2022-05-31 02:55:18","2022-05-31 10:04:00","2022-06-04 16:59:00",NULL,"18"
"8476","5805","4699","25154","22994","Complete","2022-04-26 09:27:33","2022-04-29 02:10:00","2022-04-29 14:51:00",NULL,"18"
"9215","6317","5120","15768","24988","Complete","2021-07-30 14:26:04","2021-07-27 19:18:00","2021-07-29 13:49:00",NULL,"18"
"9838","6764","5478","24851","26692","Complete","2022-02-10 05:05:08","2022-02-10 13:13:00","2022-02-11 20:40:00",NULL,"18"
"10889","7479","6079","2647","29520","Complete","2021-11-11 13:03:43","2021-11-14 04:17:00","2021-11-16 19:42:00",NULL,"18"
"12624","8710","7031","24991","34210","Complete","2022-06-09 11:17:16","2022-06-09 04:42:00","2022-06-10 07:26:00",NULL,"18"
"12771","8822","7123","15360","34605","Complete","2019-09-07 12:51:16","2019-09-10 05:59:00","2019-09-11 05:49:00",NULL,"18"
"12921","8913","7193","11637","35009","Complete","2022-06-14 03:20:40","2022-06-14 04:10:00","2022-06-18 01:17:00",NULL,"18"
"12927","8917","7197","7084","35023","Complete","2021-10-15 05:46:53","2021-10-11 18:40:00","2021-10-11 20:29:00",NULL,"18"
"14135","9729","7850","11042","38308","Complete","2021-12-29 10:48:30","2021-12-30 10:27:00","2021-12-30 12:15:00",NULL,"18"
"14559","10019","8060","25864","39443","Complete","2022-09-01 05:36:31","2022-09-04 03:03:00","2022-09-05 19:20:00",NULL,"18"
"15458","10611","8533","15274","41876","Complete","2021-11-07 04:02:33","2021-11-06 13:07:00","2021-11-09 08:28:00",NULL,"18"
"15673","10748","8635","24764","42443","Complete","2022-08-23 11:05:32","2022-08-26 08:03:00","2022-08-27 20:45:00",NULL,"18"
"16257","11176","8984","24615","44006","Complete","2021-06-17 09:44:23","2021-06-17 08:28:00","2021-06-18 01:48:00",NULL,"18"
"18104","12446","10010","26269","49048","Complete","2022-09-05 04:10:51","2022-09-03 11:41:00","2022-09-07 14:50:00",NULL,"18"
"18852","12955","10385","15558","51018","Complete","2022-07-16 22:21:28","2022-07-17 20:15:00","2022-07-22 08:28:00",NULL,"18"
"21263","14620","11688","6006","57510","Complete","2022-02-17 16:49:45","2022-02-20 05:11:00","2022-02-23 23:44:00",NULL,"18"
"23700","16315","13051","8859","64075","Complete","2021-01-23 12:40:32","2021-01-23 07:23:00","2021-01-24 20:48:00",NULL,"18"
"24474","16836","13453","10924","66151","Complete","2022-08-03 10:18:52","2022-08-05 12:58:00","2022-08-07 09:00:00",NULL,"18"
"24561","16898","13501","25854","66381","Complete","2021-11-08 13:54:10","2021-11-10 05:08:00","2021-11-13 14:29:00",NULL,"18"
"24738","17034","13605","26133","66862","Complete","2021-05-10 21:51:33","2021-05-07 11:02:00","2021-05-09 07:33:00",NULL,"18"
"27199","18729","14971","25718","73536","Complete","2022-07-21 07:08:04","2022-07-22 14:06:00","2022-07-23 03:18:00",NULL,"18"
"27410","18884","15108","2524","74096","Complete","2021-12-26 07:28:31","2021-12-25 23:20:00","2021-12-25 23:50:00",NULL,"18"
"27569","18990","15187","26276","74519","Complete","2022-08-12 12:54:33","2022-08-13 19:42:00","2022-08-18 08:17:00",NULL,"18"
"27905","19236","15383","15727","75444","Complete","2020-12-15 08:57:33","2020-12-17 01:29:00","2020-12-18 21:49:00",NULL,"18"
"27965","19279","15415","2785","75598","Complete","2022-08-22 04:22:27","2022-08-22 21:01:00","2022-08-23 07:00:00",NULL,"18"
"28886","19892","15894","10924","78094","Complete","2020-07-25 16:34:39","2020-07-26 08:42:00","2020-07-29 19:54:00",NULL,"18"
"28916","19913","15907","13666","78178","Complete","2021-08-23 01:25:32","2021-08-19 15:19:00","2021-08-23 22:30:00",NULL,"18"
"30541","21038","16844","2524","82586","Complete","2020-11-28 07:35:06","2020-11-28 20:54:00","2020-12-03 20:31:00",NULL,"18"
"31733","21833","17472","25731","85759","Complete","2020-04-12 06:06:47","2020-04-09 12:01:00","2020-04-11 15:09:00",NULL,"18"
"31743","21843","17478","25604","85787","Complete","2022-01-13 07:25:47","2022-01-13 23:24:00","2022-01-14 00:48:00",NULL,"18"
"32826","22599","18047","24840","88697","Complete","2022-06-17 12:57:37","2022-06-15 16:42:00","2022-06-18 07:09:00",NULL,"18"
"33085","22778","18184","11084","89379","Complete","2022-04-08 06:36:13","2022-04-05 21:25:00","2022-04-09 00:43:00",NULL,"18"
"33247","22887","18260","8841","89803","Complete","2021-12-02 15:59:19","2021-12-03 23:18:00","2021-12-03 23:43:00",NULL,"18"
"35796","24635","19697","14221","96662","Complete","2022-09-02 12:56:22.663864","2022-09-03 07:51:40.663864","2022-09-06 18:15:40.663864",NULL,"18"
"36175","24909","19909","24764","97687","Complete","2020-03-20 03:38:56","2020-03-22 17:38:00","2020-03-24 08:24:00",NULL,"18"
"38862","26765","21382","9654","104914","Complete","2021-11-26 21:34:10","2021-11-27 01:27:00","2021-11-28 18:00:00",NULL,"18"
"39941","27495","21954","25493","107805","Complete","2021-09-10 11:33:03","2021-09-12 14:40:00","2021-09-13 13:48:00",NULL,"18"
"40876","28113","22427","8951","110366","Complete","2021-09-28 06:20:08","2021-09-30 01:16:00","2021-10-04 23:45:00",NULL,"18"
"41247","28370","22631","2785","111359","Complete","2022-01-29 12:49:31","2022-01-29 17:16:00","2022-01-31 00:34:00",NULL,"18"
"42263","29074","23183","25604","114109","Complete","2020-04-19 14:41:21","2020-04-22 12:47:00","2020-04-24 13:41:00",NULL,"18"
"42342","29130","23231","25493","114325","Complete","2020-07-04 14:24:26","2020-07-06 05:03:00","2020-07-07 13:34:00",NULL,"18"
"42762","29425","23453","24764","115481","Complete","2022-06-20 11:52:12","2022-06-20 07:59:00","2022-06-25 02:54:00",NULL,"18"
"42951","29551","23576","2937","115988","Complete","2022-09-02 14:57:57","2022-09-04 05:23:00","2022-09-08 11:52:00",NULL,"18"
"43151","29682","23671","25362","116528","Complete","2021-11-06 11:35:21","2021-11-04 17:33:00","2021-11-05 13:25:00",NULL,"18"
"43399","29855","23806","13779","117186","Complete","2022-03-24 03:51:22","2022-03-25 17:56:00","2022-03-29 08:18:00",NULL,"18"
"43811","30135","24022","25362","118325","Complete","2022-09-01 21:21:42.727186","2022-09-04 02:37:35.727186","2022-09-04 14:45:35.727186",NULL,"18"
"43880","30187","24063","18639","118511","Complete","2020-08-30 21:46:30","2020-08-31 13:22:00","2020-09-05 07:26:00",NULL,"18"
"44932","30930","24694","8942","121347","Complete","2022-06-10 14:36:11","2022-06-13 00:34:00","2022-06-15 10:20:00",NULL,"18"
"45685","31455","25106","2524","123364","Complete","2022-02-09 16:57:14","2022-02-09 05:08:00","2022-02-11 22:14:00",NULL,"18"
"45884","31584","25195","10914","123883","Complete","2022-07-10 16:16:33","2022-07-13 04:39:00","2022-07-13 20:57:00",NULL,"18"
"46076","31723","25309","26238","124416","Complete","2021-12-28 14:44:30","2021-12-30 13:37:00","2022-01-01 13:24:00",NULL,"18"
"49198","33878","27053","24500","132785","Complete","2021-02-21 13:27:16","2021-02-23 20:45:00","2021-02-26 07:41:00",NULL,"18"
"50794","35007","27934","25854","137096","Complete","2021-07-25 06:48:12","2021-07-25 15:45:00","2021-07-29 15:23:00",NULL,"18"
"51113","35236","28124","25604","137968","Complete","2022-03-22 04:41:52","2022-03-23 15:06:00","2022-03-25 22:15:00",NULL,"18"
"51246","35324","28200","11084","138318","Complete","2022-08-26 22:32:13","2022-08-29 10:10:00","2022-08-29 16:29:00",NULL,"18"
"51288","35350","28223","15274","138428","Complete","2022-04-08 13:11:05","2022-04-07 20:37:00","2022-04-07 21:03:00",NULL,"18"
"51771","35675","28503","11042","139746","Complete","2021-08-07 02:16:29","2021-08-07 06:17:00","2021-08-09 08:29:00",NULL,"18"
"52018","35851","28638","26118","140410","Complete","2020-02-08 11:25:48","2020-02-09 22:00:00","2020-02-13 17:19:00",NULL,"18"
"52436","36132","28861","28499","141505","Complete","2021-06-28 02:44:08","2021-06-28 16:07:00","2021-07-03 14:50:00",NULL,"18"
"52538","36206","28922","25414","141781","Complete","2021-04-18 10:23:36","2021-04-18 15:00:00","2021-04-23 06:15:00",NULL,"18"
"53090","36599","29247","10491","143259","Complete","2022-04-19 09:57:33","2022-04-18 10:02:00","2022-04-18 20:40:00",NULL,"18"
"54079","37265","29775","13953","145947","Complete","2021-01-19 16:20:55","2021-01-22 16:42:00","2021-01-24 18:13:00",NULL,"18"
"54848","37807","30197","13664","148019","Complete","2020-02-18 04:13:49","2020-02-18 22:37:00","2020-02-22 18:43:00",NULL,"18"
"56232","38762","30993","11084","151756","Complete","2022-07-08 12:02:44","2022-07-10 08:21:00","2022-07-10 12:21:00",NULL,"18"
"59316","40874","32641","15576","160097","Complete","2022-07-21 17:14:57","2022-07-22 14:33:00","2022-07-24 13:58:00",NULL,"18"
"60144","41426","33100","25115","162383","Complete","2022-09-05 01:41:13","2022-09-01 13:01:00","2022-09-02 07:56:00",NULL,"18"
"61593","42417","33915","13953","166265","Complete","2021-12-22 10:52:04","2021-12-23 10:45:00","2021-12-28 10:24:00",NULL,"18"
"62640","43135","34491","10604","169101","Complete","2020-05-02 02:43:09","2020-04-29 19:34:00","2020-05-03 03:52:00",NULL,"18"
"63328","43601","34863","25879","170999","Complete","2020-01-12 09:31:02","2020-01-10 08:10:00","2020-01-15 04:36:00",NULL,"18"
"66044","45453","36340","9648","178339","Complete","2021-11-28 10:10:37","2021-12-01 02:50:00","2021-12-02 23:41:00",NULL,"18"
"67836","46684","37349","25284","183155","Complete","2022-03-09 08:45:47","2022-03-08 18:29:00","2022-03-09 18:28:00",NULL,"18"
"67931","46743","37393","25362","183418","Complete","2021-11-13 05:04:08","2021-11-12 17:06:00","2021-11-14 19:25:00",NULL,"18"
"67932","46744","37395","10914","183420","Complete","2022-02-18 02:53:02","2022-02-19 05:47:00","2022-02-23 19:51:00",NULL,"18"
"68331","47029","37623","14859","184481","Complete","2020-09-06 03:29:42","2020-09-05 15:48:00","2020-09-10 11:13:00",NULL,"18"
"69201","47646","38085","15727","186797","Complete","2022-09-06 03:44:53.525067","2022-09-04 15:33:47.525067","2022-09-06 09:59:47.525067",NULL,"18"
"70295","48409","38714","6006","189777","Complete","2022-09-03 10:25:33.29146","2022-09-05 06:10:04.29146","2022-09-05 21:54:04.29146",NULL,"18"
"70554","48592","38868","15821","190467","Complete","2019-10-11 14:57:02","2019-10-08 22:26:00","2019-10-10 22:45:00",NULL,"18"
"73906","50905","40723","15350","199548","Complete","2021-12-19 13:50:12","2021-12-21 10:56:00","2021-12-22 10:04:00",NULL,"18"
"74514","51344","41078","15821","201187","Complete","2022-08-28 05:13:56","2022-08-29 03:04:00","2022-08-31 18:11:00",NULL,"18"
"76223","52529","42033","10924","205834","Complete","2021-12-08 14:58:52","2021-12-08 20:58:00","2021-12-10 04:20:00",NULL,"18"
"77030","53114","42494","26269","207996","Complete","2022-02-10 17:58:26","2022-02-10 06:37:00","2022-02-13 21:25:00",NULL,"18"
"77259","53264","42619","24991","208585","Complete","2022-05-22 21:29:51","2022-05-24 05:14:00","2022-05-26 23:15:00",NULL,"18"
"78730","54282","43454","13779","212548","Complete","2022-03-02 03:43:39","2022-03-03 03:27:00","2022-03-05 13:40:00",NULL,"18"
"79760","55008","43989","11375","215371","Complete","2022-09-07 11:22:11.259991","2022-09-07 19:09:24.259991","2022-09-08 14:29:24.259991",NULL,"18"
"79921","55110","44076","24896","215804","Complete","2022-03-14 06:39:29","2022-03-14 10:59:00","2022-03-17 08:09:00",NULL,"18"
"81326","56099","44835","13666","219628","Complete","2020-06-20 10:27:41","2020-06-22 08:31:00","2020-06-24 10:14:00",NULL,"18"
"81590","56288","44981","2937","220345","Complete","2020-07-02 03:35:39","2020-06-30 22:21:00","2020-07-02 21:38:00",NULL,"18"
"82229","56748","45384","15360","222043","Complete","2022-07-25 22:53:23","2022-07-28 08:39:00","2022-08-01 02:05:00",NULL,"18"
"82433","56891","45494","26133","222605","Complete","2022-09-01 01:39:55.78451","2022-08-31 08:29:03.78451","2022-09-04 14:44:03.78451",NULL,"18"
"83007","57311","45812","13779","224178","Complete","2022-06-28 08:12:36","2022-06-30 15:18:00","2022-07-01 15:57:00",NULL,"18"
"83365","57564","46016","11084","225150","Complete","2020-06-16 11:01:46","2020-06-15 17:28:00","2020-06-19 11:33:00",NULL,"18"
"84388","58305","46633","26133","227920","Complete","2022-08-06 08:10:26","2022-08-03 10:57:00","2022-08-04 22:51:00",NULL,"18"
"85660","59196","47336","24991","231387","Complete","2021-07-22 16:30:13","2021-07-23 04:14:00","2021-07-24 12:44:00",NULL,"18"
"85949","59394","47514","11748","232162","Complete","2021-10-28 23:37:29","2021-10-26 16:25:00","2021-10-31 05:42:00",NULL,"18"
"88345","61052","48879","10418","238661","Complete","2022-07-05 05:36:04","2022-07-06 16:29:00","2022-07-06 20:57:00",NULL,"18"
"88643","61276","49071","7155","239482","Complete","2021-09-19 15:42:58","2021-09-20 13:22:00","2021-09-23 00:34:00",NULL,"18"
"88729","61335","49117","25438","239717","Complete","2020-10-21 23:40:22","2020-10-21 13:24:00","2020-10-25 04:30:00",NULL,"18"
"91712","63373","50741","25680","247727","Complete","2022-09-04 11:29:52.248593","2022-09-05 01:28:25.248593","2022-09-05 17:25:25.248593",NULL,"18"
"92540","63942","51187","14221","249942","Complete","2021-10-04 07:43:08","2021-10-06 12:21:00","2021-10-11 06:43:00",NULL,"18"
"92834","64144","51339","8870","250737","Complete","2022-06-08 01:12:53","2022-06-08 11:59:00","2022-06-11 08:44:00",NULL,"18"
"94327","65170","52136","7018","254792","Complete","2021-09-14 14:38:30","2021-09-17 08:37:00","2021-09-17 21:42:00",NULL,"18"
"95217","65810","52648","13666","257195","Complete","2022-08-02 14:58:43","2022-08-01 17:32:00","2022-08-01 18:28:00",NULL,"18"
"95856","66254","52980","22926","258942","Complete","2021-07-18 21:24:41","2021-07-20 19:53:00","2021-07-25 05:20:00",NULL,"18"
"96013","66362","53062","25051","259359","Complete","2021-06-27 00:45:36","2021-06-28 16:46:00","2021-07-01 18:28:00",NULL,"18"
"96674","66801","53394","11079","261124","Complete","2021-06-10 00:11:49","2021-06-09 19:36:00","2021-06-10 18:50:00",NULL,"18"
"97332","67270","53749","28889","262908","Complete","2022-05-17 00:50:10","2022-05-18 23:25:00","2022-05-21 21:58:00",NULL,"18"
"97715","67531","53967","12094","263968","Complete","2021-12-18 08:32:22","2021-12-16 11:36:00","2021-12-16 22:55:00",NULL,"18"
"98271","67911","54268","2937","265475","Complete","2022-03-09 11:29:47","2022-03-12 06:30:00","2022-03-12 10:19:00",NULL,"18"
"101133","69891","55892","25115","273125","Complete","2021-06-03 08:59:17","2021-05-31 22:06:00","2021-06-04 01:13:00",NULL,"18"
"101167","69911","55904","25154","273216","Complete","2022-07-13 22:27:02","2022-07-13 05:38:00","2022-07-15 07:15:00",NULL,"18"
"101404","70072","56016","12589","273869","Complete","2021-09-28 11:19:54","2021-09-27 13:59:00","2021-09-28 07:37:00",NULL,"18"
"102230","70639","56477","25731","276119","Complete","2022-09-05 01:10:05.682184","2022-09-04 02:40:55.682184","2022-09-07 19:30:55.682184",NULL,"18"
"103073","71220","56932","25977","278401","Complete","2020-05-06 22:35:47","2020-05-03 16:21:00","2020-05-05 16:19:00",NULL,"18"
"103628","71617","57262","10532","279932","Complete","2020-09-11 10:08:47","2020-09-09 17:34:00","2020-09-14 03:57:00",NULL,"18"
"103654","71634","57275","2647","280007","Complete","2022-03-26 16:02:42","2022-03-29 14:14:00","2022-03-30 04:16:00",NULL,"18"
"104643","72311","57814","25438","282656","Complete","2020-06-12 08:50:10","2020-06-13 09:37:00","2020-06-17 19:10:00",NULL,"18"
"104892","72475","57943","14333","283336","Complete","2020-08-29 11:44:29","2020-08-30 03:12:00","2020-08-31 05:20:00",NULL,"18"
"104919","72497","57957","24736","283412","Complete","2020-03-01 14:00:12","2020-02-27 19:22:00","2020-03-02 13:23:00",NULL,"18"
"108222","74764","59787","14859","292352","Complete","2022-08-31 05:07:58","2022-09-01 23:59:00","2022-09-02 04:28:00",NULL,"18"
"109011","75304","60208","18130","294471","Complete","2020-09-26 09:11:08","2020-09-26 14:32:00","2020-09-28 04:17:00",NULL,"18"
"109048","75330","60223","11079","294568","Complete","2022-07-30 13:42:10","2022-07-30 10:57:00","2022-07-30 11:14:00",NULL,"18"
"109756","75808","60605","24736","296468","Complete","2022-04-08 14:22:37","2022-04-07 17:12:00","2022-04-08 09:46:00",NULL,"18"
"110174","76106","60859","25362","297570","Complete","2020-06-04 05:20:45","2020-06-03 10:13:00","2020-06-08 08:20:00",NULL,"18"
"110268","76176","60912","25517","297817","Complete","2022-05-30 10:39:40","2022-05-31 04:38:00","2022-06-02 17:30:00",NULL,"18"
"110332","76214","60945","10418","297984","Complete","2022-06-24 22:41:09","2022-06-22 18:53:00","2022-06-24 18:57:00",NULL,"18"
"110371","76237","60968","18702","298083","Complete","2022-06-06 11:37:56","2022-06-07 20:54:00","2022-06-11 05:03:00",NULL,"18"
"110702","76469","61156","26335","298960","Complete","2019-07-03 02:27:13","2019-07-04 16:36:00","2019-07-06 19:37:00",NULL,"18"
"111192","76822","61461","28499","300296","Complete","2022-02-05 22:46:31","2022-02-07 06:06:00","2022-02-09 02:35:00",NULL,"18"
"111313","76896","61523","25362","300625","Complete","2019-10-26 03:59:01","2019-10-27 01:44:00","2019-10-30 01:01:00",NULL,"18"
"111535","77052","61645","26903","301224","Complete","2020-11-07 10:00:08","2020-11-04 03:51:00","2020-11-04 19:10:00",NULL,"18"
"113406","78345","62655","25879","306308","Complete","2022-07-23 02:57:10","2022-07-26 03:11:00","2022-07-27 10:27:00",NULL,"18"
"113699","78545","62811","25615","307082","Complete","2022-05-17 16:10:19","2022-05-19 12:04:00","2022-05-21 21:37:00",NULL,"18"
"114085","78805","63036","24991","308119","Complete","2022-03-22 13:40:14","2022-03-24 23:41:00","2022-03-27 20:26:00",NULL,"18"
"114349","78982","63171","25879","308848","Complete","2022-09-03 14:36:23","2022-09-02 07:42:00","2022-09-07 02:26:00",NULL,"18"
"114377","79001","63186","25604","308924","Complete","2022-07-01 01:15:50","2022-07-02 22:57:00","2022-07-07 06:39:00",NULL,"18"
"114716","79234","63383","26133","309839","Complete","2021-06-21 17:14:12","2021-06-21 22:21:00","2021-06-23 14:28:00",NULL,"18"
"114839","79325","63458","24736","310184","Complete","2022-06-25 00:51:59","2022-06-26 12:49:00","2022-06-30 23:10:00",NULL,"18"
"115013","79437","63557","7035","310646","Complete","2022-03-09 05:13:19","2022-03-10 12:47:00","2022-03-14 00:34:00",NULL,"18"
"116582","80495","64448","26242","314867","Complete","2022-09-05 03:05:25","2022-09-04 15:55:00","2022-09-09 08:10:00",NULL,"18"
"116584","80496","64448","25186","314871","Complete","2021-11-21 00:44:07","2021-11-20 01:32:00","2021-11-22 10:53:00",NULL,"18"
"116851","80673","64593","25493","315569","Complete","2021-07-14 23:05:21","2021-07-12 02:21:00","2021-07-15 10:19:00",NULL,"18"
"118268","81642","65373","13697","319347","Complete","2020-01-13 02:27:59","2020-01-15 20:01:00","2020-01-20 12:36:00",NULL,"18"
"118583","81855","65537","13664","320187","Complete","2021-08-28 21:04:04","2021-08-30 02:45:00","2021-09-01 21:41:00",NULL,"18"
"119070","82196","65814","25477","321488","Complete","2022-08-06 15:45:20","2022-08-07 13:14:00","2022-08-09 01:41:00",NULL,"18"
"119132","82238","65849","24726","321652","Complete","2022-08-29 00:32:45","2022-08-31 23:53:00","2022-09-04 21:16:00",NULL,"18"
"119829","82724","66224","15567","323521","Complete","2022-07-02 05:57:25","2022-07-02 15:22:00","2022-07-02 22:37:00",NULL,"18"
"120381","83077","66515","28489","325035","Complete","2021-09-01 04:47:52","2021-09-01 21:44:00","2021-09-05 21:04:00",NULL,"18"
"120676","83281","66687","2828","325839","Complete","2021-08-29 14:35:57","2021-09-01 14:10:00","2021-09-05 16:30:00",NULL,"18"
"120734","83324","66721","9637","325999","Complete","2021-10-07 23:26:17","2021-10-09 10:13:00","2021-10-10 14:40:00",NULL,"18"
"121085","83560","66907","8870","326946","Complete","2022-08-03 00:52:31","2022-08-03 19:33:00","2022-08-05 04:33:00",NULL,"18"
"121360","83759","67064","14055","327684","Complete","2021-03-22 15:16:54","2021-03-25 14:18:00","2021-03-26 13:52:00",NULL,"18"
"127981","88262","70680","25854","345550","Complete","2022-07-30 08:15:27","2022-07-29 13:38:00","2022-07-29 18:29:00",NULL,"18"
"129085","89017","71317","9637","348557","Complete","2022-03-13 00:22:56","2022-03-13 03:41:00","2022-03-13 08:58:00",NULL,"18"
"130055","89704","71851","8859","351158","Complete","2022-05-14 21:39:46","2022-05-13 20:10:00","2022-05-15 12:00:00",NULL,"18"
"131110","90433","72436","13788","353999","Complete","2021-01-02 14:23:02","2021-01-02 14:07:00","2021-01-05 23:33:00",NULL,"18"
"132204","91203","73034","13975","356967","Complete","2022-09-02 17:01:20","2022-09-02 20:00:00","2022-09-05 09:31:00",NULL,"18"
"132562","91437","73230","25186","357958","Complete","2020-04-02 06:56:11","2020-04-04 04:03:00","2020-04-04 05:46:00",NULL,"18"
"132714","91550","73322","15567","358372","Complete","2022-02-18 07:35:55","2022-02-20 01:08:00","2022-02-23 13:48:00",NULL,"18"
"134279","92651","74223","13666","362591","Complete","2020-06-25 03:54:16","2020-06-27 03:39:00","2020-07-02 01:35:00",NULL,"18"
"134747","92957","74471","24840","363880","Complete","2021-09-24 08:24:03","2021-09-24 13:08:00","2021-09-26 07:38:00",NULL,"18"
"134956","93108","74594","11042","364432","Complete","2022-06-20 14:27:43","2022-06-18 07:10:00","2022-06-18 09:18:00",NULL,"18"
"135393","93424","74847","10604","365617","Complete","2021-03-05 23:44:18","2021-03-09 02:11:00","2021-03-13 06:53:00",NULL,"18"
"136183","93977","75317","14056","367744","Complete","2022-02-23 11:27:08","2022-02-26 08:56:00","2022-02-26 13:12:00",NULL,"18"
"137053","94581","75812","10923","370079","Complete","2021-11-06 07:21:15","2021-11-06 16:53:00","2021-11-07 04:41:00",NULL,"18"
"138028","95248","76357","26269","372691","Complete","2021-10-03 22:02:30","2021-10-01 18:27:00","2021-10-05 03:30:00",NULL,"18"
"138310","95445","76521","9062","373475","Complete","2019-07-13 14:52:19","2019-07-14 08:37:00","2019-07-18 16:14:00",NULL,"18"
"139571","96281","77219","11637","376890","Complete","2021-11-09 06:21:12","2021-11-09 15:00:00","2021-11-14 11:38:00",NULL,"18"
"139779","96427","77323","25579","377439","Complete","2022-02-08 23:20:33","2022-02-07 10:25:00","2022-02-09 20:52:00",NULL,"18"
"140126","96668","77525","26438","378363","Complete","2022-06-16 15:33:18","2022-06-15 21:20:00","2022-06-19 18:46:00",NULL,"18"
"141214","97395","78109","25438","381295","Complete","2022-07-06 09:37:21","2022-07-07 14:24:00","2022-07-11 16:44:00",NULL,"18"
"141459","97581","78263","8841","381963","Complete","2022-05-27 22:40:40","2022-05-26 08:47:00","2022-05-26 17:30:00",NULL,"18"
"142324","98182","78728","25154","384290","Complete","2022-04-02 10:37:35","2022-04-04 12:24:00","2022-04-05 20:31:00",NULL,"18"
"142463","98281","78804","26283","384656","Complete","2021-01-31 10:48:06","2021-02-01 23:33:00","2021-02-05 13:31:00",NULL,"18"
"142981","98657","79090","15355","386054","Complete","2022-04-07 23:08:03","2022-04-10 05:05:00","2022-04-12 08:59:00",NULL,"18"
"143682","99142","79487","13779","387937","Complete","2020-06-03 10:47:42","2020-06-04 08:54:00","2020-06-06 21:07:00",NULL,"18"
"144389","99621","79877","25145","389856","Complete","2022-05-29 13:18:44","2022-05-28 07:55:00","2022-06-01 08:14:00",NULL,"18"
"144995","100045","80225","25579","391503","Complete","2020-07-19 14:59:19","2020-07-22 05:54:00","2020-07-26 01:10:00",NULL,"18"
"145054","100089","80264","25284","391661","Complete","2022-09-02 15:32:40.58665","2022-09-03 10:26:31.58665","2022-09-06 16:19:31.58665",NULL,"18"
"146538","101103","81117","666","395700","Complete","2021-04-08 02:07:58","2021-04-08 18:37:00","2021-04-11 10:03:00",NULL,"18"
"148417","102412","82155","7155","400757","Complete","2022-03-04 11:10:11","2022-03-04 09:57:00","2022-03-05 00:50:00",NULL,"18"
"148453","102432","82171","10532","400860","Complete","2022-07-18 02:33:15","2022-07-18 04:29:00","2022-07-23 01:28:00",NULL,"18"
"148682","102595","82302","24991","401496","Complete","2022-09-01 17:04:57.873293","2022-09-01 17:59:25.873293","2022-09-03 17:22:25.873293",NULL,"18"
"149245","103004","82617","11084","403021","Complete","2021-01-22 07:36:42","2021-01-21 22:02:00","2021-01-22 07:05:00",NULL,"18"
"149455","103144","82735","9637","403584","Complete","2021-10-09 07:10:51","2021-10-10 12:09:00","2021-10-11 02:46:00",NULL,"18"
"149656","103290","82852","28499","404136","Complete","2022-08-14 09:36:19","2022-08-15 03:29:00","2022-08-15 12:50:00",NULL,"18"
"150472","103834","83305","26283","406399","Complete","2020-02-03 08:05:11","2020-02-05 06:50:00","2020-02-08 23:58:00",NULL,"18"
"150659","103962","83409","25284","406894","Complete","2020-12-31 21:36:37","2020-12-28 01:23:00","2020-12-28 08:48:00",NULL,"18"
"150845","104094","83508","28489","407402","Complete","2021-07-06 16:41:04","2021-07-08 00:47:00","2021-07-10 16:14:00",NULL,"18"
"151742","104689","83993","25731","409811","Complete","2022-07-30 16:18:29","2022-07-31 23:50:00","2022-08-01 04:09:00",NULL,"18"
"152656","105334","84505","24615","412260","Complete","2021-08-20 13:15:24","2021-08-21 03:07:00","2021-08-24 23:15:00",NULL,"18"
"153424","105845","84904","11169","414344","Complete","2022-08-11 05:20:22","2022-08-12 14:25:00","2022-08-13 20:25:00",NULL,"18"
"153453","105866","84920","13975","414421","Complete","2020-07-15 11:42:14","2020-07-17 08:32:00","2020-07-17 10:19:00",NULL,"18"
"153741","106076","85089","25414","415167","Complete","2021-10-19 10:34:27","2021-10-18 09:51:00","2021-10-19 17:06:00",NULL,"18"
"154030","106278","85243","8884","415942","Complete","2022-07-08 12:11:15","2022-07-11 08:16:00","2022-07-14 04:20:00",NULL,"18"
"154800","106813","85708","25864","417996","Complete","2021-05-06 08:53:03","2021-05-02 13:07:00","2021-05-03 13:35:00",NULL,"18"
"155184","107068","85897","8951","419030","Complete","2022-08-19 07:39:29","2022-08-20 22:02:00","2022-08-25 09:02:00",NULL,"18"
"155672","107386","86162","14859","420340","Complete","2021-10-06 06:46:41","2021-10-07 17:29:00","2021-10-09 05:31:00",NULL,"18"
"155800","107487","86236","10491","420664","Complete","2020-12-02 05:06:53","2020-12-02 14:28:00","2020-12-04 11:40:00",NULL,"18"
"155849","107518","86252","2828","420792","Complete","2022-04-29 03:32:49","2022-04-29 09:39:00","2022-05-04 04:17:00",NULL,"18"
"156056","107652","86362","9648","421356","Complete","2020-09-29 14:25:37","2020-10-01 13:19:00","2020-10-02 13:09:00",NULL,"18"
"156632","108039","86647","10532","422905","Complete","2022-01-17 16:32:25","2022-01-18 00:59:00","2022-01-22 00:29:00",NULL,"18"
"157040","108315","86863","11375","424014","Complete","2022-05-29 22:23:47","2022-05-28 13:48:00","2022-05-28 14:32:00",NULL,"18"
"157686","108755","87217","25579","425759","Complete","2021-12-03 00:33:50","2021-12-01 21:48:00","2021-12-03 15:42:00",NULL,"18"
"158323","109208","87587","25493","427457","Complete","2022-04-02 10:48:24","2022-04-03 23:56:00","2022-04-07 02:21:00",NULL,"18"
"158594","109397","87724","14056","428193","Complete","2020-08-12 06:24:02","2020-08-12 08:25:00","2020-08-12 23:54:00",NULL,"18"
"159367","109937","88163","25493","430283","Complete","2022-01-24 23:05:14","2022-01-24 05:16:00","2022-01-26 16:54:00",NULL,"18"
"159886","110307","88460","8859","431700","Complete","2022-07-29 06:24:06","2022-07-29 08:42:00","2022-08-02 22:36:00",NULL,"18"
"162202","111868","89685","24764","437983","Complete","2022-04-20 14:39:34","2022-04-22 23:20:00","2022-04-26 05:15:00",NULL,"18"
"162638","112181","89938","26283","439172","Complete","2022-07-04 17:53:27","2022-07-05 11:16:00","2022-07-06 06:33:00",NULL,"18"
"163040","112461","90181","26276","440255","Complete","2019-06-03 03:06:34","2019-06-04 04:35:00","2019-06-07 12:09:00",NULL,"18"
"164062","113168","90753","2647","443042","Complete","2022-02-11 17:17:38","2022-02-13 08:14:00","2022-02-18 00:30:00",NULL,"18"
"165979","114470","91764","25483","448285","Complete","2020-01-12 12:28:23","2020-01-11 18:40:00","2020-01-12 16:40:00",NULL,"18"
"166594","114884","92099","25977","449939","Complete","2021-11-21 14:08:49","2021-11-20 21:27:00","2021-11-24 19:27:00",NULL,"18"
"168757","116383","93307","25362","455729","Complete","2022-07-31 07:39:00","2022-07-28 11:00:00","2022-08-01 09:35:00",NULL,"18"
"169747","117059","93863","6006","458392","Complete","2022-09-01 03:25:25","2022-09-02 23:29:00","2022-09-06 10:14:00",NULL,"18"
"169826","117113","93900","28489","458610","Complete","2019-09-21 05:18:08","2019-09-21 14:14:00","2019-09-24 15:48:00",NULL,"18"
"171290","118089","94701","26903","462615","Complete","2022-02-01 01:24:28","2022-01-30 03:31:00","2022-01-31 23:24:00",NULL,"18"
"173273","119506","95814","2647","467974","Complete","2021-12-12 00:18:07","2021-12-12 18:45:00","2021-12-13 19:44:00",NULL,"18"
"177326","122293","98062","24991","478914","Complete","2022-09-06 05:08:46.954403","2022-09-04 05:45:34.954403","2022-09-07 14:28:34.954403",NULL,"18"
"177935","122727","98439","15567","480540","Complete","2022-08-26 01:33:09","2022-08-23 18:37:00","2022-08-28 05:05:00",NULL,"18"
"178465","123096","98741","26390","481956","Complete","2021-12-15 04:31:23","2021-12-16 08:45:00","2021-12-21 08:29:00",NULL,"18"
"179310","123673","99209","15576","484232","Complete","2022-03-17 08:26:19","2022-03-19 23:10:00","2022-03-21 10:04:00",NULL,"18"
"179641","123895","99376","15328","485122","Complete","2022-08-23 22:31:04","2022-08-25 19:32:00","2022-08-30 06:22:00",NULL,"18"
"179949","124103","99544","25438","485946","Complete","2019-10-19 05:28:15","2019-10-19 22:33:00","2019-10-20 07:46:00",NULL,"18"
"180394","124400","99755","25284","487138","Complete","2022-03-19 10:31:28","2022-03-18 17:14:00","2022-03-21 09:56:00",NULL,"18"
"180726","124641","99942","14859","488042","Complete","2020-09-02 22:39:48","2020-09-04 02:21:00","2020-09-09 02:14:00",NULL,"18"
"1622","1126","918","25115","4393","Returned","2022-01-31 09:22:01","2022-02-02 02:30:00","2022-02-05 02:37:00","2022-02-07 08:15:00","18"
"1842","1287","1035","10476","4986","Returned","2022-06-07 06:20:01","2022-06-06 14:22:00","2022-06-07 15:30:00","2022-06-08 14:41:00","18"
"5343","3649","2981","25718","14465","Returned","2022-04-23 21:52:41","2022-04-25 15:15:00","2022-04-27 20:46:00","2022-04-28 22:27:00","18"
"7697","5276","4272","14573","20879","Returned","2022-03-21 12:29:37","2022-03-21 17:36:00","2022-03-23 05:10:00","2022-03-24 14:39:00","18"
"8250","5651","4567","2828","22376","Returned","2022-08-13 10:37:03","2022-08-15 15:20:00","2022-08-20 09:10:00","2022-08-21 14:27:00","18"
"9917","6822","5532","26390","26907","Returned","2022-04-19 01:07:30","2022-04-19 07:06:00","2022-04-19 10:05:00","2022-04-21 00:05:00","18"
"9977","6862","5564","9455","27069","Returned","2022-08-01 13:05:45","2022-08-01 13:37:00","2022-08-05 00:30:00","2022-08-05 16:01:00","18"
"10076","6930","5630","7006","27334","Returned","2022-08-31 07:04:29.60418","2022-09-02 05:45:16.60418","2022-09-02 06:16:16.60418","2022-09-02 20:34:16.60418","18"
"11119","7648","6207","25470","30133","Returned","2019-05-29 00:49:53","2019-05-30 11:52:00","2019-06-04 11:50:00","2019-06-06 09:09:00","18"
"13041","9002","7262","25680","35329","Returned","2021-08-10 07:23:27","2021-08-11 22:33:00","2021-08-12 03:18:00","2021-08-12 10:52:00","18"
"15134","10404","8373","10532","40995","Returned","2020-10-16 07:11:42","2020-10-14 09:23:00","2020-10-19 07:00:00","2020-10-21 17:33:00","18"
"16655","11458","9217","25615","45080","Returned","2020-02-03 08:33:35","2020-02-04 12:33:00","2020-02-07 00:50:00","2020-02-07 08:03:00","18"
"17533","12062","9695","25765","47500","Returned","2022-02-02 04:37:06","2022-02-02 22:56:00","2022-02-03 15:46:00","2022-02-06 00:12:00","18"
"18862","12963","10390","10924","51044","Returned","2021-12-24 17:07:13","2021-12-25 19:19:00","2021-12-30 12:13:00","2021-12-31 06:30:00","18"
"19158","13168","10559","25145","51836","Returned","2022-06-21 04:39:05","2022-06-21 17:11:00","2022-06-23 19:20:00","2022-06-25 06:44:00","18"
"21592","14846","11859","13779","58380","Returned","2021-07-06 04:12:36","2021-07-06 22:45:00","2021-07-09 22:57:00","2021-07-12 09:03:00","18"
"23418","16117","12881","9494","63298","Returned","2022-05-16 12:22:26","2022-05-17 16:04:00","2022-05-19 07:46:00","2022-05-22 02:09:00","18"
"28038","19332","15458","25805","75782","Returned","2021-02-28 13:30:20","2021-02-28 22:57:00","2021-03-04 04:02:00","2021-03-05 03:04:00","18"
"33255","22893","18263","15274","89824","Returned","2022-04-26 14:32:10","2022-04-27 07:12:00","2022-05-01 17:35:00","2022-05-04 05:05:00","18"
"33479","23044","18396","14221","90451","Returned","2022-05-12 20:53:49","2022-05-11 22:50:00","2022-05-16 02:32:00","2022-05-18 02:21:00","18"
"33929","23363","18646","24896","91671","Returned","2020-11-22 02:25:36","2020-11-22 03:57:00","2020-11-24 13:05:00","2020-11-27 08:40:00","18"
"36497","25128","20089","10343","98533","Returned","2021-11-30 11:01:25","2021-12-01 09:38:00","2021-12-03 09:15:00","2021-12-03 12:31:00","18"
"36793","25322","20243","25483","99316","Returned","2020-11-13 05:54:18","2020-11-13 16:40:00","2020-11-15 09:30:00","2020-11-16 05:33:00","18"
"48201","33207","26533","25041","130096","Returned","2021-03-13 09:03:06","2021-03-13 12:46:00","2021-03-14 02:05:00","2021-03-14 19:59:00","18"
"48486","33408","26681","26238","130855","Returned","2022-09-04 11:17:25.741929","2022-09-06 01:18:45.741929","2022-09-07 08:05:45.741929","2022-09-10 06:49:45.741929","18"
"48619","33494","26754","25801","131206","Returned","2021-03-14 06:53:10","2021-03-11 16:54:00","2021-03-16 03:27:00","2021-03-19 02:17:00","18"
"55857","38500","30764","25765","150736","Returned","2022-08-04 11:34:55","2022-07-31 19:00:00","2022-08-03 18:47:00","2022-08-06 09:11:00","18"
"56837","39173","31318","25604","153410","Returned","2022-01-31 15:29:19","2022-01-30 03:41:00","2022-02-02 05:54:00","2022-02-04 18:17:00","18"
"58537","40352","32222","13880","157989","Returned","2022-06-24 08:23:28","2022-06-24 19:10:00","2022-06-28 12:39:00","2022-06-28 19:47:00","18"
"60200","41460","33129","15421","162529","Returned","2022-08-24 22:38:42","2022-08-26 10:12:00","2022-08-30 15:02:00","2022-08-31 11:44:00","18"
"63531","43745","34980","2828","171517","Returned","2022-07-16 03:48:42","2022-07-18 13:13:00","2022-07-21 16:08:00","2022-07-24 00:20:00","18"
"66578","45802","36627","25186","179766","Returned","2021-09-01 08:35:54","2021-09-02 16:07:00","2021-09-05 11:59:00","2021-09-07 16:52:00","18"
"67423","46391","37100","9310","182064","Returned","2022-08-30 12:33:40","2022-08-30 10:08:00","2022-09-03 16:10:00","2022-09-04 04:35:00","18"
"71631","49329","39480","15421","193383","Returned","2021-02-18 09:33:30","2021-02-19 17:49:00","2021-02-22 19:10:00","2021-02-25 02:29:00","18"
"75085","51741","41397","25505","202728","Returned","2020-11-16 15:51:23","2020-11-16 20:40:00","2020-11-21 17:40:00","2020-11-24 17:01:00","18"
"75376","51939","41562","22926","203504","Returned","2022-02-22 02:57:37","2022-02-22 01:44:00","2022-02-24 04:45:00","2022-02-25 18:21:00","18"
"76950","53057","42450","10443","207795","Returned","2021-06-19 22:59:06","2021-06-21 02:38:00","2021-06-25 02:20:00","2021-06-27 17:22:00","18"
"78193","53921","43135","25284","211103","Returned","2021-09-21 01:37:47","2021-09-23 15:59:00","2021-09-28 06:21:00","2021-09-28 16:12:00","18"
"79455","54792","43819","14333","214539","Returned","2020-06-27 08:26:01","2020-06-29 20:31:00","2020-07-02 06:56:00","2020-07-03 16:14:00","18"
"82012","56586","45233","14055","221469","Returned","2022-09-08 01:02:36.090668","2022-09-07 08:25:57.090668","2022-09-10 16:24:57.090668","2022-09-12 19:44:57.090668","18"
"85081","58795","47008","15421","229813","Returned","2022-08-06 18:36:40","2022-08-08 18:18:00","2022-08-10 07:52:00","2022-08-10 17:35:00","18"
"85265","58918","47099","25477","230321","Returned","2021-10-23 00:04:07","2021-10-24 16:20:00","2021-10-28 11:44:00","2021-10-31 05:05:00","18"
"92871","64174","51363","15355","250833","Returned","2021-08-09 00:17:30","2021-08-09 07:04:00","2021-08-11 15:50:00","2021-08-12 08:44:00","18"
"95969","66328","53039","15274","259241","Returned","2022-09-03 10:33:21","2022-09-06 06:31:00","2022-09-07 02:11:00","2022-09-08 12:12:00","18"
"96218","66495","53166","9637","259907","Returned","2021-08-05 12:44:31","2021-08-05 00:52:00","2021-08-06 14:35:00","2021-08-06 15:56:00","18"
"96329","66567","53216","11637","260204","Returned","2021-03-31 06:23:58","2021-03-29 13:44:00","2021-03-31 10:35:00","2021-04-01 13:28:00","18"
"97176","67153","53656","18639","262492","Returned","2021-10-20 06:40:12","2021-10-21 15:50:00","2021-10-25 20:11:00","2021-10-27 10:11:00","18"
"97707","67527","53965","11637","263946","Returned","2021-01-19 02:23:49","2021-01-17 18:25:00","2021-01-21 10:23:00","2021-01-23 08:13:00","18"
"99705","68913","55102","14055","269307","Returned","2022-05-22 15:10:47","2022-05-24 15:45:00","2022-05-28 23:39:00","2022-05-31 08:36:00","18"
"102751","70987","56736","25579","277538","Returned","2022-08-04 16:25:00","2022-08-05 03:10:00","2022-08-07 04:31:00","2022-08-08 14:54:00","18"
"103246","71338","57026","11079","278877","Returned","2020-02-14 03:05:27","2020-02-12 16:12:00","2020-02-14 09:54:00","2020-02-14 21:44:00","18"
"106948","73899","59095","8870","288863","Returned","2022-02-05 02:31:46","2022-02-06 19:55:00","2022-02-10 02:00:00","2022-02-10 19:22:00","18"
"107936","74566","59611","25579","291566","Returned","2022-03-19 03:44:13","2022-03-18 20:52:00","2022-03-20 12:31:00","2022-03-20 23:36:00","18"
"108086","74667","59707","15558","291984","Returned","2022-07-29 08:00:56","2022-07-29 22:09:00","2022-07-29 22:58:00","2022-07-30 03:33:00","18"
"110078","76035","60801","10491","297324","Returned","2021-01-16 23:59:21","2021-01-19 08:39:00","2021-01-21 00:08:00","2021-01-22 12:34:00","18"
"113818","78622","62876","25493","307408","Returned","2021-04-26 01:53:39","2021-04-27 09:43:00","2021-05-02 05:37:00","2021-05-02 16:32:00","18"
"114558","79122","63287","13779","309404","Returned","2020-02-29 13:57:48","2020-02-27 23:33:00","2020-02-28 12:02:00","2020-02-29 03:43:00","18"
"115889","80031","64051","18702","312985","Returned","2022-04-28 15:11:05","2022-04-25 20:28:00","2022-04-29 23:24:00","2022-05-01 10:52:00","18"
"116305","80310","64284","2937","314121","Returned","2022-09-08 12:47:52.432849","2022-09-06 16:30:29.432849","2022-09-08 13:41:29.432849","2022-09-08 14:24:29.432849","18"
"116861","80678","64596","10524","315594","Returned","2021-09-15 07:44:16","2021-09-15 20:25:00","2021-09-18 05:36:00","2021-09-20 02:59:00","18"
"119695","82631","66148","12094","323155","Returned","2021-08-15 02:23:06","2021-08-17 04:54:00","2021-08-17 04:58:00","2021-08-17 19:14:00","18"
"120008","82843","66319","25955","324021","Returned","2022-04-12 00:39:08","2022-04-10 20:44:00","2022-04-12 13:38:00","2022-04-13 17:58:00","18"
"120748","83334","66728","15350","326034","Returned","2021-04-24 01:02:47","2021-04-24 09:53:00","2021-04-28 10:13:00","2021-04-29 15:02:00","18"
"121709","83979","67237","13788","328623","Returned","2021-08-06 10:28:57","2021-08-06 16:56:00","2021-08-11 07:14:00","2021-08-13 23:38:00","18"
"124042","85571","68472","11748","334874","Returned","2022-08-09 22:57:25","2022-08-12 10:58:00","2022-08-13 18:01:00","2022-08-15 07:24:00","18"
"126997","87589","70130","2524","342903","Returned","2021-09-07 21:41:48","2021-09-05 19:52:00","2021-09-07 23:57:00","2021-09-09 17:46:00","18"
"129838","89550","71727","25517","350556","Returned","2022-04-05 09:01:33","2022-04-06 12:09:00","2022-04-06 19:56:00","2022-04-08 09:27:00","18"
"131723","90863","72779","14859","355653","Returned","2022-01-19 00:52:54","2022-01-16 21:57:00","2022-01-21 05:20:00","2022-01-22 22:59:00","18"
"135375","93411","74835","26269","365570","Returned","2021-12-16 22:31:09","2021-12-19 09:12:00","2021-12-20 22:17:00","2021-12-23 20:20:00","18"
"135857","93750","75124","25579","366863","Returned","2021-02-25 14:33:25","2021-02-26 21:28:00","2021-02-27 17:49:00","2021-02-27 20:02:00","18"
"137102","94617","75831","25680","370210","Returned","2022-07-16 22:02:53","2022-07-17 04:34:00","2022-07-18 00:42:00","2022-07-20 20:31:00","18"
"137672","95003","76153","6586","371728","Returned","2021-02-27 13:01:37","2021-02-28 06:36:00","2021-03-04 05:23:00","2021-03-04 12:01:00","18"
"138125","95317","76407","11012","372971","Returned","2022-03-28 10:14:34","2022-03-27 15:33:00","2022-03-31 12:02:00","2022-03-31 23:46:00","18"
"140535","96945","77746","26238","379470","Returned","2022-07-11 02:50:28","2022-07-11 04:40:00","2022-07-14 18:15:00","2022-07-16 12:38:00","18"
"143780","99205","79535","8942","388189","Returned","2022-02-15 02:48:15","2022-02-11 15:09:00","2022-02-15 09:48:00","2022-02-16 07:53:00","18"
"144983","100039","80220","11169","391471","Returned","2022-06-10 16:47:21","2022-06-11 18:01:00","2022-06-13 10:58:00","2022-06-14 12:25:00","18"
"145736","100556","80655","10491","393534","Returned","2021-02-27 03:33:57","2021-03-01 11:08:00","2021-03-03 10:26:00","2021-03-06 05:18:00","18"
"148858","102715","82401","25414","401963","Returned","2022-02-10 06:53:48","2022-02-07 11:33:00","2022-02-12 07:26:00","2022-02-13 23:36:00","18"
"149972","103497","83019","24736","405016","Returned","2020-02-11 03:12:20","2020-02-11 20:33:00","2020-02-14 16:48:00","2020-02-16 08:18:00","18"
"152261","105057","84305","10943","411208","Returned","2020-02-07 00:15:54","2020-02-07 15:41:00","2020-02-10 16:18:00","2020-02-13 06:33:00","18"
"154436","106560","85478","25579","417015","Returned","2020-04-07 17:08:47","2020-04-05 10:51:00","2020-04-08 20:40:00","2020-04-09 15:02:00","18"
"155142","107032","85872","26127","418917","Returned","2022-08-25 13:49:02","2022-08-23 20:47:00","2022-08-25 10:55:00","2022-08-27 13:58:00","18"
"159766","110219","88383","8951","431365","Returned","2022-06-21 06:43:41","2022-06-19 09:14:00","2022-06-21 23:10:00","2022-06-24 03:34:00","18"
"162037","111749","89589","15587","437529","Returned","2020-03-23 12:06:15","2020-03-21 08:51:00","2020-03-22 19:40:00","2020-03-25 16:32:00","18"
"162341","111969","89769","26269","438354","Returned","2022-09-04 09:54:56.371691","2022-09-06 18:07:49.371691","2022-09-09 07:29:49.371691","2022-09-10 15:27:49.371691","18"
"162993","112429","90159","25483","440130","Returned","2020-09-12 12:40:00","2020-09-13 04:36:00","2020-09-15 03:21:00","2020-09-17 15:28:00","18"
"163693","112919","90539","25864","442015","Returned","2020-07-26 14:35:10","2020-07-27 12:41:00","2020-07-29 12:24:00","2020-08-01 12:15:00","18"
"167713","115654","92701","11084","452912","Returned","2022-05-09 14:57:33","2022-05-07 14:35:00","2022-05-08 20:30:00","2022-05-09 23:17:00","18"
"168495","116202","93169","484","455023","Returned","2021-01-31 08:12:26","2021-01-28 03:38:00","2021-02-01 04:52:00","2021-02-01 08:50:00","18"
"172625","119046","95424","25505","466225","Returned","2021-06-20 11:55:43","2021-06-22 11:56:00","2021-06-27 07:56:00","2021-06-29 19:12:00","18"
"173850","119912","96155","26438","469471","Returned","2019-07-27 00:55:01","2019-07-28 12:28:00","2019-08-01 05:57:00","2019-08-02 10:16:00","18"
"174254","120179","96381","7018","470561","Returned","2022-05-17 14:48:38","2022-05-15 15:56:00","2022-05-16 11:41:00","2022-05-17 15:44:00","18"
"175142","120776","96834","25680","472985","Returned","2020-08-24 11:28:02","2020-08-25 20:11:00","2020-08-26 10:19:00","2020-08-28 18:02:00","18"
"175435","120987","96997","26903","473793","Returned","2022-06-26 10:30:32","2022-06-27 18:17:00","2022-06-30 15:49:00","2022-07-03 13:33:00","18"
"176958","122043","97873","12589","477924","Returned","2021-10-23 02:06:47","2021-10-21 17:16:00","2021-10-23 19:51:00","2021-10-24 17:01:00","18"
"178394","123044","98696","18639","481755","Returned","2021-08-14 08:45:32","2021-08-16 16:27:00","2021-08-18 13:24:00","2021-08-20 00:19:00","18"
"78","62","49","15886","213","Cancelled","2022-09-02 22:57:16.044702",NULL,NULL,NULL,"18"
"585","422","368","10943","1549","Cancelled","2022-05-05 11:26:42",NULL,NULL,NULL,"18"
"643","459","395","26242","1716","Cancelled","2022-05-31 21:49:21",NULL,NULL,NULL,"18"
"2880","1966","1588","25362","7796","Cancelled","2022-07-19 23:35:08",NULL,NULL,NULL,"18"
"2919","1995","1609","11375","7901","Cancelled","2022-07-14 11:21:25",NULL,NULL,NULL,"18"
"5002","3413","2783","28889","13531","Cancelled","2021-12-19 00:42:17",NULL,NULL,NULL,"18"
"5742","3906","3178","24500","15549","Cancelled","2021-02-08 06:29:21",NULL,NULL,NULL,"18"
"6284","4286","3484","8884","17001","Cancelled","2021-08-20 13:16:16",NULL,NULL,NULL,"18"
"6732","4587","3721","25477","18238","Cancelled","2022-05-17 08:50:08",NULL,NULL,NULL,"18"
"7164","4890","3963","13666","19407","Cancelled","2021-02-28 07:21:34",NULL,NULL,NULL,"18"
"7418","5075","4117","24500","20104","Cancelled","2022-05-30 14:22:50",NULL,NULL,NULL,"18"
"8692","5961","4823","15328","23572","Cancelled","2022-06-26 21:57:57",NULL,NULL,NULL,"18"
"8827","6052","4893","24840","23945","Cancelled","2021-07-22 06:07:51",NULL,NULL,NULL,"18"
"9087","6228","5038","28489","24632","Cancelled","2022-03-30 11:57:43",NULL,NULL,NULL,"18"
"10583","7278","5929","9494","28680","Cancelled","2021-07-02 05:35:39",NULL,NULL,NULL,"18"
"11229","7719","6270","14470","30424","Cancelled","2021-10-31 10:24:48",NULL,NULL,NULL,"18"
"12194","8413","6788","7006","33048","Cancelled","2019-09-22 23:53:21",NULL,NULL,NULL,"18"
"12738","8797","7104","25604","34516","Cancelled","2022-03-19 22:37:17",NULL,NULL,NULL,"18"
"13047","9007","7267","10343","35344","Cancelled","2022-07-03 00:11:23",NULL,NULL,NULL,"18"
"13986","9629","7775","25731","37906","Cancelled","2022-09-05 23:39:17.800675",NULL,NULL,NULL,"18"
"14584","10038","8075","14470","39510","Cancelled","2019-11-06 23:59:12",NULL,NULL,NULL,"18"
"14615","10060","8092","14470","39588","Cancelled","2022-07-11 07:29:00",NULL,NULL,NULL,"18"
"15613","10709","8612","26438","42290","Cancelled","2022-04-11 09:36:06",NULL,NULL,NULL,"18"
"19299","13263","10638","7084","52223","Cancelled","2021-11-25 04:37:37",NULL,NULL,NULL,"18"
"19602","13473","10811","26283","53043","Cancelled","2021-11-21 05:10:08",NULL,NULL,NULL,"18"
"20985","14429","11545","25438","56790","Cancelled","2022-07-17 06:09:50",NULL,NULL,NULL,"18"
"21534","14810","11831","24514","58213","Cancelled","2021-01-24 20:16:04",NULL,NULL,NULL,"18"
"22645","15574","12450","25041","61209","Cancelled","2022-08-16 06:22:18",NULL,NULL,NULL,"18"
"22889","15739","12584","25977","61878","Cancelled","2022-07-29 17:41:02",NULL,NULL,NULL,"18"
"24647","16963","13541","25438","66617","Cancelled","2021-06-27 06:31:48",NULL,NULL,NULL,"18"
"25294","17431","13918","2454","68351","Cancelled","2022-08-01 09:36:16",NULL,NULL,NULL,"18"
"26676","18378","14683","24500","72111","Cancelled","2019-09-10 06:07:12",NULL,NULL,NULL,"18"
"27124","18686","14935","9648","73338","Cancelled","2022-02-27 23:32:37",NULL,NULL,NULL,"18"
"28661","19734","15780","28489","77468","Cancelled","2022-07-24 01:22:39",NULL,NULL,NULL,"18"
"29845","20560","16440","25284","80681","Cancelled","2020-03-31 12:36:21",NULL,NULL,NULL,"18"
"30170","20774","16613","25864","81566","Cancelled","2022-03-11 07:04:11",NULL,NULL,NULL,"18"
"31067","21376","17110","484","83986","Cancelled","2021-11-29 06:23:51",NULL,NULL,NULL,"18"
"31215","21480","17189","2785","84369","Cancelled","2020-12-05 09:32:57",NULL,NULL,NULL,"18"
"31775","21861","17495","26269","85873","Cancelled","2021-08-01 05:14:06",NULL,NULL,NULL,"18"
"31922","21968","17572","6006","86253","Cancelled","2022-07-17 05:13:24",NULL,NULL,NULL,"18"
"33483","23046","18396","8841","90464","Cancelled","2022-05-07 23:12:48",NULL,NULL,NULL,"18"
"34538","23782","18980","7018","93299","Cancelled","2021-09-27 10:53:45",NULL,NULL,NULL,"18"
"34727","23903","19086","13953","93807","Cancelled","2021-06-19 01:39:07",NULL,NULL,NULL,"18"
"42758","29422","23451","8884","115471","Cancelled","2019-07-18 07:46:55",NULL,NULL,NULL,"18"
"44076","30323","24187","7084","119047","Cancelled","2022-04-19 17:05:52",NULL,NULL,NULL,"18"
"44136","30364","24224","25805","119212","Cancelled","2020-12-11 17:02:33",NULL,NULL,NULL,"18"
"48397","33350","26636","7035","130612","Cancelled","2022-03-25 08:50:44",NULL,NULL,NULL,"18"
"49380","34007","27152","13945","133283","Cancelled","2022-05-17 13:32:51",NULL,NULL,NULL,"18"
"51841","35723","28542","8859","139935","Cancelled","2020-03-10 16:09:33",NULL,NULL,NULL,"18"
"55068","37968","30329","11748","148589","Cancelled","2021-11-14 03:34:05",NULL,NULL,NULL,"18"
"59056","40697","32508","11637","159377","Cancelled","2021-03-20 23:55:53",NULL,NULL,NULL,"18"
"62432","42995","34373","14573","168535","Cancelled","2022-05-18 11:25:26",NULL,NULL,NULL,"18"
"63832","43946","35156","26242","172319","Cancelled","2022-06-03 02:35:40",NULL,NULL,NULL,"18"
"65458","45073","36024","26133","176762","Cancelled","2022-03-18 03:43:37",NULL,NULL,NULL,"18"
"66685","45878","36690","9648","180052","Cancelled","2021-12-06 17:09:20",NULL,NULL,NULL,"18"
"68337","47031","37624","26390","184494","Cancelled","2022-08-31 04:47:31",NULL,NULL,NULL,"18"
"68352","47041","37631","18702","184536","Cancelled","2022-04-16 12:49:07",NULL,NULL,NULL,"18"
"68703","47287","37822","666","185467","Cancelled","2022-06-17 13:52:58",NULL,NULL,NULL,"18"
"73129","50379","40332","2785","197459","Cancelled","2022-08-30 14:07:11",NULL,NULL,NULL,"18"
"73249","50455","40387","25362","197787","Cancelled","2021-09-01 09:55:21",NULL,NULL,NULL,"18"
"74674","51459","41176","10418","201617","Cancelled","2022-06-14 02:11:11",NULL,NULL,NULL,"18"
"75157","51787","41427","9494","202918","Cancelled","2019-06-22 17:40:42",NULL,NULL,NULL,"18"
"76232","52533","42037","11012","205859","Cancelled","2021-05-09 13:53:58",NULL,NULL,NULL,"18"
"77654","53545","42838","14355","209620","Cancelled","2019-11-25 10:37:08",NULL,NULL,NULL,"18"
"77822","53657","42934","26283","210089","Cancelled","2022-03-07 04:49:30",NULL,NULL,NULL,"18"
"78673","54240","43424","10943","212392","Cancelled","2020-07-16 09:30:53",NULL,NULL,NULL,"18"
"79230","54625","43701","26269","213924","Cancelled","2022-05-23 21:54:08",NULL,NULL,NULL,"18"
"79824","55051","44028","10916","215559","Cancelled","2022-08-13 00:58:46",NULL,NULL,NULL,"18"
"80023","55184","44140","9648","216074","Cancelled","2021-05-15 03:00:22",NULL,NULL,NULL,"18"
"80123","55260","44191","26269","216341","Cancelled","2020-06-25 01:32:07",NULL,NULL,NULL,"18"
"80130","55265","44196","26269","216356","Cancelled","2020-08-18 05:05:09",NULL,NULL,NULL,"18"
"81258","56050","44798","15567","219447","Cancelled","2022-01-26 07:18:44",NULL,NULL,NULL,"18"
"82148","56689","45340","14055","221825","Cancelled","2020-09-22 10:00:39",NULL,NULL,NULL,"18"
"82461","56911","45507","25604","222676","Cancelled","2022-03-07 22:55:32",NULL,NULL,NULL,"18"
"85079","58794","47007","7018","229808","Cancelled","2022-06-02 10:58:23",NULL,NULL,NULL,"18"
"85397","59010","47175","24991","230666","Cancelled","2022-02-16 00:12:54",NULL,NULL,NULL,"18"
"86830","60001","48006","11037","234575","Cancelled","2022-03-13 18:24:11",NULL,NULL,NULL,"18"
"87396","60389","48342","25470","236106","Cancelled","2020-11-25 03:13:40",NULL,NULL,NULL,"18"
"88219","60969","48810","14470","238318","Cancelled","2020-10-27 12:03:42",NULL,NULL,NULL,"18"
"89257","61697","49398","13953","241126","Cancelled","2021-07-28 00:49:11",NULL,NULL,NULL,"18"
"91324","63102","50517","26309","246702","Cancelled","2021-04-12 00:02:30",NULL,NULL,NULL,"18"
"92546","63948","51191","13880","249961","Cancelled","2022-06-06 14:59:46",NULL,NULL,NULL,"18"
"92899","64194","51376","25051","250917","Cancelled","2022-06-07 01:30:42",NULL,NULL,NULL,"18"
"94408","65224","52184","15328","255021","Cancelled","2021-03-19 12:33:29",NULL,NULL,NULL,"18"
"94983","65632","52508","24745","256572","Cancelled","2019-08-23 02:28:08",NULL,NULL,NULL,"18"
"96736","66843","53426","25955","261283","Cancelled","2022-09-05 14:57:50",NULL,NULL,NULL,"18"
"98707","68199","54518","13880","266648","Cancelled","2022-01-15 02:30:49",NULL,NULL,NULL,"18"
"99321","68633","54869","10914","268290","Cancelled","2019-06-22 02:00:54",NULL,NULL,NULL,"18"
"99326","68638","54875","13779","268302","Cancelled","2021-06-04 07:49:58",NULL,NULL,NULL,"18"
"100264","69297","55409","2937","270786","Cancelled","2022-08-18 23:51:43",NULL,NULL,NULL,"18"
"100316","69332","55439","2647","270930","Cancelled","2021-12-07 08:29:36",NULL,NULL,NULL,"18"
"100629","69538","55620","25864","271758","Cancelled","2019-08-10 12:33:00",NULL,NULL,NULL,"18"
"101628","70222","56147","26127","274469","Cancelled","2022-08-20 21:56:41",NULL,NULL,NULL,"18"
"102555","70866","56650","26390","277017","Cancelled","2022-07-18 07:36:19",NULL,NULL,NULL,"18"
"103627","71616","57261","25864","279930","Cancelled","2021-05-26 10:58:09",NULL,NULL,NULL,"18"
"104929","72505","57966","11037","283441","Cancelled","2022-02-24 02:47:55",NULL,NULL,NULL,"18"
"105974","73236","58581","11037","286256","Cancelled","2022-07-21 12:09:58",NULL,NULL,NULL,"18"
"106918","73878","59076","26390","288788","Cancelled","2019-09-17 04:45:50",NULL,NULL,NULL,"18"
"110715","76477","61162","15576","298997","Cancelled","2021-08-28 16:11:23",NULL,NULL,NULL,"18"
"112018","77373","61906","25483","302550","Cancelled","2022-03-02 07:48:07",NULL,NULL,NULL,"18"
"115656","79871","63915","25977","312350","Cancelled","2022-05-23 01:22:45",NULL,NULL,NULL,"18"
"117776","81303","65110","2650","318033","Cancelled","2021-05-29 07:19:41",NULL,NULL,NULL,"18"
"119344","82382","65959","14355","322227","Cancelled","2022-08-13 00:43:48",NULL,NULL,NULL,"18"
"119389","82413","65980","25579","322339","Cancelled","2021-07-25 11:20:32",NULL,NULL,NULL,"18"
"121035","83528","66885","25977","326806","Cancelled","2021-09-08 04:52:24",NULL,NULL,NULL,"18"
"122159","84274","67467","14470","329832","Cancelled","2022-04-11 10:09:21",NULL,NULL,NULL,"18"
"122248","84332","67516","15350","330076","Cancelled","2021-11-16 05:33:23",NULL,NULL,NULL,"18"
"122825","84740","67816","24991","331653","Cancelled","2021-03-23 22:08:38",NULL,NULL,NULL,"18"
"124598","85949","68790","6586","336360","Cancelled","2022-08-28 02:30:58",NULL,NULL,NULL,"18"
"125031","86256","69020","15274","337567","Cancelled","2021-06-04 10:28:38",NULL,NULL,NULL,"18"
"125122","86317","69073","10524","337817","Cancelled","2022-02-05 12:35:34",NULL,NULL,NULL,"18"
"128798","88828","71151","26438","347764","Cancelled","2022-06-09 11:22:19",NULL,NULL,NULL,"18"
"129434","89263","71507","15328","349488","Cancelled","2021-03-03 07:26:09",NULL,NULL,NULL,"18"
"131319","90588","72573","25041","354559","Cancelled","2019-08-25 08:33:39",NULL,NULL,NULL,"18"
"132777","91596","73371","26390","358549","Cancelled","2021-12-12 07:05:49",NULL,NULL,NULL,"18"
"133033","91789","73525","26276","359238","Cancelled","2022-05-02 12:19:03",NULL,NULL,NULL,"18"
"134433","92751","74309","25145","363001","Cancelled","2020-04-14 22:30:33",NULL,NULL,NULL,"18"
"136718","94343","75614","10491","369178","Cancelled","2021-04-30 15:55:35",NULL,NULL,NULL,"18"
"137855","95129","76254","25493","372223","Cancelled","2022-05-13 00:07:33",NULL,NULL,NULL,"18"
"138017","95242","76352","8859","372660","Cancelled","2022-05-06 04:30:54",NULL,NULL,NULL,"18"
"138569","95620","76664","25761","374183","Cancelled","2021-12-05 04:25:28",NULL,NULL,NULL,"18"
"138996","95916","76909","10491","375339","Cancelled","2020-03-10 14:07:55",NULL,NULL,NULL,"18"
"140605","96995","77794","10524","379648","Cancelled","2022-08-14 13:46:21",NULL,NULL,NULL,"18"
"141200","97385","78102","25579","381259","Cancelled","2021-10-13 10:38:05",NULL,NULL,NULL,"18"
"144431","99649","79898","8841","389961","Cancelled","2021-04-09 12:11:10",NULL,NULL,NULL,"18"
"145029","100069","80246","26269","391596","Cancelled","2020-09-01 08:05:47",NULL,NULL,NULL,"18"
"145848","100641","80741","11037","393840","Cancelled","2022-09-03 08:28:39.435936",NULL,NULL,NULL,"18"
"146394","101009","81037","7155","395308","Cancelled","2021-05-14 07:00:30",NULL,NULL,NULL,"18"
"149345","103073","82676","14470","403288","Cancelled","2022-08-31 00:46:09",NULL,NULL,NULL,"18"
"149943","103478","83007","10443","404929","Cancelled","2022-05-25 10:49:08",NULL,NULL,NULL,"18"
"153289","105748","84831","2785","413974","Cancelled","2019-08-05 16:10:03",NULL,NULL,NULL,"18"
"153531","105918","84961","11169","414616","Cancelled","2021-09-02 09:24:02",NULL,NULL,NULL,"18"
"153539","105926","84964","25731","414639","Cancelled","2019-11-02 14:50:43",NULL,NULL,NULL,"18"
"155584","107333","86122","7155","420108","Cancelled","2020-06-01 10:18:26",NULL,NULL,NULL,"18"
"156024","107637","86346","24514","421268","Cancelled","2021-06-24 02:18:28",NULL,NULL,NULL,"18"
"156551","107984","86607","26127","422694","Cancelled","2020-01-17 10:18:56",NULL,NULL,NULL,"18"
"156702","108091","86695","15768","423086","Cancelled","2020-04-09 03:32:12",NULL,NULL,NULL,"18"
"157073","108341","86882","11084","424107","Cancelled","2020-06-03 15:42:11",NULL,NULL,NULL,"18"
"157445","108592","87084","25955","425111","Cancelled","2021-05-30 04:04:53",NULL,NULL,NULL,"18"
"159811","110255","88412","2937","431496","Cancelled","2021-12-12 08:24:02",NULL,NULL,NULL,"18"
"161581","111459","89363","666","436276","Cancelled","2021-11-15 10:26:32",NULL,NULL,NULL,"18"
"162155","111834","89656","14573","437849","Cancelled","2020-06-08 01:54:36",NULL,NULL,NULL,"18"
"166392","114749","91989","25483","449401","Cancelled","2022-03-25 16:48:35",NULL,NULL,NULL,"18"
"166947","115134","92279","13666","450892","Cancelled","2021-02-12 04:05:51",NULL,NULL,NULL,"18"
"167358","115414","92513","28499","451983","Cancelled","2020-08-04 09:18:54",NULL,NULL,NULL,"18"
"168685","116329","93266","8942","455533","Cancelled","2019-03-20 08:07:52",NULL,NULL,NULL,"18"
"171465","118222","94819","15421","463073","Cancelled","2020-09-01 16:12:32",NULL,NULL,NULL,"18"
"171692","118378","94923","18639","463686","Cancelled","2019-11-29 12:23:45",NULL,NULL,NULL,"18"
"171958","118568","95053","8859","464427","Cancelled","2022-09-03 22:49:51.611256",NULL,NULL,NULL,"18"
"172925","119263","95598","25051","467056","Cancelled","2022-08-22 14:32:24",NULL,NULL,NULL,"18"
"173475","119646","95933","26238","468486","Cancelled","2022-04-27 10:12:56",NULL,NULL,NULL,"18"
"174556","120394","96536","24840","471365","Cancelled","2022-05-27 04:32:53",NULL,NULL,NULL,"18"
"174857","120585","96686","25470","472198","Cancelled","2022-08-26 02:08:26",NULL,NULL,NULL,"18"
"174954","120649","96739","18702","472471","Cancelled","2021-11-10 11:42:02",NULL,NULL,NULL,"18"
"175844","121270","97254","6940","474894","Cancelled","2021-04-21 05:46:40",NULL,NULL,NULL,"18"
"179263","123641","99179","2647","484103","Cancelled","2021-10-26 01:19:44",NULL,NULL,NULL,"18"
"179417","123741","99269","26242","484523","Cancelled","2020-08-04 21:45:06",NULL,NULL,NULL,"18"
"180412","124413","99766","25517","487184","Cancelled","2020-12-27 14:15:58",NULL,NULL,NULL,"18"
"2440","1675","1353","11037","6606","Processing","2020-12-17 02:04:16",NULL,NULL,NULL,"18"
"3252","2214","1775","2647","8802","Processing","2020-09-27 22:45:55",NULL,NULL,NULL,"18"
"3701","2508","2026","13697","10011","Processing","2021-12-20 13:18:42",NULL,NULL,NULL,"18"
"6348","4333","3520","25186","17175","Processing","2022-05-27 07:24:42",NULL,NULL,NULL,"18"
"6913","4714","3829","18749","18720","Processing","2022-08-09 04:15:46",NULL,NULL,NULL,"18"
"7467","5109","4144","9494","20232","Processing","2022-06-15 22:29:51",NULL,NULL,NULL,"18"
"8511","5832","4717","24745","23091","Processing","2020-05-08 14:07:18",NULL,NULL,NULL,"18"
"9467","6509","5283","10524","25670","Processing","2022-01-19 13:04:50",NULL,NULL,NULL,"18"
"9886","6802","5517","28489","26824","Processing","2022-07-15 12:32:57",NULL,NULL,NULL,"18"
"12191","8411","6788","15587","33041","Processing","2019-12-07 20:32:13",NULL,NULL,NULL,"18"
"12983","8959","7228","26118","35172","Processing","2022-03-07 12:44:12",NULL,NULL,NULL,"18"
"14591","10043","8077","25879","39530","Processing","2021-10-16 14:14:04",NULL,NULL,NULL,"18"
"14948","10280","8262","24514","40487","Processing","2022-08-20 15:52:49",NULL,NULL,NULL,"18"
"15980","10974","8816","24764","43248","Processing","2022-08-10 14:31:09",NULL,NULL,NULL,"18"
"17026","11714","9430","13788","46109","Processing","2022-08-25 15:57:32",NULL,NULL,NULL,"18"
"17923","12327","9917","14355","48551","Processing","2020-10-22 13:05:24",NULL,NULL,NULL,"18"
"19703","13551","10866","24736","53311","Processing","2020-12-04 05:09:31",NULL,NULL,NULL,"18"
"19822","13638","10920","13779","53640","Processing","2022-05-14 03:18:28",NULL,NULL,NULL,"18"
"22512","15477","12363","15274","60845","Processing","2022-07-01 01:31:03",NULL,NULL,NULL,"18"
"28394","19562","15641","15821","76758","Processing","2020-05-25 04:35:19",NULL,NULL,NULL,"18"
"29396","20240","16180","11012","79464","Processing","2021-01-14 05:06:58",NULL,NULL,NULL,"18"
"30422","20953","16777","25854","82258","Processing","2022-07-29 08:09:02",NULL,NULL,NULL,"18"
"30802","21208","16989","26903","83266","Processing","2022-05-14 08:17:39",NULL,NULL,NULL,"18"
"31276","21519","17226","617","84528","Processing","2022-07-23 10:46:27",NULL,NULL,NULL,"18"
"31338","21560","17253","2828","84700","Processing","2020-09-23 08:56:11",NULL,NULL,NULL,"18"
"31835","21903","17527","11042","86039","Processing","2019-11-27 07:04:19",NULL,NULL,NULL,"18"
"31865","21927","17545","10524","86114","Processing","2021-02-23 15:12:38",NULL,NULL,NULL,"18"
"33137","22817","18211","24615","89514","Processing","2022-06-02 00:12:11",NULL,NULL,NULL,"18"
"33750","23241","18553","26118","91179","Processing","2021-01-18 08:40:37",NULL,NULL,NULL,"18"
"34258","23585","18822","7006","92553","Processing","2022-08-16 23:46:03",NULL,NULL,NULL,"18"
"37234","25639","20487","24726","100540","Processing","2021-12-08 12:46:47",NULL,NULL,NULL,"18"
"38367","26419","21112","10924","103579","Processing","2022-09-05 15:17:26.29648",NULL,NULL,NULL,"18"
"38516","26528","21200","25154","103978","Processing","2021-08-23 01:49:02",NULL,NULL,NULL,"18"
"39315","27063","21615","10532","106149","Processing","2022-05-20 05:32:41",NULL,NULL,NULL,"18"
"39598","27270","21786","10924","106890","Processing","2021-05-04 07:34:22",NULL,NULL,NULL,"18"
"41580","28596","22807","10343","112245","Processing","2022-02-07 05:07:55",NULL,NULL,NULL,"18"
"45375","31249","24941","13945","122533","Processing","2022-08-01 05:01:44",NULL,NULL,NULL,"18"
"45536","31352","25029","11084","122958","Processing","2020-12-02 13:24:53",NULL,NULL,NULL,"18"
"47406","32663","26076","24840","127963","Processing","2022-06-21 10:32:50",NULL,NULL,NULL,"18"
"47525","32746","26148","15350","128274","Processing","2020-11-18 03:14:52",NULL,NULL,NULL,"18"
"48302","33283","26591","24896","130363","Processing","2022-08-22 04:11:35",NULL,NULL,NULL,"18"
"49710","34246","27341","14333","134191","Processing","2022-04-24 05:08:26",NULL,NULL,NULL,"18"
"50740","34968","27906","666","136940","Processing","2022-05-30 12:32:05",NULL,NULL,NULL,"18"
"53091","36600","29247","12094","143262","Processing","2021-10-29 09:43:58",NULL,NULL,NULL,"18"
"53331","36757","29374","12589","143914","Processing","2022-08-15 11:47:37",NULL,NULL,NULL,"18"
"54044","37239","29751","12589","145847","Processing","2022-01-26 12:42:26",NULL,NULL,NULL,"18"
"54722","37727","30142","28889","147677","Processing","2022-01-21 15:36:52",NULL,NULL,NULL,"18"
"54777","37767","30170","10924","147828","Processing","2022-08-06 03:16:29",NULL,NULL,NULL,"18"
"54946","37880","30255","14355","148270","Processing","2021-09-05 05:41:06",NULL,NULL,NULL,"18"
"57280","39482","31550","10524","154608","Processing","2022-07-03 13:57:03",NULL,NULL,NULL,"18"
"60235","41487","33150","8870","162621","Processing","2020-10-17 10:22:43",NULL,NULL,NULL,"18"
"60250","41496","33158","18130","162664","Processing","2022-03-10 18:00:27",NULL,NULL,NULL,"18"
"61550","42386","33878","13975","166150","Processing","2020-09-01 22:26:23",NULL,NULL,NULL,"18"
"63220","43526","34806","9494","170696","Processing","2022-02-09 06:34:37",NULL,NULL,NULL,"18"
"63518","43735","34970","25115","171488","Processing","2020-12-26 06:03:04",NULL,NULL,NULL,"18"
"63980","44040","35226","25955","172727","Processing","2021-09-02 06:52:58",NULL,NULL,NULL,"18"
"63999","44055","35236","24764","172774","Processing","2022-09-05 05:32:13.754338",NULL,NULL,NULL,"18"
"64811","44611","35690","2524","175008","Processing","2021-07-10 04:12:26",NULL,NULL,NULL,"18"
"65450","45066","36017","25579","176743","Processing","2020-10-28 11:05:24",NULL,NULL,NULL,"18"
"65711","45241","36156","25879","177432","Processing","2022-08-30 22:14:51",NULL,NULL,NULL,"18"
"65869","45346","36251","25864","177857","Processing","2022-07-06 21:50:53",NULL,NULL,NULL,"18"
"67168","46207","36949","13788","181379","Processing","2022-06-17 03:42:41",NULL,NULL,NULL,"18"
"69071","47554","38025","25186","186452","Processing","2020-12-19 07:25:47",NULL,NULL,NULL,"18"
"69734","48013","38394","13664","188238","Processing","2021-10-16 02:27:06",NULL,NULL,NULL,"18"
"70523","48569","38849","14573","190391","Processing","2022-08-24 06:12:29",NULL,NULL,NULL,"18"
"72678","50060","40068","13697","196254","Processing","2022-07-17 06:00:37",NULL,NULL,NULL,"18"
"72726","50094","40092","12575","196380","Processing","2021-02-26 21:29:46",NULL,NULL,NULL,"18"
"72977","50272","40244","25864","197051","Processing","2021-07-07 23:56:12",NULL,NULL,NULL,"18"
"73106","50363","40318","11012","197398","Processing","2022-06-02 16:48:29",NULL,NULL,NULL,"18"
"74445","51292","41039","15821","201010","Processing","2020-09-29 16:39:30",NULL,NULL,NULL,"18"
"74522","51351","41082","24500","201210","Processing","2021-08-02 13:08:30",NULL,NULL,NULL,"18"
"74568","51389","41113","28489","201328","Processing","2020-02-15 12:06:48",NULL,NULL,NULL,"18"
"75168","51795","41434","24500","202948","Processing","2021-12-15 11:51:09",NULL,NULL,NULL,"18"
"75311","51896","41521","2647","203326","Processing","2022-08-19 12:53:05",NULL,NULL,NULL,"18"
"75945","52336","41896","13697","205080","Processing","2022-01-08 12:59:29",NULL,NULL,NULL,"18"
"76514","52741","42201","25414","206616","Processing","2020-07-15 05:38:07",NULL,NULL,NULL,"18"
"76654","52836","42275","24726","206991","Processing","2022-08-13 14:45:53",NULL,NULL,NULL,"18"
"80502","55525","44389","10924","217385","Processing","2021-11-01 14:18:17",NULL,NULL,NULL,"18"
"81509","56232","44942","11748","220127","Processing","2021-11-28 04:32:18",NULL,NULL,NULL,"18"
"81952","56539","45196","15558","221307","Processing","2021-06-24 15:37:12",NULL,NULL,NULL,"18"
"85377","58998","47164","13945","230610","Processing","2020-11-27 06:07:23",NULL,NULL,NULL,"18"
"87205","60258","48234","25113","235582","Processing","2022-06-28 04:47:47",NULL,NULL,NULL,"18"
"87258","60299","48257","10914","235731","Processing","2021-02-07 10:22:35",NULL,NULL,NULL,"18"
"87654","60568","48498","15355","236794","Processing","2022-09-04 13:46:48.70554",NULL,NULL,NULL,"18"
"88853","61416","49173","24745","240065","Processing","2022-06-08 15:27:08",NULL,NULL,NULL,"18"
"89578","61923","49571","25505","241980","Processing","2022-08-07 21:58:03",NULL,NULL,NULL,"18"
"90381","62469","50009","25438","244151","Processing","2020-01-13 03:38:16",NULL,NULL,NULL,"18"
"91084","62940","50400","26118","246048","Processing","2021-01-01 04:12:28",NULL,NULL,NULL,"18"
"91231","63037","50461","18130","246449","Processing","2022-08-30 10:19:43",NULL,NULL,NULL,"18"
"92242","63734","51029","2603","249142","Processing","2021-02-21 04:14:48",NULL,NULL,NULL,"18"
"92826","64136","51334","24840","250714","Processing","2021-10-07 02:08:12",NULL,NULL,NULL,"18"
"96775","66865","53446","15328","261396","Processing","2022-03-13 14:07:04",NULL,NULL,NULL,"18"
"97261","67219","53707","24736","262725","Processing","2022-08-30 22:03:12",NULL,NULL,NULL,"18"
"97847","67620","54034","26335","264322","Processing","2019-11-05 10:25:47",NULL,NULL,NULL,"18"
"99982","69111","55260","26390","270045","Processing","2022-07-13 22:07:15",NULL,NULL,NULL,"18"
"101614","70212","56137","26276","274434","Processing","2022-07-01 02:35:10",NULL,NULL,NULL,"18"
"103160","71278","56974","14221","278640","Processing","2022-04-27 06:40:20",NULL,NULL,NULL,"18"
"104183","71995","57567","25284","281425","Processing","2022-08-28 06:54:27",NULL,NULL,NULL,"18"
"104523","72224","57744","10524","282347","Processing","2020-03-17 10:22:33",NULL,NULL,NULL,"18"
"104627","72300","57806","11169","282613","Processing","2020-07-31 10:20:46",NULL,NULL,NULL,"18"
"105620","72976","58370","24726","285291","Processing","2020-05-09 03:30:12",NULL,NULL,NULL,"18"
"106161","73368","58687","15558","286755","Processing","2021-03-11 07:29:43",NULL,NULL,NULL,"18"
"107341","74157","59288","24896","289933","Processing","2022-07-13 10:11:01",NULL,NULL,NULL,"18"
"107994","74603","59642","26309","291720","Processing","2021-11-12 02:20:44",NULL,NULL,NULL,"18"
"109494","75639","60461","28499","295760","Processing","2020-02-12 06:35:57",NULL,NULL,NULL,"18"
"109847","75869","60658","24514","296702","Processing","2021-10-24 00:08:54",NULL,NULL,NULL,"18"
"111231","76849","61481","9062","300396","Processing","2021-08-14 22:53:10",NULL,NULL,NULL,"18"
"111800","77233","61797","13975","301946","Processing","2022-08-15 03:23:44",NULL,NULL,NULL,"18"
"112227","77518","62009","28889","303130","Processing","2020-11-18 05:15:32",NULL,NULL,NULL,"18"
"112485","77691","62147","26283","303817","Processing","2021-10-21 14:31:22",NULL,NULL,NULL,"18"
"113031","78079","62459","15886","305304","Processing","2020-09-30 23:58:01",NULL,NULL,NULL,"18"
"113484","78397","62693","15328","306505","Processing","2020-05-04 03:06:53",NULL,NULL,NULL,"18"
"113498","78406","62698","26269","306541","Processing","2022-01-02 12:33:52",NULL,NULL,NULL,"18"
"113897","78672","62917","13788","307625","Processing","2021-02-18 01:11:07",NULL,NULL,NULL,"18"
"114460","79062","63234","28489","309149","Processing","2020-01-18 14:58:58",NULL,NULL,NULL,"18"
"115221","79574","63668","15274","311200","Processing","2019-11-04 09:17:28",NULL,NULL,NULL,"18"
"115348","79669","63732","18130","311540","Processing","2021-08-05 15:53:57",NULL,NULL,NULL,"18"
"116981","80769","64664","15727","315909","Processing","2021-07-25 01:23:23",NULL,NULL,NULL,"18"
"117210","80912","64786","11012","316524","Processing","2022-01-21 23:47:46",NULL,NULL,NULL,"18"
"119448","82455","66014","9648","322496","Processing","2022-01-16 00:41:05",NULL,NULL,NULL,"18"
"121098","83566","66909","2650","326987","Processing","2020-11-20 17:05:56",NULL,NULL,NULL,"18"
"121243","83672","66998","25483","327378","Processing","2021-02-05 11:12:50",NULL,NULL,NULL,"18"
"121254","83679","67003","14056","327410","Processing","2022-09-05 05:43:55",NULL,NULL,NULL,"18"
"121387","83777","67075","11169","327753","Processing","2022-02-26 13:37:02",NULL,NULL,NULL,"18"
"123113","84935","67967","24745","332422","Processing","2020-08-11 14:59:36",NULL,NULL,NULL,"18"
"124064","85589","68494","15821","334937","Processing","2021-07-07 05:09:15",NULL,NULL,NULL,"18"
"125118","86313","69068","25505","337807","Processing","2022-05-20 04:38:08",NULL,NULL,NULL,"18"
"125674","86693","69367","25977","339287","Processing","2022-08-31 16:44:59",NULL,NULL,NULL,"18"
"128072","88326","70741","15576","345805","Processing","2022-04-16 10:59:36",NULL,NULL,NULL,"18"
"128610","88700","71049","14055","347267","Processing","2021-10-16 01:46:59",NULL,NULL,NULL,"18"
"128656","88735","71074","28489","347395","Processing","2022-01-29 06:26:03",NULL,NULL,NULL,"18"
"128685","88755","71088","14221","347468","Processing","2021-12-15 03:39:17",NULL,NULL,NULL,"18"
"128815","88844","71166","26133","347808","Processing","2022-09-07 06:38:55.674516",NULL,NULL,NULL,"18"
"129318","89181","71445","13664","349183","Processing","2021-11-21 03:56:42",NULL,NULL,NULL,"18"
"129894","89590","71756","15768","350702","Processing","2022-08-13 04:47:14",NULL,NULL,NULL,"18"
"132305","91270","73083","25805","357248","Processing","2022-03-29 23:16:22",NULL,NULL,NULL,"18"
"132377","91318","73123","26438","357442","Processing","2021-12-06 09:07:03",NULL,NULL,NULL,"18"
"134276","92648","74220","26903","362583","Processing","2021-01-17 12:40:01",NULL,NULL,NULL,"18"
"135511","93510","74922","15350","365942","Processing","2021-09-10 04:19:19",NULL,NULL,NULL,"18"
"136593","94259","75546","15727","368829","Processing","2020-12-19 00:18:11",NULL,NULL,NULL,"18"
"138560","95615","76662","9637","374157","Processing","2021-02-09 10:38:02",NULL,NULL,NULL,"18"
"138650","95676","76706","7006","374397","Processing","2020-10-14 08:50:28",NULL,NULL,NULL,"18"
"139905","96511","77390","24500","377772","Processing","2021-11-21 20:53:21",NULL,NULL,NULL,"18"
"141810","97820","78429","617","382888","Processing","2020-03-01 07:23:27",NULL,NULL,NULL,"18"
"142234","98116","78670","18130","384045","Processing","2021-08-22 13:00:48",NULL,NULL,NULL,"18"
"142497","98307","78828","9494","384751","Processing","2022-09-06 09:00:15",NULL,NULL,NULL,"18"
"142677","98443","78932","9455","385236","Processing","2022-03-16 05:28:12",NULL,NULL,NULL,"18"
"142753","98494","78961","25801","385437","Processing","2022-04-12 14:27:30",NULL,NULL,NULL,"18"
"143042","98699","79129","12575","386220","Processing","2022-06-08 13:33:38",NULL,NULL,NULL,"18"
"145367","100293","80425","15360","392518","Processing","2022-07-27 04:38:11",NULL,NULL,NULL,"18"
"145970","100722","80814","25864","394157","Processing","2022-08-02 21:27:10",NULL,NULL,NULL,"18"
"146285","100933","80988","11079","395017","Processing","2022-01-20 03:24:18",NULL,NULL,NULL,"18"
"146339","100967","81012","9494","395167","Processing","2022-08-09 13:24:06",NULL,NULL,NULL,"18"
"147250","101595","81489","8884","397582","Processing","2021-01-04 18:07:49",NULL,NULL,NULL,"18"
"147987","102124","81913","28489","399576","Processing","2019-10-21 14:20:34",NULL,NULL,NULL,"18"
"149633","103276","82838","28499","404071","Processing","2021-11-25 22:50:36",NULL,NULL,NULL,"18"
"151696","104660","83974","24840","409691","Processing","2021-01-23 10:50:11",NULL,NULL,NULL,"18"
"152624","105309","84489","24514","412172","Processing","2022-05-11 02:01:05",NULL,NULL,NULL,"18"
"155378","107201","86007","14221","419555","Processing","2022-01-14 04:06:28",NULL,NULL,NULL,"18"
"158428","109274","87643","14055","427750","Processing","2022-06-14 11:53:34",NULL,NULL,NULL,"18"
"158612","109408","87734","15886","428244","Processing","2022-07-06 18:09:45",NULL,NULL,NULL,"18"
"161917","111681","89539","11637","437206","Processing","2020-04-02 01:37:35",NULL,NULL,NULL,"18"
"163936","113084","90684","10916","442698","Processing","2021-08-16 10:41:20",NULL,NULL,NULL,"18"
"164875","113713","91165","25438","445272","Processing","2020-03-07 10:35:49",NULL,NULL,NULL,"18"
"165062","113838","91266","11748","445772","Processing","2022-06-26 17:56:43",NULL,NULL,NULL,"18"
"166798","115029","92203","26390","450475","Processing","2022-05-13 04:25:11",NULL,NULL,NULL,"18"
"168631","116291","93241","25579","455389","Processing","2022-06-21 09:37:53",NULL,NULL,NULL,"18"
"169093","116622","93502","26269","456631","Processing","2022-08-05 12:53:29",NULL,NULL,NULL,"18"
"170277","117407","94155","484","459843","Processing","2022-04-05 07:40:33",NULL,NULL,NULL,"18"
"170342","117451","94194","18130","460017","Processing","2022-06-12 17:10:46",NULL,NULL,NULL,"18"
"170836","117783","94455","26269","461385","Processing","2022-06-05 04:27:38",NULL,NULL,NULL,"18"
"171520","118263","94849","26309","463226","Processing","2022-08-15 02:50:52",NULL,NULL,NULL,"18"
"172879","119230","95574","25615","466926","Processing","2020-10-07 04:43:39",NULL,NULL,NULL,"18"
"172983","119300","95625","13779","467219","Processing","2022-03-31 06:26:43",NULL,NULL,NULL,"18"
"172986","119302","95626","25186","467230","Processing","2022-05-24 03:17:07",NULL,NULL,NULL,"18"
"173160","119423","95744","25718","467681","Processing","2022-04-26 14:11:42",NULL,NULL,NULL,"18"
"173347","119562","95859","15350","468166","Processing","2022-03-18 10:41:42",NULL,NULL,NULL,"18"
"174821","120560","96666","25718","472105","Processing","2021-11-08 05:39:45",NULL,NULL,NULL,"18"
"175695","121171","97163","25761","474497","Processing","2021-02-19 03:00:31",NULL,NULL,NULL,"18"
"176159","121491","97435","26127","475759","Processing","2022-05-14 02:55:54",NULL,NULL,NULL,"18"
"177310","122281","98050","9062","478869","Processing","2022-09-05 23:49:43.618644",NULL,NULL,NULL,"18"
"177335","122299","98069","15350","478937","Processing","2019-11-15 06:34:34",NULL,NULL,NULL,"18"
"177993","122766","98467","9062","480695","Processing","2022-08-18 10:21:47",NULL,NULL,NULL,"18"
"178517","123136","98768","15587","482099","Processing","2020-11-28 07:09:27",NULL,NULL,NULL,"18"
"178926","123412","98989","26309","483194","Processing","2022-08-05 13:30:16",NULL,NULL,NULL,"18"
"179452","123765","99282","25765","484617","Processing","2020-09-11 10:22:33",NULL,NULL,NULL,"18"
"3471","2351","1891","16721","9386","Shipped","2021-09-01 08:57:28","2021-09-02 16:36:00",NULL,NULL,"19"
"3528","2388","1925","424","9541","Shipped","2022-08-08 07:36:18","2022-08-07 16:04:00",NULL,NULL,"19"
"9652","6644","5390","9284","26196","Shipped","2022-02-06 11:04:44","2022-02-04 01:54:00",NULL,NULL,"19"
"10177","6999","5695","24889","27596","Shipped","2022-07-31 16:32:53","2022-07-31 12:48:00",NULL,NULL,"19"
"12462","8589","6929","25691","33766","Shipped","2022-05-25 12:59:11","2022-05-27 12:08:00",NULL,NULL,"19"
"13493","9299","7495","2712","36569","Shipped","2021-09-08 17:29:39","2021-09-08 22:27:00",NULL,NULL,"19"
"18580","12765","10236","15837","50305","Shipped","2020-11-14 23:08:58","2020-11-15 02:10:00",NULL,NULL,"19"
"21748","14952","11944","17975","58785","Shipped","2022-09-03 07:59:19","2022-09-05 08:39:00",NULL,NULL,"19"
"22143","15224","12163","24889","59848","Shipped","2021-06-22 08:59:03","2021-06-25 04:14:00",NULL,NULL,"19"
"22441","15431","12330","25490","60646","Shipped","2021-01-28 12:16:42","2021-01-27 20:47:00",NULL,NULL,"19"
"25260","17408","13902","19465","68259","Shipped","2022-06-28 13:13:57","2022-06-28 11:22:00",NULL,NULL,"19"
"25485","17560","14031","24989","68867","Shipped","2022-06-06 03:33:27","2022-06-05 19:13:00",NULL,NULL,"19"
"35220","24239","19359","13716","95152","Shipped","2022-01-26 08:34:44","2022-01-26 17:32:00",NULL,NULL,"19"
"35447","24401","19492","9284","95750","Shipped","2022-07-23 07:36:09","2022-07-26 02:26:00",NULL,NULL,"19"
"35541","24464","19551","25857","95994","Shipped","2021-12-29 06:40:31","2021-12-29 17:28:00",NULL,NULL,"19"
"36672","25237","20175","25857","98994","Shipped","2022-09-02 12:27:55.348354","2022-09-03 17:51:53.348354",NULL,NULL,"19"
"37476","25796","20607","24989","101203","Shipped","2020-10-28 02:25:01","2020-10-30 01:54:00",NULL,NULL,"19"
"42007","28906","23058","25490","113402","Shipped","2022-08-28 11:18:08","2022-08-31 06:03:00",NULL,NULL,"19"
"43195","29712","23695","16767","116645","Shipped","2022-08-30 13:32:14","2022-09-01 02:14:00",NULL,NULL,"19"
"49705","34242","27339","25819","134179","Shipped","2022-05-01 12:26:34","2022-05-01 00:20:00",NULL,NULL,"19"
"50698","34936","27877","10976","136830","Shipped","2020-12-23 23:56:08","2020-12-26 01:12:00",NULL,NULL,"19"
"53039","36565","29217","10990","143124","Shipped","2022-08-15 01:51:40","2022-08-15 08:40:00",NULL,NULL,"19"
"54618","37653","30088","25961","147369","Shipped","2021-10-18 10:03:07","2021-10-18 16:24:00",NULL,NULL,"19"
"57460","39607","31644","19465","155089","Shipped","2021-06-07 03:55:44","2021-06-05 08:50:00",NULL,NULL,"19"
"58709","40461","32321","18467","158451","Shipped","2021-07-17 23:33:53","2021-07-16 13:53:00",NULL,NULL,"19"
"61463","42323","33829","17975","165917","Shipped","2020-10-13 15:17:25","2020-10-14 03:42:00",NULL,NULL,"19"
"62293","42901","34294","25961","168156","Shipped","2021-07-04 08:34:12","2021-07-05 16:10:00",NULL,NULL,"19"
"64248","44215","35364","16767","173451","Shipped","2022-08-08 01:15:43","2022-08-08 02:06:00",NULL,NULL,"19"
"64794","44599","35682","25713","174957","Shipped","2021-02-05 13:54:22","2021-02-06 09:46:00",NULL,NULL,"19"
"65828","45317","36221","12269","177753","Shipped","2021-03-08 01:10:46","2021-03-10 09:42:00",NULL,NULL,"19"
"68638","47241","37782","24691","185288","Shipped","2022-08-30 00:56:06","2022-08-29 23:00:00",NULL,NULL,"19"
"68766","47331","37857","25713","185639","Shipped","2022-07-11 09:45:36","2022-07-12 10:44:00",NULL,NULL,"19"
"69862","48095","38457","25965","188592","Shipped","2022-08-01 15:30:22","2022-07-30 18:56:00",NULL,NULL,"19"
"72463","49908","39941","26080","195662","Shipped","2020-07-11 23:27:17","2020-07-14 09:56:00",NULL,NULL,"19"
"76725","52894","42320","25402","207191","Shipped","2022-09-03 04:14:06","2022-09-02 02:41:00",NULL,NULL,"19"
"76766","52924","42342","24989","207299","Shipped","2021-07-27 13:51:27","2021-07-28 15:16:00",NULL,NULL,"19"
"76819","52967","42373","26080","207448","Shipped","2022-07-15 14:00:16","2022-07-17 13:35:00",NULL,NULL,"19"
"77046","53124","42504","26080","208036","Shipped","2022-05-07 01:41:41","2022-05-07 06:25:00",NULL,NULL,"19"
"77467","53415","42750","13716","209123","Shipped","2020-06-03 02:33:33","2020-06-03 06:19:00",NULL,NULL,"19"
"78703","54260","43439","25402","212474","Shipped","2020-05-24 13:29:17","2020-05-24 23:10:00",NULL,NULL,"19"
"80157","55284","44211","11017","216432","Shipped","2020-08-08 06:18:41","2020-08-09 11:35:00",NULL,NULL,"19"
"82016","56588","45235","24989","221480","Shipped","2021-05-21 11:32:42","2021-05-22 12:15:00",NULL,NULL,"19"
"82883","57218","45744","16767","223848","Shipped","2022-03-09 16:02:21","2022-03-10 11:12:00",NULL,NULL,"19"
"88154","60926","48771","14961","238142","Shipped","2022-04-22 20:51:12","2022-04-21 05:02:00",NULL,NULL,"19"
"90552","62586","50108","25819","244628","Shipped","2022-03-18 23:23:53","2022-03-15 05:17:00",NULL,NULL,"19"
"98050","67759","54138","16767","264877","Shipped","2020-10-27 22:38:13","2020-10-30 03:43:00",NULL,NULL,"19"
"98682","68183","54500","10990","266580","Shipped","2022-03-10 16:14:01","2022-03-07 19:45:00",NULL,NULL,"19"
"98770","68247","54559","25961","266809","Shipped","2019-12-30 14:24:12","2019-12-28 18:05:00",NULL,NULL,"19"
"100288","69314","55423","19465","270851","Shipped","2019-08-14 03:37:07","2019-08-12 06:26:00",NULL,NULL,"19"
"103034","71188","56910","11267","278292","Shipped","2020-07-06 05:39:33","2020-07-09 03:51:00",NULL,NULL,"19"
"106129","73347","58668","26080","286668","Shipped","2021-09-01 11:59:25","2021-09-02 09:32:00",NULL,NULL,"19"
"109189","75424","60306","19465","294936","Shipped","2020-07-04 03:55:49","2020-07-04 10:30:00",NULL,NULL,"19"
"110949","76649","61312","24989","299642","Shipped","2021-02-24 21:33:48","2021-02-27 16:59:00",NULL,NULL,"19"
"118869","82065","65705","25691","320958","Shipped","2020-10-23 22:27:41","2020-10-22 17:18:00",NULL,NULL,"19"
"119544","82524","66073","11267","322758","Shipped","2019-05-04 09:18:23","2019-05-05 17:40:00",NULL,NULL,"19"
"120518","83176","66602","11667","325423","Shipped","2021-12-07 05:39:38","2021-12-06 08:54:00",NULL,NULL,"19"
"122044","84186","67390","25857","329517","Shipped","2022-04-05 09:26:09","2022-04-07 16:19:00",NULL,NULL,"19"
"123169","84971","67998","15453","332562","Shipped","2022-07-27 06:41:40","2022-07-27 22:51:00",NULL,NULL,"19"
"124171","85662","68549","24889","335219","Shipped","2022-07-23 00:52:27","2022-07-22 00:44:00",NULL,NULL,"19"
"126804","87454","70004","24989","342380","Shipped","2020-06-20 08:35:07","2020-06-22 22:41:00",NULL,NULL,"19"
"126813","87462","70013","17975","342403","Shipped","2022-05-08 13:25:17","2022-05-10 00:43:00",NULL,NULL,"19"
"127787","88128","70576","25713","345013","Shipped","2022-02-24 06:54:38","2022-02-23 13:50:00",NULL,NULL,"19"
"127826","88154","70596","25965","345119","Shipped","2022-03-25 03:55:44","2022-03-27 18:52:00",NULL,NULL,"19"
"129258","89143","71414","25691","349025","Shipped","2022-09-08 01:24:42","2022-09-04 17:23:00",NULL,NULL,"19"
"131494","90702","72669","11031","355033","Shipped","2021-11-04 00:06:10","2021-11-03 10:09:00",NULL,NULL,"19"
"137363","94784","75978","25713","370906","Shipped","2022-08-14 13:38:08","2022-08-14 17:56:00",NULL,NULL,"19"
"138455","95542","76602","7115","373867","Shipped","2022-01-17 03:00:31","2022-01-15 08:02:00",NULL,NULL,"19"
"138533","95593","76646","25965","374079","Shipped","2020-06-12 03:58:46","2020-06-12 10:07:00",NULL,NULL,"19"
"140979","97241","77990","11710","380647","Shipped","2020-11-13 14:54:31","2020-11-14 10:53:00",NULL,NULL,"19"
"141258","97426","78130","2712","381420","Shipped","2022-07-27 08:39:48","2022-07-28 23:17:00",NULL,NULL,"19"
"142020","97957","78548","24889","383462","Shipped","2022-04-14 08:04:48","2022-04-14 12:59:00",NULL,NULL,"19"
"145277","100237","80379","24989","392274","Shipped","2022-02-24 02:05:48","2022-02-21 07:48:00",NULL,NULL,"19"
"146012","100749","80832","7115","394267","Shipped","2022-06-19 22:39:45","2022-06-20 18:49:00",NULL,NULL,"19"
"146510","101085","81104","15453","395620","Shipped","2020-11-04 22:42:30","2020-11-03 23:24:00",NULL,NULL,"19"
"149894","103446","82977","26080","404790","Shipped","2020-02-15 05:05:43","2020-02-16 17:08:00",NULL,NULL,"19"
"150224","103661","83150","16721","405723","Shipped","2021-11-05 10:13:36","2021-11-05 20:30:00",NULL,NULL,"19"
"151269","104367","83732","11031","408535","Shipped","2022-08-31 00:33:04","2022-09-01 03:20:00",NULL,NULL,"19"
"156170","107725","86416","11710","421664","Shipped","2022-03-11 22:08:08","2022-03-13 13:41:00",NULL,NULL,"19"
"159057","109718","87988","25961","429440","Shipped","2021-12-27 03:20:34","2021-12-28 12:33:00",NULL,NULL,"19"
"162255","111904","89718","18467","438127","Shipped","2021-06-16 09:03:04","2021-06-12 15:22:00",NULL,NULL,"19"
"165223","113944","91358","25490","446231","Shipped","2021-05-06 13:45:02","2021-05-05 05:46:00",NULL,NULL,"19"
"167807","115722","92765","2712","453164","Shipped","2022-08-15 06:20:53","2022-08-16 01:49:00",NULL,NULL,"19"
"173719","119816","96076","19465","469125","Shipped","2022-07-09 16:15:21","2022-07-11 22:49:00",NULL,NULL,"19"
"174260","120185","96385","25965","470576","Shipped","2019-10-12 03:06:23","2019-10-14 10:18:00",NULL,NULL,"19"
"177181","122186","97973","24989","478537","Shipped","2021-09-12 06:32:47","2021-09-10 21:32:00",NULL,NULL,"19"
"4662","3192","2603","12269","12634","Complete","2021-09-27 01:08:36","2021-09-24 10:50:00","2021-09-26 22:04:00",NULL,"19"
"7128","4858","3936","26080","19307","Complete","2022-02-04 02:36:18","2022-02-04 03:04:00","2022-02-07 15:31:00",NULL,"19"
"10816","7434","6044","25857","29313","Complete","2019-10-12 17:32:16","2019-10-15 16:58:00","2019-10-18 19:37:00",NULL,"19"
"13057","9013","7271","18467","35371","Complete","2020-11-04 09:37:37","2020-11-06 00:28:00","2020-11-07 20:48:00",NULL,"19"
"13451","9276","7479","25819","36454","Complete","2022-07-01 03:42:23","2022-07-04 03:11:00","2022-07-08 05:17:00",NULL,"19"
"16468","11326","9107","19465","44576","Complete","2022-05-30 05:10:13","2022-05-28 13:16:00","2022-05-30 08:25:00",NULL,"19"
"17716","12182","9799","25857","47983","Complete","2022-09-01 10:46:19.725873","2022-09-01 14:05:06.725873","2022-09-04 19:26:06.725873",NULL,"19"
"18271","12555","10074","2889","49488","Complete","2021-03-16 18:20:46","2021-03-16 20:56:00","2021-03-19 08:47:00",NULL,"19"
"20413","14036","11246","25713","55256","Complete","2022-05-28 09:50:09","2022-05-28 19:54:00","2022-05-30 02:32:00",NULL,"19"
"23563","16215","12968","16721","63688","Complete","2022-08-04 10:44:21","2022-08-01 14:12:00","2022-08-01 19:10:00",NULL,"19"
"24465","16831","13447","26080","66127","Complete","2019-02-24 09:05:04","2019-02-25 17:54:00","2019-02-25 23:49:00",NULL,"19"
"27568","18989","15186","25490","74517","Complete","2021-05-30 15:07:05","2021-05-31 16:29:00","2021-06-01 03:58:00",NULL,"19"
"27573","18994","15190","16767","74531","Complete","2022-09-03 03:58:03.557885","2022-09-05 21:14:33.557885","2022-09-09 14:42:33.557885",NULL,"19"
"27684","19067","15242","2889","74834","Complete","2022-01-08 09:41:31","2022-01-10 19:00:00","2022-01-11 06:04:00",NULL,"19"
"29057","20002","15973","17975","78560","Complete","2022-07-06 10:02:20","2022-07-07 11:01:00","2022-07-10 02:13:00",NULL,"19"
"38529","26536","21204","2712","104011","Complete","2022-03-06 12:30:11","2022-03-06 13:44:00","2022-03-10 04:10:00",NULL,"19"
"41758","28725","22915","20312","112722","Complete","2022-04-07 10:07:22","2022-04-06 14:45:00","2022-04-09 12:37:00",NULL,"19"
"42212","29039","23157","25490","113967","Complete","2022-08-22 03:05:13","2022-08-24 00:44:00","2022-08-26 00:36:00",NULL,"19"
"43586","29982","23903","424","117708","Complete","2020-03-19 10:42:20","2020-03-20 00:02:00","2020-03-24 10:16:00",NULL,"19"
"50525","34811","27786","2889","136384","Complete","2021-08-28 15:32:00","2021-08-29 02:46:00","2021-08-29 06:27:00",NULL,"19"
"52470","36157","28884","18467","141595","Complete","2022-08-09 08:12:04","2022-08-09 23:17:00","2022-08-13 18:23:00",NULL,"19"
"55492","38249","30568","24889","149732","Complete","2022-07-28 07:17:10","2022-07-30 21:30:00","2022-08-04 18:51:00",NULL,"19"
"56147","38706","30946","14961","151514","Complete","2020-10-04 00:32:18","2020-10-04 02:06:00","2020-10-06 14:43:00",NULL,"19"
"57435","39588","31631","26333","155020","Complete","2022-07-12 12:25:21","2022-07-15 15:23:00","2022-07-20 05:47:00",NULL,"19"
"72051","49627","39725","14961","194508","Complete","2019-11-02 09:24:00","2019-11-03 23:16:00","2019-11-07 07:04:00",NULL,"19"
"77988","53778","43019","15453","210538","Complete","2022-08-10 01:33:10","2022-08-10 09:13:00","2022-08-10 14:53:00",NULL,"19"
"89737","62032","49654","424","242426","Complete","2021-02-19 15:20:04","2021-02-16 03:28:00","2021-02-21 01:32:00",NULL,"19"
"91086","62941","50400","24889","246053","Complete","2019-11-13 01:51:26","2019-11-12 22:55:00","2019-11-14 16:25:00",NULL,"19"
"92418","63852","51116","25402","249624","Complete","2022-01-17 09:21:43","2022-01-18 17:13:00","2022-01-22 03:03:00",NULL,"19"
"94683","65407","52331","2636","255771","Complete","2021-07-08 04:24:38","2021-07-10 03:51:00","2021-07-12 07:45:00",NULL,"19"
"96942","66987","53531","25819","261847","Complete","2021-03-17 12:59:56","2021-03-14 11:45:00","2021-03-16 04:36:00",NULL,"19"
"98072","67774","54152","25961","264935","Complete","2022-09-01 03:21:51","2022-08-30 07:05:00","2022-08-31 21:05:00",NULL,"19"
"98934","68355","54649","11031","267246","Complete","2021-12-13 04:44:43","2021-12-14 08:01:00","2021-12-16 19:55:00",NULL,"19"
"102016","70498","56363","11667","275526","Complete","2021-09-18 23:44:13","2021-09-17 19:22:00","2021-09-20 02:48:00",NULL,"19"
"107203","74068","59218","19465","289559","Complete","2022-04-08 05:44:29","2022-04-09 05:23:00","2022-04-12 08:21:00",NULL,"19"
"111633","77111","61691","11017","301488","Complete","2021-09-01 10:37:33","2021-08-30 12:43:00","2021-08-31 18:10:00",NULL,"19"
"111909","77294","61846","25490","302245","Complete","2021-07-02 08:45:23","2021-07-04 08:04:00","2021-07-06 14:55:00",NULL,"19"
"118760","81987","65637","14961","320679","Complete","2020-02-29 22:01:56","2020-03-03 22:01:00","2020-03-06 21:23:00",NULL,"19"
"120225","82980","66435","25961","324597","Complete","2022-04-04 15:15:38","2022-04-07 03:40:00","2022-04-07 16:07:00",NULL,"19"
"135687","93640","75020","18505","366410","Complete","2022-03-20 18:22:49","2022-03-22 02:14:00","2022-03-23 02:51:00",NULL,"19"
"141619","97679","78321","2712","382389","Complete","2021-02-23 01:55:04","2021-02-22 04:34:00","2021-02-23 22:11:00",NULL,"19"
"142342","98197","78740","16767","384340","Complete","2022-01-04 13:16:56","2022-01-01 10:22:00","2022-01-03 01:26:00",NULL,"19"
"143703","99156","79498","24889","387985","Complete","2022-06-28 12:54:29","2022-06-25 20:10:00","2022-06-29 11:36:00",NULL,"19"
"145868","100655","80756","25490","393893","Complete","2022-02-15 23:37:27","2022-02-14 09:05:00","2022-02-17 15:26:00",NULL,"19"
"150038","103537","83042","10990","405196","Complete","2022-07-21 01:33:25","2022-07-22 06:56:00","2022-07-22 23:43:00",NULL,"19"
"150801","104060","83477","25402","407278","Complete","2021-11-30 22:08:43","2021-12-02 11:07:00","2021-12-03 18:08:00",NULL,"19"
"156331","107840","86501","19465","422104","Complete","2020-08-18 00:18:43","2020-08-16 05:45:00","2020-08-19 20:44:00",NULL,"19"
"165734","114303","91633","2636","447614","Complete","2021-02-19 15:42:51","2021-02-22 12:24:00","2021-02-26 11:32:00",NULL,"19"
"165745","114308","91638","26125","447644","Complete","2022-01-17 06:05:07","2022-01-19 14:56:00","2022-01-21 05:47:00",NULL,"19"
"167126","115254","92380","10990","451367","Complete","2022-08-01 08:45:32","2022-08-01 13:01:00","2022-08-04 06:00:00",NULL,"19"
"172089","118664","95131","25965","464786","Complete","2022-08-31 06:40:44","2022-09-01 18:25:00","2022-09-05 01:30:00",NULL,"19"
"172500","118959","95373","25819","465894","Complete","2022-03-25 11:03:16","2022-03-26 08:37:00","2022-03-31 02:10:00",NULL,"19"
"173233","119474","95786","11667","467874","Complete","2022-04-15 01:17:31","2022-04-15 07:00:00","2022-04-19 08:49:00",NULL,"19"
"175508","121035","97038","24989","473992","Complete","2022-06-13 16:53:33","2022-06-13 00:51:00","2022-06-16 17:57:00",NULL,"19"
"180245","124295","99693","11667","486748","Complete","2020-08-02 04:03:39","2020-08-03 23:04:00","2020-08-04 04:05:00",NULL,"19"
"1056","732","612","2712","2838","Returned","2022-08-26 02:28:51","2022-08-27 13:03:00","2022-08-31 07:30:00","2022-09-02 04:22:00","19"
"7663","5252","4253","25819","20782","Returned","2022-04-13 11:56:53","2022-04-15 04:02:00","2022-04-17 22:47:00","2022-04-18 22:57:00","19"
"17514","12050","9680","16767","47449","Returned","2021-10-24 00:16:55","2021-10-24 16:23:00","2021-10-27 00:39:00","2021-10-28 08:35:00","19"
"22308","15342","12259","25713","60285","Returned","2022-07-12 11:50:12","2022-07-13 00:47:00","2022-07-16 23:31:00","2022-07-17 09:01:00","19"
"30032","20685","16544","25402","81188","Returned","2022-08-12 14:25:10","2022-08-14 17:37:00","2022-08-15 10:12:00","2022-08-17 18:33:00","19"
"36725","25272","20197","14961","99144","Returned","2022-06-01 12:43:58","2022-06-03 00:41:00","2022-06-03 04:26:00","2022-06-04 04:40:00","19"
"38105","26234","20960","24691","102866","Returned","2021-12-10 18:16:51","2021-12-12 22:14:00","2021-12-15 08:19:00","2021-12-17 05:54:00","19"
"40731","28018","22348","11017","109984","Returned","2022-05-03 10:48:04","2022-05-01 20:29:00","2022-05-03 07:00:00","2022-05-05 15:31:00","19"
"44981","30970","24727","18505","121482","Returned","2021-08-26 10:31:26","2021-08-27 10:48:00","2021-08-28 00:29:00","2021-08-29 16:34:00","19"
"55856","38500","30764","25961","150733","Returned","2022-08-02 10:37:12","2022-07-31 19:00:00","2022-08-03 18:47:00","2022-08-06 09:11:00","19"
"65334","44989","35962","13716","176417","Returned","2022-09-02 12:11:02","2022-09-03 13:30:00","2022-09-05 08:07:00","2022-09-06 00:13:00","19"
"68467","47120","37694","19465","184833","Returned","2021-05-18 18:41:17","2021-05-18 22:17:00","2021-05-21 03:46:00","2021-05-23 22:55:00","19"
"68790","47344","37865","9284","185706","Returned","2022-08-03 13:19:08","2022-08-02 02:19:00","2022-08-02 19:34:00","2022-08-05 14:02:00","19"
"77935","53737","42988","25713","210400","Returned","2022-07-19 04:44:13","2022-07-21 06:51:00","2022-07-24 18:57:00","2022-07-26 08:45:00","19"
"81927","56522","45179","25819","221240","Returned","2022-02-08 13:45:16","2022-02-07 15:25:00","2022-02-10 03:59:00","2022-02-11 14:35:00","19"
"87336","60348","48304","25819","235941","Returned","2022-07-12 16:40:52","2022-07-13 18:52:00","2022-07-16 05:29:00","2022-07-17 07:53:00","19"
"102912","71107","56840","24989","277965","Returned","2020-11-29 09:17:03","2020-11-29 16:07:00","2020-11-29 23:13:00","2020-12-01 04:32:00","19"
"108927","75250","60166","25713","294239","Returned","2022-01-09 04:52:03","2022-01-10 19:23:00","2022-01-13 06:52:00","2022-01-15 07:44:00","19"
"120250","82995","66444","14961","324670","Returned","2022-04-07 15:08:05","2022-04-08 08:48:00","2022-04-12 23:47:00","2022-04-15 05:22:00","19"
"121139","83594","66932","25857","327099","Returned","2022-04-15 09:11:21","2022-04-13 21:48:00","2022-04-17 03:18:00","2022-04-18 08:20:00","19"
"123973","85521","68429","18505","334698","Returned","2020-02-07 23:24:53","2020-02-09 04:08:00","2020-02-11 00:06:00","2020-02-11 07:25:00","19"
"131645","90809","72738","25402","355442","Returned","2022-07-24 07:42:11","2022-07-27 07:44:00","2022-07-29 08:21:00","2022-07-30 12:31:00","19"
"133917","92397","74012","11031","361602","Returned","2022-09-03 10:56:47","2022-09-06 10:24:00","2022-09-10 16:46:00","2022-09-12 06:44:00","19"
"310","223","192","11710","813","Cancelled","2020-08-19 00:52:58",NULL,NULL,NULL,"19"
"5330","3640","2973","26333","14429","Cancelled","2021-07-06 07:45:28",NULL,NULL,NULL,"19"
"9361","6427","5219","2889","25387","Cancelled","2022-05-06 06:39:12",NULL,NULL,NULL,"19"
"14525","9995","8043","26333","39363","Cancelled","2020-05-08 01:52:31",NULL,NULL,NULL,"19"
"16219","11149","8962","24989","43895","Cancelled","2021-07-25 21:03:43",NULL,NULL,NULL,"19"
"20289","13950","11184","26333","54918","Cancelled","2022-09-02 23:35:31",NULL,NULL,NULL,"19"
"20964","14414","11535","18505","56734","Cancelled","2022-05-27 01:45:53",NULL,NULL,NULL,"19"
"31838","21905","17527","10990","86046","Cancelled","2022-07-18 06:49:28",NULL,NULL,NULL,"19"
"39256","27023","21583","16767","105991","Cancelled","2022-05-22 03:27:58",NULL,NULL,NULL,"19"
"45326","31213","24911","18505","122399","Cancelled","2022-09-03 04:43:40",NULL,NULL,NULL,"19"
"56409","38881","31080","25961","152245","Cancelled","2021-08-27 06:22:49",NULL,NULL,NULL,"19"
"58429","40279","32171","25713","157697","Cancelled","2020-11-03 22:38:15",NULL,NULL,NULL,"19"
"65614","45185","36115","25961","177181","Cancelled","2022-08-21 02:45:49",NULL,NULL,NULL,"19"
"77293","53291","42637","26080","208671","Cancelled","2021-12-03 02:05:10",NULL,NULL,NULL,"19"
"82640","57042","45605","25490","223180","Cancelled","2022-02-19 06:44:05",NULL,NULL,NULL,"19"
"84161","58135","46477","2889","227315","Cancelled","2021-03-14 00:49:52",NULL,NULL,NULL,"19"
"85414","59020","47182","19465","230718","Cancelled","2022-01-07 23:52:17",NULL,NULL,NULL,"19"
"88482","61150","48971","25819","239036","Cancelled","2022-07-25 22:52:33",NULL,NULL,NULL,"19"
"94511","65293","52237","26333","255297","Cancelled","2021-07-07 03:40:54",NULL,NULL,NULL,"19"
"109936","75939","60719","9284","296940","Cancelled","2021-02-12 03:52:20",NULL,NULL,NULL,"19"
"118610","81875","65559","26125","320265","Cancelled","2022-03-21 02:40:05",NULL,NULL,NULL,"19"
"120015","82846","66323","2712","324043","Cancelled","2021-07-30 16:05:25",NULL,NULL,NULL,"19"
"122515","84527","67657","11267","330800","Cancelled","2020-07-24 20:49:56",NULL,NULL,NULL,"19"
"123237","85023","68036","25402","332746","Cancelled","2022-05-26 21:38:21",NULL,NULL,NULL,"19"
"124511","85897","68748","2636","336125","Cancelled","2022-05-31 03:12:37",NULL,NULL,NULL,"19"
"130153","89771","71899","25965","351408","Cancelled","2022-06-15 17:44:02",NULL,NULL,NULL,"19"
"147735","101944","81770","24691","398896","Cancelled","2019-10-27 15:29:47",NULL,NULL,NULL,"19"
"157446","108592","87084","25961","425114","Cancelled","2021-05-29 05:10:04",NULL,NULL,NULL,"19"
"4792","3279","2674","15837","12987","Processing","2022-01-31 07:40:13",NULL,NULL,NULL,"19"
"8335","5708","4612","25857","22596","Processing","2021-03-08 16:39:51",NULL,NULL,NULL,"19"
"13889","9572","7717","16767","37640","Processing","2022-03-24 11:15:47",NULL,NULL,NULL,"19"
"17746","12200","9816","15453","48063","Processing","2021-09-25 04:00:31",NULL,NULL,NULL,"19"
"17814","12248","9854","424","48254","Processing","2022-08-05 23:32:39",NULL,NULL,NULL,"19"
"24607","16933","13522","14961","66501","Processing","2021-11-08 05:07:58",NULL,NULL,NULL,"19"
"25124","17312","13826","25857","67906","Processing","2021-12-11 06:58:55",NULL,NULL,NULL,"19"
"28534","19648","15712","13716","77129","Processing","2022-03-08 04:37:06",NULL,NULL,NULL,"19"
"28716","19770","15802","25490","77622","Processing","2021-03-03 00:40:06",NULL,NULL,NULL,"19"
"33547","23091","18435","18467","90630","Processing","2021-04-08 05:41:02",NULL,NULL,NULL,"19"
"34983","24082","19228","12269","94502","Processing","2021-11-03 17:31:50",NULL,NULL,NULL,"19"
"37373","25730","20555","25713","100921","Processing","2022-09-01 04:03:40.35896",NULL,NULL,NULL,"19"
"38680","26643","21295","19465","104435","Processing","2022-05-14 22:58:48",NULL,NULL,NULL,"19"
"39145","26953","21523","19465","105691","Processing","2021-03-09 13:15:04",NULL,NULL,NULL,"19"
"43088","29642","23643","25819","116349","Processing","2022-06-29 01:20:07",NULL,NULL,NULL,"19"
"43584","29981","23902","10990","117704","Processing","2021-02-19 11:11:14",NULL,NULL,NULL,"19"
"61203","42143","33685","25490","165228","Processing","2022-01-28 04:30:53",NULL,NULL,NULL,"19"
"63716","43869","35085","25961","172014","Processing","2022-08-23 02:59:09",NULL,NULL,NULL,"19"
"63719","43871","35086","25819","172021","Processing","2021-02-26 22:59:20",NULL,NULL,NULL,"19"
"72075","49639","39734","25713","194574","Processing","2021-05-18 02:35:18",NULL,NULL,NULL,"19"
"77716","53587","42881","24989","209783","Processing","2022-08-20 11:52:35",NULL,NULL,NULL,"19"
"79095","54531","43630","11017","213560","Processing","2022-04-16 23:23:10",NULL,NULL,NULL,"19"
"79101","54536","43634","11017","213579","Processing","2022-07-07 14:58:03",NULL,NULL,NULL,"19"
"79656","54936","43935","25819","215086","Processing","2021-12-07 01:29:26",NULL,NULL,NULL,"19"
"81808","56446","45117","16721","220925","Processing","2020-09-10 12:40:38",NULL,NULL,NULL,"19"
"84252","58205","46544","16721","227561","Processing","2022-06-19 16:54:32",NULL,NULL,NULL,"19"
"89228","61677","49381","18505","241042","Processing","2021-11-02 02:01:05",NULL,NULL,NULL,"19"
"93335","64501","51619","424","252071","Processing","2021-09-09 09:31:49",NULL,NULL,NULL,"19"
"93960","64917","51952","12269","253786","Processing","2021-11-10 06:18:15",NULL,NULL,NULL,"19"
"98560","68097","54428","14961","266251","Processing","2022-04-27 12:26:29",NULL,NULL,NULL,"19"
"101032","69821","55838","25965","272864","Processing","2021-11-30 05:40:43",NULL,NULL,NULL,"19"
"108802","75162","60101","11031","293904","Processing","2020-04-07 04:41:40",NULL,NULL,NULL,"19"
"111373","76937","61558","26333","300787","Processing","2022-08-18 07:03:04",NULL,NULL,NULL,"19"
"115282","79622","63700","18467","311361","Processing","2022-08-24 04:28:45",NULL,NULL,NULL,"19"
"122065","84204","67401","25691","329573","Processing","2022-04-07 09:25:31",NULL,NULL,NULL,"19"
"125413","86514","69234","13716","338597","Processing","2021-01-25 09:57:41",NULL,NULL,NULL,"19"
"127311","87794","70294","25857","343711","Processing","2021-12-17 10:04:39",NULL,NULL,NULL,"19"
"130356","89911","72024","25965","351960","Processing","2020-12-06 06:17:23",NULL,NULL,NULL,"19"
"134628","92884","74416","19465","363549","Processing","2022-07-06 07:33:19",NULL,NULL,NULL,"19"
"140397","96851","77668","19465","379100","Processing","2022-05-19 12:26:35",NULL,NULL,NULL,"19"
"141630","97687","78328","26080","382424","Processing","2021-03-14 01:01:40",NULL,NULL,NULL,"19"
"149625","103271","82831","25402","404050","Processing","2022-05-28 17:07:53",NULL,NULL,NULL,"19"
"153297","105754","84835","25713","413997","Processing","2022-08-25 00:40:21",NULL,NULL,NULL,"19"
"169486","116888","93712","24889","457674","Processing","2022-02-10 00:26:44",NULL,NULL,NULL,"19"
"170548","117592","94308","26125","460577","Processing","2022-01-24 04:59:36",NULL,NULL,NULL,"19"
"172181","118728","95188","424","465034","Processing","2022-02-07 13:19:50",NULL,NULL,NULL,"19"
"174386","120265","96437","13716","470914","Processing","2020-06-29 04:17:47",NULL,NULL,NULL,"19"
"179469","123778","99291","24889","484662","Processing","2022-07-15 23:06:44",NULL,NULL,NULL,"19"
"180483","124461","99799","16721","487373","Processing","2022-05-30 05:06:00",NULL,NULL,NULL,"19"
"180791","124694","99987","25961","488223","Processing","2021-12-17 09:52:08",NULL,NULL,NULL,"19"
"177","128","100","18169","468","Shipped","2022-06-28 01:42:18","2022-06-27 11:59:00",NULL,NULL,"20"
"428","304","263","14854","1135","Shipped","2021-06-14 12:49:57","2021-06-16 04:44:00",NULL,NULL,"20"
"2340","1606","1293","24701","6334","Shipped","2021-02-19 03:42:12","2021-02-17 13:52:00",NULL,NULL,"20"
"2638","1806","1464","2637","7134","Shipped","2019-09-15 14:31:37","2019-09-14 20:04:00",NULL,NULL,"20"
"2932","2005","1619","16568","7936","Shipped","2022-09-03 10:52:07","2022-09-04 15:48:00",NULL,NULL,"20"
"3442","2329","1871","9483","9307","Shipped","2022-06-11 12:11:27","2022-06-09 18:45:00",NULL,NULL,"20"
"4231","2879","2310","24737","11476","Shipped","2022-01-27 10:06:13","2022-01-28 22:08:00",NULL,NULL,"20"
"4280","2918","2344","28969","11606","Shipped","2021-05-28 05:18:54","2021-05-28 09:07:00",NULL,NULL,"20"
"4785","3274","2672","10049","12969","Shipped","2022-06-12 23:54:49","2022-06-13 22:48:00",NULL,NULL,"20"
"5774","3926","3185","16580","15629","Shipped","2020-08-26 13:22:07","2020-08-28 05:05:00",NULL,NULL,"20"
"6045","4117","3341","18707","16352","Shipped","2021-09-21 11:09:16","2021-09-21 23:12:00",NULL,NULL,"20"
"6300","4297","3492","18048","17045","Shipped","2022-08-16 09:25:07","2022-08-19 07:37:00",NULL,NULL,"20"
"6531","4445","3605","16686","17689","Shipped","2021-12-27 04:36:34","2021-12-28 04:51:00",NULL,NULL,"20"
"6577","4477","3629","18223","17811","Shipped","2021-08-29 05:38:21","2021-08-27 16:39:00",NULL,NULL,"20"
"8114","5563","4501","2122","22012","Shipped","2022-03-23 14:48:17","2022-03-24 20:40:00",NULL,NULL,"20"
"8553","5860","4742","27300","23209","Shipped","2020-03-22 09:00:16","2020-03-24 09:58:00",NULL,NULL,"20"
"9072","6218","5025","24737","24596","Shipped","2021-11-25 08:41:27","2021-11-27 22:59:00",NULL,NULL,"20"
"9420","6477","5260","10815","25545","Shipped","2022-07-23 11:26:51","2022-07-24 07:14:00",NULL,NULL,"20"
"9444","6493","5273","16382","25605","Shipped","2021-06-07 14:09:45","2021-06-08 18:56:00",NULL,NULL,"20"
"11058","7607","6176","25474","29965","Shipped","2022-09-06 14:43:22.756917","2022-09-02 18:43:30.756917",NULL,NULL,"20"
"11837","8154","6602","16382","32065","Shipped","2021-04-08 09:04:18","2021-04-08 01:04:00",NULL,NULL,"20"
"12586","8684","7005","772","34110","Shipped","2022-05-04 20:48:05","2022-05-07 19:34:00",NULL,NULL,"20"
"12960","8941","7214","16568","35111","Shipped","2022-07-21 10:07:32","2022-07-23 23:41:00",NULL,NULL,"20"
"13688","9430","7595","11530","37096","Shipped","2022-08-09 11:52:10","2022-08-11 11:19:00",NULL,NULL,"20"
"15498","10642","8552","2637","41983","Shipped","2020-10-22 00:12:48","2020-10-25 01:08:00",NULL,NULL,"20"
"16434","11299","9084","16496","44480","Shipped","2021-11-29 01:10:46","2021-11-30 18:16:00",NULL,NULL,"20"
"17058","11739","9446","11390","46193","Shipped","2022-08-13 10:27:28","2022-08-16 08:39:00",NULL,NULL,"20"
"17179","11829","9505","14063","46510","Shipped","2021-11-07 11:39:54","2021-11-06 07:50:00",NULL,NULL,"20"
"18496","12708","10195","10301","50083","Shipped","2022-08-27 08:47:56","2022-08-26 19:48:00",NULL,NULL,"20"
"19828","13643","10925","15826","53659","Shipped","2020-06-01 08:19:52","2020-06-02 23:05:00",NULL,NULL,"20"
"20821","14317","11455","16686","56358","Shipped","2021-02-01 07:51:43","2021-01-29 09:36:00",NULL,NULL,"20"
"21664","14895","11897","26223","58564","Shipped","2022-02-06 13:19:07","2022-02-07 19:28:00",NULL,NULL,"20"
"21835","15012","11989","772","59010","Shipped","2022-08-19 14:13:35","2022-08-19 02:06:00",NULL,NULL,"20"
"21883","15045","12017","8997","59149","Shipped","2022-04-11 20:57:11","2022-04-10 11:39:00",NULL,NULL,"20"
"22742","15643","12498","26713","61468","Shipped","2022-05-29 12:00:26","2022-05-29 21:04:00",NULL,NULL,"20"
"22798","15680","12524","25386","61626","Shipped","2021-09-27 05:56:15","2021-09-28 12:54:00",NULL,NULL,"20"
"24117","16588","13262","15673","65192","Shipped","2022-01-02 11:28:29","2022-01-04 14:31:00",NULL,NULL,"20"
"24340","16745","13383","25738","65780","Shipped","2022-07-09 15:00:19","2022-07-10 06:02:00",NULL,NULL,"20"
"24353","16753","13391","24701","65818","Shipped","2021-08-05 14:39:30","2021-08-04 15:36:00",NULL,NULL,"20"
"24910","17157","13709","15826","67333","Shipped","2021-09-30 11:52:33","2021-10-01 07:11:00",NULL,NULL,"20"
"24958","17193","13739","24964","67466","Shipped","2021-11-30 15:29:35","2021-11-30 12:01:00",NULL,NULL,"20"
"25025","17238","13773","659","67642","Shipped","2020-11-01 07:54:15","2020-11-02 04:29:00",NULL,NULL,"20"
"25057","17261","13789","26713","67730","Shipped","2020-12-27 09:41:56","2020-12-28 06:22:00",NULL,NULL,"20"
"25226","17383","13886","25978","68175","Shipped","2022-07-10 08:53:14","2022-07-10 12:20:00",NULL,NULL,"20"
"26481","18251","14586","16209","71567","Shipped","2022-05-15 11:28:16","2022-05-18 06:01:00",NULL,NULL,"20"
"26628","18350","14658","6147","71972","Shipped","2021-09-08 02:31:33","2021-09-09 15:21:00",NULL,NULL,"20"
"27377","18857","15081","16860","74007","Shipped","2020-11-11 03:12:48","2020-11-13 03:07:00",NULL,NULL,"20"
"27523","18958","15168","25304","74401","Shipped","2020-10-15 14:49:22","2020-10-12 20:10:00",NULL,NULL,"20"
"27638","19037","15221","11390","74711","Shipped","2022-04-05 07:22:01","2022-04-05 12:54:00",NULL,NULL,"20"
"27809","19161","15329","18707","75182","Shipped","2022-08-20 12:59:28","2022-08-19 00:24:00",NULL,NULL,"20"
"27995","19300","15433","28522","75672","Shipped","2021-06-10 06:45:03","2021-06-10 12:52:00",NULL,NULL,"20"
"28171","19414","15526","18484","76146","Shipped","2022-08-06 21:28:54","2022-08-09 09:03:00",NULL,NULL,"20"
"28222","19451","15557","18707","76291","Shipped","2022-05-18 13:57:25","2022-05-18 05:31:00",NULL,NULL,"20"
"28564","19666","15724","25647","77210","Shipped","2022-04-07 01:11:57","2022-04-06 23:57:00",NULL,NULL,"20"
"28655","19730","15777","9385","77453","Shipped","2022-03-17 16:47:14","2022-03-20 14:50:00",NULL,NULL,"20"
"28779","19808","15828","23397","77793","Shipped","2021-12-02 08:48:21","2021-12-03 14:12:00",NULL,NULL,"20"
"28890","19895","15895","16934","78105","Shipped","2020-11-20 14:11:17","2020-11-20 02:59:00",NULL,NULL,"20"
"29380","20233","16172","24682","79415","Shipped","2022-06-13 06:38:18","2022-06-13 05:02:00",NULL,NULL,"20"
"29622","20397","16295","24943","80074","Shipped","2021-05-09 16:53:54","2021-05-08 21:53:00",NULL,NULL,"20"
"29666","20431","16317","8847","80193","Shipped","2022-08-19 15:08:45","2022-08-21 02:39:00",NULL,NULL,"20"
"29756","20499","16381","16997","80437","Shipped","2021-01-29 01:55:55","2021-01-30 03:44:00",NULL,NULL,"20"
"30002","20669","16532","24810","81108","Shipped","2022-01-12 04:42:31","2022-01-12 14:50:00",NULL,NULL,"20"
"30484","20999","16818","10738","82429","Shipped","2022-09-04 13:02:49.669687","2022-09-05 07:32:20.669687",NULL,NULL,"20"
"30945","21296","17052","15237","83655","Shipped","2020-09-13 23:12:59","2020-09-16 03:50:00",NULL,NULL,"20"
"31327","21552","17248","28356","84674","Shipped","2021-11-04 05:16:04","2021-11-05 19:46:00",NULL,NULL,"20"
"31465","21649","17314","10600","85043","Shipped","2021-12-19 15:12:24","2021-12-21 15:48:00",NULL,NULL,"20"
"33541","23086","18428","25433","90616","Shipped","2022-05-13 08:06:23","2022-05-14 11:09:00",NULL,NULL,"20"
"35146","24187","19309","25913","94950","Shipped","2020-09-08 00:29:51","2020-09-08 22:19:00",NULL,NULL,"20"
"35306","24299","19407","24964","95373","Shipped","2022-06-01 13:20:26","2022-06-01 06:47:00",NULL,NULL,"20"
"35706","24571","19639","25899","96418","Shipped","2021-06-05 02:06:51","2021-06-06 20:52:00",NULL,NULL,"20"
"36487","25122","20084","24701","98508","Shipped","2021-08-05 13:09:48","2021-08-03 03:30:00",NULL,NULL,"20"
"37611","25897","20684","10036","101558","Shipped","2020-07-12 02:39:07","2020-07-13 06:57:00",NULL,NULL,"20"
"37879","26078","20835","6147","102262","Shipped","2022-08-05 02:37:50","2022-08-05 20:11:00",NULL,NULL,"20"
"37985","26153","20901","11646","102551","Shipped","2021-06-01 04:41:16","2021-06-01 05:17:00",NULL,NULL,"20"
"38524","26533","21202","18512","103998","Shipped","2022-08-16 09:00:46","2022-08-15 08:19:00",NULL,NULL,"20"
"39004","26857","21449","10282","105292","Shipped","2022-06-02 03:10:37","2022-06-02 08:15:00",NULL,NULL,"20"
"39410","27132","21675","15826","106399","Shipped","2022-07-19 01:16:16","2022-07-20 18:49:00",NULL,NULL,"20"
"42656","29353","23398","16580","115180","Shipped","2021-12-03 05:01:11","2021-12-04 04:59:00",NULL,NULL,"20"
"44747","30798","24583","27300","120856","Shipped","2022-06-15 10:35:03","2022-06-15 13:45:00",NULL,NULL,"20"
"45192","31116","24836","11642","122041","Shipped","2021-09-14 11:57:01","2021-09-16 11:40:00",NULL,NULL,"20"
"45304","31198","24902","9076","122341","Shipped","2022-02-04 05:01:02","2022-02-05 23:37:00",NULL,NULL,"20"
"45655","31434","25084","25561","123281","Shipped","2021-01-19 02:52:20","2021-01-17 15:08:00",NULL,NULL,"20"
"45736","31490","25128","10876","123493","Shipped","2021-05-15 21:44:56","2021-05-18 18:23:00",NULL,NULL,"20"
"45767","31510","25148","11642","123579","Shipped","2020-11-11 01:13:36","2020-11-10 14:38:00",NULL,NULL,"20"
"45824","31549","25177","16294","123728","Shipped","2022-07-05 17:04:21","2022-07-07 09:51:00",NULL,NULL,"20"
"45827","31550","25177","28066","123734","Shipped","2022-06-27 17:32:47","2022-06-30 18:03:00",NULL,NULL,"20"
"46609","32094","25622","2728","125845","Shipped","2022-09-02 09:46:42","2022-08-31 13:54:00",NULL,NULL,"20"
"48735","33572","26807","14434","131520","Shipped","2022-05-05 04:45:58","2022-05-02 18:52:00",NULL,NULL,"20"
"49736","34258","27353","25670","134255","Shipped","2022-09-02 10:46:29.171383","2022-09-04 22:50:03.171383",NULL,NULL,"20"
"50930","35111","28020","12212","137472","Shipped","2020-10-09 23:24:12","2020-10-11 09:00:00",NULL,NULL,"20"
"51261","35332","28206","25561","138359","Shipped","2022-09-08 02:59:00.963107","2022-09-07 18:43:25.963107",NULL,NULL,"20"
"52772","36376","29067","17783","142394","Shipped","2021-08-23 06:50:18","2021-08-24 13:01:00",NULL,NULL,"20"
"54796","37778","30176","16309","147877","Shipped","2021-04-03 22:57:32","2021-04-05 11:46:00",NULL,NULL,"20"
"54924","37860","30239","16227","148216","Shipped","2022-06-11 15:41:57","2022-06-10 09:48:00",NULL,NULL,"20"
"56922","39232","31358","25913","153630","Shipped","2021-05-15 11:13:01","2021-05-18 05:36:00",NULL,NULL,"20"
"57095","39352","31454","26150","154101","Shipped","2021-07-09 00:17:36","2021-07-05 14:24:00",NULL,NULL,"20"
"57335","39523","31583","10600","154745","Shipped","2022-08-29 16:44:49","2022-08-30 03:19:00",NULL,NULL,"20"
"57792","39828","31835","24737","155955","Shipped","2021-03-09 14:28:48","2021-03-09 16:38:00",NULL,NULL,"20"
"58991","40655","32475","16382","159207","Shipped","2022-07-29 14:50:48","2022-08-01 09:47:00",NULL,NULL,"20"
"59889","41258","32958","8848","161668","Shipped","2022-02-13 15:35:44","2022-02-14 15:39:00",NULL,NULL,"20"
"59901","41265","32962","18707","161699","Shipped","2022-06-11 22:23:44","2022-06-12 13:57:00",NULL,NULL,"20"
"60164","41437","33111","18215","162439","Shipped","2022-08-25 13:41:00","2022-08-22 20:34:00",NULL,NULL,"20"
"60348","41564","33211","2122","162922","Shipped","2020-11-20 23:27:50","2020-11-18 21:13:00",NULL,NULL,"20"
"61001","42010","33579","14544","164678","Shipped","2020-08-28 10:04:00","2020-08-30 11:29:00",NULL,NULL,"20"
"61297","42206","33743","25738","165475","Shipped","2019-12-01 03:54:45","2019-12-02 02:51:00",NULL,NULL,"20"
"61894","42620","34070","6625","167093","Shipped","2020-11-26 23:09:41","2020-11-29 08:51:00",NULL,NULL,"20"
"62102","42769","34195","2122","167645","Shipped","2019-08-16 05:34:21","2019-08-16 05:51:00",NULL,NULL,"20"
"62693","43173","34525","25370","169245","Shipped","2022-06-27 23:51:10","2022-06-30 17:03:00",NULL,NULL,"20"
"63288","43575","34841","25738","170888","Shipped","2022-08-15 13:36:29","2022-08-17 13:03:00",NULL,NULL,"20"
"66147","45521","36388","6147","178616","Shipped","2020-07-09 06:58:09","2020-07-07 04:11:00",NULL,NULL,"20"
"66650","45852","36672","25433","179955","Shipped","2021-03-30 11:44:18","2021-03-31 05:55:00",NULL,NULL,"20"
"68322","47023","37616","8848","184457","Shipped","2021-10-20 23:07:40","2021-10-22 21:18:00",NULL,NULL,"20"
"69513","47865","38276","16302","187633","Shipped","2022-06-18 09:04:12","2022-06-19 19:07:00",NULL,NULL,"20"
"70494","48550","38832","10049","190316","Shipped","2022-02-08 17:32:19","2022-02-11 09:11:00",NULL,NULL,"20"
"71795","49452","39587","28066","193827","Shipped","2021-10-08 09:07:08","2021-10-09 07:55:00",NULL,NULL,"20"
"71975","49576","39688","10600","194305","Shipped","2020-01-29 23:25:06","2020-01-29 18:03:00",NULL,NULL,"20"
"72862","50192","40176","16294","196743","Shipped","2022-09-05 13:50:31.006211","2022-09-05 07:07:43.006211",NULL,NULL,"20"
"73139","50383","40335","6625","197483","Shipped","2021-09-21 10:54:45","2021-09-20 12:07:00",NULL,NULL,"20"
"73354","50529","40441","25304","198070","Shipped","2022-08-17 10:12:40","2022-08-17 20:04:00",NULL,NULL,"20"
"74054","51015","40822","16997","199953","Shipped","2022-08-23 15:15:52","2022-08-21 13:48:00",NULL,NULL,"20"
"74369","51236","40995","12411","200804","Shipped","2022-03-18 08:07:00","2022-03-18 17:12:00",NULL,NULL,"20"
"74835","51562","41264","16932","202043","Shipped","2022-08-12 11:48:38","2022-08-12 16:58:00",NULL,NULL,"20"
"75687","52157","41760","14066","204352","Shipped","2022-09-06 07:29:11.257806","2022-09-05 11:59:25.257806",NULL,NULL,"20"
"76103","52445","41976","25386","205507","Shipped","2021-05-08 02:08:44","2021-05-08 09:37:00",NULL,NULL,"20"
"76288","52578","42074","24682","206013","Shipped","2022-07-09 05:27:21","2022-07-10 13:43:00",NULL,NULL,"20"
"76311","52596","42089","28356","206077","Shipped","2021-12-17 12:18:51","2021-12-18 13:29:00",NULL,NULL,"20"
"76841","52981","42385","9076","207511","Shipped","2022-08-03 07:35:36","2022-08-05 21:41:00",NULL,NULL,"20"
"77290","53290","42637","16732","208662","Shipped","2019-12-18 03:43:15","2019-12-14 05:35:00",NULL,NULL,"20"
"78766","54308","43473","15250","212649","Shipped","2022-01-06 20:55:52","2022-01-08 23:26:00",NULL,NULL,"20"
"79038","54494","43609","24777","213397","Shipped","2022-07-18 05:24:02","2022-07-18 07:16:00",NULL,NULL,"20"
"79086","54526","43628","26439","213536","Shipped","2022-08-28 02:20:42","2022-08-27 03:33:00",NULL,NULL,"20"
"80438","55478","44359","16997","217214","Shipped","2022-04-02 16:26:36","2022-04-04 10:10:00",NULL,NULL,"20"
"81115","55948","44729","25561","219065","Shipped","2021-06-14 11:36:54","2021-06-17 11:22:00",NULL,NULL,"20"
"81199","56010","44775","16580","219287","Shipped","2022-03-31 01:10:01","2022-03-31 08:52:00",NULL,NULL,"20"
"81433","56176","44900","2637","219917","Shipped","2022-01-23 23:41:59","2022-01-25 18:25:00",NULL,NULL,"20"
"82445","56900","45501","12578","222632","Shipped","2021-12-23 09:10:30","2021-12-22 19:29:00",NULL,NULL,"20"
"82542","56975","45554","10884","222914","Shipped","2020-10-20 09:34:39","2020-10-19 21:33:00",NULL,NULL,"20"
"82680","57073","45623","10534","223297","Shipped","2022-06-29 12:44:20","2022-07-01 12:23:00",NULL,NULL,"20"
"83539","57690","46121","16997","225609","Shipped","2022-09-08 13:36:36.910064","2022-09-05 04:06:20.910064",NULL,NULL,"20"
"83870","57921","46307","6836","226531","Shipped","2022-02-19 12:49:35","2022-02-21 14:31:00",NULL,NULL,"20"
"84082","58078","46437","26439","227107","Shipped","2020-07-24 10:14:19","2020-07-24 19:11:00",NULL,NULL,"20"
"84398","58310","46638","10673","227948","Shipped","2022-03-13 11:59:30","2022-03-12 09:08:00",NULL,NULL,"20"
"84762","58556","46833","11642","228939","Shipped","2020-05-24 06:11:58","2020-05-20 11:12:00",NULL,NULL,"20"
"85041","58766","46981","18215","229702","Shipped","2021-07-07 09:36:27","2021-07-04 10:43:00",NULL,NULL,"20"
"87217","60265","48237","28356","235616","Shipped","2020-07-31 06:20:03","2020-08-01 01:59:00",NULL,NULL,"20"
"87266","60304","48263","15673","235754","Shipped","2021-07-29 11:31:57","2021-08-01 06:42:00",NULL,NULL,"20"
"87662","60576","48507","17011","236819","Shipped","2021-06-11 03:03:50","2021-06-12 08:25:00",NULL,NULL,"20"
"88496","61161","48981","16496","239070","Shipped","2020-11-04 15:15:18","2020-11-05 05:35:00",NULL,NULL,"20"
"89221","61672","49379","18173","241024","Shipped","2022-08-20 03:31:56","2022-08-20 10:25:00",NULL,NULL,"20"
"90012","62216","49798","16860","243157","Shipped","2022-08-29 13:17:04","2022-08-30 12:33:00",NULL,NULL,"20"
"91170","62997","50437","18215","246286","Shipped","2022-01-10 11:33:55","2022-01-10 23:44:00",NULL,NULL,"20"
"92612","63991","51225","16227","250138","Shipped","2022-03-20 22:09:18","2022-03-22 14:29:00",NULL,NULL,"20"
"92677","64037","51255","10597","250318","Shipped","2022-02-24 10:11:14","2022-02-25 14:50:00",NULL,NULL,"20"
"92983","64250","51422","10876","251142","Shipped","2022-09-02 04:45:30.347741","2022-09-04 08:16:43.347741",NULL,NULL,"20"
"93535","64626","51709","9076","252622","Shipped","2022-07-13 09:23:53","2022-07-16 05:51:00",NULL,NULL,"20"
"93721","64754","51825","25954","253127","Shipped","2022-09-01 23:39:17","2022-09-02 18:32:00",NULL,NULL,"20"
"93839","64838","51892","6253","253457","Shipped","2021-03-14 14:03:34","2021-03-17 03:06:00",NULL,NULL,"20"
"94070","64994","52006","25899","254088","Shipped","2022-07-24 14:49:37","2022-07-27 07:25:00",NULL,NULL,"20"
"94790","65482","52384","8852","256055","Shipped","2021-12-27 10:13:49","2021-12-30 07:18:00",NULL,NULL,"20"
"95650","66112","52871","24737","258382","Shipped","2020-01-01 11:05:37","2020-01-03 15:26:00",NULL,NULL,"20"
"95961","66321","53031","17011","259219","Shipped","2021-08-17 01:35:13","2021-08-15 12:22:00",NULL,NULL,"20"
"96889","66944","53503","23397","261701","Shipped","2021-08-09 17:04:39","2021-08-11 12:45:00",NULL,NULL,"20"
"97843","67617","54034","16620","264309","Shipped","2021-06-13 07:18:24","2021-06-14 21:59:00",NULL,NULL,"20"
"98060","67766","54141","25047","264906","Shipped","2021-11-13 13:38:07","2021-11-12 18:32:00",NULL,NULL,"20"
"98262","67903","54263","2779","265451","Shipped","2020-02-16 11:23:56","2020-02-17 19:23:00",NULL,NULL,"20"
"98981","68394","54682","16209","267382","Shipped","2021-02-14 09:52:46","2021-02-13 07:30:00",NULL,NULL,"20"
"99559","68805","55023","26150","268925","Shipped","2020-05-07 04:10:19","2020-05-09 03:37:00",NULL,NULL,"20"
"99922","69065","55223","11642","269899","Shipped","2022-09-01 11:22:42","2022-08-29 17:23:00",NULL,NULL,"20"
"100290","69315","55424","17783","270857","Shipped","2021-09-14 03:26:27","2021-09-12 05:48:00",NULL,NULL,"20"
"100340","69344","55447","659","270999","Shipped","2022-05-25 15:57:42","2022-05-24 03:00:00",NULL,NULL,"20"
"100446","69411","55507","18169","271278","Shipped","2022-01-06 01:04:13","2022-01-08 20:26:00",NULL,NULL,"20"
"100678","69572","55642","14619","271901","Shipped","2022-08-07 04:10:20","2022-08-05 13:44:00",NULL,NULL,"20"
"102289","70682","56518","26223","276290","Shipped","2021-07-05 22:40:25","2021-07-07 19:25:00",NULL,NULL,"20"
"103023","71182","56906","16732","278259","Shipped","2022-09-05 15:55:24","2022-09-04 17:50:00",NULL,NULL,"20"
"103072","71219","56931","24964","278397","Shipped","2021-01-31 16:05:50","2021-02-01 15:33:00",NULL,NULL,"20"
"103904","71809","57421","18173","280679","Shipped","2022-08-22 00:21:28","2022-08-24 01:26:00",NULL,NULL,"20"
"104010","71875","57473","16302","280958","Shipped","2022-09-01 13:05:29","2022-09-04 03:48:00",NULL,NULL,"20"
"104721","72362","57852","16209","282870","Shipped","2021-06-22 16:50:38","2021-06-23 18:58:00",NULL,NULL,"20"
"104947","72518","57982","17783","283485","Shipped","2020-07-17 05:05:23","2020-07-17 16:21:00",NULL,NULL,"20"
"106474","73579","58836","2637","287593","Shipped","2022-09-01 12:50:15","2022-09-01 22:10:00",NULL,NULL,"20"
"106689","73716","58952","25746","288176","Shipped","2022-08-28 06:53:27","2022-08-29 08:35:00",NULL,NULL,"20"
"109038","75322","60217","16686","294543","Shipped","2020-09-29 00:23:11","2020-09-30 19:26:00",NULL,NULL,"20"
"109180","75419","60300","10738","294910","Shipped","2022-08-05 10:55:06","2022-08-08 03:52:00",NULL,NULL,"20"
"109549","75678","60489","25433","295907","Shipped","2021-08-16 12:49:29","2021-08-17 18:35:00",NULL,NULL,"20"
"109654","75745","60555","9102","296197","Shipped","2021-04-30 03:50:52","2021-04-28 19:18:00",NULL,NULL,"20"
"110922","76632","61295","10597","299569","Shipped","2022-06-28 07:24:28","2022-06-30 21:15:00",NULL,NULL,"20"
"111249","76857","61490","16209","300440","Shipped","2022-06-09 09:13:16","2022-06-07 09:39:00",NULL,NULL,"20"
"111555","77068","61657","17783","301283","Shipped","2022-07-04 22:29:38","2022-07-05 17:02:00",NULL,NULL,"20"
"111641","77117","61696","16651","301512","Shipped","2022-06-22 07:00:23","2022-06-19 23:52:00",NULL,NULL,"20"
"111828","77251","61810","8997","302018","Shipped","2022-07-03 03:51:19","2022-07-05 06:41:00",NULL,NULL,"20"
"112191","77490","61989","8997","303029","Shipped","2022-03-21 09:32:56","2022-03-22 17:19:00",NULL,NULL,"20"
"112309","77574","62055","25746","303346","Shipped","2022-08-17 03:40:45","2022-08-17 06:48:00",NULL,NULL,"20"
"112732","77864","62282","28356","304484","Shipped","2020-12-18 14:07:24","2020-12-21 10:30:00",NULL,NULL,"20"
"112812","77918","62322","6503","304701","Shipped","2022-04-29 14:22:57","2022-04-29 01:58:00",NULL,NULL,"20"
"114353","78983","63171","26277","308857","Shipped","2022-08-04 12:24:42","2022-08-01 23:06:00",NULL,NULL,"20"
"114599","79151","63305","25576","309513","Shipped","2022-03-31 01:43:28","2022-04-02 00:01:00",NULL,NULL,"20"
"114859","79336","63464","16686","310236","Shipped","2022-08-20 15:03:18","2022-08-16 20:13:00",NULL,NULL,"20"
"114918","79374","63494","24964","310383","Shipped","2022-08-28 06:11:32","2022-08-30 01:12:00",NULL,NULL,"20"
"115183","79548","63647","15250","311099","Shipped","2021-12-22 12:37:20","2021-12-21 18:47:00",NULL,NULL,"20"
"115506","79779","63832","772","311947","Shipped","2021-03-13 12:43:45","2021-03-16 13:35:00",NULL,NULL,"20"
"116388","80372","64339","16294","314342","Shipped","2022-03-01 04:33:49","2022-03-02 15:24:00",NULL,NULL,"20"
"117272","80952","64826","18223","316693","Shipped","2021-05-31 17:23:18","2021-06-03 05:19:00",NULL,NULL,"20"
"118284","81654","65383","9483","319389","Shipped","2022-03-23 15:11:58","2022-03-24 02:37:00",NULL,NULL,"20"
"119694","82630","66148","10809","323153","Shipped","2020-07-23 00:26:31","2020-07-22 05:01:00",NULL,NULL,"20"
"121404","83789","67080","26102","327798","Shipped","2022-08-21 17:44:03","2022-08-21 16:41:00",NULL,NULL,"20"
"121487","83843","67123","10049","328028","Shipped","2021-08-24 16:27:09","2021-08-26 00:17:00",NULL,NULL,"20"
"122784","84706","67791","8997","331535","Shipped","2022-05-28 02:55:06","2022-05-30 00:25:00",NULL,NULL,"20"
"122861","84765","67840","9242","331751","Shipped","2020-09-01 14:15:50","2020-09-04 14:51:00",NULL,NULL,"20"
"123895","85471","68392","2640","334487","Shipped","2021-12-20 04:17:25","2021-12-22 20:26:00",NULL,NULL,"20"
"124378","85804","68672","24682","335761","Shipped","2022-05-21 02:07:56","2022-05-23 10:56:00",NULL,NULL,"20"
"124461","85861","68726","16732","335989","Shipped","2020-02-02 22:16:30","2020-02-03 09:56:00",NULL,NULL,"20"
"124977","86221","68988","2728","337411","Shipped","2022-08-21 12:21:10","2022-08-22 13:40:00",NULL,NULL,"20"
"125198","86371","69118","16932","338023","Shipped","2021-03-22 20:59:12","2021-03-25 09:45:00",NULL,NULL,"20"
"125826","86786","69444","28615","339701","Shipped","2021-09-06 01:17:08","2021-09-04 15:52:00",NULL,NULL,"20"
"126512","87270","69846","24737","341586","Shipped","2019-12-25 02:51:27","2019-12-22 20:18:00",NULL,NULL,"20"
"127261","87764","70270","24943","343573","Shipped","2022-07-31 17:53:51","2022-07-28 05:08:00",NULL,NULL,"20"
"128128","88368","70778","16580","345962","Shipped","2020-08-07 08:36:37","2020-08-08 07:40:00",NULL,NULL,"20"
"128188","88404","70804","24737","346123","Shipped","2021-06-12 00:32:14","2021-06-14 16:25:00",NULL,NULL,"20"
"128454","88600","70966","10049","346851","Shipped","2021-11-18 17:47:05","2021-11-19 21:47:00",NULL,NULL,"20"
"129046","88993","71299","6699","348446","Shipped","2021-10-12 10:56:01","2021-10-12 21:35:00",NULL,NULL,"20"
"129400","89239","71486","10534","349399","Shipped","2022-09-03 11:02:17","2022-09-05 07:36:00",NULL,NULL,"20"
"130712","90168","72209","27300","352934","Shipped","2022-01-02 23:26:55","2022-01-03 21:08:00",NULL,NULL,"20"
"130766","90204","72239","12411","353081","Shipped","2022-01-07 09:24:14","2022-01-07 22:34:00",NULL,NULL,"20"
"130891","90290","72312","25670","353412","Shipped","2021-05-16 10:13:28","2021-05-15 00:53:00",NULL,NULL,"20"
"130978","90352","72368","16496","353651","Shipped","2022-03-30 04:40:44","2022-03-31 12:53:00",NULL,NULL,"20"
"132924","91709","73460","16580","358935","Shipped","2020-01-10 04:55:26","2020-01-09 07:24:00",NULL,NULL,"20"
"133213","91923","73629","18048","359704","Shipped","2022-06-22 13:28:17","2022-06-21 16:47:00",NULL,NULL,"20"
"133660","92222","73863","2637","360914","Shipped","2020-11-19 21:51:02","2020-11-21 13:14:00",NULL,NULL,"20"
"135028","93154","74632","10047","364626","Shipped","2019-04-28 06:47:30","2019-04-30 02:46:00",NULL,NULL,"20"
"135076","93190","74660","8964","364758","Shipped","2021-10-13 17:00:42","2021-10-12 10:04:00",NULL,NULL,"20"
"135619","93590","74989","16302","366227","Shipped","2022-08-12 02:59:31","2022-08-12 21:17:00",NULL,NULL,"20"
"136099","93919","75270","16227","367524","Shipped","2021-05-15 00:45:36","2021-05-17 17:15:00",NULL,NULL,"20"
"136368","94110","75434","15942","368238","Shipped","2022-09-03 07:25:53","2022-09-05 02:04:00",NULL,NULL,"20"
"136942","94510","75752","26150","369794","Shipped","2021-12-25 13:35:31","2021-12-25 18:01:00",NULL,NULL,"20"
"137846","95122","76245","15250","372200","Shipped","2019-08-03 12:55:01","2019-08-03 19:05:00",NULL,NULL,"20"
"139542","96265","77209","25433","376813","Shipped","2021-05-04 03:50:12","2021-05-02 21:05:00",NULL,NULL,"20"
"139833","96461","77349","26809","377584","Shipped","2022-08-17 06:24:24","2022-08-16 04:09:00",NULL,NULL,"20"
"140082","96639","77499","18173","378250","Shipped","2021-07-02 23:28:51","2021-07-04 01:36:00",NULL,NULL,"20"
"141479","97592","78269","10282","382023","Shipped","2022-01-20 06:12:07","2022-01-20 11:47:00",NULL,NULL,"20"
"142338","98193","78737","2640","384330","Shipped","2022-04-06 03:48:37","2022-04-08 10:29:00",NULL,NULL,"20"
"143143","98766","79189","18048","386493","Shipped","2022-03-14 23:38:47","2022-03-15 01:44:00",NULL,NULL,"20"
"143519","99032","79409","24701","387504","Shipped","2022-07-03 06:33:36","2022-06-29 10:23:00",NULL,NULL,"20"
"143756","99191","79524","10047","388122","Shipped","2021-08-04 07:25:42","2021-08-06 12:26:00",NULL,NULL,"20"
"145137","100146","80307","6503","391894","Shipped","2022-03-05 17:34:44","2022-03-07 00:29:00",NULL,NULL,"20"
"146182","100867","80923","28522","394730","Shipped","2020-11-02 09:42:34","2020-10-31 23:56:00",NULL,NULL,"20"
"146521","101092","81111","14544","395652","Shipped","2021-04-22 12:15:28","2021-04-22 22:30:00",NULL,NULL,"20"
"147152","101525","81439","6836","397327","Shipped","2022-04-05 14:19:40","2022-04-07 13:46:00",NULL,NULL,"20"
"147439","101730","81594","10597","398099","Shipped","2019-11-08 00:22:28","2019-11-05 20:30:00",NULL,NULL,"20"
"147853","102028","81830","18223","399219","Shipped","2020-04-16 13:06:46","2020-04-15 22:35:00",NULL,NULL,"20"
"147873","102043","81846","15620","399267","Shipped","2022-03-01 06:37:30","2022-03-03 15:47:00",NULL,NULL,"20"
"148527","102482","82212","18173","401074","Shipped","2022-09-04 15:02:38","2022-09-06 00:23:00",NULL,NULL,"20"
"150895","104131","83532","16860","407545","Shipped","2022-07-06 07:32:53","2022-07-04 05:29:00",NULL,NULL,"20"
"151363","104433","83787","10049","408791","Shipped","2022-01-25 16:08:05","2022-01-27 18:10:00",NULL,NULL,"20"
"153918","106204","85191","2728","415636","Shipped","2021-08-15 23:17:48","2021-08-18 02:15:00",NULL,NULL,"20"
"154145","106357","85310","16294","416243","Shipped","2020-11-30 11:19:44","2020-11-30 21:18:00",NULL,NULL,"20"
"154297","106462","85392","6253","416646","Shipped","2019-05-01 22:53:37","2019-05-01 00:40:00",NULL,NULL,"20"
"154464","106580","85496","10534","417094","Shipped","2021-12-24 10:53:22","2021-12-25 22:47:00",NULL,NULL,"20"
"154655","106712","85613","2779","417620","Shipped","2022-01-27 02:18:03","2022-01-25 07:24:00",NULL,NULL,"20"
"154879","106868","85746","15620","418216","Shipped","2021-01-03 00:16:51","2021-01-05 13:25:00",NULL,NULL,"20"
"155758","107452","86212","28066","420566","Shipped","2022-04-23 15:06:14","2022-04-24 02:35:00",NULL,NULL,"20"
"155777","107467","86221","28522","420611","Shipped","2022-08-30 15:24:01","2022-08-27 15:25:00",NULL,NULL,"20"
"155840","107512","86249","10823","420766","Shipped","2022-07-21 04:12:51","2022-07-22 23:38:00",NULL,NULL,"20"
"155906","107555","86279","16456","420942","Shipped","2020-09-20 00:10:17","2020-09-21 19:58:00",NULL,NULL,"20"
"155916","107559","86284","16568","420974","Shipped","2021-06-11 12:12:14","2021-06-08 16:27:00",NULL,NULL,"20"
"156295","107811","86476","772","422010","Shipped","2021-08-07 02:27:13","2021-08-07 17:53:00",NULL,NULL,"20"
"156397","107883","86533","26713","422285","Shipped","2022-02-21 00:49:08","2022-02-19 10:25:00",NULL,NULL,"20"
"156444","107918","86566","2728","422403","Shipped","2022-06-06 09:39:55","2022-06-06 19:21:00",NULL,NULL,"20"
"158207","109119","87514","18559","427146","Shipped","2022-05-21 03:05:17","2022-05-22 15:36:00",NULL,NULL,"20"
"158248","109151","87539","16732","427255","Shipped","2021-08-13 23:38:38","2021-08-13 23:05:00",NULL,NULL,"20"
"159343","109925","88151","28356","430219","Shipped","2022-09-02 05:20:09","2022-09-01 07:39:00",NULL,NULL,"20"
"159402","109962","88182","12485","430378","Shipped","2022-08-28 01:17:28","2022-08-28 08:54:00",NULL,NULL,"20"
"159760","110215","88382","24501","431348","Shipped","2020-02-25 22:09:39","2020-02-22 09:15:00",NULL,NULL,"20"
"161073","111102","89071","2533","434881","Shipped","2022-02-26 11:11:58","2022-02-26 17:39:00",NULL,NULL,"20"
"162018","111740","89583","26033","437481","Shipped","2021-03-01 15:20:07","2021-03-01 09:44:00",NULL,NULL,"20"
"162849","112327","90077","11775","439744","Shipped","2022-04-10 09:45:43","2022-04-07 14:16:00",NULL,NULL,"20"
"165149","113892","91313","18223","446015","Shipped","2021-08-18 23:59:19","2021-08-19 16:38:00",NULL,NULL,"20"
"165380","114061","91447","16302","446665","Shipped","2021-09-25 06:02:39","2021-09-25 09:28:00",NULL,NULL,"20"
"165679","114266","91609","9483","447471","Shipped","2020-05-01 07:47:49","2020-05-01 06:07:00",NULL,NULL,"20"
"165702","114283","91620","28615","447526","Shipped","2022-07-22 01:13:53","2022-07-24 15:22:00",NULL,NULL,"20"
"166162","114599","91874","16227","448777","Shipped","2022-02-14 09:18:05","2022-02-15 07:27:00",NULL,NULL,"20"
"167182","115291","92408","16932","451518","Shipped","2022-05-30 22:26:10","2022-05-29 19:02:00",NULL,NULL,"20"
"167703","115648","92696","9483","452883","Shipped","2021-08-14 12:18:33","2021-08-11 16:55:00",NULL,NULL,"20"
"167908","115792","92828","16732","453423","Shipped","2020-12-10 22:21:34","2020-12-11 21:32:00",NULL,NULL,"20"
"168521","116219","93186","9483","455096","Shipped","2022-04-28 07:10:51","2022-04-28 20:40:00",NULL,NULL,"20"
"169167","116674","93549","16934","456824","Shipped","2022-06-24 06:42:04","2022-06-25 19:07:00",NULL,NULL,"20"
"169652","116991","93805","10597","458133","Shipped","2020-02-03 06:25:33","2020-02-04 01:08:00",NULL,NULL,"20"
"170275","117405","94154","18048","459838","Shipped","2022-02-20 00:11:41","2022-02-21 22:20:00",NULL,NULL,"20"
"170349","117455","94197","14066","460035","Shipped","2022-01-21 16:26:00","2022-01-24 02:38:00",NULL,NULL,"20"
"170747","117720","94410","16456","461140","Shipped","2021-09-09 13:43:32","2021-09-09 23:01:00",NULL,NULL,"20"
"170757","117727","94418","16620","461168","Shipped","2022-01-13 08:53:11","2022-01-13 15:41:00",NULL,NULL,"20"
"173129","119403","95723","18484","467607","Shipped","2021-02-01 10:10:52","2021-02-01 15:49:00",NULL,NULL,"20"
"173458","119631","95916","2728","468447","Shipped","2022-06-22 23:51:20","2022-06-21 16:25:00",NULL,NULL,"20"
"173993","120007","96232","24501","469850","Shipped","2022-07-04 00:45:55","2022-07-03 00:31:00",NULL,NULL,"20"
"174508","120359","96508","25386","471239","Shipped","2022-05-10 23:15:33","2022-05-10 14:40:00",NULL,NULL,"20"
"177133","122155","97950","16651","478405","Shipped","2022-02-05 08:51:28","2022-02-07 10:42:00",NULL,NULL,"20"
"177238","122227","98004","12578","478680","Shipped","2021-03-23 00:26:18","2021-03-21 11:24:00",NULL,NULL,"20"
"177577","122477","98237","10597","479579","Shipped","2020-10-04 15:15:04","2020-10-05 19:05:00",NULL,NULL,"20"
"177791","122621","98357","16382","480155","Shipped","2022-08-30 12:15:10","2022-09-02 12:48:00",NULL,NULL,"20"
"177959","122742","98452","16382","480600","Shipped","2022-04-05 04:41:25","2022-04-07 06:59:00",NULL,NULL,"20"
"178875","123379","98962","6147","483056","Shipped","2022-05-17 01:19:43","2022-05-14 03:40:00",NULL,NULL,"20"
"179605","123870","99357","15237","485031","Shipped","2020-10-22 10:24:29","2020-10-25 08:41:00",NULL,NULL,"20"
"141","106","85","16382","382","Complete","2022-03-13 18:15:28","2022-03-14 09:41:00","2022-03-15 03:03:00",NULL,"20"
"303","217","187","26033","796","Complete","2021-08-04 18:33:44","2021-08-05 08:57:00","2021-08-08 20:33:00",NULL,"20"
"2012","1391","1122","28786","5448","Complete","2022-05-07 02:12:20","2022-05-08 17:49:00","2022-05-12 14:25:00",NULL,"20"
"2774","1891","1534","2122","7512","Complete","2022-06-30 04:31:44","2022-06-27 15:34:00","2022-06-29 07:27:00",NULL,"20"
"2806","1913","1546","6147","7598","Complete","2021-04-26 07:48:36","2021-04-29 09:41:00","2021-04-29 21:09:00",NULL,"20"
"3917","2666","2152","16710","10600","Complete","2020-04-18 11:38:14","2020-04-16 18:04:00","2020-04-17 08:37:00",NULL,"20"
"3918","2667","2152","26223","10602","Complete","2020-10-02 11:06:44","2020-10-03 00:47:00","2020-10-07 20:54:00",NULL,"20"
"4673","3201","2611","14544","12666","Complete","2022-07-18 12:50:05","2022-07-21 01:21:00","2022-07-25 08:21:00",NULL,"20"
"5997","4081","3315","8964","16228","Complete","2020-08-10 02:12:23","2020-08-11 14:15:00","2020-08-12 22:57:00",NULL,"20"
"6612","4505","3650","14434","17899","Complete","2021-08-14 08:01:50","2021-08-14 23:38:00","2021-08-19 21:06:00",NULL,"20"
"7188","4910","3980","14854","19474","Complete","2022-07-02 23:56:16","2022-07-04 02:25:00","2022-07-06 21:16:00",NULL,"20"
"7475","5117","4152","6625","20252","Complete","2020-02-19 15:29:20","2020-02-21 04:58:00","2020-02-26 01:46:00",NULL,"20"
"7639","5233","4239","26277","20712","Complete","2022-08-12 10:38:25","2022-08-14 20:14:00","2022-08-18 08:06:00",NULL,"20"
"7732","5301","4292","17011","20975","Complete","2021-12-16 10:27:34","2021-12-17 03:45:00","2021-12-18 17:30:00",NULL,"20"
"7772","5328","4312","6625","21084","Complete","2022-02-01 12:48:54","2022-02-02 13:55:00","2022-02-06 22:46:00",NULL,"20"
"8555","5861","4742","18215","23214","Complete","2019-08-31 08:51:02","2019-09-02 03:00:00","2019-09-07 02:19:00",NULL,"20"
"8725","5987","4846","24943","23660","Complete","2020-12-28 03:03:04","2020-12-30 05:44:00","2020-12-30 13:43:00",NULL,"20"
"9168","6286","5094","15236","24855","Complete","2022-07-26 00:53:52","2022-07-27 11:32:00","2022-07-29 12:07:00",NULL,"20"
"9204","6313","5116","28969","24959","Complete","2022-01-15 05:09:22","2022-01-17 18:13:00","2022-01-21 01:50:00",NULL,"20"
"9788","6732","5453","8964","26551","Complete","2022-06-26 08:41:27","2022-06-24 15:42:00","2022-06-27 08:09:00",NULL,"20"
"10821","7436","6046","16651","29327","Complete","2022-04-29 23:44:20","2022-04-30 08:51:00","2022-05-03 17:39:00",NULL,"20"
"11002","7562","6141","28969","29819","Complete","2022-04-22 15:09:36","2022-04-23 03:11:00","2022-04-24 07:02:00",NULL,"20"
"12067","8330","6727","14619","32708","Complete","2021-04-02 16:57:09","2021-04-05 06:08:00","2021-04-08 01:38:00",NULL,"20"
"12634","8716","7038","25954","34233","Complete","2021-11-05 03:40:30","2021-11-03 04:39:00","2021-11-04 12:03:00",NULL,"20"
"12725","8785","7093","25467","34481","Complete","2021-07-16 00:32:59","2021-07-17 05:46:00","2021-07-18 01:50:00",NULL,"20"
"13276","9159","7384","24777","35965","Complete","2020-05-03 05:49:33","2020-05-06 00:41:00","2020-05-09 16:47:00",NULL,"20"
"15344","10539","8478","25467","41565","Complete","2022-03-14 12:05:15","2022-03-14 17:08:00","2022-03-18 17:21:00",NULL,"20"
"15804","10843","8710","28786","42791","Complete","2022-05-29 04:46:01","2022-05-28 23:51:00","2022-06-01 18:06:00",NULL,"20"
"16281","11193","8996","2637","44079","Complete","2019-10-19 15:38:40","2019-10-20 21:00:00","2019-10-23 12:19:00",NULL,"20"
"16875","11614","9349","27300","45712","Complete","2022-02-14 00:36:18","2022-02-14 12:17:00","2022-02-15 13:20:00",NULL,"20"
"17439","12001","9648","16686","47241","Complete","2020-12-22 13:54:00","2020-12-25 16:24:00","2020-12-25 16:58:00",NULL,"20"
"18732","12875","10335","10534","50708","Complete","2021-12-11 09:42:01","2021-12-12 10:38:00","2021-12-14 20:48:00",NULL,"20"
"20075","13803","11060","18512","54326","Complete","2021-09-15 14:41:15","2021-09-16 01:37:00","2021-09-19 06:17:00",NULL,"20"
"23262","16003","12783","24810","62869","Complete","2020-07-09 23:11:56","2020-07-10 21:08:00","2020-07-13 08:57:00",NULL,"20"
"23611","16250","13003","28786","63832","Complete","2020-09-12 22:48:39","2020-09-14 15:00:00","2020-09-18 05:24:00",NULL,"20"
"24289","16706","13355","11642","65644","Complete","2022-07-21 14:05:27","2022-07-18 20:07:00","2022-07-20 07:20:00",NULL,"20"
"24379","16772","13405","25954","65890","Complete","2021-12-22 16:58:07","2021-12-21 17:28:00","2021-12-22 19:18:00",NULL,"20"
"24565","16901","13503","16382","66390","Complete","2022-04-03 22:29:10","2022-04-04 17:17:00","2022-04-05 00:41:00",NULL,"20"
"26271","18095","14451","26439","71007","Complete","2021-03-21 15:27:39","2021-03-20 14:20:00","2021-03-21 16:07:00",NULL,"20"
"31428","21623","17293","24501","84949","Complete","2022-02-16 14:24:57","2022-02-18 07:40:00","2022-02-22 05:28:00",NULL,"20"
"32404","22301","17828","772","87550","Complete","2022-02-04 05:05:31","2022-02-04 11:29:00","2022-02-06 11:32:00",NULL,"20"
"141468","97585","78266","15405","381988","Shipped","2021-05-09 02:48:07","2021-05-07 21:07:00",NULL,NULL,"14"
"141767","97793","78411","13694","382784","Shipped","2020-05-11 06:29:32","2020-05-13 16:08:00",NULL,NULL,"14"
"142508","98317","78838","15865","384780","Shipped","2022-06-23 16:59:02","2022-06-23 20:43:00",NULL,NULL,"14"
"142792","98522","78988","8963","385542","Shipped","2022-06-28 04:31:44","2022-06-25 07:44:00",NULL,NULL,"14"
"142986","98661","79095","16815","386069","Shipped","2022-01-09 11:04:51","2022-01-11 23:34:00",NULL,NULL,"14"
"144818","99924","80129","14513","391018","Shipped","2022-03-27 04:32:14","2022-03-27 09:43:00",NULL,NULL,"14"
"146179","100865","80923","25784","394720","Shipped","2022-03-25 09:24:00","2022-03-26 03:05:00",NULL,NULL,"14"
"146390","101008","81037","11046","395296","Shipped","2021-01-03 07:00:26","2021-01-04 02:31:00",NULL,NULL,"14"
"146939","101372","81322","5411","396774","Shipped","2021-11-29 23:46:38","2021-11-29 13:03:00",NULL,NULL,"14"
"147315","101642","81523","9395","397767","Shipped","2021-11-28 02:16:58","2021-11-27 17:30:00",NULL,NULL,"14"
"148990","102814","82471","14276","402322","Shipped","2021-12-11 08:20:55","2021-12-08 07:26:00",NULL,NULL,"14"
"149967","103495","83017","24623","405002","Shipped","2022-07-30 22:43:45","2022-07-29 18:54:00",NULL,NULL,"14"
"151643","104619","83939","24547","409554","Shipped","2021-07-09 09:59:45","2021-07-10 17:29:00",NULL,NULL,"14"
"152492","105216","84420","15765","411831","Shipped","2021-07-08 03:43:04","2021-07-05 11:22:00",NULL,NULL,"14"
"153618","105983","85017","15807","414849","Shipped","2019-07-18 07:02:02","2019-07-16 04:16:00",NULL,NULL,"14"
"154396","106528","85452","11347","416901","Shipped","2022-02-14 12:03:40","2022-02-17 03:02:00",NULL,NULL,"14"
"155368","107192","86002","27308","419530","Shipped","2021-07-22 03:57:57","2021-07-24 05:31:00",NULL,NULL,"14"
"155588","107336","86125","25184","420120","Shipped","2022-08-22 07:12:16","2022-08-24 15:22:00",NULL,NULL,"14"
"155657","107378","86155","24673","420300","Shipped","2021-05-30 17:56:05","2021-05-30 20:18:00",NULL,NULL,"14"
"156078","107667","86376","25665","421411","Shipped","2021-03-03 22:03:29","2021-03-06 09:26:00",NULL,NULL,"14"
"157472","108609","87097","28650","425181","Shipped","2022-08-31 11:57:30","2022-09-01 00:55:00",NULL,NULL,"14"
"158455","109293","87660","9846","427819","Shipped","2021-01-06 22:43:42","2021-01-06 22:50:00",NULL,NULL,"14"
"158734","109489","87806","9699","428577","Shipped","2021-12-19 23:35:07","2021-12-19 10:26:00",NULL,NULL,"14"
"159907","110322","88473","24804","431754","Shipped","2022-05-06 02:11:06","2022-05-05 10:50:00",NULL,NULL,"14"
"162496","112076","89855","11399","438781","Shipped","2022-08-30 11:04:10","2022-08-30 22:45:00",NULL,NULL,"14"
"164815","113677","91133","24623","445107","Shipped","2022-07-20 06:21:11","2022-07-17 06:30:00",NULL,NULL,"14"
"168380","116121","93105","9067","454720","Shipped","2021-05-01 04:18:37","2021-04-29 20:43:00",NULL,NULL,"14"
"168952","116525","93418","9427","456251","Shipped","2022-04-14 05:54:38","2022-04-16 06:19:00",NULL,NULL,"14"
"170043","117254","94024","12249","459192","Shipped","2021-10-19 09:28:13","2021-10-21 11:16:00",NULL,NULL,"14"
"170173","117340","94096","12544","459563","Shipped","2020-05-01 12:37:02","2020-05-03 12:05:00",NULL,NULL,"14"
"171291","118090","94701","24942","462618","Shipped","2020-03-02 01:44:44","2020-03-03 11:58:00",NULL,NULL,"14"
"172506","118963","95374","11020","465910","Shipped","2022-07-28 06:16:49","2022-07-30 21:07:00",NULL,NULL,"14"
"172996","119307","95632","24472","467255","Shipped","2022-04-13 17:25:12","2022-04-13 04:07:00",NULL,NULL,"14"
"173393","119591","95882","9699","468279","Shipped","2022-07-13 01:28:54","2022-07-10 22:09:00",NULL,NULL,"14"
"173982","120002","96228","27308","469819","Shipped","2022-07-13 06:01:14","2022-07-13 00:21:00",NULL,NULL,"14"
"175699","121175","97168","24472","474506","Shipped","2022-01-29 06:46:34","2022-01-29 13:40:00",NULL,NULL,"14"
"176551","121758","97653","24623","476834","Shipped","2022-03-18 08:34:47","2022-03-19 06:21:00",NULL,NULL,"14"
"179624","123885","99368","2472","485082","Shipped","2021-04-29 12:49:44","2021-05-02 03:26:00",NULL,NULL,"14"
"180529","124497","99830","9199","487500","Shipped","2022-09-05 05:18:16","2022-09-04 06:36:00",NULL,NULL,"14"
"473","333","290","24623","1248","Complete","2022-02-01 02:22:30","2022-02-01 08:07:00","2022-02-01 08:46:00",NULL,"14"
"2273","1555","1257","24458","6154","Complete","2021-06-23 10:30:25","2021-06-26 09:36:00","2021-06-27 07:48:00",NULL,"14"
"3713","2518","2035","14276","10047","Complete","2022-07-06 06:38:02","2022-07-07 16:53:00","2022-07-08 07:52:00",NULL,"14"
"3951","2690","2165","24927","10689","Complete","2022-03-14 11:14:18","2022-03-17 06:32:00","2022-03-21 23:59:00",NULL,"14"
"7939","5443","4407","11399","21538","Complete","2022-03-11 08:14:06","2022-03-13 22:37:00","2022-03-16 07:51:00",NULL,"14"
"8920","6113","4944","25216","24192","Complete","2022-01-29 12:12:34","2022-01-30 08:24:00","2022-01-31 07:12:00",NULL,"14"
"9248","6342","5140","15928","25079","Complete","2021-03-27 15:21:13","2021-03-28 18:30:00","2021-04-01 03:03:00",NULL,"14"
"10733","7381","6005","14300","29084","Complete","2022-03-05 06:32:30","2022-03-06 02:36:00","2022-03-06 17:50:00",NULL,"14"
"13118","9058","7304","519","35532","Complete","2022-08-21 10:45:01","2022-08-21 21:30:00","2022-08-25 18:08:00",NULL,"14"
"14258","9814","7911","12230","38641","Complete","2020-12-04 01:46:26","2020-12-05 19:39:00","2020-12-06 00:59:00",NULL,"14"
"15247","10477","8439","24546","41293","Complete","2020-01-15 17:27:58","2020-01-12 13:14:00","2020-01-16 00:24:00",NULL,"14"
"15992","10984","8823","15574","43284","Complete","2021-07-23 06:21:02","2021-07-22 06:08:00","2021-07-23 12:47:00",NULL,"14"
"21110","14515","11610","12230","57100","Complete","2021-06-13 15:12:32","2021-06-11 19:03:00","2021-06-13 05:09:00",NULL,"14"
"21506","14789","11813","11347","58140","Complete","2022-07-14 05:37:15","2022-07-15 13:41:00","2022-07-15 23:08:00",NULL,"14"
"21935","15085","12049","11347","59288","Complete","2021-07-16 03:36:49","2021-07-18 06:00:00","2021-07-18 13:00:00",NULL,"14"
"23786","16376","13094","2060","64309","Complete","2021-04-15 16:52:50","2021-04-16 11:49:00","2021-04-20 02:42:00",NULL,"14"
"24930","17169","13720","18320","67385","Complete","2022-09-02 17:06:47.857908","2022-09-03 15:21:50.857908","2022-09-06 20:35:50.857908",NULL,"14"
"25266","17414","13907","25665","68275","Complete","2021-05-21 02:24:04","2021-05-22 03:03:00","2021-05-26 23:23:00",NULL,"14"
"25288","17426","13916","10329","68336","Complete","2021-12-19 02:14:59","2021-12-20 03:39:00","2021-12-23 01:25:00",NULL,"14"
"28179","19419","15531","24814","76169","Complete","2022-06-21 07:43:39","2022-06-23 07:06:00","2022-06-26 13:08:00",NULL,"14"
"28817","19837","15850","9199","77905","Complete","2022-07-24 13:01:53","2022-07-27 05:14:00","2022-07-31 21:21:00",NULL,"14"
"29919","20609","16486","24460","80882","Complete","2021-09-16 04:17:01","2021-09-17 22:32:00","2021-09-18 00:16:00",NULL,"14"
"32111","22098","17671","24458","86757","Complete","2022-08-24 06:20:49","2022-08-24 14:17:00","2022-08-25 16:46:00",NULL,"14"
"33166","22834","18223","14145","89592","Complete","2020-09-30 20:55:02","2020-10-03 22:24:00","2020-10-06 13:04:00",NULL,"14"
"34722","23900","19083","12546","93797","Complete","2021-10-21 05:14:24","2021-10-19 13:07:00","2021-10-19 22:56:00",NULL,"14"
"35099","24155","19281","12573","94820","Complete","2022-07-10 17:41:12","2022-07-12 03:54:00","2022-07-14 11:49:00",NULL,"14"
"35999","24784","19819","9699","97216","Complete","2021-09-16 11:02:19","2021-09-17 11:01:00","2021-09-18 05:15:00",NULL,"14"
"38870","26769","21383","25262","104938","Complete","2022-06-14 05:29:54","2022-06-16 09:32:00","2022-06-18 17:04:00",NULL,"14"
"41192","28330","22601","9032","111213","Complete","2022-02-13 05:27:08","2022-02-14 12:54:00","2022-02-19 05:12:00",NULL,"14"
"42924","29532","23552","25102","115917","Complete","2021-05-05 13:51:35","2021-05-07 18:55:00","2021-05-12 15:11:00",NULL,"14"
"43952","30236","24110","519","118709","Complete","2022-01-19 04:44:19","2022-01-19 02:50:00","2022-01-23 00:34:00",NULL,"14"
"44694","30764","24553","12573","120721","Complete","2022-07-25 03:04:45","2022-07-26 01:26:00","2022-07-28 00:07:00",NULL,"14"
"46740","32186","25706","24814","126195","Complete","2021-10-30 11:36:00","2021-11-01 21:07:00","2021-11-01 22:42:00",NULL,"14"
"47935","33028","26384","9488","129388","Complete","2020-11-14 17:09:46","2020-11-15 03:45:00","2020-11-16 23:08:00",NULL,"14"
"48752","33583","26817","25216","131566","Complete","2020-02-12 10:48:35","2020-02-13 13:00:00","2020-02-17 02:23:00",NULL,"14"
"49974","34415","27486","24804","134902","Complete","2022-05-14 11:22:18","2022-05-15 19:54:00","2022-05-19 22:13:00",NULL,"14"
"53805","37078","29616","12656","145217","Complete","2020-12-02 03:33:02","2020-12-04 16:02:00","2020-12-05 12:46:00",NULL,"14"
"54304","37419","29900","12253","146541","Complete","2022-04-14 05:39:06","2022-04-15 04:45:00","2022-04-16 09:25:00",NULL,"14"
"54834","37799","30191","14725","147977","Complete","2021-05-26 07:28:32","2021-05-28 14:08:00","2021-05-31 01:49:00",NULL,"14"
"56110","38678","30924","25102","151420","Complete","2022-07-14 06:17:19","2022-07-11 04:39:00","2022-07-13 08:33:00",NULL,"14"
"56136","38698","30939","24612","151485","Complete","2022-08-24 16:07:58","2022-08-24 19:42:00","2022-08-27 15:15:00",NULL,"14"
"59504","41004","32746","25709","160613","Complete","2021-03-19 00:25:45","2021-03-20 06:40:00","2021-03-23 03:35:00",NULL,"14"
"59763","41171","32893","24547","161331","Complete","2020-11-26 14:45:27","2020-11-25 10:49:00","2020-11-27 02:53:00",NULL,"14"
"60185","41453","33125","9358","162491","Complete","2022-09-03 09:00:12","2022-09-05 00:01:00","2022-09-09 22:34:00",NULL,"14"
"61969","42676","34121","15765","167287","Complete","2022-08-20 09:42:18","2022-08-17 23:24:00","2022-08-20 09:22:00",NULL,"14"
"62473","43021","34398","27308","168644","Complete","2021-02-19 16:01:44","2021-02-21 21:16:00","2021-02-23 10:23:00",NULL,"14"
"64223","44202","35351","11347","173375","Complete","2022-08-28 07:39:10","2022-08-29 19:18:00","2022-08-30 03:44:00",NULL,"14"
"64482","44380","35495","12230","174090","Complete","2020-08-09 12:01:04","2020-08-10 16:07:00","2020-08-11 15:08:00",NULL,"14"
"64983","44732","35775","26205","175484","Complete","2021-07-01 01:12:05","2021-07-02 15:00:00","2021-07-05 20:16:00",NULL,"14"
"66332","45647","36488","10329","179118","Complete","2020-07-26 08:00:36","2020-07-24 16:33:00","2020-07-26 04:50:00",NULL,"14"
"66459","45725","36559","14725","179456","Complete","2019-12-20 08:11:55","2019-12-22 06:21:00","2019-12-26 15:49:00",NULL,"14"
"67973","46769","37413","9112","183528","Complete","2021-10-04 00:41:51","2021-10-06 17:59:00","2021-10-08 15:14:00",NULL,"14"
"68169","46912","37524","15842","184051","Complete","2022-03-29 04:05:52","2022-03-26 07:34:00","2022-03-28 21:06:00",NULL,"14"
"69916","48133","38490","24459","188743","Complete","2022-09-03 06:12:37.361569","2022-09-06 08:11:58.361569","2022-09-10 06:38:58.361569",NULL,"14"
"71630","49328","39480","11020","193380","Complete","2020-06-04 08:43:28","2020-06-06 21:25:00","2020-06-07 13:41:00",NULL,"14"
"73871","50881","40703","24460","199453","Complete","2022-07-06 05:55:17","2022-07-08 12:54:00","2022-07-08 20:07:00",NULL,"14"
"75368","51936","41558","10294","203485","Complete","2019-04-08 15:43:03","2019-04-07 00:20:00","2019-04-10 00:18:00",NULL,"14"
"79274","54658","43722","24546","214040","Complete","2021-12-03 14:47:27","2021-12-04 22:05:00","2021-12-09 20:42:00",NULL,"14"
"79797","55034","44006","9846","215476","Complete","2020-12-15 09:54:05","2020-12-17 22:28:00","2020-12-20 01:49:00",NULL,"14"
"80082","55228","44173","5411","216230","Complete","2021-11-08 18:08:36","2021-11-07 19:38:00","2021-11-09 22:38:00",NULL,"14"
"80874","55771","44585","12230","218422","Complete","2022-06-22 06:58:28","2022-06-21 00:18:00","2022-06-21 05:38:00",NULL,"14"
"82330","56821","45440","5411","222322","Complete","2022-09-02 22:05:40","2022-09-04 15:58:00","2022-09-09 14:02:00",NULL,"14"
"82530","56965","45549","9016","222877","Complete","2022-09-05 02:50:05.26908","2022-09-06 20:18:05.26908","2022-09-10 22:26:05.26908",NULL,"14"
"82721","57102","45649","24804","223412","Complete","2022-05-04 21:31:22","2022-05-02 20:48:00","2022-05-04 07:20:00",NULL,"14"
"83309","57526","45989","24942","225003","Complete","2022-08-10 13:30:19","2022-08-09 14:22:00","2022-08-12 21:08:00",NULL,"14"
"83867","57918","46306","2472","226521","Complete","2019-11-13 14:43:05","2019-11-10 03:11:00","2019-11-10 22:51:00",NULL,"14"
"84164","58137","46478","24814","227325","Complete","2022-08-02 18:17:27","2022-07-31 14:33:00","2022-08-01 15:01:00",NULL,"14"
"84215","58173","46515","11379","227463","Complete","2020-12-03 12:30:07","2020-12-04 12:20:00","2020-12-05 06:50:00",NULL,"14"
"84296","58241","46573","24547","227672","Complete","2022-06-17 15:23:09","2022-06-17 20:33:00","2022-06-17 23:37:00",NULL,"14"
"87616","60542","48476","9199","236687","Complete","2022-02-09 11:41:55","2022-02-11 07:12:00","2022-02-14 04:22:00",NULL,"14"
"88346","61052","48879","8972","238664","Complete","2022-07-06 04:49:09","2022-07-06 16:29:00","2022-07-06 20:57:00",NULL,"14"
"88799","61383","49153","9846","239918","Complete","2022-03-27 22:47:24","2022-03-25 13:11:00","2022-03-27 21:51:00",NULL,"14"
"89279","61711","49411","13912","241185","Complete","2022-08-28 17:09:01","2022-08-29 03:22:00","2022-09-01 08:55:00",NULL,"14"
"91240","63044","50466","13694","246471","Complete","2020-02-20 17:30:34","2020-02-20 23:58:00","2020-02-23 02:26:00",NULL,"14"
"91445","63184","50589","24547","247018","Complete","2019-08-07 15:34:45","2019-08-09 15:21:00","2019-08-14 15:14:00",NULL,"14"
"93200","64406","51530","9237","251716","Complete","2019-10-10 15:39:31","2019-10-10 02:30:00","2019-10-14 03:25:00",NULL,"14"
"94682","65406","52331","9699","255768","Complete","2021-09-25 04:14:55","2021-09-26 08:08:00","2021-09-29 18:24:00",NULL,"14"
"95340","65897","52709","26423","257533","Complete","2022-09-05 12:02:06","2022-09-05 14:40:00","2022-09-07 12:58:00",NULL,"14"
"96680","66803","53398","24623","261141","Complete","2022-07-19 00:39:20","2022-07-20 14:30:00","2022-07-23 12:24:00",NULL,"14"
"97142","67124","53635","9427","262394","Complete","2022-03-16 11:52:32","2022-03-17 02:39:00","2022-03-20 17:58:00",NULL,"14"
"97716","67531","53967","9056","263970","Complete","2021-12-20 10:59:27","2021-12-16 11:36:00","2021-12-16 22:55:00",NULL,"14"
"97978","67711","54099","25102","264679","Complete","2020-07-17 05:14:26","2020-07-20 06:04:00","2020-07-22 11:58:00",NULL,"14"
"98475","68042","54389","24499","266025","Complete","2021-01-30 09:52:29","2021-01-30 18:01:00","2021-02-03 00:23:00",NULL,"14"
"99218","68561","54813","27308","268017","Complete","2019-07-04 07:04:24","2019-07-06 16:52:00","2019-07-11 11:02:00",NULL,"14"
"100442","69409","55505","9237","271269","Complete","2022-07-21 09:53:33","2022-07-22 00:05:00","2022-07-22 23:05:00",NULL,"14"
"105139","72657","58098","11399","283992","Complete","2021-10-22 01:31:42","2021-10-20 15:03:00","2021-10-25 00:42:00",NULL,"14"
"106806","73798","59012","25465","288486","Complete","2021-05-15 16:08:52","2021-05-16 18:20:00","2021-05-21 14:11:00",NULL,"14"
"106851","73831","59035","2523","288603","Complete","2020-03-26 09:36:16","2020-03-27 00:38:00","2020-03-29 01:11:00",NULL,"14"
"106957","73904","59100","25475","288887","Complete","2022-02-05 18:55:24","2022-02-05 19:05:00","2022-02-06 23:53:00",NULL,"14"
"107645","74369","59450","9262","290754","Complete","2022-07-11 21:44:55","2022-07-14 02:46:00","2022-07-18 00:02:00",NULL,"14"
"107739","74428","59500","10807","291009","Complete","2021-05-13 03:52:04","2021-05-10 20:50:00","2021-05-11 14:36:00",NULL,"14"
"107974","74589","59627","24472","291669","Complete","2022-09-07 16:37:10.256389","2022-09-06 15:02:23.256389","2022-09-09 21:05:23.256389",NULL,"14"
"109439","75598","60430","14725","295614","Complete","2019-11-29 14:16:10","2019-12-01 21:55:00","2019-12-06 11:54:00",NULL,"14"
"109679","75758","60563","25500","296267","Complete","2021-05-27 06:25:18","2021-05-28 21:21:00","2021-05-31 15:37:00",NULL,"14"
"113368","78317","62638","519","306201","Complete","2020-07-24 21:35:45","2020-07-24 02:55:00","2020-07-28 23:57:00",NULL,"14"
"113722","78562","62824","24472","307144","Complete","2022-03-28 08:33:14","2022-03-30 14:48:00","2022-04-04 00:25:00",NULL,"14"
"116131","80193","64190","25216","313647","Complete","2022-04-03 03:37:12","2022-04-01 14:11:00","2022-04-02 20:19:00",NULL,"14"
"117092","80845","64723","24814","316200","Complete","2021-05-28 13:56:09","2021-05-25 13:53:00","2021-05-27 16:33:00",NULL,"14"
"117363","81016","64883","28407","316926","Complete","2022-02-06 14:50:46","2022-02-05 20:15:00","2022-02-06 14:08:00",NULL,"14"
"118893","82082","65716","9056","321019","Complete","2022-08-09 01:46:10","2022-08-10 17:54:00","2022-08-14 22:59:00",NULL,"14"
"119116","82226","65839","9846","321614","Complete","2022-02-26 04:25:11","2022-02-23 15:07:00","2022-02-27 02:12:00",NULL,"14"
"121216","83653","66984","14513","327310","Complete","2020-03-07 13:48:29","2020-03-08 20:06:00","2020-03-10 06:33:00",NULL,"14"
"123741","85366","68314","15842","334074","Complete","2020-06-03 05:42:43","2020-06-03 10:01:00","2020-06-04 18:12:00",NULL,"14"
"123752","85372","68321","9067","334105","Complete","2021-11-02 23:07:00","2021-10-30 15:57:00","2021-10-31 22:25:00",NULL,"14"
"124731","86058","68875","9846","336735","Complete","2020-11-07 13:12:33","2020-11-04 16:34:00","2020-11-08 05:09:00",NULL,"14"
"127204","87720","70224","519","343436","Complete","2021-12-22 11:52:00","2021-12-21 12:41:00","2021-12-22 07:47:00",NULL,"14"
"129075","89007","71310","25709","348529","Complete","2022-08-19 14:59:13","2022-08-20 10:03:00","2022-08-22 07:52:00",NULL,"14"
"133888","92377","73998","26205","361527","Complete","2022-05-23 08:34:48","2022-05-20 21:46:00","2022-05-22 07:03:00",NULL,"14"
"134028","92470","74075","14276","361894","Complete","2022-02-16 11:39:20","2022-02-15 20:18:00","2022-02-20 10:36:00",NULL,"14"
"135100","93207","74670","24460","364831","Complete","2022-07-06 04:44:05","2022-07-08 21:48:00","2022-07-11 10:14:00",NULL,"14"
"135257","93328","74766","24460","365247","Complete","2020-09-28 08:59:31","2020-09-28 11:13:00","2020-09-30 07:18:00",NULL,"14"
"135265","93335","74771","14513","365270","Complete","2021-11-17 00:58:41","2021-11-17 02:46:00","2021-11-17 19:32:00",NULL,"14"
"135333","93380","74808","25184","365456","Complete","2022-07-27 03:12:43","2022-07-27 06:06:00","2022-07-29 23:21:00",NULL,"14"
"136857","94443","75694","15807","369562","Complete","2021-08-29 04:56:45","2021-08-31 20:48:00","2021-09-01 18:44:00",NULL,"14"
"136923","94496","75740","24970","369748","Complete","2021-08-04 08:11:39","2021-08-06 15:10:00","2021-08-10 03:36:00",NULL,"14"
"136973","94531","75766","25709","369873","Complete","2021-08-09 00:57:52","2021-08-10 12:53:00","2021-08-12 00:56:00",NULL,"14"
"139968","96553","77426","15842","377948","Complete","2021-06-19 09:42:27","2021-06-17 15:02:00","2021-06-20 12:59:00",NULL,"14"
"141988","97935","78532","25784","383371","Complete","2020-12-03 04:33:48","2020-12-04 21:46:00","2020-12-07 05:39:00",NULL,"14"
"142321","98180","78725","5411","384282","Complete","2021-05-30 03:22:42","2021-06-01 03:35:00","2021-06-05 13:18:00",NULL,"14"
"143357","98923","79316","10329","387065","Complete","2022-04-28 05:15:30","2022-04-28 12:29:00","2022-04-30 19:56:00",NULL,"14"
"145919","100688","80782","25665","394024","Complete","2021-12-17 23:41:54","2021-12-17 23:27:00","2021-12-20 02:45:00",NULL,"14"
"146585","101132","81147","8945","395832","Complete","2019-11-29 18:34:53","2019-11-27 23:42:00","2019-12-02 15:11:00",NULL,"14"
"146727","101226","81212","11347","396204","Complete","2020-02-11 02:40:39","2020-02-13 13:34:00","2020-02-16 09:55:00",NULL,"14"
"147150","101524","81437","9067","397322","Complete","2022-05-15 07:47:27","2022-05-13 04:04:00","2022-05-13 22:46:00",NULL,"14"
"150061","103553","83056","25170","405266","Complete","2022-02-15 06:34:37","2022-02-13 18:01:00","2022-02-18 03:48:00",NULL,"14"
"151970","104854","84142","25214","410431","Complete","2022-07-25 09:39:43","2022-07-26 23:48:00","2022-07-27 22:37:00",NULL,"14"
"153149","105653","84768","25500","413587","Complete","2022-08-25 09:46:26","2022-08-26 19:55:00","2022-08-28 13:38:00",NULL,"14"
"155037","106965","85821","15865","418645","Complete","2022-08-27 05:21:45","2022-08-29 09:30:00","2022-08-31 15:38:00",NULL,"14"
"156434","107909","86558","24472","422379","Complete","2022-09-05 05:23:55.533228","2022-09-07 15:49:22.533228","2022-09-07 21:24:22.533228",NULL,"14"
"157425","108578","87072","14282","425063","Complete","2021-04-28 14:00:20","2021-05-01 03:19:00","2021-05-04 14:49:00",NULL,"14"
"160297","110590","88677","24460","432815","Complete","2020-12-16 08:32:19","2020-12-18 00:53:00","2020-12-22 11:33:00",NULL,"14"
"162085","111779","89605","12544","437658","Complete","2022-05-05 13:17:24","2022-05-07 20:38:00","2022-05-09 04:08:00",NULL,"14"
"162458","112049","89835","24499","438675","Complete","2022-01-28 02:14:23","2022-01-31 03:25:00","2022-02-01 13:02:00",NULL,"14"
"166656","114927","92133","25465","450105","Complete","2022-06-23 11:57:52","2022-06-25 20:21:00","2022-06-29 09:27:00",NULL,"14"
"166952","115136","92279","11347","450907","Complete","2021-08-16 04:13:48","2021-08-17 03:41:00","2021-08-17 22:09:00",NULL,"14"
"168881","116472","93373","11347","456056","Complete","2022-09-03 07:52:07","2022-09-05 00:23:00","2022-09-05 04:54:00",NULL,"14"
"169178","116684","93555","10329","456853","Complete","2022-05-03 07:29:29","2022-05-02 23:46:00","2022-05-05 16:20:00",NULL,"14"
"169512","116902","93732","25784","457749","Complete","2021-07-03 02:23:42","2021-07-05 06:29:00","2021-07-09 14:45:00",NULL,"14"
"169971","117204","93975","9032","458998","Complete","2021-05-30 07:15:35","2021-05-29 19:00:00","2021-05-30 11:50:00",NULL,"14"
"170328","117442","94187","28407","459979","Complete","2022-03-07 15:19:07","2022-03-09 00:38:00","2022-03-12 13:46:00",NULL,"14"
"170527","117578","94299","11046","460516","Complete","2019-04-18 03:53:37","2019-04-18 09:17:00","2019-04-18 13:10:00",NULL,"14"
"171268","118074","94688","26205","462552","Complete","2021-07-15 13:37:59","2021-07-15 02:09:00","2021-07-18 21:27:00",NULL,"14"
"171981","118583","95067","15605","464489","Complete","2022-06-28 14:32:59","2022-06-30 16:30:00","2022-07-04 01:04:00",NULL,"14"
"172149","118708","95167","25784","464951","Complete","2021-04-06 00:55:08","2021-04-08 06:30:00","2021-04-11 02:15:00",NULL,"14"
"175268","120867","96899","9468","473322","Complete","2022-02-19 10:49:52","2022-02-19 19:17:00","2022-02-24 12:53:00",NULL,"14"
"175289","120882","96912","24934","473376","Complete","2021-02-03 08:41:59","2021-02-01 17:32:00","2021-02-02 06:23:00",NULL,"14"
"176183","121505","97447","24814","475826","Complete","2020-05-06 11:52:36","2020-05-08 09:12:00","2020-05-11 04:13:00",NULL,"14"
"176205","121521","97460","24623","475882","Complete","2020-07-08 10:37:52","2020-07-11 08:57:00","2020-07-16 06:48:00",NULL,"14"
"176271","121563","97493","10294","476067","Complete","2022-03-01 22:54:51","2022-03-03 18:02:00","2022-03-05 02:57:00",NULL,"14"
"177399","122343","98117","519","479111","Complete","2022-05-14 00:20:22","2022-05-15 05:54:00","2022-05-15 06:56:00",NULL,"14"
"178026","122785","98484","12546","480782","Complete","2022-05-15 06:05:36","2022-05-15 18:14:00","2022-05-20 07:36:00",NULL,"14"
"180095","124204","99622","12249","486353","Complete","2022-08-29 13:03:22","2022-08-29 17:22:00","2022-08-31 20:30:00",NULL,"14"
"3067","2086","1676","24927","8292","Returned","2022-07-24 08:12:24","2022-07-24 10:32:00","2022-07-25 18:50:00","2022-07-27 05:28:00","14"
"10941","7518","6109","8956","29658","Returned","2022-06-22 01:34:23","2022-06-22 06:25:00","2022-06-25 02:04:00","2022-06-26 04:41:00","14"
"15349","10542","8479","25214","41577","Returned","2021-07-06 14:51:57","2021-07-06 06:01:00","2021-07-06 18:16:00","2021-07-07 07:12:00","14"
"21428","14742","11781","24499","57924","Returned","2021-09-27 08:09:04","2021-09-30 11:12:00","2021-10-02 08:30:00","2021-10-03 17:39:00","14"
"22554","15511","12395","24673","60962","Returned","2022-06-26 07:49:37","2022-06-27 06:54:00","2022-06-29 07:18:00","2022-06-30 17:10:00","14"
"24397","16786","13411","11399","65938","Returned","2021-05-31 04:55:29","2021-06-03 02:29:00","2021-06-05 13:01:00","2021-06-06 15:35:00","14"
"29128","20051","16021","25184","78744","Returned","2021-02-24 00:42:30","2021-02-24 15:21:00","2021-02-25 15:15:00","2021-02-27 07:47:00","14"
"36789","25319","20239","15765","99307","Returned","2021-07-03 23:53:25","2021-07-05 11:48:00","2021-07-08 13:51:00","2021-07-11 11:26:00","14"
"40246","27700","22129","9846","108639","Returned","2021-12-05 00:27:22","2021-12-07 10:41:00","2021-12-09 17:08:00","2021-12-10 21:17:00","14"
"42164","29009","23135","9468","113826","Returned","2022-07-21 00:51:05","2022-07-20 18:51:00","2022-07-21 16:56:00","2022-07-22 16:37:00","14"
"50041","34464","27525","11020","135079","Returned","2021-01-01 09:26:50","2021-01-03 03:06:00","2021-01-06 13:46:00","2021-01-07 13:44:00","14"
"53673","36982","29543","8945","144842","Returned","2022-04-17 11:24:05","2022-04-17 17:46:00","2022-04-20 18:02:00","2022-04-23 00:45:00","14"
"55335","38143","30476","25465","149296","Returned","2020-08-09 04:35:41","2020-08-10 23:53:00","2020-08-12 21:55:00","2020-08-14 16:20:00","14"
"55442","38210","30533","15574","149592","Returned","2022-01-03 15:21:24","2022-01-03 21:29:00","2022-01-05 04:37:00","2022-01-07 13:52:00","14"
"56360","38848","31059","8956","152108","Returned","2021-08-27 00:29:10","2021-08-25 13:06:00","2021-08-27 19:33:00","2021-08-29 12:47:00","14"
"56795","39146","31294","2472","153296","Returned","2021-08-05 01:14:59","2021-08-02 11:10:00","2021-08-02 19:37:00","2021-08-05 05:23:00","14"
"67279","46295","37020","25784","181676","Returned","2022-02-23 15:19:56","2022-02-23 23:55:00","2022-02-26 09:49:00","2022-03-01 06:54:00","14"
"68202","46935","37539","25170","184141","Returned","2021-02-06 00:44:57","2021-02-07 14:53:00","2021-02-12 08:36:00","2021-02-13 19:05:00","14"
"70646","48650","38918","25216","190729","Returned","2022-03-19 08:36:57","2022-03-20 21:50:00","2022-03-23 16:02:00","2022-03-24 06:17:00","14"
"71342","49124","39314","10294","192615","Returned","2019-05-13 00:14:41","2019-05-14 09:03:00","2019-05-19 04:05:00","2019-05-21 14:59:00","14"
"78734","54285","43455","25475","212559","Returned","2021-12-15 22:44:58","2021-12-16 16:33:00","2021-12-21 11:28:00","2021-12-22 03:00:00","14"
"80423","55470","44351","25475","217173","Returned","2021-08-13 18:24:45","2021-08-11 12:02:00","2021-08-15 02:12:00","2021-08-15 15:52:00","14"
"81931","56526","45184","14276","221250","Returned","2022-05-25 12:43:05","2022-05-27 02:23:00","2022-05-27 15:47:00","2022-05-30 13:22:00","14"
"84075","58072","46433","10807","227084","Returned","2022-09-07 05:46:45.152292","2022-09-06 16:28:29.152292","2022-09-11 10:54:29.152292","2022-09-13 21:40:29.152292","14"
"84462","58350","46675","8946","228117","Returned","2022-03-07 02:45:34","2022-03-08 16:23:00","2022-03-09 08:51:00","2022-03-10 20:54:00","14"
"85360","58986","47155","10678","230563","Returned","2019-09-17 15:54:28","2019-09-16 10:56:00","2019-09-17 11:17:00","2019-09-19 21:54:00","14"
"87722","60626","48541","12253","236975","Returned","2022-02-05 10:56:41","2022-02-07 22:17:00","2022-02-11 15:08:00","2022-02-13 12:05:00","14"
"88008","60828","48692","12249","237751","Returned","2022-03-09 06:34:36","2022-03-05 15:41:00","2022-03-07 00:05:00","2022-03-07 21:22:00","14"
"92915","64203","51380","26205","250962","Returned","2021-08-09 09:19:36","2021-08-10 03:07:00","2021-08-12 06:30:00","2021-08-15 00:54:00","14"
"104143","71969","57542","12230","281318","Returned","2022-08-08 00:28:59","2022-08-08 10:49:00","2022-08-10 18:53:00","2022-08-13 09:27:00","14"
"112581","77760","62196","24460","304068","Returned","2021-08-27 06:25:30","2021-08-27 14:00:00","2021-08-27 15:53:00","2021-08-28 05:14:00","14"
"112808","77916","62320","12346","304690","Returned","2021-06-19 14:34:09","2021-06-18 05:43:00","2021-06-22 22:07:00","2021-06-24 02:34:00","14"
"114425","79036","63218","3066","309061","Returned","2021-12-30 13:44:39","2021-12-31 16:47:00","2022-01-04 07:04:00","2022-01-06 04:49:00","14"
"116599","80504","64451","25184","314914","Returned","2022-03-28 07:47:49","2022-03-28 13:59:00","2022-03-29 01:29:00","2022-03-29 22:36:00","14"
"119024","82167","65790","2472","321362","Returned","2022-08-09 04:30:07","2022-08-08 18:18:00","2022-08-08 20:29:00","2022-08-10 17:05:00","14"
"121206","83645","66977","24459","327284","Returned","2022-08-02 09:52:27","2022-08-03 15:26:00","2022-08-06 08:28:00","2022-08-07 17:39:00","14"
"122654","84621","67731","8956","331177","Returned","2022-03-07 02:25:33","2022-03-09 17:09:00","2022-03-14 01:03:00","2022-03-16 04:26:00","14"
"122800","84722","67803","14291","331584","Returned","2022-04-20 09:47:44","2022-04-22 12:18:00","2022-04-23 10:54:00","2022-04-24 17:45:00","14"
"128111","88357","70767","25102","345912","Returned","2021-06-04 15:40:43","2021-06-06 13:54:00","2021-06-07 01:34:00","2021-06-08 18:50:00","14"
"129976","89645","71806","25214","350945","Returned","2022-05-16 09:43:20","2022-05-18 01:55:00","2022-05-20 17:52:00","2022-05-23 03:22:00","14"
"137428","94821","76007","14282","371073","Returned","2022-01-25 15:23:39","2022-01-26 15:13:00","2022-01-28 18:44:00","2022-01-31 07:02:00","14"
"137658","94992","76140","24459","371688","Returned","2020-12-30 06:31:51","2021-01-01 08:25:00","2021-01-05 05:20:00","2021-01-05 05:57:00","14"
"139184","96039","77008","12346","375857","Returned","2020-08-31 17:27:45","2020-09-01 21:52:00","2020-09-05 11:54:00","2020-09-07 16:34:00","14"
"143331","98901","79301","24460","386999","Returned","2022-07-18 04:07:27","2022-07-16 23:43:00","2022-07-20 06:14:00","2022-07-22 13:53:00","14"
"145447","100350","80466","25214","392746","Returned","2022-09-05 06:44:10.098947","2022-09-05 11:11:37.098947","2022-09-06 02:25:37.098947","2022-09-07 00:29:37.098947","14"
"152864","105468","84611","24970","412812","Returned","2022-09-03 22:12:49","2022-09-03 16:55:00","2022-09-05 11:56:00","2022-09-05 18:10:00","14"
"155357","107185","85996","24970","419503","Returned","2021-10-05 14:55:13","2021-10-06 20:19:00","2021-10-09 00:51:00","2021-10-10 09:30:00","14"
"159681","110160","88340","9016","431144","Returned","2021-12-08 09:37:00","2021-12-09 09:51:00","2021-12-12 15:58:00","2021-12-15 06:03:00","14"
"163288","112629","90307","10329","440908","Returned","2022-06-02 13:51:56","2022-06-05 08:17:00","2022-06-09 19:16:00","2022-06-11 02:48:00","14"
"163836","113013","90627","15928","442406","Returned","2021-10-02 03:30:28","2021-10-04 19:03:00","2021-10-06 21:48:00","2021-10-07 17:23:00","14"
"168626","116288","93239","11046","455379","Returned","2021-03-15 03:44:55","2021-03-16 14:24:00","2021-03-17 20:26:00","2021-03-19 16:39:00","14"
"169169","116676","93551","25184","456828","Returned","2021-02-17 06:09:49","2021-02-19 16:42:00","2021-02-21 06:10:00","2021-02-23 09:02:00","14"
"170132","117313","94073","25475","459447","Returned","2021-07-22 02:56:31","2021-07-23 00:01:00","2021-07-27 12:23:00","2021-07-29 18:29:00","14"
"173357","119567","95862","25500","468190","Returned","2020-07-04 04:28:16","2020-07-04 16:55:00","2020-07-07 13:48:00","2020-07-08 18:44:00","14"
"175154","120785","96837","2523","473018","Returned","2021-04-26 14:37:44","2021-04-26 17:05:00","2021-04-28 15:51:00","2021-04-29 04:38:00","14"
"176386","121641","97558","12573","476369","Returned","2022-07-21 00:48:37","2022-07-18 20:22:00","2022-07-19 15:46:00","2022-07-20 14:31:00","14"
"177316","122286","98056","24804","478883","Returned","2021-12-07 11:10:43","2021-12-10 05:30:00","2021-12-12 15:43:00","2021-12-14 13:01:00","14"
"42","33","25","14282","122","Cancelled","2022-03-24 05:20:32",NULL,NULL,NULL,"14"
"534","383","332","13912","1410","Cancelled","2022-03-20 01:57:08",NULL,NULL,NULL,"14"
"3204","2176","1744","9067","8666","Cancelled","2022-06-27 04:08:14",NULL,NULL,NULL,"14"
"3424","2315","1859","25102","9258","Cancelled","2021-08-15 15:08:52",NULL,NULL,NULL,"14"
"5674","3866","3148","14145","15357","Cancelled","2021-04-11 23:47:46",NULL,NULL,NULL,"14"
"7988","5480","4434","24970","21668","Cancelled","2021-08-21 06:21:19",NULL,NULL,NULL,"14"
"9400","6462","5247","2523","25493","Cancelled","2021-10-21 04:58:22",NULL,NULL,NULL,"14"
"12888","8894","7179","10263","34916","Cancelled","2022-02-03 14:52:43",NULL,NULL,NULL,"14"
"14560","10020","8061","8946","39445","Cancelled","2022-07-03 05:39:36",NULL,NULL,NULL,"14"
"18241","12536","10066","15574","49402","Cancelled","2021-11-27 01:35:10",NULL,NULL,NULL,"14"
"19572","13452","10794","15928","52961","Cancelled","2019-03-15 15:35:45",NULL,NULL,NULL,"14"
"21356","14687","11731","25709","57743","Cancelled","2022-06-28 01:22:56",NULL,NULL,NULL,"14"
"28693","19757","15793","15865","77549","Cancelled","2022-06-24 07:27:28",NULL,NULL,NULL,"14"
"28843","19854","15862","11379","77974","Cancelled","2020-01-05 07:52:26",NULL,NULL,NULL,"14"
"31906","21958","17565","12249","86219","Cancelled","2021-05-14 00:58:43",NULL,NULL,NULL,"14"
"34294","23607","18838","8972","92647","Cancelled","2021-06-19 04:11:51",NULL,NULL,NULL,"14"
"34518","23768","18969","9488","93250","Cancelled","2019-12-30 05:23:04",NULL,NULL,NULL,"14"
"42086","28953","23095","24460","113610","Cancelled","2022-08-26 06:14:09",NULL,NULL,NULL,"14"
"45128","31079","24809","28407","121875","Cancelled","2022-09-03 01:28:44.611582",NULL,NULL,NULL,"14"
"45464","31304","24982","14725","122773","Cancelled","2022-07-12 10:32:55",NULL,NULL,NULL,"14"
"51333","35383","28258","3066","138548","Cancelled","2022-06-20 07:00:42",NULL,NULL,NULL,"14"
"51762","35669","28500","26423","139722","Cancelled","2022-04-21 14:03:58",NULL,NULL,NULL,"14"
"58081","40029","31982","3066","156743","Cancelled","2021-11-14 11:20:57",NULL,NULL,NULL,"14"
"58256","40160","32082","26205","157212","Cancelled","2021-12-06 00:50:26",NULL,NULL,NULL,"14"
"58319","40207","32120","10263","157389","Cancelled","2020-07-07 07:07:03",NULL,NULL,NULL,"14"
"58983","40648","32468","24460","159186","Cancelled","2022-06-04 23:38:58",NULL,NULL,NULL,"14"
"59122","40747","32541","9468","159549","Cancelled","2020-10-11 05:14:21",NULL,NULL,NULL,"14"
"60757","41846","33446","10807","164030","Cancelled","2021-12-27 02:31:15",NULL,NULL,NULL,"14"
"61764","42533","34016","25262","166737","Cancelled","2022-06-03 07:42:02",NULL,NULL,NULL,"14"
"63410","43658","34918","25665","171211","Cancelled","2022-06-16 22:40:33",NULL,NULL,NULL,"14"
"66005","45435","36326","25500","178232","Cancelled","2021-10-29 14:58:19",NULL,NULL,NULL,"14"
"66997","46090","36858","9112","180904","Cancelled","2022-01-11 07:47:31",NULL,NULL,NULL,"14"
"70986","48871","39101","12253","191641","Cancelled","2022-03-23 09:45:30",NULL,NULL,NULL,"14"
"71540","49261","39424","2060","193150","Cancelled","2022-06-03 15:02:48",NULL,NULL,NULL,"14"
"72256","49763","39827","9358","195068","Cancelled","2022-02-15 16:14:27",NULL,NULL,NULL,"14"
"73518","50636","40518","12249","198511","Cancelled","2021-08-16 07:22:46",NULL,NULL,NULL,"14"
"74168","51093","40900","15765","200271","Cancelled","2022-06-02 11:30:04",NULL,NULL,NULL,"14"
"74425","51279","41025","28650","200957","Cancelled","2022-06-12 05:09:33",NULL,NULL,NULL,"14"
"74925","51625","41311","9427","202295","Cancelled","2022-03-26 04:10:07",NULL,NULL,NULL,"14"
"76362","52629","42112","24546","206202","Cancelled","2022-06-02 21:47:13",NULL,NULL,NULL,"14"
"76400","52661","42133","15574","206305","Cancelled","2022-06-09 14:01:22",NULL,NULL,NULL,"14"
"77154","53195","42562","24612","208317","Cancelled","2020-08-29 07:58:04",NULL,NULL,NULL,"14"
"78539","54147","43341","15574","212023","Cancelled","2021-09-30 23:25:15",NULL,NULL,NULL,"14"
"79530","54849","43862","18320","214742","Cancelled","2022-08-10 17:45:16",NULL,NULL,NULL,"14"
"79956","55136","44101","9032","215906","Cancelled","2022-09-03 10:03:28.07537",NULL,NULL,NULL,"14"
"89433","61811","49487","9032","241582","Cancelled","2022-08-20 04:41:05",NULL,NULL,NULL,"14"
"91058","62926","50389","24612","245977","Cancelled","2022-07-13 03:27:36",NULL,NULL,NULL,"14"
"95073","65698","52560","2060","256814","Cancelled","2022-08-26 15:38:51",NULL,NULL,NULL,"14"
"96285","66542","53197","15765","260088","Cancelled","2020-03-02 16:16:05",NULL,NULL,NULL,"14"
"96836","66906","53475","25500","261557","Cancelled","2021-03-25 22:32:41",NULL,NULL,NULL,"14"
"97097","67099","53612","9427","262275","Cancelled","2022-07-04 03:40:43",NULL,NULL,NULL,"14"
"97414","67326","53796","9846","263126","Cancelled","2021-03-17 12:26:10",NULL,NULL,NULL,"14"
"98388","67985","54339","10294","265785","Cancelled","2022-05-29 01:05:39",NULL,NULL,NULL,"14"
"99754","68952","55130","15574","269440","Cancelled","2020-09-18 12:13:03",NULL,NULL,NULL,"14"
"101774","70328","56233","25784","274863","Cancelled","2021-11-27 14:23:46",NULL,NULL,NULL,"14"
"104265","72044","57596","12346","281641","Cancelled","2022-07-16 01:42:36",NULL,NULL,NULL,"14"
"105879","73169","58530","12346","286002","Cancelled","2019-04-14 11:42:41",NULL,NULL,NULL,"14"
"106339","73484","58767","24934","287231","Cancelled","2022-07-31 03:48:51",NULL,NULL,NULL,"14"
"106867","73843","59045","10494","288649","Cancelled","2021-10-14 06:07:38",NULL,NULL,NULL,"14"
"107787","74464","59530","15405","291148","Cancelled","2020-09-16 06:11:39",NULL,NULL,NULL,"14"
"109880","75892","60678","9358","296792","Cancelled","2022-04-07 23:26:06",NULL,NULL,NULL,"14"
"113350","78304","62627","12546","306154","Cancelled","2021-10-17 07:32:15",NULL,NULL,NULL,"14"
"116689","80557","64498","9395","315160","Cancelled","2022-04-15 05:12:36",NULL,NULL,NULL,"14"
"118649","81903","65574","24472","320373","Cancelled","2022-05-05 12:53:25",NULL,NULL,NULL,"14"
"122595","84581","67700","24546","331013","Cancelled","2022-05-03 00:16:42",NULL,NULL,NULL,"14"
"128520","88635","70996","26423","347025","Cancelled","2019-11-18 01:52:40",NULL,NULL,NULL,"14"
"129101","89030","71325","12249","348598","Cancelled","2022-05-26 23:52:22",NULL,NULL,NULL,"14"
"136054","93886","75248","14282","367400","Cancelled","2022-05-24 04:33:35",NULL,NULL,NULL,"14"
"136066","93895","75254","25170","367432","Cancelled","2022-07-20 12:17:33",NULL,NULL,NULL,"14"
"138680","95696","76723","25784","374472","Cancelled","2022-07-17 02:39:52",NULL,NULL,NULL,"14"
"139638","96328","77256","2060","377062","Cancelled","2022-02-24 09:34:54",NULL,NULL,NULL,"14"
"140822","97136","77904","13912","380224","Cancelled","2022-08-11 06:11:08",NULL,NULL,NULL,"14"
"140997","97255","77999","12346","380689","Cancelled","2019-08-19 17:11:45",NULL,NULL,NULL,"14"
"141083","97308","78038","25184","380930","Cancelled","2020-10-26 12:47:23",NULL,NULL,NULL,"14"
"143394","98949","79336","24814","387160","Cancelled","2020-11-18 09:39:34",NULL,NULL,NULL,"14"
"145237","100205","80349","26205","392166","Cancelled","2021-04-18 17:29:30",NULL,NULL,NULL,"14"
"154141","106354","85308","2060","416235","Cancelled","2022-07-31 12:19:39",NULL,NULL,NULL,"14"
"155737","107435","86195","11379","420510","Cancelled","2022-07-22 16:21:16",NULL,NULL,NULL,"14"
"159212","109833","88084","8956","429869","Cancelled","2021-11-23 13:15:56",NULL,NULL,NULL,"14"
"159905","110320","88470","26205","431749","Cancelled","2022-08-09 03:51:06",NULL,NULL,NULL,"14"
"161903","111669","89529","25214","437165","Cancelled","2021-08-26 03:16:10",NULL,NULL,NULL,"14"
"162983","112424","90155","24814","440103","Cancelled","2022-06-03 09:41:10",NULL,NULL,NULL,"14"
"166398","114751","91992","15765","449417","Cancelled","2021-04-08 14:10:24",NULL,NULL,NULL,"14"
"166586","114877","92096","24458","449919","Cancelled","2020-09-29 08:18:05",NULL,NULL,NULL,"14"
"171054","117932","94576","5411","461978","Cancelled","2020-09-11 07:30:04",NULL,NULL,NULL,"14"
"171672","118364","94913","25709","463631","Cancelled","2022-03-24 11:37:28",NULL,NULL,NULL,"14"
"174070","120058","96277","24970","470061","Cancelled","2022-03-01 08:29:58",NULL,NULL,NULL,"14"
"176035","121400","97366","9262","475414","Cancelled","2022-07-09 04:04:22",NULL,NULL,NULL,"14"
"176364","121629","97549","13912","476309","Cancelled","2022-06-10 23:36:51",NULL,NULL,NULL,"14"
"1970","1366","1099","24814","5340","Processing","2020-12-29 01:21:00",NULL,NULL,NULL,"14"
"3025","2059","1660","11399","8180","Processing","2022-04-27 10:11:03",NULL,NULL,NULL,"14"
"4838","3304","2690","12546","13108","Processing","2022-08-08 07:48:37",NULL,NULL,NULL,"14"
"5431","3708","3028","16815","14714","Processing","2022-05-12 07:14:57",NULL,NULL,NULL,"14"
"5581","3806","3106","25475","15112","Processing","2021-07-10 17:23:50",NULL,NULL,NULL,"14"
"5828","3964","3213","9468","15773","Processing","2022-05-21 06:17:40",NULL,NULL,NULL,"14"
"6477","4416","3582","9032","17535","Processing","2022-09-04 04:40:50.630766",NULL,NULL,NULL,"14"
"7124","4854","3934","25216","19293","Processing","2021-10-04 03:05:50",NULL,NULL,NULL,"14"
"13227","9130","7361","8956","35835","Processing","2021-02-18 03:04:14",NULL,NULL,NULL,"14"
"14222","9786","7887","8999","38542","Processing","2022-08-29 10:18:46",NULL,NULL,NULL,"14"
"16146","11098","8910","12253","43704","Processing","2022-06-24 13:25:28",NULL,NULL,NULL,"14"
"16473","11329","9111","15928","44591","Processing","2021-10-30 23:52:17",NULL,NULL,NULL,"14"
"16740","11522","9273","10294","45317","Processing","2022-01-27 00:32:30",NULL,NULL,NULL,"14"
"16836","11584","9327","9056","45601","Processing","2022-06-18 15:58:22",NULL,NULL,NULL,"14"
"18338","12606","10112","24623","49666","Processing","2021-11-19 11:22:18",NULL,NULL,NULL,"14"
"19451","13374","10727","24814","52628","Processing","2022-09-06 22:00:50.942208",NULL,NULL,NULL,"14"
"19699","13547","10864","25500","53298","Processing","2022-05-29 09:19:08",NULL,NULL,NULL,"14"
"19792","13614","10903","15765","53555","Processing","2021-08-29 07:38:07",NULL,NULL,NULL,"14"
"20898","14374","11509","27308","56555","Processing","2021-06-10 18:42:19",NULL,NULL,NULL,"14"
"21066","14488","11590","9395","56991","Processing","2021-07-14 17:41:44",NULL,NULL,NULL,"14"
"23173","15949","12749","25214","62636","Processing","2019-08-26 03:04:40",NULL,NULL,NULL,"14"
"24669","16980","13560","25102","66675","Processing","2022-06-15 22:27:06",NULL,NULL,NULL,"14"
"25142","17327","13835","13694","67957","Processing","2022-08-15 13:18:52",NULL,NULL,NULL,"14"
"25554","17603","14061","10678","69052","Processing","2022-09-01 13:54:34.438938",NULL,NULL,NULL,"14"
"26312","18129","14485","9699","71120","Processing","2021-09-14 14:37:23",NULL,NULL,NULL,"14"
"26456","18235","14576","9427","71507","Processing","2021-06-24 09:04:11",NULL,NULL,NULL,"14"
"27864","19205","15361","2060","75329","Processing","2021-01-26 10:13:34",NULL,NULL,NULL,"14"
"29594","20378","16280","26423","80002","Processing","2022-03-03 14:12:10",NULL,NULL,NULL,"14"
"30131","20746","16590","9196","81451","Processing","2022-09-06 04:41:10",NULL,NULL,NULL,"14"
"31431","21625","17294","25665","84959","Processing","2020-09-28 08:47:23",NULL,NULL,NULL,"14"
"31840","21906","17528","14282","86052","Processing","2022-07-17 04:18:12",NULL,NULL,NULL,"14"
"32170","22142","17711","8945","86909","Processing","2022-08-28 10:00:02",NULL,NULL,NULL,"14"
"33418","23008","18357","24612","90288","Processing","2021-09-23 14:43:04",NULL,NULL,NULL,"14"
"34256","23584","18821","25784","92548","Processing","2022-02-28 04:27:22",NULL,NULL,NULL,"14"
"36495","25127","20088","24499","98529","Processing","2022-07-30 07:08:54",NULL,NULL,NULL,"14"
"37044","25506","20389","13694","100024","Processing","2021-08-25 23:14:05",NULL,NULL,NULL,"14"
"37698","25958","20735","2060","101776","Processing","2020-06-25 03:45:34",NULL,NULL,NULL,"14"
"42494","29231","23305","25665","114761","Processing","2022-04-18 05:02:58",NULL,NULL,NULL,"14"
"45987","31654","25245","9468","124169","Processing","2020-06-15 21:46:04",NULL,NULL,NULL,"14"
"47485","32712","26116","10294","128168","Processing","2022-08-10 07:19:48",NULL,NULL,NULL,"14"
"47488","32715","26118","27308","128176","Processing","2021-12-30 04:14:36",NULL,NULL,NULL,"14"
"47828","32959","26333","25170","129092","Processing","2022-07-23 17:06:26",NULL,NULL,NULL,"14"
"49412","34028","27167","15807","133367","Processing","2021-11-06 13:25:27",NULL,NULL,NULL,"14"
"50360","34689","27693","8956","135942","Processing","2021-04-19 06:04:47",NULL,NULL,NULL,"14"
"50403","34718","27714","10807","136059","Processing","2022-08-04 15:19:20",NULL,NULL,NULL,"14"
"50673","34914","27860","14300","136771","Processing","2022-06-12 22:23:17",NULL,NULL,NULL,"14"
"51323","35375","28248","9395","138522","Processing","2022-05-30 14:14:58",NULL,NULL,NULL,"14"
"57423","39579","31626","25216","154989","Processing","2021-05-20 12:58:28",NULL,NULL,NULL,"14"
"58286","40183","32101","13694","157294","Processing","2022-08-01 16:53:30",NULL,NULL,NULL,"14"
"58851","40558","32388","12656","158833","Processing","2021-09-16 13:41:26",NULL,NULL,NULL,"14"
"61258","42180","33724","11347","165372","Processing","2022-07-21 09:45:08",NULL,NULL,NULL,"14"
"62071","42748","34178","9699","167564","Processing","2022-03-24 05:44:12",NULL,NULL,NULL,"14"
"65279","44948","35936","15405","176265","Processing","2022-09-08 07:34:07.484967",NULL,NULL,NULL,"14"
"65701","45232","36149","24546","177406","Processing","2022-05-16 02:25:42",NULL,NULL,NULL,"14"
"66186","45550","36412","8946","178723","Processing","2022-04-25 14:16:39",NULL,NULL,NULL,"14"
"71017","48895","39116","15405","191724","Processing","2021-04-09 11:37:54",NULL,NULL,NULL,"14"
"71218","49035","39240","25184","192278","Processing","2022-06-07 08:42:59",NULL,NULL,NULL,"14"
"71220","49037","39241","11399","192284","Processing","2022-03-29 08:37:40",NULL,NULL,NULL,"14"
"71495","49232","39400","9427","193032","Processing","2022-08-31 09:47:00",NULL,NULL,NULL,"14"
"73712","50765","40619","12253","199025","Processing","2021-03-05 12:30:51",NULL,NULL,NULL,"14"
"75177","51799","41436","14145","202972","Processing","2021-11-11 22:33:23",NULL,NULL,NULL,"14"
"80221","55330","44244","28407","216608","Processing","2021-05-31 12:31:23",NULL,NULL,NULL,"14"
"81890","56498","45161","25709","221143","Processing","2021-03-17 16:04:57",NULL,NULL,NULL,"14"
"82118","56667","45316","8946","221745","Processing","2021-10-08 16:39:57",NULL,NULL,NULL,"14"
"86543","59790","47833","10040","233779","Processing","2020-10-27 01:28:25",NULL,NULL,NULL,"14"
"86705","59915","47937","10329","234224","Processing","2021-02-24 00:26:04",NULL,NULL,NULL,"14"
"86823","59996","48005","10329","234554","Processing","2021-03-07 21:50:13",NULL,NULL,NULL,"14"
"90785","62736","50220","25214","245255","Processing","2022-08-15 23:28:07",NULL,NULL,NULL,"14"
"94010","64947","51974","2472","253917","Processing","2022-06-22 14:46:43",NULL,NULL,NULL,"14"
"96916","66966","53520","9199","261774","Processing","2021-09-04 15:44:39",NULL,NULL,NULL,"14"
"97107","67103","53617","25102","262304","Processing","2020-05-12 01:33:47",NULL,NULL,NULL,"14"
"98047","67757","54135","9112","264869","Processing","2020-11-21 13:54:05",NULL,NULL,NULL,"14"
"98280","67917","54272","15928","265501","Processing","2022-01-23 10:42:59",NULL,NULL,NULL,"14"
"98636","68152","54472","519","266455","Processing","2022-05-24 01:24:27",NULL,NULL,NULL,"14"
"98660","68164","54481","28650","266522","Processing","2022-06-18 02:01:01",NULL,NULL,NULL,"14"
"99193","68540","54797","25102","267949","Processing","2021-10-05 05:32:37",NULL,NULL,NULL,"14"
"100949","69764","55784","9196","272647","Processing","2021-01-17 23:33:10",NULL,NULL,NULL,"14"
"102449","70787","56592","24612","276740","Processing","2022-08-09 04:44:11",NULL,NULL,NULL,"14"
"105417","72838","58260","15865","284723","Processing","2022-08-29 09:06:33",NULL,NULL,NULL,"14"
"105886","73174","58534","25784","286019","Processing","2022-06-03 03:16:01",NULL,NULL,NULL,"14"
"105907","73188","58545","9395","286076","Processing","2022-09-02 13:57:16.973673",NULL,NULL,NULL,"14"
"105910","73188","58545","15928","286084","Processing","2022-09-02 14:59:16.973673",NULL,NULL,NULL,"14"
"106684","73713","58951","9112","288160","Processing","2021-08-22 07:36:54",NULL,NULL,NULL,"14"
"109442","75600","60431","10494","295620","Processing","2021-09-03 08:43:09",NULL,NULL,NULL,"14"
"113291","78259","62594","13912","305995","Processing","2022-05-08 09:18:13",NULL,NULL,NULL,"14"
"114677","79207","63359","24472","309734","Processing","2022-08-27 22:04:33",NULL,NULL,NULL,"14"
"114800","79292","63433","8999","310078","Processing","2021-12-17 18:50:41",NULL,NULL,NULL,"14"
"119713","82644","66160","9427","323201","Processing","2022-06-22 01:42:11",NULL,NULL,NULL,"14"
"121989","84155","67365","24472","329365","Processing","2022-05-21 22:40:57",NULL,NULL,NULL,"14"
"122466","84492","67627","13912","330670","Processing","2021-07-19 08:13:55",NULL,NULL,NULL,"14"
"122519","84531","67660","15765","330810","Processing","2019-09-27 23:55:46",NULL,NULL,NULL,"14"
"124632","85979","68811","13694","336461","Processing","2022-08-30 06:32:26",NULL,NULL,NULL,"14"
"126252","87082","69692","9067","340879","Processing","2022-03-23 00:20:37",NULL,NULL,NULL,"14"
"126428","87211","69797","11020","341356","Processing","2021-08-21 23:03:31",NULL,NULL,NULL,"14"
"127709","88073","70539","10807","344800","Processing","2021-05-27 18:31:38",NULL,NULL,NULL,"14"
"127783","88124","70574","24673","345002","Processing","2022-08-25 01:20:08",NULL,NULL,NULL,"14"
"128765","88805","71133","9237","347683","Processing","2022-07-11 05:14:56",NULL,NULL,NULL,"14"
"129389","89229","71476","9067","349368","Processing","2020-07-08 04:24:05",NULL,NULL,NULL,"14"
"129391","89230","71477","9237","349375","Processing","2021-03-29 15:58:22",NULL,NULL,NULL,"14"
"130452","89976","72070","13912","352215","Processing","2021-05-08 14:18:37",NULL,NULL,NULL,"14"
"131322","90590","72575","15605","354566","Processing","2022-08-22 06:37:55",NULL,NULL,NULL,"14"
"134558","92837","74376","12253","363360","Processing","2019-11-27 04:49:17",NULL,NULL,NULL,"14"
"135262","93333","74770","519","365262","Processing","2021-10-15 05:52:19",NULL,NULL,NULL,"14"
"139794","96435","77329","14145","377475","Processing","2022-03-23 03:43:41",NULL,NULL,NULL,"14"
"143633","99106","79465","519","387808","Processing","2020-07-02 16:22:40",NULL,NULL,NULL,"14"
"144712","99849","80059","9067","390723","Processing","2022-08-28 15:06:36",NULL,NULL,NULL,"14"
"148261","102316","82072","9699","400321","Processing","2020-10-14 14:39:06",NULL,NULL,NULL,"14"
"149369","103090","82694","24612","403351","Processing","2020-10-19 02:40:02",NULL,NULL,NULL,"14"
"152320","105094","84332","9262","411365","Processing","2022-09-05 02:33:42.8415",NULL,NULL,NULL,"14"
"152679","105353","84521","25214","412320","Processing","2021-09-17 05:13:15",NULL,NULL,NULL,"14"
"152819","105436","84590","26205","412690","Processing","2022-04-02 10:30:59",NULL,NULL,NULL,"14"
"158300","109191","87574","10263","427396","Processing","2022-03-06 23:39:29",NULL,NULL,NULL,"14"
"158836","109561","87864","24804","428851","Processing","2020-06-16 13:59:28",NULL,NULL,NULL,"14"
"160124","110463","88586","25808","432335","Processing","2022-05-09 08:59:43",NULL,NULL,NULL,"14"
"161160","111161","89119","15765","435122","Processing","2022-02-06 16:48:40",NULL,NULL,NULL,"14"
"161287","111254","89194","25465","435468","Processing","2021-06-12 01:40:56",NULL,NULL,NULL,"14"
"163005","112438","90167","15928","440162","Processing","2021-04-23 04:42:08",NULL,NULL,NULL,"14"
"166794","115026","92202","28650","450464","Processing","2021-12-11 10:29:19",NULL,NULL,NULL,"14"
"168255","116030","93018","9395","454380","Processing","2022-06-08 08:30:51",NULL,NULL,NULL,"14"
"169305","116766","93620","24814","457193","Processing","2021-09-08 06:54:57",NULL,NULL,NULL,"14"
"169709","117030","93837","5411","458285","Processing","2022-08-30 12:49:12",NULL,NULL,NULL,"14"
"169856","117137","93922","10263","458686","Processing","2022-07-12 16:25:30",NULL,NULL,NULL,"14"
"171600","118320","94883","9112","463438","Processing","2022-08-06 08:23:13",NULL,NULL,NULL,"14"
"173350","119562","95859","8972","468174","Processing","2022-03-19 12:25:05",NULL,NULL,NULL,"14"
"176787","121919","97779","24814","477467","Processing","2022-04-23 22:34:52",NULL,NULL,NULL,"14"
"178137","122864","98548","24942","481070","Processing","2020-12-16 05:15:32",NULL,NULL,NULL,"14"
"178736","123281","98880","25500","482688","Processing","2021-05-11 13:23:59",NULL,NULL,NULL,"14"
"267","190","156","7414","705","Shipped","2021-12-22 04:22:06","2021-12-23 05:36:00",NULL,NULL,"14.5"
"2968","2028","1638","6520","8032","Shipped","2020-12-03 06:00:53","2020-12-01 10:03:00",NULL,NULL,"14.5"
"10429","7173","5840","6288","28270","Shipped","2022-08-07 08:52:47","2022-08-06 01:44:00",NULL,NULL,"14.5"
"10538","7247","5897","18647","28571","Shipped","2021-12-31 10:05:19","2022-01-01 18:15:00",NULL,NULL,"14.5"
"20934","14394","11520","10403","56656","Shipped","2021-08-22 00:18:58","2021-08-18 06:00:00",NULL,NULL,"14.5"
"21568","14830","11849","24751","58309","Shipped","2021-03-05 15:03:04","2021-03-04 22:32:00",NULL,NULL,"14.5"
"23302","16029","12802","7414","62985","Shipped","2020-11-17 02:42:38","2020-11-15 11:40:00",NULL,NULL,"14.5"
"25955","17884","14295","13032","70131","Shipped","2021-03-02 22:00:04","2021-03-03 00:54:00",NULL,NULL,"14.5"
"31506","21678","17343","6254","85154","Shipped","2021-05-06 16:27:23","2021-05-05 21:39:00",NULL,NULL,"14.5"
"38523","26532","21202","26244","103996","Shipped","2021-07-06 10:11:05","2021-07-08 18:00:00",NULL,NULL,"14.5"
"41965","28875","23034","2324","113292","Shipped","2019-10-24 14:10:34","2019-10-25 05:54:00",NULL,NULL,"14.5"
"45250","31158","24871","622","122199","Shipped","2021-02-02 01:47:30","2021-02-05 03:27:00",NULL,NULL,"14.5"
"45965","31638","25231","622","124107","Shipped","2019-12-28 10:17:51","2019-12-25 22:21:00",NULL,NULL,"14.5"
"51216","35303","28183","13032","138236","Shipped","2022-02-06 09:39:19","2022-02-07 21:35:00",NULL,NULL,"14.5"
"52050","35871","28653","18647","140490","Shipped","2020-09-12 07:56:02","2020-09-14 17:00:00",NULL,NULL,"14.5"
"57662","39739","31755","26244","155619","Shipped","2021-09-24 11:05:13","2021-09-25 23:34:00",NULL,NULL,"14.5"
"67352","46345","37063","24751","181880","Shipped","2022-07-10 09:01:05","2022-07-07 08:51:00",NULL,NULL,"14.5"
"75882","52297","41870","26034","204903","Shipped","2020-10-22 10:26:45","2020-10-19 11:35:00",NULL,NULL,"14.5"
"81512","56235","44944","6288","220135","Shipped","2021-12-28 00:56:37","2021-12-28 11:05:00",NULL,NULL,"14.5"
"84196","58159","46500","6520","227412","Shipped","2021-10-27 07:29:50","2021-10-29 11:18:00",NULL,NULL,"14.5"
"90354","62453","49999","13032","244084","Shipped","2022-01-08 15:50:39","2022-01-10 11:55:00",NULL,NULL,"14.5"
"92876","64178","51369","3257","250847","Shipped","2020-11-14 13:07:51","2020-11-16 20:15:00",NULL,NULL,"14.5"
"92906","64199","51377","7099","250938","Shipped","2021-11-19 05:40:24","2021-11-21 18:24:00",NULL,NULL,"14.5"
"99416","68704","54934","12033","268541","Shipped","2021-12-23 03:59:51","2021-12-23 15:46:00",NULL,NULL,"14.5"
"111860","77267","61822","5729","302111","Shipped","2021-03-30 22:30:19","2021-03-31 09:57:00",NULL,NULL,"14.5"
"113877","78657","62903","24751","307569","Shipped","2022-06-05 12:12:44","2022-06-05 16:36:00",NULL,NULL,"14.5"
"122031","84179","67383","5905","329479","Shipped","2020-08-13 14:49:45","2020-08-14 14:39:00",NULL,NULL,"14.5"
"127119","87666","70185","13032","343228","Shipped","2022-08-29 03:18:52","2022-08-29 23:33:00",NULL,NULL,"14.5"
"132543","91427","73220","28349","357895","Shipped","2022-08-21 08:11:03","2022-08-22 22:58:00",NULL,NULL,"14.5"
"139621","96316","77249","3257","377020","Shipped","2021-03-25 08:34:27","2021-03-23 23:52:00",NULL,NULL,"14.5"
"153700","106047","85063","6520","415057","Shipped","2022-08-23 11:22:14","2022-08-25 22:22:00",NULL,NULL,"14.5"
"154537","106631","85535","10403","417297","Shipped","2020-04-30 08:50:56","2020-04-30 15:02:00",NULL,NULL,"14.5"
"155501","107277","86078","28349","419889","Shipped","2022-08-04 09:00:58","2022-08-03 23:23:00",NULL,NULL,"14.5"
"156883","108211","86791","8015","423587","Shipped","2022-06-24 02:11:20","2022-06-24 10:44:00",NULL,NULL,"14.5"
"170376","117473","94217","9491","460109","Shipped","2021-01-26 02:52:09","2021-01-27 02:11:00",NULL,NULL,"14.5"
"180608","124555","99878","5905","487714","Shipped","2022-05-14 05:21:23","2022-05-16 10:32:00",NULL,NULL,"14.5"
"6410","4375","3550","16719","17349","Complete","2020-04-13 01:25:55","2020-04-15 16:01:00","2020-04-18 16:15:00",NULL,"14.5"
"8357","5726","4624","6288","22662","Complete","2020-12-18 01:08:45","2020-12-18 18:31:00","2020-12-22 11:29:00",NULL,"14.5"
"13749","9477","7622","6254","37260","Complete","2021-10-28 00:18:02","2021-10-29 23:00:00","2021-10-31 17:09:00",NULL,"14.5"
"15524","10659","8567","18647","42052","Complete","2021-12-16 05:34:39","2021-12-16 08:20:00","2021-12-18 02:22:00",NULL,"14.5"
"16046","11021","8842","1856","43428","Complete","2021-10-07 01:00:15","2021-10-08 19:36:00","2021-10-09 09:01:00",NULL,"14.5"
"19067","13109","10508","2320","51601","Complete","2020-09-25 06:10:58","2020-09-28 02:30:00","2020-09-30 06:26:00",NULL,"14.5"
"22423","15420","12320","6254","60598","Complete","2022-02-15 14:10:33","2022-02-16 00:09:00","2022-02-20 13:51:00",NULL,"14.5"
"25768","17763","14188","10403","69642","Complete","2022-09-05 07:54:28.329172","2022-09-02 00:15:04.329172","2022-09-05 12:33:04.329172",NULL,"14.5"
"29719","20473","16349","26244","80343","Complete","2021-11-27 03:50:45","2021-11-27 07:55:00","2021-11-30 17:51:00",NULL,"14.5"
"39457","27167","21709","24751","106523","Complete","2021-12-18 01:34:15","2021-12-18 17:45:00","2021-12-23 08:41:00",NULL,"14.5"
"47665","32845","26227","10403","128649","Complete","2022-05-05 15:57:36","2022-05-08 13:59:00","2022-05-09 07:58:00",NULL,"14.5"
"52567","36228","28936","12033","141862","Complete","2021-10-03 15:56:53","2021-10-03 23:56:00","2021-10-04 10:20:00",NULL,"14.5"
"54513","37577","30022","5905","147092","Complete","2021-08-01 12:49:27","2021-08-02 13:26:00","2021-08-04 11:26:00",NULL,"14.5"
"58564","40370","32244","16719","158058","Complete","2022-03-23 16:12:25","2022-03-25 13:31:00","2022-03-28 10:33:00",NULL,"14.5"
"58926","40614","32439","9491","159042","Complete","2019-07-15 22:37:26","2019-07-16 17:22:00","2019-07-19 19:23:00",NULL,"14.5"
"59092","40726","32526","26244","159466","Complete","2022-01-17 15:08:20","2022-01-20 10:14:00","2022-01-23 23:56:00",NULL,"14.5"
"78992","54463","43581","7099","213270","Complete","2022-03-23 08:55:09","2022-03-24 16:17:00","2022-03-26 21:53:00",NULL,"14.5"
"82365","56848","45461","1856","222417","Complete","2022-05-04 09:16:29","2022-05-04 20:02:00","2022-05-05 07:05:00",NULL,"14.5"
"88924","61460","49204","622","240247","Complete","2022-08-23 12:03:26","2022-08-23 05:43:00","2022-08-27 12:14:00",NULL,"14.5"
"89681","61997","49623","6288","242261","Complete","2022-07-12 02:37:36","2022-07-08 22:03:00","2022-07-09 02:03:00",NULL,"14.5"
"105781","73096","58460","6520","285731","Complete","2019-11-05 10:44:19","2019-11-05 18:22:00","2019-11-06 09:59:00",NULL,"14.5"
"115327","79656","63723","26322","311487","Complete","2021-10-24 00:48:43","2021-10-25 16:15:00","2021-10-26 06:13:00",NULL,"14.5"
"119510","82499","66047","2324","322663","Complete","2022-04-26 12:33:12","2022-04-27 23:28:00","2022-05-01 06:43:00",NULL,"14.5"
"122029","84178","67383","1856","329474","Complete","2022-06-15 16:57:23","2022-06-12 00:09:00","2022-06-12 06:26:00",NULL,"14.5"
"127027","87605","70138","2324","342979","Complete","2022-09-04 07:22:28.1285","2022-09-04 16:35:03.1285","2022-09-09 13:21:03.1285",NULL,"14.5"
"128997","88963","71264","5905","348311","Complete","2022-05-04 15:33:01","2022-05-03 18:42:00","2022-05-07 18:48:00",NULL,"14.5"
"135077","93191","74660","2324","364762","Complete","2022-02-24 17:18:57","2022-02-26 17:57:00","2022-02-28 11:58:00",NULL,"14.5"
"150831","104085","83502","5729","407363","Complete","2020-11-20 14:13:50","2020-11-21 04:49:00","2020-11-23 17:28:00",NULL,"14.5"
"152849","105459","84604","28349","412772","Complete","2019-08-19 17:16:19","2019-08-19 19:41:00","2019-08-23 02:38:00",NULL,"14.5"
"153844","106155","85154","9491","415437","Complete","2021-10-11 09:18:24","2021-10-13 04:04:00","2021-10-16 04:20:00",NULL,"14.5"
"161368","111308","89246","7099","435688","Complete","2019-11-30 00:10:06","2019-12-02 06:55:00","2019-12-03 03:48:00",NULL,"14.5"
"163135","112517","90227","28349","440511","Complete","2019-11-22 20:51:02","2019-11-24 16:40:00","2019-11-26 04:40:00",NULL,"14.5"
"164591","113523","91020","5905","444488","Complete","2020-08-20 06:29:51","2020-08-19 18:28:00","2020-08-20 11:39:00",NULL,"14.5"
"165445","114102","91476","16258","446832","Complete","2021-04-25 01:28:56","2021-04-25 23:56:00","2021-04-30 21:58:00",NULL,"14.5"
"169515","116905","93737","16719","457756","Complete","2020-08-22 16:12:27","2020-08-25 04:55:00","2020-08-29 04:50:00",NULL,"14.5"
"170108","117296","94062","26244","459377","Complete","2021-12-29 21:58:44","2021-12-31 15:32:00","2022-01-01 19:59:00",NULL,"14.5"
"173657","119777","96046","7414","468969","Complete","2021-09-12 13:25:26","2021-09-13 11:26:00","2021-09-15 22:33:00",NULL,"14.5"
"12591","8688","7007","16719","34122","Returned","2021-07-19 00:35:02","2021-07-21 10:29:00","2021-07-23 17:28:00","2021-07-24 20:35:00","14.5"
"34049","23446","18704","26034","91998","Returned","2022-07-22 22:17:11","2022-07-20 19:04:00","2022-07-24 06:42:00","2022-07-25 15:45:00","14.5"
"41161","28304","22579","10403","111126","Returned","2021-12-08 11:28:40","2021-12-07 16:06:00","2021-12-08 14:59:00","2021-12-10 01:33:00","14.5"
"66745","45921","36717","2324","180213","Returned","2022-08-20 10:22:53","2022-08-23 11:10:00","2022-08-25 14:12:00","2022-08-28 09:23:00","14.5"
"69545","47890","38290","26322","187724","Returned","2022-02-12 01:07:50","2022-02-11 02:22:00","2022-02-15 18:40:00","2022-02-17 05:44:00","14.5"
"86763","59955","47965","5729","234380","Returned","2021-12-24 17:28:22","2021-12-26 21:09:00","2021-12-29 22:47:00","2022-01-01 00:26:00","14.5"
"97944","67687","54082","16258","264586","Returned","2022-04-28 11:59:41","2022-05-01 06:47:00","2022-05-01 13:08:00","2022-05-03 12:31:00","14.5"
"105729","73059","58432","5905","285589","Returned","2022-05-27 02:25:32","2022-05-27 23:28:00","2022-05-30 03:10:00","2022-06-01 14:44:00","14.5"
"112319","77578","62060","12033","303371","Returned","2022-01-20 13:50:52","2022-01-18 16:01:00","2022-01-23 00:10:00","2022-01-25 17:42:00","14.5"
"128160","88387","70792","24751","346050","Returned","2022-01-27 05:49:19","2022-01-26 12:23:00","2022-01-29 03:45:00","2022-01-31 12:50:00","14.5"
"162606","112156","89912","16258","439073","Returned","2022-03-03 17:24:02","2022-02-28 06:01:00","2022-03-01 07:46:00","2022-03-02 23:11:00","14.5"
"171731","118407","94941","9491","463795","Returned","2022-07-23 18:49:14","2022-07-21 22:05:00","2022-07-22 00:25:00","2022-07-22 04:57:00","14.5"
"177306","122277","98046","8015","478856","Returned","2022-08-07 16:46:11","2022-08-07 19:38:00","2022-08-11 17:05:00","2022-08-13 02:31:00","14.5"
"4524","3101","2514","622","12266","Cancelled","2019-10-24 10:57:35",NULL,NULL,NULL,"14.5"
"5259","3585","2932","26322","14232","Cancelled","2021-10-23 13:32:43",NULL,NULL,NULL,"14.5"
"9728","6696","5429","622","26402","Cancelled","2022-09-01 23:08:13.656937",NULL,NULL,NULL,"14.5"
"27047","18631","14879","26244","73127","Cancelled","2022-08-14 07:25:50",NULL,NULL,NULL,"14.5"
"27609","19019","15210","3257","74627","Cancelled","2021-10-13 16:29:50",NULL,NULL,NULL,"14.5"
"72716","50088","40089","24751","196355","Cancelled","2022-08-29 04:21:43",NULL,NULL,NULL,"14.5"
"93910","64889","51928","7099","253650","Cancelled","2022-08-10 15:47:29",NULL,NULL,NULL,"14.5"
"96980","67012","53550","3257","261951","Cancelled","2021-11-26 02:29:30",NULL,NULL,NULL,"14.5"
"100308","69325","55433","16258","270905","Cancelled","2022-05-13 10:22:12",NULL,NULL,NULL,"14.5"
"101242","69961","55939","2320","273418","Cancelled","2021-12-17 11:36:28",NULL,NULL,NULL,"14.5"
"102135","70574","56424","7414","275857","Cancelled","2019-12-05 13:16:00",NULL,NULL,NULL,"14.5"
"107579","74325","59419","6254","290580","Cancelled","2022-01-18 01:35:08",NULL,NULL,NULL,"14.5"
"123789","85399","68344","9491","334202","Cancelled","2020-12-22 01:13:59",NULL,NULL,NULL,"14.5"
"137394","94802","75992","1856","370985","Cancelled","2021-06-01 08:10:31",NULL,NULL,NULL,"14.5"
"138972","95900","76899","26244","375273","Cancelled","2021-10-06 13:48:50",NULL,NULL,NULL,"14.5"
"151849","104768","84067","3257","410110","Cancelled","2021-05-01 03:54:07",NULL,NULL,NULL,"14.5"
"152045","104906","84185","6254","410635","Cancelled","2022-08-31 11:45:55",NULL,NULL,NULL,"14.5"
"162502","112081","89857","1856","438798","Cancelled","2021-11-18 17:03:37",NULL,NULL,NULL,"14.5"
"177732","122577","98314","7414","480006","Cancelled","2022-09-04 13:07:51",NULL,NULL,NULL,"14.5"
"178103","122840","98530","3257","480982","Cancelled","2020-04-06 05:08:56",NULL,NULL,NULL,"14.5"
"2737","1868","1516","1856","7411","Processing","2019-08-13 12:47:25",NULL,NULL,NULL,"14.5"
"10097","6946","5650","7414","27387","Processing","2021-04-17 04:40:08",NULL,NULL,NULL,"14.5"
"11035","7588","6162","10403","29903","Processing","2020-12-24 00:54:40",NULL,NULL,NULL,"14.5"
"20556","14135","11321","16258","55644","Processing","2022-03-07 00:19:14",NULL,NULL,NULL,"14.5"
"26499","18262","14592","16719","71619","Processing","2022-04-01 13:11:14",NULL,NULL,NULL,"14.5"
"29366","20222","16168","6288","79380","Processing","2022-01-22 12:25:26",NULL,NULL,NULL,"14.5"
"30100","20727","16571","2324","81367","Processing","2020-06-16 12:42:30",NULL,NULL,NULL,"14.5"
"30314","20873","16705","6254","81964","Processing","2022-07-17 08:55:32",NULL,NULL,NULL,"14.5"
"60190","41455","33127","26322","162503","Processing","2021-11-27 14:59:46",NULL,NULL,NULL,"14.5"
"69286","47704","38136","1856","187023","Processing","2022-02-15 04:31:50",NULL,NULL,NULL,"14.5"
"69560","47900","38294","7099","187763","Processing","2021-05-12 12:44:26",NULL,NULL,NULL,"14.5"
"71167","48998","39206","622","192143","Processing","2021-09-29 05:25:02",NULL,NULL,NULL,"14.5"
"79424","54771","43809","13032","214447","Processing","2022-07-25 06:29:12",NULL,NULL,NULL,"14.5"
"80120","55257","44190","7099","216334","Processing","2022-06-22 04:17:21",NULL,NULL,NULL,"14.5"
"80720","55670","44499","6288","217997","Processing","2022-05-05 17:35:17",NULL,NULL,NULL,"14.5"
"84357","58279","46609","2320","227832","Processing","2022-02-05 14:14:27",NULL,NULL,NULL,"14.5"
"91069","62931","50394","7099","246006","Processing","2022-01-31 07:33:07",NULL,NULL,NULL,"14.5"
"92819","64133","51331","1856","250698","Processing","2022-08-12 00:37:11",NULL,NULL,NULL,"14.5"
"93280","64466","51587","6520","251926","Processing","2021-12-07 00:10:20",NULL,NULL,NULL,"14.5"
"94636","65375","52301","26322","255632","Processing","2021-06-21 15:20:17",NULL,NULL,NULL,"14.5"
"101910","70430","56306","7414","275239","Processing","2022-03-23 12:54:08",NULL,NULL,NULL,"14.5"
"106897","73865","59065","2324","288732","Processing","2022-08-23 05:01:53",NULL,NULL,NULL,"14.5"
"112323","77581","62061","26244","303381","Processing","2022-07-05 09:00:46",NULL,NULL,NULL,"14.5"
"114709","79230","63380","9491","309821","Processing","2021-05-08 06:44:49",NULL,NULL,NULL,"14.5"
"117339","80995","64865","12033","316859","Processing","2022-06-19 22:35:06",NULL,NULL,NULL,"14.5"
"121118","83580","66924","6288","327040","Processing","2020-08-13 22:01:01",NULL,NULL,NULL,"14.5"
"122993","84848","67910","13032","332115","Processing","2022-07-22 13:19:13",NULL,NULL,NULL,"14.5"
"123127","84940","67970","5905","332455","Processing","2020-05-17 04:13:12",NULL,NULL,NULL,"14.5"
"129770","89503","71694","16719","350366","Processing","2022-05-14 02:38:33",NULL,NULL,NULL,"14.5"
"144295","99558","79825","2320","389607","Processing","2022-04-21 00:08:43",NULL,NULL,NULL,"14.5"
"151953","104841","84136","8015","410385","Processing","2020-01-21 15:20:39",NULL,NULL,NULL,"14.5"
"157602","108694","87163","3257","425526","Processing","2022-08-27 13:20:46",NULL,NULL,NULL,"14.5"
"157887","108902","87346","26322","426298","Processing","2022-03-23 04:54:33",NULL,NULL,NULL,"14.5"
"169263","116737","93599","10403","457089","Processing","2022-03-14 22:45:57",NULL,NULL,NULL,"14.5"
"179548","123830","99326","622","484880","Processing","2021-11-01 11:28:42",NULL,NULL,NULL,"14.5"
"935","660","552","2768","2514","Shipped","2022-06-18 05:11:24","2022-06-20 21:19:00",NULL,NULL,"15"
"2803","1910","1545","13221","7590","Shipped","2021-09-18 16:52:19","2021-09-21 12:00:00",NULL,NULL,"15"
"2946","2013","1623","9226","7974","Shipped","2021-12-25 09:55:18","2021-12-26 11:02:00",NULL,NULL,"15"
"3000","2045","1649","25349","8115","Shipped","2022-04-18 06:11:57","2022-04-17 21:49:00",NULL,NULL,"15"
"3351","2273","1825","3768","9064","Shipped","2022-08-27 03:50:22","2022-08-27 14:57:00",NULL,NULL,"15"
"3692","2502","2020","9337","9988","Shipped","2022-03-25 02:07:46","2022-03-24 18:38:00",NULL,NULL,"15"
"3697","2506","2025","10982","10000","Shipped","2022-07-27 01:02:32","2022-07-29 13:44:00",NULL,NULL,"15"
"4025","2737","2196","15358","10898","Shipped","2022-03-02 05:07:10","2022-03-05 07:24:00",NULL,NULL,"15"
"4225","2874","2305","6711","11458","Shipped","2020-02-10 12:55:49","2020-02-12 14:07:00",NULL,NULL,"15"
"4267","2909","2338","25354","11573","Shipped","2022-08-30 06:41:50","2022-09-02 04:20:00",NULL,NULL,"15"
"4777","3269","2668","7023","12948","Shipped","2022-08-19 21:45:41","2022-08-20 18:49:00",NULL,NULL,"15"
"4920","3350","2728","25000","13322","Shipped","2021-11-29 03:12:07","2021-12-02 04:56:00",NULL,NULL,"15"
"6090","4155","3371","8898","16473","Shipped","2022-05-28 07:12:49","2022-05-31 02:10:00",NULL,NULL,"15"
"6172","4213","3419","17032","16706","Shipped","2022-08-24 09:33:48","2022-08-25 22:54:00",NULL,NULL,"15"
"6250","4264","3466","5662","16911","Shipped","2022-07-28 00:50:06","2022-07-25 13:33:00",NULL,NULL,"15"
"7629","5226","4235","6972","20685","Shipped","2020-08-23 01:06:18","2020-08-24 08:38:00",NULL,NULL,"15"
"7804","5350","4332","17032","21167","Shipped","2021-03-28 23:53:37","2021-03-28 10:46:00",NULL,NULL,"15"
"8234","5639","4559","12630","22331","Shipped","2021-04-24 12:45:53","2021-04-27 11:29:00",NULL,NULL,"15"
"8876","6084","4920","6711","24072","Shipped","2022-08-04 10:50:32","2022-08-03 18:46:00",NULL,NULL,"15"
"10401","7154","5824","24656","28191","Shipped","2019-10-25 06:43:25","2019-10-24 23:57:00",NULL,NULL,"15"
"10477","7210","5865","3032","28397","Shipped","2020-03-15 05:38:18","2020-03-16 06:27:00",NULL,NULL,"15"
"10602","7290","5937","24561","28728","Shipped","2022-02-25 04:04:10","2022-02-25 12:27:00",NULL,NULL,"15"
"11196","7698","6252","25050","30338","Shipped","2022-08-31 07:03:48","2022-08-31 15:55:00",NULL,NULL,"15"
"11519","7931","6432","15416","31211","Shipped","2020-07-09 10:40:59","2020-07-07 16:46:00",NULL,NULL,"15"
"12277","8466","6838","9421","33272","Shipped","2022-08-15 06:52:37","2022-08-17 04:02:00",NULL,NULL,"15"
"12344","8508","6872","24611","33463","Shipped","2021-11-09 07:02:28","2021-11-10 21:08:00",NULL,NULL,"15"
"13049","9008","7267","11498","35350","Shipped","2022-06-20 00:31:10","2022-06-19 09:29:00",NULL,NULL,"15"
"13170","9093","7331","9234","35673","Shipped","2021-12-12 11:00:46","2021-12-12 20:25:00",NULL,NULL,"15"
"15403","10575","8504","12633","41724","Shipped","2019-07-27 12:26:54","2019-07-24 23:06:00",NULL,NULL,"15"
"16120","11077","8897","25342","43634","Shipped","2022-01-31 02:33:49","2022-01-27 09:54:00",NULL,NULL,"15"
"17729","12189","9806","25000","48016","Shipped","2022-07-07 01:40:13","2022-07-08 04:04:00",NULL,NULL,"15"
"17846","12268","9868","11395","48344","Shipped","2021-08-14 08:37:12","2021-08-15 14:59:00",NULL,NULL,"15"
"20477","14080","11280","18578","55426","Shipped","2022-05-29 05:45:36","2022-05-27 13:58:00",NULL,NULL,"15"
"21578","14835","11851","25297","58338","Shipped","2022-04-05 08:14:42","2022-04-03 09:10:00",NULL,NULL,"15"
"23141","15926","12732","10378","62549","Shipped","2022-07-12 04:54:51","2022-07-10 16:42:00",NULL,NULL,"15"
"25373","17480","13965","12696","68558","Shipped","2021-11-19 18:13:05","2021-11-19 13:19:00",NULL,NULL,"15"
"27275","18785","15015","5662","73735","Shipped","2022-05-25 08:01:05","2022-05-26 07:01:00",NULL,NULL,"15"
"29552","20347","16248","1936","79890","Shipped","2022-01-22 22:41:03","2022-01-23 01:05:00",NULL,NULL,"15"
"29604","20385","16285","5662","80028","Shipped","2021-01-18 11:54:13","2021-01-18 09:11:00",NULL,NULL,"15"
"30875","21256","17025","20089","83468","Shipped","2019-07-30 15:21:46","2019-07-30 23:23:00",NULL,NULL,"15"
"30885","21259","17027","5662","83494","Shipped","2021-08-02 07:33:50","2021-07-31 04:59:00",NULL,NULL,"15"
"31203","21471","17181","6952","84338","Shipped","2022-08-01 02:18:19","2022-07-31 06:06:00",NULL,NULL,"15"
"31329","21553","17248","24593","84678","Shipped","2022-05-17 06:07:33","2022-05-18 06:34:00",NULL,NULL,"15"
"33091","22781","18185","8898","89396","Shipped","2021-05-08 00:15:45","2021-05-06 08:51:00",NULL,NULL,"15"
"33346","22958","18322","9140","90088","Shipped","2021-12-20 08:17:06","2021-12-20 15:42:00",NULL,NULL,"15"
"33600","23130","18465","14487","90771","Shipped","2021-11-03 13:25:41","2021-11-04 18:22:00",NULL,NULL,"15"
"33601","23130","18465","1936","90773","Shipped","2021-11-03 14:21:00","2021-11-04 18:22:00",NULL,NULL,"15"
"34032","23436","18696","18423","91948","Shipped","2022-04-16 12:05:16","2022-04-19 07:50:00",NULL,NULL,"15"
"34293","23606","18838","3768","92644","Shipped","2021-06-24 01:49:07","2021-06-25 08:55:00",NULL,NULL,"15"
"35579","24487","19570","9307","96087","Shipped","2020-09-11 01:53:48","2020-09-12 16:19:00",NULL,NULL,"15"
"37055","25514","20395","7221","100057","Shipped","2021-08-06 01:28:33","2021-08-04 22:04:00",NULL,NULL,"15"
"39024","26869","21456","9234","105347","Shipped","2020-08-24 12:11:25","2020-08-24 15:50:00",NULL,NULL,"15"
"39387","27118","21663","9373","106341","Shipped","2022-06-28 06:01:53","2022-06-30 21:34:00",NULL,NULL,"15"
"39964","27506","21966","9122","107866","Shipped","2022-06-25 17:19:24","2022-06-26 17:11:00",NULL,NULL,"15"
"40227","27688","22117","8899","108584","Shipped","2020-09-01 21:44:47","2020-09-01 00:50:00",NULL,NULL,"15"
"40444","27831","22228","25658","109179","Shipped","2022-09-03 00:54:59","2022-09-05 09:22:00",NULL,NULL,"15"
"40904","28136","22440","15962","110438","Shipped","2022-07-16 14:13:09","2022-07-17 16:15:00",NULL,NULL,"15"
"41585","28601","22811","24463","112257","Shipped","2019-11-05 14:37:06","2019-11-07 23:06:00",NULL,NULL,"15"
"43825","30147","24030","11146","118357","Shipped","2022-09-02 01:43:07.932557","2022-09-03 22:20:35.932557",NULL,NULL,"15"
"45569","31375","25047","21812","123048","Shipped","2022-06-20 03:02:14","2022-06-22 19:54:00",NULL,NULL,"15"
"45613","31407","25066","13783","123164","Shipped","2019-09-03 18:32:57","2019-09-06 00:35:00",NULL,NULL,"15"
"45937","31617","25213","12305","124029","Shipped","2021-11-16 23:40:15","2021-11-17 11:46:00",NULL,NULL,"15"
"46240","31830","25402","10970","124851","Shipped","2022-03-14 06:46:32","2022-03-15 09:21:00",NULL,NULL,"15"
"47039","32401","25881","25000","126967","Shipped","2022-06-28 22:50:40","2022-06-30 07:16:00",NULL,NULL,"15"
"47055","32414","25895","5313","127005","Shipped","2021-05-19 08:21:27","2021-05-22 08:36:00",NULL,NULL,"15"
"48932","33712","26920","18423","132054","Shipped","2022-02-27 11:37:12","2022-02-28 11:45:00",NULL,NULL,"15"
"49777","34290","27379","9191","134365","Shipped","2020-01-16 03:58:36","2020-01-18 12:31:00",NULL,NULL,"15"
"49843","34329","27404","14487","134551","Shipped","2022-06-12 12:31:23","2022-06-12 22:25:00",NULL,NULL,"15"
"50001","34435","27500","25658","134977","Shipped","2020-09-28 10:06:52","2020-09-30 01:22:00",NULL,NULL,"15"
"50300","34649","27657","3768","135786","Shipped","2022-08-07 05:14:04","2022-08-09 07:23:00",NULL,NULL,"15"
"51121","35242","28132","9315","137987","Shipped","2021-07-24 12:48:12","2021-07-25 02:24:00",NULL,NULL,"15"
"51567","35549","28404","21812","139191","Shipped","2022-05-11 08:54:56","2022-05-13 19:15:00",NULL,NULL,"15"
"52544","36210","28925","11498","141797","Shipped","2020-10-13 07:41:17","2020-10-13 14:13:00",NULL,NULL,"15"
"54104","37284","29795","6727","146007","Shipped","2022-05-21 12:27:34","2022-05-21 22:23:00",NULL,NULL,"15"
"54950","37883","30258","12640","148282","Shipped","2022-07-28 23:52:47","2022-07-28 08:10:00",NULL,NULL,"15"
"55108","37989","30350","26191","148691","Shipped","2022-07-23 06:32:41","2022-07-20 19:14:00",NULL,NULL,"15"
"55227","38069","30417","24830","149003","Shipped","2022-05-19 13:52:01","2022-05-20 10:33:00",NULL,NULL,"15"
"55618","38342","30641","25012","150075","Shipped","2022-09-03 02:55:17","2022-09-04 18:01:00",NULL,NULL,"15"
"56272","38789","31013","13323","151866","Shipped","2021-03-17 17:18:51","2021-03-17 00:33:00",NULL,NULL,"15"
"57395","39559","31609","5808","154917","Shipped","2020-06-20 03:31:10","2020-06-22 23:23:00",NULL,NULL,"15"
"57412","39571","31621","15450","154964","Shipped","2022-06-28 12:59:53","2022-06-28 20:57:00",NULL,NULL,"15"
"58551","40362","32232","10870","158024","Shipped","2022-03-06 05:12:59","2022-03-06 06:20:00",NULL,NULL,"15"
"58577","40377","32248","11146","158097","Shipped","2022-06-29 15:48:24","2022-06-28 19:02:00",NULL,NULL,"15"
"59240","40820","32601","8912","159883","Shipped","2020-08-12 08:26:18","2020-08-14 03:44:00",NULL,NULL,"15"
"64425","44339","35468","10867","173940","Shipped","2022-08-22 07:28:40","2022-08-23 14:16:00",NULL,NULL,"15"
"64716","44546","35641","16646","174734","Shipped","2022-05-11 18:06:53","2022-05-11 10:45:00",NULL,NULL,"15"
"65410","45042","35999","16964","176626","Shipped","2022-02-24 16:29:20","2022-02-27 00:28:00",NULL,NULL,"15"
"66792","45953","36754","25354","180333","Shipped","2020-10-31 11:56:35","2020-11-02 15:16:00",NULL,NULL,"15"
"67073","46140","36897","25342","181113","Shipped","2021-06-21 00:16:31","2021-06-21 11:48:00",NULL,NULL,"15"
"67179","46217","36960","25881","181408","Shipped","2021-06-11 18:08:26","2021-06-11 05:45:00",NULL,NULL,"15"
"69260","47689","38123","8912","186953","Shipped","2022-03-15 18:01:47","2022-03-17 14:46:00",NULL,NULL,"15"
"69334","47742","38170","8934","187149","Shipped","2022-03-27 06:21:00","2022-03-29 06:43:00",NULL,NULL,"15"
"70339","48443","38741","9226","189901","Shipped","2020-07-21 15:09:38","2020-07-19 00:54:00",NULL,NULL,"15"
"71464","49211","39386","8873","192951","Shipped","2022-01-24 03:47:20","2022-01-23 18:09:00",NULL,NULL,"15"
"71572","49288","39452","11305","193234","Shipped","2021-03-24 22:37:15","2021-03-26 22:18:00",NULL,NULL,"15"
"71701","49377","39525","11178","193573","Shipped","2021-12-09 04:21:45","2021-12-11 12:51:00",NULL,NULL,"15"
"72124","49673","39762","25000","194711","Shipped","2022-08-17 03:52:04","2022-08-17 13:27:00",NULL,NULL,"15"
"72424","49880","39925","12470","195540","Shipped","2020-05-17 15:36:24","2020-05-17 19:48:00",NULL,NULL,"15"
"72668","50052","40058","25004","196223","Shipped","2022-05-06 02:58:40","2022-05-06 00:36:00",NULL,NULL,"15"
"72822","50159","40155","24830","196633","Shipped","2021-12-21 13:15:34","2021-12-18 15:52:00",NULL,NULL,"15"
"73484","50614","40503","9014","198417","Shipped","2020-01-25 10:51:39","2020-01-23 16:45:00",NULL,NULL,"15"
"75109","51759","41407","18446","202797","Shipped","2022-02-18 01:49:14","2022-02-18 09:19:00",NULL,NULL,"15"
"76976","53077","42462","24611","207860","Shipped","2021-12-01 03:54:09","2021-12-01 07:51:00",NULL,NULL,"15"
"77396","53365","42699","25881","208932","Shipped","2022-02-05 12:34:59","2022-02-08 15:52:00",NULL,NULL,"15"
"77876","53693","42955","24656","210244","Shipped","2022-06-27 16:50:26","2022-06-24 03:45:00",NULL,NULL,"15"
"77981","53772","43011","7016","210521","Shipped","2022-08-31 09:48:09","2022-09-01 12:55:00",NULL,NULL,"15"
"78094","53856","43077","11395","210834","Shipped","2021-08-18 06:05:31","2021-08-19 18:22:00",NULL,NULL,"15"
"79124","54555","43645","12470","213637","Shipped","2021-12-05 15:04:52","2021-12-07 13:38:00",NULL,NULL,"15"
"81155","55977","44749","25050","219167","Shipped","2022-01-29 09:30:42","2022-01-28 12:36:00",NULL,NULL,"15"
"81761","56411","45097","25058","220806","Shipped","2022-09-02 02:17:48","2022-09-04 10:10:00",NULL,NULL,"15"
"82266","56772","45400","17032","222147","Shipped","2020-11-18 10:49:36","2020-11-19 05:24:00",NULL,NULL,"15"
"82827","57181","45718","2815","223691","Shipped","2021-03-04 06:18:00","2021-03-04 13:57:00",NULL,NULL,"15"
"83013","57316","45815","15276","224194","Shipped","2022-02-23 04:00:14","2022-02-25 04:50:00",NULL,NULL,"15"
"83936","57966","46354","15276","226710","Shipped","2021-11-19 17:13:24","2021-11-20 22:43:00",NULL,NULL,"15"
"85823","59307","47439","210","231822","Shipped","2021-06-18 05:41:32","2021-06-19 00:36:00",NULL,NULL,"15"
"86588","59822","47862","13510","233899","Shipped","2022-02-04 12:25:49","2022-02-07 10:05:00",NULL,NULL,"15"
"86781","59969","47979","12633","234431","Shipped","2022-08-19 05:39:38","2022-08-20 03:39:00",NULL,NULL,"15"
"86917","60064","48063","6952","234807","Shipped","2022-09-03 12:49:20","2022-09-05 12:36:00",NULL,NULL,"15"
"89435","61812","49487","9474","241588","Shipped","2022-07-09 01:53:23","2022-07-11 06:02:00",NULL,NULL,"15"
"89660","61983","49612","5808","242198","Shipped","2022-05-08 13:43:38","2022-05-05 05:44:00",NULL,NULL,"15"
"90320","62431","49982","13510","243995","Shipped","2022-01-27 00:18:34","2022-01-28 22:18:00",NULL,NULL,"15"
"90702","62682","50186","15416","245041","Shipped","2020-11-26 12:29:03","2020-11-29 07:25:00",NULL,NULL,"15"
"91291","63079","50496","7016","246614","Shipped","2022-07-12 03:17:47","2022-07-14 20:32:00",NULL,NULL,"15"
"92021","63585","50900","24830","248551","Shipped","2019-12-09 07:04:26","2019-12-07 22:17:00",NULL,NULL,"15"
"92075","63623","50936","10214","248693","Shipped","2022-07-27 07:27:32","2022-07-30 01:32:00",NULL,NULL,"15"
"92553","63952","51192","15777","249982","Shipped","2022-03-10 23:10:07","2022-03-11 07:46:00",NULL,NULL,"15"
"93310","64485","51602","6952","252001","Shipped","2022-07-17 07:09:18","2022-07-18 10:31:00",NULL,NULL,"15"
"94717","65431","52350","10970","255866","Shipped","2021-10-27 15:15:17","2021-10-28 07:23:00",NULL,NULL,"15"
"95023","65664","52536","5313","256680","Shipped","2021-05-07 23:20:05","2021-05-08 11:26:00",NULL,NULL,"15"
"95290","65861","52682","9140","257397","Shipped","2019-10-06 22:59:18","2019-10-08 00:58:00",NULL,NULL,"15"
"95766","66191","52929","11034","258702","Shipped","2022-08-11 14:34:25","2022-08-11 11:56:00",NULL,NULL,"15"
"95978","66335","53044","21812","259264","Shipped","2021-10-10 09:51:06","2021-10-13 06:49:00",NULL,NULL,"15"
"96011","66360","53062","26155","259354","Shipped","2021-12-14 02:44:44","2021-12-11 19:35:00",NULL,NULL,"15"
"96166","66465","53136","9315","259764","Shipped","2021-06-23 07:37:48","2021-06-20 08:57:00",NULL,NULL,"15"
"96543","66717","53333","16972","260765","Shipped","2022-09-02 02:26:32","2022-09-02 12:54:00",NULL,NULL,"15"
"96619","66763","53367","2768","260974","Shipped","2022-09-03 01:34:37.174971","2022-09-05 12:02:34.174971",NULL,NULL,"15"
"96643","66779","53379","13595","261037","Shipped","2021-12-01 13:31:28","2021-11-30 15:44:00",NULL,NULL,"15"
"97617","67466","53921","25094","263698","Shipped","2022-03-07 04:14:52","2022-03-07 17:22:00",NULL,NULL,"15"
"97786","67581","54005","4954","264153","Shipped","2022-08-27 14:38:06","2022-08-28 00:57:00",NULL,NULL,"15"
"98617","68139","54460","25093","266405","Shipped","2020-09-08 08:02:00","2020-09-10 02:33:00",NULL,NULL,"15"
"99185","68535","54794","11437","267927","Shipped","2021-02-09 03:53:55","2021-02-11 10:11:00",NULL,NULL,"15"
"99345","68650","54883","10982","268354","Shipped","2022-08-30 12:13:47","2022-08-28 20:42:00",NULL,NULL,"15"
"100258","69293","55408","11243","270770","Shipped","2022-06-06 23:42:38","2022-06-09 04:06:00",NULL,NULL,"15"
"100445","69410","55506","26155","271276","Shipped","2022-09-05 07:36:49","2022-09-05 15:35:00",NULL,NULL,"15"
"100451","69415","55512","9122","271292","Shipped","2022-08-10 06:58:45","2022-08-10 09:43:00",NULL,NULL,"15"
"101336","70029","55986","15541","273677","Shipped","2020-12-31 11:01:45","2020-12-30 04:54:00",NULL,NULL,"15"
"101344","70034","55988","16964","273702","Shipped","2021-10-06 08:06:40","2021-10-06 12:17:00",NULL,NULL,"15"
"101915","70432","56307","8860","275252","Shipped","2022-04-27 07:47:36","2022-04-30 05:57:00",NULL,NULL,"15"
"103192","71304","56995","5808","278727","Shipped","2022-07-24 05:00:04","2022-07-24 08:11:00",NULL,NULL,"15"
"103891","71802","57416","9307","280642","Shipped","2021-04-07 06:12:25","2021-04-06 16:52:00",NULL,NULL,"15"
"105094","72629","58076","25349","283877","Shipped","2020-07-24 02:39:39","2020-07-23 05:06:00",NULL,NULL,"15"
"105420","72839","58261","2768","284732","Shipped","2021-04-08 14:35:00","2021-04-09 09:54:00",NULL,NULL,"15"
"106504","73598","58853","10378","287676","Shipped","2021-12-07 22:57:29","2021-12-10 11:44:00",NULL,NULL,"15"
"106657","73696","58937","12305","288086","Shipped","2021-01-01 13:42:31","2021-01-03 21:43:00",NULL,NULL,"15"
"107400","74195","59318","14487","290088","Shipped","2021-11-04 04:22:27","2021-10-31 13:04:00",NULL,NULL,"15"
"107873","74523","59576","13783","291386","Shipped","2021-01-02 13:30:49","2021-01-02 19:21:00",NULL,NULL,"15"
"110304","76198","60935","11239","297913","Shipped","2022-09-05 07:12:02.508202","2022-09-06 03:45:59.508202",NULL,NULL,"15"
"111962","77334","61874","8860","302394","Shipped","2022-03-30 00:46:56","2022-04-01 03:19:00",NULL,NULL,"15"
"112635","77799","62230","6711","304225","Shipped","2022-07-20 02:08:47","2022-07-21 08:08:00",NULL,NULL,"15"
"112998","78055","62442","11034","305215","Shipped","2022-08-04 08:04:57","2022-08-07 06:40:00",NULL,NULL,"15"
"113583","78468","62755","25349","306768","Shipped","2020-06-04 07:52:51","2020-06-07 00:02:00",NULL,NULL,"15"
"114691","79218","63367","15358","309771","Shipped","2020-08-11 13:37:59","2020-08-13 11:30:00",NULL,NULL,"15"
"115554","79805","63855","1936","312079","Shipped","2021-11-12 10:55:05","2021-11-12 02:27:00",NULL,NULL,"15"
"116458","80419","64376","9148","314538","Shipped","2022-02-28 16:29:53","2022-03-01 18:23:00",NULL,NULL,"15"
"116990","80776","64669","2768","315934","Shipped","2022-06-12 01:53:22","2022-06-13 12:17:00",NULL,NULL,"15"
"118807","82018","65656","11305","320799","Shipped","2022-01-12 08:26:36","2022-01-14 13:46:00",NULL,NULL,"15"
"119233","82304","65896","15319","321928","Shipped","2022-09-03 07:48:46.681869","2022-09-04 15:16:11.681869",NULL,NULL,"15"
"119250","82316","65903","25004","321975","Shipped","2022-07-02 04:52:49","2022-06-28 22:35:00",NULL,NULL,"15"
"119622","82576","66109","9140","322968","Shipped","2022-09-01 17:05:02","2022-09-03 09:46:00",NULL,NULL,"15"
"119730","82658","66169","8954","323250","Shipped","2019-09-06 15:13:34","2019-09-03 04:11:00",NULL,NULL,"15"
"119763","82683","66186","9373","323331","Shipped","2021-07-03 00:26:36","2021-07-01 07:24:00",NULL,NULL,"15"
"120252","82997","66447","15962","324676","Shipped","2020-07-29 11:06:54","2020-07-30 02:02:00",NULL,NULL,"15"
"120421","83109","66540","16646","325152","Shipped","2021-09-26 12:58:17","2021-09-23 21:15:00",NULL,NULL,"15"
"122618","84597","67716","16646","331078","Shipped","2022-03-24 08:10:23","2022-03-24 19:34:00",NULL,NULL,"15"
"122729","84668","67766","9233","331383","Shipped","2022-05-16 10:52:25","2022-05-16 20:45:00",NULL,NULL,"15"
"123194","84992","68009","12630","332630","Shipped","2021-06-24 03:27:51","2021-06-26 03:00:00",NULL,NULL,"15"
"123227","85016","68030","21812","332719","Shipped","2021-08-29 11:08:47","2021-08-31 22:29:00",NULL,NULL,"15"
"124532","85909","68761","6540","336180","Shipped","2021-07-11 10:17:45","2021-07-12 13:25:00",NULL,NULL,"15"
"124734","86060","68876","15319","336744","Shipped","2021-05-07 17:08:19","2021-05-10 05:33:00",NULL,NULL,"15"
"124805","86103","68904","24757","336937","Shipped","2019-12-26 13:46:38","2019-12-28 15:06:00",NULL,NULL,"15"
"125718","86721","69389","25227","339408","Shipped","2021-01-20 09:51:02","2021-01-17 18:53:00",NULL,NULL,"15"
"126515","87272","69847","15591","341592","Shipped","2020-08-11 14:17:58","2020-08-13 02:15:00",NULL,NULL,"15"
"126639","87342","69909","10378","341933","Shipped","2022-08-20 12:10:32","2022-08-23 10:48:00",NULL,NULL,"15"
"127533","87944","70417","15451","344308","Shipped","2022-08-19 02:53:58","2022-08-18 21:16:00",NULL,NULL,"15"
"127904","88213","70643","25004","345341","Shipped","2022-05-23 01:51:55","2022-05-25 23:00:00",NULL,NULL,"15"
"127914","88218","70646","10982","345370","Shipped","2021-10-25 07:38:26","2021-10-26 15:58:00",NULL,NULL,"15"
"128131","88370","70778","24480","345971","Shipped","2022-03-07 05:54:27","2022-03-05 06:44:00",NULL,NULL,"15"
"128285","88475","70874","25227","346385","Shipped","2021-07-26 05:30:08","2021-07-26 11:25:00",NULL,NULL,"15"
"131217","90508","72502","6239","354287","Shipped","2020-04-26 00:06:29","2020-04-24 17:19:00",NULL,NULL,"15"
"131829","90936","72842","11243","355930","Shipped","2022-05-23 07:31:45","2022-05-23 14:06:00",NULL,NULL,"15"
"132346","91298","73109","24757","357365","Shipped","2022-01-02 16:40:20","2021-12-31 09:52:00",NULL,NULL,"15"
"132754","91581","73358","7221","358481","Shipped","2020-11-12 06:32:31","2020-11-13 04:11:00",NULL,NULL,"15"
"132943","91726","73474","24757","358984","Shipped","2022-05-14 06:13:17","2022-05-16 16:13:00",NULL,NULL,"15"
"133317","91992","73681","9148","359982","Shipped","2021-02-26 07:22:12","2021-02-25 13:47:00",NULL,NULL,"15"
"133318","91992","73681","6540","359986","Shipped","2021-02-28 08:39:33","2021-02-25 13:47:00",NULL,NULL,"15"
"135582","93564","74966","4829","366122","Shipped","2022-05-11 03:49:07","2022-05-11 05:31:00",NULL,NULL,"15"
"135594","93572","74974","9421","366155","Shipped","2022-01-03 02:17:12","2022-01-02 15:33:00",NULL,NULL,"15"
"137771","95069","76212","6540","371989","Shipped","2020-09-16 12:29:31","2020-09-13 05:56:00",NULL,NULL,"15"
"138872","95832","76838","10870","375002","Shipped","2022-08-18 07:49:29","2022-08-19 01:08:00",NULL,NULL,"15"
"139605","96305","77242","4954","376979","Shipped","2019-04-23 14:28:19","2019-04-22 19:33:00",NULL,NULL,"15"
"140069","96628","77485","12633","378214","Shipped","2021-12-05 14:32:26","2021-12-05 08:29:00",NULL,NULL,"15"
"140587","96983","77784","9122","379605","Shipped","2021-08-02 15:04:11","2021-08-05 12:20:00",NULL,NULL,"15"
"141852","97845","78448","7221","383001","Shipped","2022-09-03 03:48:32.610799","2022-09-05 14:01:43.610799",NULL,NULL,"15"
"142954","98636","79075","15777","385978","Shipped","2020-05-09 15:21:43","2020-05-10 22:06:00",NULL,NULL,"15"
"142985","98660","79093","10214","386066","Shipped","2020-03-23 03:07:18","2020-03-25 04:47:00",NULL,NULL,"15"
"143270","98861","79272","10378","386833","Shipped","2022-09-01 13:33:13","2022-08-31 12:33:00",NULL,NULL,"15"
"143872","99273","79599","24766","388446","Shipped","2020-09-28 17:16:38","2020-09-28 02:02:00",NULL,NULL,"15"
"144417","99640","79889","1936","389923","Shipped","2022-04-20 22:57:58","2022-04-22 00:57:00",NULL,NULL,"15"
"145788","100596","80698","9234","393670","Shipped","2022-08-27 23:45:42","2022-08-25 16:56:00",NULL,NULL,"15"
"145790","100596","80698","11401","393674","Shipped","2022-08-28 01:49:11","2022-08-25 16:56:00",NULL,NULL,"15"
"146368","100990","81028","6239","395241","Shipped","2022-04-24 23:50:38","2022-04-25 21:48:00",NULL,NULL,"15"
"146431","101034","81059","11034","395406","Shipped","2022-03-08 02:44:10","2022-03-07 16:05:00",NULL,NULL,"15"
"147207","101564","81468","25905","397471","Shipped","2021-06-03 15:49:56","2021-06-03 14:33:00",NULL,NULL,"15"
"147358","101670","81542","9159","397880","Shipped","2019-06-24 23:16:32","2019-06-26 10:15:00",NULL,NULL,"15"
"147599","101854","81694","11178","398526","Shipped","2019-10-30 00:28:02","2019-10-30 12:25:00",NULL,NULL,"15"
"147959","102101","81898","15422","399498","Shipped","2022-08-03 18:12:07","2022-08-05 07:27:00",NULL,NULL,"15"
"148177","102249","82024","2768","400092","Shipped","2021-04-04 05:26:14","2021-04-04 11:45:00",NULL,NULL,"15"
"148347","102371","82116","16646","400563","Shipped","2022-09-06 03:05:36","2022-09-05 03:33:00",NULL,NULL,"15"
"148426","102416","82158","15570","400782","Shipped","2021-12-25 10:58:13","2021-12-24 21:15:00",NULL,NULL,"15"
"148642","102564","82275","24611","401385","Shipped","2021-06-16 09:18:25","2021-06-18 10:17:00",NULL,NULL,"15"
"150836","104089","83506","16964","407377","Shipped","2022-01-13 12:14:48","2022-01-16 08:36:00",NULL,NULL,"15"
"151434","104481","83830","18578","408981","Shipped","2020-09-01 12:08:59","2020-08-31 06:39:00",NULL,NULL,"15"
"151572","104567","83897","9140","409358","Shipped","2022-09-03 04:20:00","2022-09-03 18:43:00",NULL,NULL,"15"
"152246","105044","84297","11395","411166","Shipped","2021-04-23 10:54:40","2021-04-21 19:53:00",NULL,NULL,"15"
"153066","105598","84726","11305","413356","Shipped","2022-03-06 05:26:55","2022-03-08 02:54:00",NULL,NULL,"15"
"153687","106036","85055","9225","415025","Shipped","2022-09-04 15:52:56","2022-09-06 13:24:00",NULL,NULL,"15"
"154528","106626","85529","9039","417271","Shipped","2021-06-20 02:55:04","2021-06-17 15:18:00",NULL,NULL,"15"
"154681","106728","85629","6711","417692","Shipped","2022-08-31 14:50:30","2022-08-31 00:52:00",NULL,NULL,"15"
"154778","106798","85694","22097","417942","Shipped","2022-09-01 07:54:33.539406","2022-09-02 23:58:59.539406",NULL,NULL,"15"
"156782","108139","86735","18446","423314","Shipped","2022-05-03 01:08:00","2022-05-04 03:44:00",NULL,NULL,"15"
"157623","108712","87178","8934","425584","Shipped","2021-09-28 11:43:04","2021-09-30 14:34:00",NULL,NULL,"15"
"158215","109127","87520","24558","427166","Shipped","2021-07-14 14:30:51","2021-07-17 10:16:00",NULL,NULL,"15"
"158554","109370","87710","8807","428082","Shipped","2022-04-26 05:43:20","2022-04-28 06:20:00",NULL,NULL,"15"
"159100","109754","88022","11034","429555","Shipped","2022-08-29 05:06:56","2022-08-30 17:25:00",NULL,NULL,"15"
"160057","110417","88555","25050","432151","Shipped","2021-11-12 00:14:28","2021-11-13 11:00:00",NULL,NULL,"15"
"160546","110759","88817","25342","433487","Shipped","2021-01-22 15:13:23","2021-01-22 18:36:00",NULL,NULL,"15"
"160756","110898","88918","9315","434044","Shipped","2022-01-10 01:07:22","2022-01-09 19:32:00",NULL,NULL,"15"
"161146","111152","89111","25050","435083","Shipped","2022-07-31 01:49:33","2022-08-01 08:43:00",NULL,NULL,"15"
"161339","111291","89232","9421","435608","Shipped","2022-03-12 02:40:34","2022-03-13 04:20:00",NULL,NULL,"15"
"161439","111357","89282","25050","435890","Shipped","2022-08-26 07:47:08","2022-08-29 08:25:00",NULL,NULL,"15"
"161552","111438","89350","9159","436192","Shipped","2020-10-27 02:30:31","2020-10-29 05:25:00",NULL,NULL,"15"
"162386","111996","89790","24561","438483","Shipped","2022-03-30 07:57:09","2022-03-30 10:05:00",NULL,NULL,"15"
"163143","112523","90230","25000","440529","Shipped","2022-03-26 02:53:44","2022-03-27 23:25:00",NULL,NULL,"15"
"163369","112686","90358","24667","441134","Shipped","2022-07-30 08:20:19","2022-07-29 01:02:00",NULL,NULL,"15"
"163486","112770","90425","10214","441450","Shipped","2021-02-20 02:44:27","2021-02-22 18:23:00",NULL,NULL,"15"
"163599","112851","90486","11498","441764","Shipped","2021-09-05 00:28:19","2021-09-06 09:02:00",NULL,NULL,"15"
"164025","113141","90731","210","442940","Shipped","2021-11-08 13:24:11","2021-11-08 15:25:00",NULL,NULL,"15"
"164738","113631","91106","20089","444901","Shipped","2021-10-24 21:03:01","2021-10-26 01:18:00",NULL,NULL,"15"
"165172","113908","91326","5808","446085","Shipped","2022-07-18 05:40:08","2022-07-16 17:35:00",NULL,NULL,"15"
"165471","114120","91489","12633","446902","Shipped","2022-04-04 13:18:18","2022-04-06 05:39:00",NULL,NULL,"15"
"166308","114697","91951","25658","449169","Shipped","2022-06-24 05:07:29","2022-06-25 14:29:00",NULL,NULL,"15"
"166605","114890","92103","25012","449969","Shipped","2022-05-25 00:06:54","2022-05-24 20:29:00",NULL,NULL,"15"
"166660","114931","92134","11498","450113","Shipped","2022-01-16 09:19:25","2022-01-19 10:29:00",NULL,NULL,"15"
"167013","115175","92314","25229","451066","Shipped","2022-08-01 02:52:54","2022-07-29 17:43:00",NULL,NULL,"15"
"167060","115210","92341","28909","451187","Shipped","2022-08-17 03:39:51","2022-08-18 09:50:00",NULL,NULL,"15"
"167191","115295","92412","9225","451543","Shipped","2021-01-07 13:37:54","2021-01-07 18:43:00",NULL,NULL,"15"
"167444","115468","92554","8898","452209","Shipped","2022-08-17 22:35:32","2022-08-18 07:25:00",NULL,NULL,"15"
"168824","116428","93342","9373","455897","Shipped","2022-01-14 15:06:28","2022-01-13 18:49:00",NULL,NULL,"15"
"169177","116683","93554","25881","456851","Shipped","2021-02-19 08:01:52","2021-02-21 21:04:00",NULL,NULL,"15"
"169744","117057","93861","15591","458382","Shipped","2022-06-04 10:12:56","2022-06-04 07:48:00",NULL,NULL,"15"
"170813","117763","94440","24479","461323","Shipped","2022-07-05 11:09:31","2022-07-02 02:01:00",NULL,NULL,"15"
"173009","119311","95636","25093","467291","Shipped","2021-12-01 02:13:03","2021-11-28 13:04:00",NULL,NULL,"15"
"173046","119343","95663","12696","467389","Shipped","2022-01-16 05:19:00","2022-01-18 00:05:00",NULL,NULL,"15"
"173106","119387","95709","26155","467547","Shipped","2021-07-14 05:01:11","2021-07-12 03:24:00",NULL,NULL,"15"
"173237","119478","95789","15416","467882","Shipped","2022-07-17 09:07:05","2022-07-18 00:10:00",NULL,NULL,"15"
"173661","119781","96048","11394","468981","Shipped","2022-07-19 02:07:21","2022-07-15 22:20:00",NULL,NULL,"15"
"173825","119892","96141","24593","469405","Shipped","2022-04-27 23:06:35","2022-04-29 01:19:00",NULL,NULL,"15"
"174474","120333","96488","8898","471148","Shipped","2021-01-24 05:22:03","2021-01-25 23:00:00",NULL,NULL,"15"
"174513","120364","96513","25881","471253","Shipped","2020-08-25 09:25:09","2020-08-27 09:22:00",NULL,NULL,"15"
"174853","120584","96686","16964","472186","Shipped","2022-01-06 03:03:09","2022-01-04 02:04:00",NULL,NULL,"15"
"175132","120768","96827","15358","472959","Shipped","2020-07-14 14:49:23","2020-07-16 17:07:00",NULL,NULL,"15"
"175690","121168","97162","16964","474484","Shipped","2020-06-08 11:07:07","2020-06-10 10:41:00",NULL,NULL,"15"
"176395","121647","97564","25227","476393","Shipped","2022-05-09 08:23:12","2022-05-11 03:40:00",NULL,NULL,"15"
"178107","122841","98531","11305","480992","Shipped","2020-07-21 10:43:17","2020-07-22 08:46:00",NULL,NULL,"15"
"178500","123123","98758","18446","482054","Shipped","2022-02-16 04:37:17","2022-02-17 03:41:00",NULL,NULL,"15"
"179822","124011","99462","9234","485598","Shipped","2022-08-06 01:08:18","2022-08-02 16:01:00",NULL,NULL,"15"
"180800","124701","99993","25349","488248","Shipped","2021-10-16 03:41:20","2021-10-17 11:52:00",NULL,NULL,"15"
"2906","1985","1597","25227","7863","Complete","2022-07-12 23:19:15","2022-07-14 11:02:00","2022-07-17 01:08:00",NULL,"15"
"3278","2230","1789","24646","8875","Complete","2022-03-27 08:49:16","2022-03-29 07:53:00","2022-03-31 13:51:00",NULL,"15"
"3303","2243","1799","8899","8939","Complete","2022-03-30 14:13:11","2022-03-27 11:15:00","2022-04-01 00:35:00",NULL,"15"
"4121","2798","2248","11403","11163","Complete","2020-10-22 00:35:42","2020-10-22 02:53:00","2020-10-24 21:10:00",NULL,"15"
"4481","3066","2479","12630","12151","Complete","2022-02-19 01:40:46","2022-02-19 04:06:00","2022-02-22 07:21:00",NULL,"15"
"5331","3641","2973","25012","14433","Complete","2021-07-20 09:39:37","2021-07-21 18:06:00","2021-07-25 13:27:00",NULL,"15"
"6308","4304","3496","12338","17066","Complete","2021-11-06 13:39:02","2021-11-03 15:54:00","2021-11-03 21:47:00",NULL,"15"
"7688","5269","4267","9159","20850","Complete","2022-08-20 00:59:09","2022-08-17 17:48:00","2022-08-20 16:35:00",NULL,"15"
"8132","5575","4512","735","22059","Complete","2021-12-14 08:23:55","2021-12-13 10:29:00","2021-12-13 12:53:00",NULL,"15"
"8620","5909","4782","12630","23389","Complete","2022-09-04 00:18:13","2022-09-03 06:41:00","2022-09-05 22:32:00",NULL,"15"
"8768","6016","4868","9122","23778","Complete","2020-03-07 09:58:38","2020-03-10 08:51:00","2020-03-14 19:28:00",NULL,"15"
"9253","6346","5143","11405","25089","Complete","2020-03-18 09:34:22","2020-03-18 18:51:00","2020-03-21 23:53:00",NULL,"15"
"10265","7066","5753","25905","27836","Complete","2020-12-03 15:13:23","2020-12-03 22:19:00","2020-12-04 10:10:00",NULL,"15"
"10267","7067","5755","1936","27841","Complete","2022-07-06 01:27:54","2022-07-06 21:45:00","2022-07-07 05:52:00",NULL,"15"
"11066","7612","6178","9140","29987","Complete","2021-02-27 07:34:08","2021-02-28 17:08:00","2021-03-01 02:04:00",NULL,"15"
"12023","8303","6710","11395","32591","Complete","2021-12-16 12:21:19","2021-12-18 12:30:00","2021-12-22 06:51:00",NULL,"15"
"12420","8563","6912","25229","33658","Complete","2021-10-17 09:42:23","2021-10-14 23:16:00","2021-10-19 10:43:00",NULL,"15"
"12517","8624","6958","11178","33919","Complete","2020-05-26 00:57:36","2020-05-27 00:01:00","2020-05-28 12:43:00",NULL,"15"
"12875","8887","7173","25342","34883","Complete","2022-08-09 13:04:07","2022-08-09 22:47:00","2022-08-10 15:36:00",NULL,"15"
"14159","9745","7862","2815","38370","Complete","2022-06-27 14:40:31","2022-06-28 15:36:00","2022-07-02 18:49:00",NULL,"15"
"16623","11437","9200","13510","44993","Complete","2021-09-20 01:57:05","2021-09-18 04:58:00","2021-09-23 01:19:00",NULL,"15"
"17118","11785","9476","13783","46348","Complete","2022-03-28 16:33:22","2022-03-29 14:30:00","2022-04-02 10:52:00",NULL,"15"
"17248","11872","9538","8899","46702","Complete","2022-05-30 21:38:12","2022-05-30 02:02:00","2022-06-04 01:54:00",NULL,"15"
"17526","12059","9692","5212","47484","Complete","2021-05-14 09:09:36","2021-05-12 19:00:00","2021-05-15 05:45:00",NULL,"15"
"19966","13738","11016","25229","54035","Complete","2022-07-06 17:46:57","2022-07-06 20:28:00","2022-07-06 23:04:00",NULL,"15"
"20394","14024","11240","25342","55205","Complete","2022-06-13 11:11:47","2022-06-12 23:29:00","2022-06-15 21:54:00",NULL,"15"
"22016","15139","12089","10970","59509","Complete","2021-05-12 06:00:30","2021-05-13 21:53:00","2021-05-14 00:07:00",NULL,"15"
"23184","15956","12753","15416","62661","Complete","2022-08-20 15:41:41","2022-08-17 18:29:00","2022-08-21 16:55:00",NULL,"15"
"24491","16850","13465","9233","66191","Complete","2021-03-17 05:10:43","2021-03-17 05:21:00","2021-03-21 02:56:00",NULL,"15"
"25954","17883","14294","11437","70129","Complete","2021-09-22 23:38:11","2021-09-25 08:25:00","2021-09-27 14:14:00",NULL,"15"
"27411","18884","15108","10416","74100","Complete","2021-12-27 09:20:49","2021-12-25 23:20:00","2021-12-25 23:50:00",NULL,"15"
"27866","19206","15362","11403","75335","Complete","2022-02-13 10:49:03","2022-02-15 18:00:00","2022-02-17 11:12:00",NULL,"15"
"28354","19537","15622","16646","76652","Complete","2021-11-15 05:19:02","2021-11-13 07:27:00","2021-11-13 18:27:00",NULL,"15"
"28481","19611","15679","12549","76990","Complete","2021-02-28 03:41:39","2021-02-28 06:43:00","2021-03-04 13:22:00",NULL,"15"
"28626","19707","15757","8807","77374","Complete","2020-10-01 23:11:09","2020-09-30 14:47:00","2020-10-02 02:39:00",NULL,"15"
"28701","19762","15798","21812","77573","Complete","2021-04-18 10:37:49","2021-04-18 20:01:00","2021-04-19 05:33:00",NULL,"15"
"29072","20013","15983","15276","78600","Complete","2022-01-12 05:42:52","2022-01-14 07:15:00","2022-01-17 12:22:00",NULL,"15"
"29391","20237","16176","8873","79448","Complete","2022-08-23 18:16:58","2022-08-26 03:16:00","2022-08-27 03:25:00",NULL,"15"
"30028","20682","16543","5662","81179","Complete","2022-03-15 09:18:38","2022-03-16 09:07:00","2022-03-19 03:07:00",NULL,"15"
"30454","20977","16801","9233","82344","Complete","2022-07-18 01:30:33","2022-07-19 17:47:00","2022-07-20 09:11:00",NULL,"15"
"31261","21507","17217","210","84488","Complete","2021-08-26 07:20:43","2021-08-28 23:41:00","2021-09-02 13:33:00",NULL,"15"
"31377","21590","17270","21812","84802","Complete","2020-05-26 12:00:05","2020-05-27 11:01:00","2020-05-30 22:18:00",NULL,"15"
"33154","22827","18217","18061","89561","Complete","2022-07-29 03:07:40","2022-07-27 10:14:00","2022-07-29 09:52:00",NULL,"15"
"34280","23599","18832","15722","92609","Complete","2022-09-01 01:34:32.87447","2022-09-01 05:33:17.87447","2022-09-05 16:05:17.87447",NULL,"15"
"34301","23612","18841","18423","92662","Complete","2022-05-02 14:23:30","2022-05-04 13:01:00","2022-05-09 03:00:00",NULL,"15"
"35092","24150","19278","6972","94801","Complete","2021-03-08 01:25:51","2021-03-05 09:26:00","2021-03-09 06:58:00",NULL,"15"
"36145","24889","19894","24830","97607","Complete","2020-08-31 02:14:45","2020-09-01 04:39:00","2020-09-03 03:01:00",NULL,"15"
"36480","25119","20084","24667","98488","Complete","2022-02-01 16:13:19","2022-02-03 17:06:00","2022-02-07 16:07:00",NULL,"15"
"36876","25381","20294","18578","99561","Complete","2022-09-03 16:27:32","2022-09-05 08:18:00","2022-09-09 17:59:00",NULL,"15"
"37225","25634","20484","6540","100512","Complete","2022-08-08 05:31:06","2022-08-10 05:27:00","2022-08-12 16:05:00",NULL,"15"
"38103","26232","20959","9373","102862","Complete","2022-08-07 15:40:47","2022-08-09 19:56:00","2022-08-12 09:12:00",NULL,"15"
"38234","26325","21033","9122","103221","Complete","2020-07-06 14:14:27","2020-07-08 15:15:00","2020-07-11 07:56:00",NULL,"15"
"38603","26588","21246","11393","104219","Complete","2021-10-24 15:13:17","2021-10-24 06:40:00","2021-10-25 19:42:00",NULL,"15"
"38610","26593","21250","11034","104238","Complete","2021-07-14 00:23:49","2021-07-14 14:50:00","2021-07-17 15:49:00",NULL,"15"
"39856","27442","21914","11243","107594","Complete","2022-06-20 13:53:47","2022-06-18 09:56:00","2022-06-20 10:48:00",NULL,"15"
"44457","30602","24425","2953","120074","Complete","2021-02-15 12:40:50","2021-02-16 07:41:00","2021-02-17 20:40:00",NULL,"15"
"44842","30860","24636","7221","121117","Complete","2020-10-01 21:56:57","2020-10-02 04:29:00","2020-10-04 18:58:00",NULL,"15"
"44843","30860","24636","9140","121121","Complete","2020-10-02 21:25:21","2020-10-02 04:29:00","2020-10-04 18:58:00",NULL,"15"
"45801","31532","25164","20089","123667","Complete","2022-06-25 10:10:00","2022-06-25 00:13:00","2022-06-28 05:39:00",NULL,"15"
"45839","31559","25182","25349","123762","Complete","2022-06-30 14:26:42","2022-06-26 21:38:00","2022-06-30 10:16:00",NULL,"15"
"45865","31574","25190","25058","123830","Complete","2022-09-06 01:04:02","2022-09-05 22:49:00","2022-09-09 09:34:00",NULL,"15"
"46462","31984","25537","26191","125468","Complete","2022-07-10 15:17:45","2022-07-12 19:47:00","2022-07-15 10:13:00",NULL,"15"
"46553","32054","25591","10870","125699","Complete","2022-05-17 11:10:08","2022-05-14 22:37:00","2022-05-17 12:45:00",NULL,"15"
"48098","33128","26469","8403","129833","Complete","2022-08-07 04:43:21","2022-08-07 19:43:00","2022-08-08 01:08:00",NULL,"15"
"48595","33476","26739","11393","131150","Complete","2022-01-10 05:38:43","2022-01-12 18:45:00","2022-01-16 14:46:00",NULL,"15"
"49353","33986","27141","8934","133211","Complete","2022-05-26 03:42:25","2022-05-27 16:19:00","2022-05-29 22:08:00",NULL,"15"
"49791","34296","27382","25000","134404","Complete","2021-12-16 09:42:45","2021-12-15 02:43:00","2021-12-17 07:11:00",NULL,"15"
"50022","34451","27513","25050","135031","Complete","2022-07-04 12:12:24","2022-07-06 18:13:00","2022-07-09 20:59:00",NULL,"15"
"50387","34707","27708","10982","136013","Complete","2020-05-24 01:32:51","2020-05-26 01:45:00","2020-05-28 05:53:00",NULL,"15"
"51286","35350","28223","12549","138423","Complete","2022-04-07 16:25:39","2022-04-07 20:37:00","2022-04-07 21:03:00",NULL,"15"
"51606","35574","28427","9233","139299","Complete","2022-01-03 09:37:26","2022-01-06 07:17:00","2022-01-08 05:41:00",NULL,"15"
"55455","38220","30541","24830","149630","Complete","2021-06-05 11:21:43","2021-06-08 05:12:00","2021-06-09 23:02:00",NULL,"15"
"56764","39125","31282","24646","153214","Complete","2020-08-21 03:21:50","2020-08-21 16:36:00","2020-08-25 00:50:00",NULL,"15"
"58337","40221","32134","1936","157441","Complete","2021-05-30 11:29:43","2021-06-01 02:18:00","2021-06-01 11:42:00",NULL,"15"
"59377","40913","32679","11305","160265","Complete","2021-04-15 10:06:08","2021-04-14 02:48:00","2021-04-15 23:07:00",NULL,"15"
"59996","41330","33016","25004","161974","Complete","2022-04-29 05:48:32","2022-04-29 20:29:00","2022-05-03 20:21:00",NULL,"15"
"61576","42405","33900","7299","166222","Complete","2021-09-11 13:28:43","2021-09-09 17:00:00","2021-09-12 08:24:00",NULL,"15"
"61765","42534","34017","9421","166741","Complete","2020-10-26 03:49:15","2020-10-26 18:01:00","2020-10-27 01:13:00",NULL,"15"
"61766","42535","34017","8873","166745","Complete","2020-12-07 06:07:03","2020-12-07 21:30:00","2020-12-10 00:51:00",NULL,"15"
"61873","42606","34065","18578","167038","Complete","2021-10-04 22:56:44","2021-10-07 22:14:00","2021-10-12 04:31:00",NULL,"15"
"62003","42701","34143","8934","167374","Complete","2022-03-01 23:19:29","2022-03-03 01:08:00","2022-03-06 02:14:00",NULL,"15"
"62406","42979","34355","5662","168460","Complete","2022-05-08 14:08:54","2022-05-08 21:33:00","2022-05-10 12:07:00",NULL,"15"
"62476","43024","34400","11395","168654","Complete","2022-06-22 08:34:11","2022-06-24 08:21:00","2022-06-25 21:13:00",NULL,"15"
"63927","44005","35198","9039","172574","Complete","2022-05-05 16:15:40","2022-05-06 16:18:00","2022-05-11 14:54:00",NULL,"15"
"65038","44772","35806","9474","175621","Complete","2022-08-23 01:41:28","2022-08-25 05:11:00","2022-08-25 07:58:00",NULL,"15"
"66777","45944","36744","9140","180294","Complete","2021-07-08 07:03:32","2021-07-07 01:51:00","2021-07-07 18:36:00",NULL,"15"
"66958","46063","36836","12688","180792","Complete","2022-01-01 10:46:59","2022-01-03 14:47:00","2022-01-05 03:08:00",NULL,"15"
"67223","46250","36984","14487","181529","Complete","2022-07-24 13:49:00","2022-07-27 16:27:00","2022-07-29 00:05:00",NULL,"15"
"67370","46355","37070","25881","181925","Complete","2022-04-16 06:53:27","2022-04-15 04:30:00","2022-04-17 07:55:00",NULL,"15"
"67502","46446","37148","9159","182268","Complete","2022-09-04 22:04:27","2022-09-04 01:24:00","2022-09-06 05:41:00",NULL,"15"
"67710","46595","37280","9225","182827","Complete","2022-07-06 07:00:39","2022-07-04 18:27:00","2022-07-05 05:35:00",NULL,"15"
"67990","46781","37422","24463","183575","Complete","2022-07-24 10:10:41","2022-07-26 19:49:00","2022-07-31 13:18:00",NULL,"15"
"68620","47228","37771","15451","185240","Complete","2022-04-08 02:21:26","2022-04-10 10:25:00","2022-04-14 12:15:00",NULL,"15"
"70989","48873","39103","735","191649","Complete","2021-12-24 05:11:06","2021-12-24 18:50:00","2021-12-25 02:36:00",NULL,"15"
"71076","48934","39149","9307","191883","Complete","2021-04-18 12:30:05","2021-04-15 23:01:00","2021-04-16 17:47:00",NULL,"15"
"72027","49609","39715","18423","194441","Complete","2022-01-11 12:55:00","2022-01-13 07:52:00","2022-01-18 03:15:00",NULL,"15"
"73428","50576","40472","24830","198264","Complete","2021-10-02 04:27:38","2021-10-04 20:29:00","2021-10-06 15:46:00",NULL,"15"
"74996","51675","41348","5212","202488","Complete","2022-04-19 00:15:41","2022-04-16 14:20:00","2022-04-18 00:43:00",NULL,"15"
"75795","52234","41826","15358","204655","Complete","2020-05-17 07:12:42","2020-05-19 01:12:00","2020-05-23 12:03:00",NULL,"15"
"76108","52449","41977","12617","205520","Complete","2022-04-27 03:13:19","2022-04-29 00:04:00","2022-05-02 10:19:00",NULL,"15"
"77198","53222","42588","15276","208428","Complete","2022-03-03 08:43:23","2022-03-05 07:14:00","2022-03-07 08:22:00",NULL,"15"
"78278","53981","43184","24473","211327","Complete","2022-07-07 04:36:38","2022-07-07 10:12:00","2022-07-11 09:05:00",NULL,"15"
"78634","54209","43398","15358","212285","Complete","2021-06-29 04:38:15","2021-06-29 09:29:00","2021-07-03 18:08:00",NULL,"15"
"78932","54422","43548","11243","213094","Complete","2022-05-20 18:00:28","2022-05-20 16:57:00","2022-05-23 08:56:00",NULL,"15"
"78936","54423","43548","15422","213104","Complete","2021-12-24 18:08:27","2021-12-23 04:52:00","2021-12-23 17:52:00",NULL,"15"
"79693","54960","43958","11178","215185","Complete","2022-08-23 11:28:51","2022-08-21 12:16:00","2022-08-23 15:28:00",NULL,"15"
"80815","55734","44553","7023","218266","Complete","2021-09-22 06:52:39","2021-09-24 07:03:00","2021-09-27 19:20:00",NULL,"15"
"81484","56216","44929","5212","220056","Complete","2021-08-23 23:21:57","2021-08-25 14:03:00","2021-08-25 19:23:00",NULL,"15"
"81954","56540","45198","26191","221313","Complete","2020-07-27 07:54:29","2020-07-26 02:10:00","2020-07-27 00:56:00",NULL,"15"
"82295","56796","45419","24757","222230","Complete","2021-03-04 00:11:49","2021-03-04 13:06:00","2021-03-08 06:33:00",NULL,"15"
"82562","56989","45566","24757","222969","Complete","2020-09-03 21:41:06","2020-09-05 22:15:00","2020-09-07 13:19:00",NULL,"15"
"83248","57488","45957","5808","224842","Complete","2022-07-22 14:27:08","2022-07-22 08:19:00","2022-07-26 08:26:00",NULL,"15"
"84806","58587","46855","24611","229062","Complete","2022-06-02 02:49:25","2022-06-03 04:53:00","2022-06-04 02:03:00",NULL,"15"
"85874","59344","47475","10985","231961","Complete","2021-07-16 12:47:23","2021-07-19 06:18:00","2021-07-24 05:10:00",NULL,"15"
"86834","60003","48008","10970","234584","Complete","2022-03-28 06:37:48","2022-03-27 07:16:00","2022-03-27 18:48:00",NULL,"15"
"87171","60236","48206","9373","235493","Complete","2021-11-30 21:24:30","2021-12-01 14:44:00","2021-12-02 04:57:00",NULL,"15"
"88273","61001","48840","24479","238459","Complete","2022-01-13 11:50:55","2022-01-11 07:04:00","2022-01-14 06:57:00",NULL,"15"
"90493","62547","50068","18423","244462","Complete","2020-05-18 01:56:32","2020-05-20 08:29:00","2020-05-21 20:52:00",NULL,"15"
"92234","63731","51025","3032","249123","Complete","2020-01-25 07:30:09","2020-01-22 22:21:00","2020-01-25 15:31:00",NULL,"15"
"92275","63754","51043","7221","249232","Complete","2020-09-05 13:58:07","2020-09-07 22:46:00","2020-09-10 03:26:00",NULL,"15"
"93343","64505","51622","13323","252093","Complete","2021-09-15 23:02:33","2021-09-15 08:05:00","2021-09-15 22:21:00",NULL,"15"
"93973","64926","51958","22097","253821","Complete","2021-09-24 16:39:07","2021-09-22 22:35:00","2021-09-27 08:41:00",NULL,"15"
"95498","66012","52800","10378","257968","Complete","2021-05-07 13:02:40","2021-05-07 00:46:00","2021-05-07 20:54:00",NULL,"15"
"96474","66671","53298","24611","260594","Complete","2022-05-05 23:58:40","2022-05-04 08:34:00","2022-05-04 23:31:00",NULL,"15"
"96556","66724","53339","25058","260801","Complete","2022-06-07 06:36:28","2022-06-09 00:26:00","2022-06-09 14:45:00",NULL,"15"
"96709","66822","53415","18446","261215","Complete","2021-05-09 04:08:32","2021-05-11 21:33:00","2021-05-16 09:40:00",NULL,"15"
"97356","67286","53764","15962","262975","Complete","2020-10-03 01:35:37","2020-09-30 05:04:00","2020-10-03 08:56:00",NULL,"15"
"98361","67965","54324","9421","265712","Complete","2022-01-17 12:52:01","2022-01-18 12:06:00","2022-01-23 07:39:00",NULL,"15"
"98558","68096","54428","12627","266243","Complete","2021-03-28 13:16:41","2021-03-28 19:46:00","2021-04-01 04:52:00",NULL,"15"
"99000","68406","54695","4829","267429","Complete","2022-04-10 03:44:46","2022-04-09 22:40:00","2022-04-11 19:14:00",NULL,"15"
"99805","68986","55155","25004","269578","Complete","2021-11-04 05:43:08","2021-11-02 14:36:00","2021-11-03 11:25:00",NULL,"15"
"101044","69829","55844","25004","272897","Complete","2021-11-08 00:19:59","2021-11-06 22:27:00","2021-11-08 00:48:00",NULL,"15"
"101841","70379","56273","15276","275042","Complete","2022-05-16 09:59:42","2022-05-17 13:45:00","2022-05-17 21:17:00",NULL,"15"
"102402","70756","56571","15962","276611","Complete","2019-12-13 04:18:28","2019-12-13 21:03:00","2019-12-15 14:31:00",NULL,"15"
"102694","70951","56714","25004","277386","Complete","2022-07-27 05:31:08","2022-07-27 19:58:00","2022-07-30 15:01:00",NULL,"15"
"102866","71072","56811","5212","277844","Complete","2021-12-19 02:28:52","2021-12-21 14:30:00","2021-12-25 21:34:00",NULL,"15"
"102876","71081","56819","15962","277871","Complete","2022-08-15 14:59:19","2022-08-16 08:41:00","2022-08-18 09:23:00",NULL,"15"
"103193","71305","56997","24561","278731","Complete","2022-01-07 06:15:22","2022-01-05 19:08:00","2022-01-10 04:46:00",NULL,"15"
"103371","71430","57100","11239","279224","Complete","2020-06-28 10:12:45","2020-07-01 08:30:00","2020-07-01 13:02:00",NULL,"15"
"103894","71804","57418","11393","280651","Complete","2022-07-06 13:27:50","2022-07-05 01:00:00","2022-07-09 00:06:00",NULL,"15"
"105159","72673","58112","15422","284041","Complete","2020-10-07 05:58:00","2020-10-10 07:43:00","2020-10-15 05:46:00",NULL,"15"
"105270","72748","58177","22097","284324","Complete","2022-02-06 02:34:25","2022-02-07 01:13:00","2022-02-07 10:37:00",NULL,"15"
"105376","72817","58247","4954","284618","Complete","2022-04-13 09:33:07","2022-04-15 20:56:00","2022-04-19 20:08:00",NULL,"15"
"105894","73178","58540","11437","286040","Complete","2022-06-11 06:41:50","2022-06-11 10:58:00","2022-06-15 11:00:00",NULL,"15"
"107988","74599","59637","14311","291706","Complete","2022-08-27 23:33:53","2022-08-27 23:44:00","2022-08-30 02:51:00",NULL,"15"
"108210","74756","59780","11498","292319","Complete","2020-08-19 10:39:13","2020-08-18 22:19:00","2020-08-21 21:08:00",NULL,"15"
"111281","76876","61503","6972","300535","Complete","2021-10-29 14:24:31","2021-10-31 07:07:00","2021-11-01 07:25:00",NULL,"15"
"111356","76925","61546","12696","300746","Complete","2019-03-18 07:44:11","2019-03-20 11:13:00","2019-03-20 23:42:00",NULL,"15"
"112680","77827","62247","15451","304342","Complete","2022-08-13 04:07:15","2022-08-13 09:01:00","2022-08-15 00:34:00",NULL,"15"
"113950","78705","62944","13221","307769","Complete","2022-04-17 13:55:27","2022-04-19 01:48:00","2022-04-23 14:44:00",NULL,"15"
"113962","78713","62952","15591","307800","Complete","2022-08-16 14:36:50","2022-08-17 20:39:00","2022-08-20 14:22:00",NULL,"15"
"114110","78820","63049","15722","308187","Complete","2022-01-25 21:45:44","2022-01-24 07:44:00","2022-01-28 23:57:00",NULL,"15"
"114683","79211","63364","12617","309749","Complete","2021-10-28 12:28:46","2021-10-28 03:53:00","2021-10-29 21:20:00",NULL,"15"
"116002","80110","64124","24656","313300","Complete","2020-04-15 02:31:43","2020-04-15 22:51:00","2020-04-18 04:40:00",NULL,"15"
"116257","80276","64261","24757","313989","Complete","2021-04-29 11:10:43","2021-04-27 02:04:00","2021-04-28 07:49:00",NULL,"15"
"116641","80530","64475","12082","315032","Complete","2022-08-16 12:55:25","2022-08-17 07:35:00","2022-08-21 04:01:00",NULL,"15"
"116937","80734","64636","6727","315794","Complete","2022-02-19 08:56:12","2022-02-17 23:03:00","2022-02-19 11:55:00",NULL,"15"
"117038","80812","64696","25354","316060","Complete","2022-07-15 14:29:51","2022-07-14 10:14:00","2022-07-18 13:18:00",NULL,"15"
"117456","81079","64938","9337","317169","Complete","2021-06-16 07:16:54","2021-06-16 09:30:00","2021-06-20 16:03:00",NULL,"15"
"118324","81682","65407","10970","319497","Complete","2022-08-23 10:16:40","2022-08-25 07:17:00","2022-08-27 15:37:00",NULL,"15"
"119855","82739","66233","15541","323591","Complete","2022-05-29 23:44:31","2022-05-26 09:05:00","2022-05-30 15:11:00",NULL,"15"
"120073","82880","66350","5313","324195","Complete","2021-07-23 05:48:07","2021-07-21 17:34:00","2021-07-23 07:41:00",NULL,"15"
"120111","82907","66379","10867","324289","Complete","2022-07-06 06:32:37","2022-07-08 18:38:00","2022-07-10 23:22:00",NULL,"15"
"122563","84561","67685","6711","330930","Complete","2020-08-02 02:30:10","2020-08-03 22:31:00","2020-08-04 19:04:00",NULL,"15"
"123071","84904","67946","25093","332318","Complete","2020-09-23 16:45:02","2020-09-22 10:44:00","2020-09-26 10:37:00",NULL,"15"
"123139","84951","67978","12549","332485","Complete","2021-07-06 11:20:10","2021-07-05 08:27:00","2021-07-09 07:02:00",NULL,"15"
"124482","85875","68736","15358","336040","Complete","2021-10-07 06:00:09","2021-10-08 12:35:00","2021-10-08 22:35:00",NULL,"15"
"127255","87760","70265","10985","343558","Complete","2022-08-05 02:53:40","2022-08-06 11:48:00","2022-08-10 07:49:00",NULL,"15"
"128570","88669","71026","9138","347161","Complete","2021-11-02 15:23:30","2021-10-31 21:59:00","2021-11-04 20:13:00",NULL,"15"
"129168","89081","71363","9315","348780","Complete","2022-07-15 02:09:32","2022-07-18 04:54:00","2022-07-22 20:00:00",NULL,"15"
"130013","89674","71826","25093","351040","Complete","2021-08-10 10:49:52","2021-08-12 16:38:00","2021-08-17 15:33:00",NULL,"15"
"130502","90016","72100","26155","352346","Complete","2022-02-23 20:58:43","2022-02-21 13:32:00","2022-02-25 10:18:00",NULL,"15"
"131159","90467","72468","11178","354135","Complete","2022-08-25 23:46:23","2022-08-27 08:02:00","2022-08-30 13:27:00",NULL,"15"
"132354","91304","73112","15276","357386","Complete","2022-08-09 07:09:02","2022-08-11 17:21:00","2022-08-13 22:17:00",NULL,"15"
"133203","91916","73623","6972","359676","Complete","2021-12-23 06:17:54","2021-12-24 20:16:00","2021-12-29 04:42:00",NULL,"15"
"134476","92784","74336","25094","363122","Complete","2021-11-25 16:32:32","2021-11-23 18:08:00","2021-11-25 03:30:00",NULL,"15"
"134987","93127","74614","3032","364513","Complete","2021-06-10 20:41:56","2021-06-11 20:46:00","2021-06-15 13:18:00",NULL,"15"
"135195","93273","74724","10870","365085","Complete","2021-09-25 14:40:13","2021-09-22 09:50:00","2021-09-23 13:19:00",NULL,"15"
"136825","94419","75670","24473","369471","Complete","2021-08-15 07:12:19","2021-08-18 07:03:00","2021-08-22 05:14:00",NULL,"15"
"137871","95140","76264","10867","372270","Complete","2022-06-07 03:17:24","2022-06-08 00:15:00","2022-06-08 07:47:00",NULL,"15"
"138733","95736","76751","8954","374621","Complete","2021-05-21 16:10:14","2021-05-19 09:51:00","2021-05-21 22:53:00",NULL,"15"
"139569","96280","77219","11394","376886","Complete","2022-06-04 09:11:01","2022-06-02 10:04:00","2022-06-04 20:22:00",NULL,"15"
"139614","96310","77245","11243","377002","Complete","2022-07-22 23:27:20","2022-07-22 23:40:00","2022-07-26 05:06:00",NULL,"15"
"139901","96508","77384","3032","377763","Complete","2019-12-24 02:29:13","2019-12-24 18:59:00","2019-12-29 07:07:00",NULL,"15"
"140318","96795","77627","9549","378891","Complete","2022-06-05 14:05:50","2022-06-05 22:46:00","2022-06-07 00:31:00",NULL,"15"
"144792","99904","80109","25349","390951","Complete","2021-11-22 09:41:16","2021-11-22 23:32:00","2021-11-26 21:38:00",NULL,"15"
"148326","102361","82109","24830","400513","Complete","2022-03-16 02:51:33","2022-03-18 00:34:00","2022-03-19 10:31:00",NULL,"15"
"149303","103043","82654","24479","403175","Complete","2021-09-16 06:51:03","2021-09-18 15:18:00","2021-09-20 18:59:00",NULL,"15"
"150465","103829","83302","10214","406379","Complete","2022-04-24 02:31:18","2022-04-26 00:37:00","2022-04-30 13:38:00",NULL,"15"
"151526","104536","83875","9148","409236","Complete","2019-02-25 05:15:48","2019-02-23 09:34:00","2019-02-27 05:26:00",NULL,"15"
"152538","105250","84449","14277","411944","Complete","2021-11-04 04:37:16","2021-11-04 17:09:00","2021-11-08 19:22:00",NULL,"15"
"153662","106017","85042","26155","414961","Complete","2021-06-23 14:10:39","2021-06-24 20:21:00","2021-06-27 17:18:00",NULL,"15"
"153872","106171","85168","16646","415509","Complete","2022-01-20 23:52:44","2022-01-20 02:38:00","2022-01-21 18:14:00",NULL,"15"
"156415","107894","86545","16972","422333","Complete","2021-10-13 04:14:59","2021-10-14 05:02:00","2021-10-16 05:45:00",NULL,"15"
"156687","108081","86684","21812","423049","Complete","2022-07-18 04:03:23","2022-07-18 02:34:00","2022-07-19 07:21:00",NULL,"15"
"157933","108936","87373","1364","426415","Complete","2021-11-21 22:26:27","2021-11-24 09:51:00","2021-11-25 22:30:00",NULL,"15"
"157965","108960","87386","9148","426507","Complete","2022-07-01 15:20:10","2022-07-01 12:04:00","2022-07-02 19:04:00",NULL,"15"
"158458","109295","87662","9159","427827","Complete","2020-04-26 16:17:35","2020-04-24 14:29:00","2020-04-26 23:40:00",NULL,"15"
"158867","109584","87883","9421","428938","Complete","2022-04-29 05:22:39","2022-05-01 06:42:00","2022-05-02 07:50:00",NULL,"15"
"159956","110356","88506","735","431892","Complete","2022-07-20 00:45:12","2022-07-22 22:47:00","2022-07-27 01:35:00",NULL,"15"
"160683","110853","88885","8934","433844","Complete","2019-07-18 11:42:04","2019-07-19 03:06:00","2019-07-21 19:26:00",NULL,"15"
"161016","111067","89047","11146","434733","Complete","2021-12-31 14:19:22","2022-01-02 18:06:00","2022-01-04 13:24:00",NULL,"15"
"161280","111248","89190","8807","435449","Complete","2022-05-05 23:00:48","2022-05-06 16:27:00","2022-05-07 00:15:00",NULL,"15"
"161408","111339","89270","12617","435804","Complete","2022-06-22 14:42:49","2022-06-20 20:46:00","2022-06-22 23:09:00",NULL,"15"
"161949","111700","89552","9373","437296","Complete","2021-09-25 02:34:48","2021-09-25 05:34:00","2021-09-28 02:38:00",NULL,"15"
"162070","111767","89599","11405","437615","Complete","2022-05-27 07:46:44","2022-05-24 02:13:00","2022-05-28 11:44:00",NULL,"15"
"162634","112178","89936","9159","439159","Complete","2022-05-24 00:19:03","2022-05-24 10:30:00","2022-05-26 22:21:00",NULL,"15"
"165373","114055","91442","10870","446644","Complete","2022-06-05 11:40:54","2022-06-08 11:29:00","2022-06-08 19:54:00",NULL,"15"
"166178","114609","91883","24561","448818","Complete","2021-06-03 03:06:49","2021-05-31 06:58:00","2021-06-03 09:28:00",NULL,"15"
"167151","115270","92392","24646","451434","Complete","2022-08-15 11:02:37","2022-08-15 20:04:00","2022-08-16 05:39:00",NULL,"15"
"167225","115320","92433","10870","451628","Complete","2021-01-30 15:04:41","2021-01-28 10:23:00","2021-02-01 07:20:00",NULL,"15"
"167668","115627","92678","9039","452798","Complete","2022-06-26 01:06:00","2022-06-26 13:26:00","2022-06-27 10:03:00",NULL,"15"
"167819","115728","92770","24473","453196","Complete","2022-09-01 02:17:20","2022-09-02 08:14:00","2022-09-04 18:04:00",NULL,"15"
"168194","115989","92984","11243","454215","Complete","2021-06-15 20:41:28","2021-06-15 08:21:00","2021-06-19 01:08:00",NULL,"15"
"168375","116118","93101","15319","454705","Complete","2020-02-21 00:01:05","2020-02-21 13:12:00","2020-02-26 00:44:00",NULL,"15"
"169525","116913","93742","11395","457783","Complete","2020-06-04 06:28:52","2020-06-06 17:37:00","2020-06-08 07:07:00",NULL,"15"
"170133","117314","94074","28909","459451","Complete","2022-02-13 09:43:09","2022-02-15 17:44:00","2022-02-19 05:58:00",NULL,"15"
"170373","117471","94214","9307","460100","Complete","2021-07-03 09:03:24","2021-07-03 10:17:00","2021-07-04 14:10:00",NULL,"15"
"170833","117780","94451","12640","461375","Complete","2022-01-28 15:59:38","2022-01-30 22:00:00","2022-02-03 06:57:00",NULL,"15"
"172162","118716","95178","15722","464983","Complete","2019-09-07 07:56:23","2019-09-07 13:57:00","2019-09-12 01:16:00",NULL,"15"
"173633","119762","96031","24593","468900","Complete","2022-01-15 02:30:30","2022-01-15 03:58:00","2022-01-15 05:57:00",NULL,"15"
"173646","119770","96038","11405","468940","Complete","2021-01-25 14:37:52","2021-01-28 12:41:00","2021-02-01 22:49:00",NULL,"15"
"174726","120506","96627","28909","471832","Complete","2022-03-09 08:08:34","2022-03-10 00:07:00","2022-03-12 06:13:00",NULL,"15"
"176465","121700","97610","10970","476590","Complete","2021-01-01 05:27:01","2020-12-31 01:37:00","2021-01-02 12:04:00",NULL,"15"
"177815","122640","98374","12630","480219","Complete","2021-12-30 09:12:49","2021-12-30 18:07:00","2022-01-03 03:13:00",NULL,"15"
"178031","122788","98486","9307","480792","Complete","2022-08-23 16:59:27","2022-08-24 23:35:00","2022-08-26 07:47:00",NULL,"15"
"179793","123995","99452","10985","485519","Complete","2020-10-14 14:35:01","2020-10-13 01:33:00","2020-10-14 15:09:00",NULL,"15"
"9","7","5","12688","29","Returned","2022-09-03 17:26:24.523437","2022-09-06 14:35:46.523437","2022-09-08 11:11:46.523437","2022-09-10 03:25:46.523437","15"
"3932","2679","2157","25012","10640","Returned","2022-08-01 03:02:47","2022-08-01 21:10:00","2022-08-05 22:14:00","2022-08-08 18:17:00","15"
"10462","7198","5858","10898","28360","Returned","2021-04-03 09:28:01","2021-04-05 04:15:00","2021-04-09 19:26:00","2021-04-10 02:47:00","15"
"12234","8436","6814","12688","33158","Returned","2021-08-30 11:33:35","2021-08-31 17:22:00","2021-09-03 21:10:00","2021-09-04 04:07:00","15"
"13296","9170","7391","10970","36019","Returned","2022-07-28 12:30:30","2022-07-28 11:57:00","2022-07-30 08:38:00","2022-07-31 20:05:00","15"
"13513","9314","7507","13510","36619","Returned","2021-01-31 14:05:22","2021-01-31 12:10:00","2021-01-31 14:55:00","2021-02-01 20:37:00","15"
"14009","9647","7789","11393","37965","Returned","2022-03-17 11:48:36","2022-03-15 23:43:00","2022-03-20 09:11:00","2022-03-21 02:48:00","15"
"17557","12075","9707","1364","47556","Returned","2020-08-21 03:17:51","2020-08-20 09:38:00","2020-08-21 00:05:00","2020-08-21 01:39:00","15"
"19277","13248","10621","26191","52165","Returned","2020-08-15 03:09:56","2020-08-12 10:09:00","2020-08-14 14:48:00","2020-08-16 16:08:00","15"
"21080","14498","11598","26191","57027","Returned","2022-08-03 07:18:08","2022-08-03 17:09:00","2022-08-08 08:35:00","2022-08-08 12:38:00","15"
"22982","15806","12640","12627","62127","Returned","2020-06-08 10:54:27","2020-06-10 17:55:00","2020-06-14 10:41:00","2020-06-16 10:30:00","15"
"23023","15837","12662","18200","62235","Returned","2019-08-14 15:50:23","2019-08-15 12:45:00","2019-08-16 05:21:00","2019-08-17 13:37:00","15"
"23881","16431","13135","12549","64559","Returned","2021-10-23 10:08:48","2021-10-23 21:42:00","2021-10-25 05:10:00","2021-10-25 12:59:00","15"
"29386","20236","16176","15722","79434","Returned","2022-08-29 15:44:28","2022-08-26 20:05:00","2022-08-28 01:13:00","2022-08-29 16:35:00","15"
"30218","20812","16651","25342","81705","Returned","2020-03-16 10:00:17","2020-03-18 08:05:00","2020-03-21 13:26:00","2020-03-23 11:57:00","15"
"30330","20887","16715","25354","82009","Returned","2021-02-18 05:13:56","2021-02-19 22:21:00","2021-02-22 22:32:00","2021-02-24 05:06:00","15"
"34654","23852","19049","15319","93615","Returned","2021-08-26 07:21:28","2021-08-24 11:14:00","2021-08-27 17:19:00","2021-08-28 23:28:00","15"
"35715","24576","19644","735","96440","Returned","2021-10-19 07:57:53","2021-10-19 15:28:00","2021-10-22 03:00:00","2021-10-23 09:22:00","15"
"39180","26976","21545","8912","105785","Returned","2022-03-27 12:37:26","2022-03-28 06:39:00","2022-03-28 11:50:00","2022-03-29 20:50:00","15"
"40078","27586","22034","6711","108177","Returned","2022-06-03 09:22:33","2022-06-04 13:08:00","2022-06-08 23:58:00","2022-06-10 15:32:00","15"
"40810","28072","22392","25050","110199","Returned","2022-05-03 15:54:06","2022-05-03 07:59:00","2022-05-07 06:18:00","2022-05-09 11:47:00","15"
"41720","28694","22884","5808","112621","Returned","2021-10-16 03:41:39","2021-10-16 11:38:00","2021-10-16 13:57:00","2021-10-19 11:32:00","15"
"47563","32776","26173","8898","128377","Returned","2022-08-25 16:28:07","2022-08-27 16:20:00","2022-08-27 17:37:00","2022-08-30 13:30:00","15"
"48747","33578","26813","24463","131553","Returned","2021-07-05 14:58:45","2021-07-05 18:00:00","2021-07-07 08:11:00","2021-07-07 16:17:00","15"
"51568","35550","28405","25354","139193","Returned","2022-05-08 11:33:17","2022-05-08 09:57:00","2022-05-12 01:53:00","2022-05-14 21:59:00","15"
"51677","35614","28454","24646","139492","Returned","2021-03-08 08:30:03","2021-03-10 09:59:00","2021-03-14 00:35:00","2021-03-14 21:49:00","15"
"53315","36743","29366","9307","143871","Returned","2022-07-21 16:57:28","2022-07-24 11:20:00","2022-07-25 11:59:00","2022-07-28 10:03:00","15"
"56364","38851","31061","12549","152119","Returned","2021-08-05 09:47:28","2021-08-06 21:33:00","2021-08-09 08:39:00","2021-08-10 09:12:00","15"
"56468","38927","31117","11146","152408","Returned","2022-02-06 15:32:51","2022-02-08 00:50:00","2022-02-10 05:48:00","2022-02-10 13:37:00","15"
"56552","38983","31167","16972","152629","Returned","2022-06-20 10:39:34","2022-06-23 03:16:00","2022-06-23 20:36:00","2022-06-25 22:46:00","15"
"60564","41709","33350","3032","163512","Returned","2021-12-13 10:51:53","2021-12-13 12:11:00","2021-12-13 12:40:00","2021-12-15 00:08:00","15"
"61047","42041","33601","24558","164806","Returned","2022-06-14 11:59:08","2022-06-17 10:28:00","2022-06-19 00:39:00","2022-06-21 13:17:00","15"
"64538","44423","35528","18446","174250","Returned","2022-09-04 06:01:25.431372","2022-09-05 20:26:39.431372","2022-09-10 02:21:39.431372","2022-09-11 12:21:39.431372","15"
"65567","45158","36093","15591","177062","Returned","2022-09-04 00:07:41.583581","2022-09-03 13:32:54.583581","2022-09-05 09:49:54.583581","2022-09-05 18:26:54.583581","15"
"65603","45179","36111","11239","177152","Returned","2022-08-06 00:35:59","2022-08-04 07:32:00","2022-08-08 04:00:00","2022-08-08 13:05:00","15"
"67719","46601","37285","9148","182848","Returned","2022-09-06 03:11:05.019476","2022-09-03 15:50:26.019476","2022-09-07 05:55:26.019476","2022-09-08 06:00:26.019476","15"
"68363","47046","37639","210","184568","Returned","2022-07-29 10:50:00","2022-08-01 09:21:00","2022-08-03 05:01:00","2022-08-03 07:59:00","15"
"68444","47104","37681","11395","184772","Returned","2022-08-29 14:09:27","2022-08-31 18:46:00","2022-09-05 16:44:00","2022-09-06 01:00:00","15"
"69782","48043","38412","9014","188373","Returned","2022-08-13 01:13:25","2022-08-13 18:47:00","2022-08-16 00:01:00","2022-08-16 21:32:00","15"
"71697","49375","39523","25227","193558","Returned","2022-07-10 10:02:58","2022-07-10 22:45:00","2022-07-15 00:53:00","2022-07-16 05:29:00","15"
"77728","53592","42884","15962","209820","Returned","2022-09-03 22:01:26","2022-09-03 03:42:00","2022-09-06 17:56:00","2022-09-08 05:23:00","15"
"79283","54665","43729","9159","214066","Returned","2022-05-24 23:41:05","2022-05-27 04:08:00","2022-05-27 17:38:00","2022-05-30 11:35:00","15"
"79456","54793","43820","11437","214542","Returned","2021-06-03 09:43:51","2021-06-04 22:54:00","2021-06-09 05:33:00","2021-06-11 18:23:00","15"
"84112","58101","46455","9014","227186","Returned","2020-08-30 22:23:19","2020-09-02 12:05:00","2020-09-04 16:24:00","2020-09-06 10:58:00","15"
"88448","61128","48945","11405","238950","Returned","2021-10-25 10:55:02","2021-10-27 03:12:00","2021-10-29 19:10:00","2021-10-30 16:13:00","15"
"89261","61700","49399","15450","241135","Returned","2021-09-21 04:26:17","2021-09-20 13:24:00","2021-09-22 09:39:00","2021-09-23 01:59:00","15"
"89820","62088","49704","10416","242637","Returned","2021-06-02 23:42:06","2021-06-01 17:16:00","2021-06-02 06:08:00","2021-06-03 17:11:00","15"
"95799","66215","52948","9233","258795","Returned","2022-08-12 13:59:18","2022-08-12 05:16:00","2022-08-16 07:27:00","2022-08-17 16:47:00","15"
"96767","66858","53439","9332","261371","Returned","2022-03-10 15:16:02","2022-03-11 17:04:00","2022-03-15 19:09:00","2022-03-16 07:02:00","15"
"97784","67579","54005","10982","264149","Returned","2022-08-13 15:06:14","2022-08-15 21:45:00","2022-08-17 01:40:00","2022-08-20 00:48:00","15"
"98113","67800","54175","25004","265042","Returned","2022-07-02 01:54:36","2022-07-02 22:22:00","2022-07-03 17:02:00","2022-07-05 08:34:00","15"
"98735","68219","54538","25004","266722","Returned","2022-02-08 01:47:31","2022-02-08 06:11:00","2022-02-09 14:55:00","2022-02-09 16:09:00","15"
"99341","68647","54881","15358","268343","Returned","2021-03-09 09:57:31","2021-03-11 11:09:00","2021-03-13 21:48:00","2021-03-16 10:11:00","15"
"101176","69916","55909","15777","273242","Returned","2021-06-29 11:53:20","2021-06-28 00:54:00","2021-07-02 10:17:00","2021-07-03 06:29:00","15"
"103028","71185","56908","25881","278275","Returned","2020-10-26 09:46:39","2020-10-27 09:41:00","2020-10-29 23:28:00","2020-10-30 19:17:00","15"
"103595","71595","57238","15451","279835","Returned","2022-06-28 09:54:22","2022-06-26 18:28:00","2022-07-01 09:28:00","2022-07-03 09:01:00","15"
"106720","73734","58965","11498","288257","Returned","2021-09-29 00:42:52","2021-09-29 04:01:00","2021-09-30 22:30:00","2021-10-03 06:00:00","15"
"112806","77916","62320","14487","304685","Returned","2021-06-20 13:12:40","2021-06-18 05:43:00","2021-06-22 22:07:00","2021-06-24 02:34:00","15"
"113174","78170","62527","9307","305673","Returned","2022-06-26 08:48:12","2022-06-24 23:46:00","2022-06-29 12:57:00","2022-07-02 12:43:00","15"
"113556","78446","62737","9234","306695","Returned","2022-08-01 14:17:38","2022-08-02 08:50:00","2022-08-03 11:32:00","2022-08-04 06:39:00","15"
"115181","79546","63643","24561","311092","Returned","2022-08-14 07:22:15","2022-08-15 11:30:00","2022-08-16 05:49:00","2022-08-16 23:02:00","15"
"119254","82319","65904","12629","321985","Returned","2021-09-24 15:57:14","2021-09-27 16:02:00","2021-10-01 10:30:00","2021-10-02 19:53:00","15"
"120691","83291","66694","5313","325878","Returned","2022-02-12 04:58:20","2022-02-14 06:39:00","2022-02-17 04:59:00","2022-02-17 05:05:00","15"
"132201","91200","73033","12688","356959","Returned","2019-03-04 23:47:53","2019-03-07 23:57:00","2019-03-12 15:19:00","2019-03-12 16:25:00","15"
"132597","91463","73248","24611","358049","Returned","2022-04-18 10:29:46","2022-04-21 11:39:00","2022-04-23 00:11:00","2022-04-23 09:23:00","15"
"133556","92145","73803","26155","360639","Returned","2022-06-13 05:07:09","2022-06-15 20:48:00","2022-06-20 03:29:00","2022-06-21 12:24:00","15"
"135150","93244","74700","9225","364963","Returned","2021-04-15 22:20:36","2021-04-15 03:07:00","2021-04-19 15:32:00","2021-04-21 23:13:00","15"
"135378","93413","74836","18200","365581","Returned","2022-08-08 10:32:46","2022-08-09 01:07:00","2022-08-10 11:04:00","2022-08-10 13:47:00","15"
"136089","93911","75267","11394","367498","Returned","2021-03-16 21:09:13","2021-03-17 08:41:00","2021-03-22 07:54:00","2021-03-23 11:41:00","15"
"141831","97831","78440","8954","382943","Returned","2022-08-29 02:38:21","2022-08-31 13:57:00","2022-09-05 12:47:00","2022-09-06 02:26:00","15"
"143314","98891","79296","10982","386958","Returned","2022-04-30 06:14:48","2022-05-02 06:10:00","2022-05-04 23:22:00","2022-05-05 18:18:00","15"
"143912","99303","79626","15358","388557","Returned","2022-07-10 13:18:39","2022-07-09 11:08:00","2022-07-13 13:58:00","2022-07-15 12:38:00","15"
"145947","100706","80797","9421","394093","Returned","2022-04-16 01:17:59","2022-04-15 10:07:00","2022-04-19 04:06:00","2022-04-20 09:09:00","15"
"149017","102833","82485","8934","402400","Returned","2021-11-16 12:13:17","2021-11-18 11:27:00","2021-11-19 03:51:00","2021-11-21 14:43:00","15"
"151140","104291","83667","15777","408183","Returned","2022-09-03 16:29:39.252785","2022-09-03 17:30:03.252785","2022-09-07 08:08:03.252785","2022-09-08 08:16:03.252785","15"
"153390","105823","84888","6239","414250","Returned","2022-05-16 13:46:26","2022-05-18 06:49:00","2022-05-18 07:00:00","2022-05-19 10:40:00","15"
"160818","110933","88941","12688","434207","Returned","2022-08-01 21:06:01","2022-08-02 18:23:00","2022-08-04 15:07:00","2022-08-06 16:01:00","15"
"161171","111170","89129","8807","435152","Returned","2021-08-09 08:24:07","2021-08-12 07:26:00","2021-08-16 03:05:00","2021-08-18 09:39:00","15"
"164398","113403","90926","4829","443968","Returned","2022-01-02 14:45:43","2022-01-04 18:46:00","2022-01-06 04:43:00","2022-01-07 04:17:00","15"
"165546","114172","91533","25229","447100","Returned","2022-04-30 07:47:30","2022-05-02 00:34:00","2022-05-04 04:58:00","2022-05-07 00:46:00","15"
"166269","114668","91926","10214","449064","Returned","2022-05-09 22:32:35","2022-05-12 12:47:00","2022-05-15 05:41:00","2022-05-16 14:19:00","15"
"168845","116444","93353","24646","455957","Returned","2021-01-03 10:11:34","2021-01-06 01:01:00","2021-01-07 16:35:00","2021-01-10 08:19:00","15"
"171307","118103","94713","10416","462666","Returned","2020-11-08 13:10:39","2020-11-09 18:59:00","2020-11-10 16:45:00","2020-11-12 23:01:00","15"
"171458","118215","94812","15962","463054","Returned","2021-04-08 15:29:19","2021-04-10 15:56:00","2021-04-13 21:46:00","2021-04-16 04:51:00","15"
"174717","120501","96625","11239","471804","Returned","2022-02-20 23:14:40","2022-02-21 10:02:00","2022-02-25 23:03:00","2022-02-26 16:08:00","15"
"175836","121264","97252","7299","474873","Returned","2020-04-20 06:41:36","2020-04-17 17:14:00","2020-04-22 12:53:00","2020-04-24 14:25:00","15"
"175837","121264","97252","12627","474876","Returned","2020-04-18 10:26:00","2020-04-17 17:14:00","2020-04-22 12:53:00","2020-04-24 14:25:00","15"
"176527","121742","97638","13783","476766","Returned","2022-08-29 13:14:32","2022-08-29 15:45:00","2022-08-29 23:24:00","2022-09-01 13:26:00","15"
"179313","123676","99213","25354","484240","Returned","2021-04-19 04:29:54","2021-04-19 18:44:00","2021-04-22 01:05:00","2021-04-22 10:15:00","15"
"188","138","113","25297","492","Cancelled","2019-12-28 00:55:41",NULL,NULL,NULL,"15"
"7707","5281","4276","7016","20905","Cancelled","2022-02-13 08:21:57",NULL,NULL,NULL,"15"
"12070","8332","6731","24479","32715","Cancelled","2021-03-27 03:23:59",NULL,NULL,NULL,"15"
"13191","9106","7344","6952","35735","Cancelled","2021-12-02 11:45:17",NULL,NULL,NULL,"15"
"13463","9280","7483","2953","36489","Cancelled","2021-04-30 03:55:26",NULL,NULL,NULL,"15"
"15095","10376","8351","28909","40892","Cancelled","2022-08-06 10:35:47",NULL,NULL,NULL,"15"
"15504","10645","8555","10867","42003","Cancelled","2020-06-17 01:38:35",NULL,NULL,NULL,"15"
"17005","11696","9418","10870","46051","Cancelled","2022-03-06 03:35:15",NULL,NULL,NULL,"15"
"17827","12258","9859","12470","48293","Cancelled","2022-09-02 00:14:34",NULL,NULL,NULL,"15"
"20196","13888","11136","12338","54656","Cancelled","2022-07-02 14:35:10",NULL,NULL,NULL,"15"
"22362","15381","12288","4954","60426","Cancelled","2020-03-12 10:04:19",NULL,NULL,NULL,"15"
"22664","15588","12461","26191","61263","Cancelled","2020-10-24 12:38:15",NULL,NULL,NULL,"15"
"24381","16774","13405","24480","65894","Cancelled","2022-01-26 18:04:04",NULL,NULL,NULL,"15"
"26635","18356","14664","25349","71992","Cancelled","2022-07-30 23:56:28",NULL,NULL,NULL,"15"
"26878","18519","14789","6727","72640","Cancelled","2022-07-07 10:02:51",NULL,NULL,NULL,"15"
"28453","19594","15664","4829","76912","Cancelled","2022-06-10 12:29:10",NULL,NULL,NULL,"15"
"28696","19759","15796","3768","77558","Cancelled","2020-02-26 15:00:10",NULL,NULL,NULL,"15"
"28744","19785","15813","9332","77697","Cancelled","2020-07-09 11:41:04",NULL,NULL,NULL,"15"
"30201","20797","16638","12696","81658","Cancelled","2020-02-19 01:43:43",NULL,NULL,NULL,"15"
"30524","21030","16840","210","82536","Cancelled","2021-09-05 15:38:17",NULL,NULL,NULL,"15"
"31400","21604","17278","11146","84871","Cancelled","2021-08-31 00:03:02",NULL,NULL,NULL,"15"
"32217","22167","17732","12696","87041","Cancelled","2020-06-18 08:41:17",NULL,NULL,NULL,"15"
"32523","22384","17894","26191","87881","Cancelled","2021-01-03 05:23:57",NULL,NULL,NULL,"15"
"33687","23197","18523","12633","91019","Cancelled","2022-07-10 01:44:05",NULL,NULL,NULL,"15"
"34701","23886","19075","10985","93741","Cancelled","2021-01-05 22:17:34",NULL,NULL,NULL,"15"
"35470","24415","19509","4954","95807","Cancelled","2022-08-05 07:11:56",NULL,NULL,NULL,"15"
"35977","24767","19804","25349","97156","Cancelled","2021-10-26 13:35:33",NULL,NULL,NULL,"15"
"36452","25102","20069","9421","98413","Cancelled","2021-03-01 06:32:39",NULL,NULL,NULL,"15"
"37416","25756","20574","8954","101043","Cancelled","2022-07-09 07:51:03",NULL,NULL,NULL,"15"
"37457","25782","20597","9332","101149","Cancelled","2022-02-23 23:19:46",NULL,NULL,NULL,"15"
"37735","25980","20759","10867","101869","Cancelled","2021-12-25 18:47:06",NULL,NULL,NULL,"15"
"38836","26750","21373","25227","104852","Cancelled","2021-03-06 11:27:19",NULL,NULL,NULL,"15"
"39358","27094","21641","11243","106263","Cancelled","2021-11-13 05:33:31",NULL,NULL,NULL,"15"
"40381","27784","22189","6711","109010","Cancelled","2020-12-20 23:23:50",NULL,NULL,NULL,"15"
"42737","29411","23442","15541","115411","Cancelled","2022-02-18 16:11:20",NULL,NULL,NULL,"15"
"44139","30367","24228","10898","119222","Cancelled","2021-10-22 15:36:07",NULL,NULL,NULL,"15"
"44478","30618","24438","9039","120127","Cancelled","2021-05-17 10:19:30",NULL,NULL,NULL,"15"
"44659","30739","24530","25229","120622","Cancelled","2022-05-01 01:47:32",NULL,NULL,NULL,"15"
"45294","31190","24895","9234","122321","Cancelled","2022-05-28 04:50:01",NULL,NULL,NULL,"15"
"45420","31277","24965","28909","122658","Cancelled","2022-06-15 10:00:42",NULL,NULL,NULL,"15"
"45847","31565","25184","9307","123785","Cancelled","2021-10-23 11:13:45",NULL,NULL,NULL,"15"
"46701","32160","25686","15722","126092","Cancelled","2019-09-27 04:05:53",NULL,NULL,NULL,"15"
"46749","32191","25712","18200","126218","Cancelled","2022-06-10 02:55:09",NULL,NULL,NULL,"15"
"48699","33549","26791","1936","131423","Cancelled","2022-04-02 15:00:44",NULL,NULL,NULL,"15"
"48984","33744","26941","9337","132199","Cancelled","2022-01-21 02:57:28",NULL,NULL,NULL,"15"
"49359","33991","27143","8912","133230","Cancelled","2022-02-05 02:42:39",NULL,NULL,NULL,"15"
"50003","34437","27502","12617","134981","Cancelled","2022-08-09 23:44:30",NULL,NULL,NULL,"15"
"51991","35835","28626","9500","140345","Cancelled","2022-08-30 08:57:19",NULL,NULL,NULL,"15"
"53469","36850","29442","12688","144289","Cancelled","2022-03-26 00:51:58",NULL,NULL,NULL,"15"
"58125","40062","32010","5808","156850","Cancelled","2022-08-24 07:40:01",NULL,NULL,NULL,"15"
"61745","42520","34004","22097","166684","Cancelled","2022-06-10 02:57:24",NULL,NULL,NULL,"15"
"62113","42775","34199","25354","167672","Cancelled","2021-06-08 06:04:13",NULL,NULL,NULL,"15"
"63885","43979","35178","5212","172458","Cancelled","2021-12-03 22:17:26",NULL,NULL,NULL,"15"
"64693","44534","35633","24463","174667","Cancelled","2022-08-09 22:07:05",NULL,NULL,NULL,"15"
"65868","45345","36250","21812","177854","Cancelled","2022-03-26 13:45:31",NULL,NULL,NULL,"15"
"67543","46469","37163","25000","182380","Cancelled","2022-08-12 09:32:54",NULL,NULL,NULL,"15"
"67686","46573","37255","9500","182759","Cancelled","2022-02-24 09:15:06",NULL,NULL,NULL,"15"
"69458","47828","38241","7023","187484","Cancelled","2022-07-28 13:08:56",NULL,NULL,NULL,"15"
"74173","51096","40903","9140","200282","Cancelled","2021-10-28 17:45:04",NULL,NULL,NULL,"15"
"74600","51408","41130","9148","201414","Cancelled","2021-01-23 15:44:37",NULL,NULL,NULL,"15"
"77585","53492","42803","9373","209440","Cancelled","2019-10-07 13:29:01",NULL,NULL,NULL,"15"
"78385","54049","43241","24473","211605","Cancelled","2021-12-30 12:19:03",NULL,NULL,NULL,"15"
"79677","54948","43943","18200","215142","Cancelled","2021-06-10 11:12:26",NULL,NULL,NULL,"15"
"80943","55816","44625","16972","218611","Cancelled","2021-08-31 12:52:26",NULL,NULL,NULL,"15"
"83100","57381","45867","11405","224439","Cancelled","2021-08-07 21:52:32",NULL,NULL,NULL,"15"
"83676","57792","46203","15422","225991","Cancelled","2021-12-28 12:34:55",NULL,NULL,NULL,"15"
"86797","59981","47994","9307","234478","Cancelled","2022-05-06 01:12:56",NULL,NULL,NULL,"15"
"89327","61741","49436","12640","241319","Cancelled","2022-08-03 14:54:21",NULL,NULL,NULL,"15"
"91048","62920","50382","20089","245952","Cancelled","2022-04-14 10:39:59",NULL,NULL,NULL,"15"
"91243","63047","50468","12630","246479","Cancelled","2022-01-18 13:50:29",NULL,NULL,NULL,"15"
"93163","64379","51511","15450","251621","Cancelled","2022-05-08 02:49:29",NULL,NULL,NULL,"15"
"93713","64751","51820","12696","253107","Cancelled","2022-06-09 10:44:12",NULL,NULL,NULL,"15"
"93881","64870","51913","12305","253569","Cancelled","2021-10-26 21:32:01",NULL,NULL,NULL,"15"
"94286","65141","52114","4954","254675","Cancelled","2022-02-12 13:18:24",NULL,NULL,NULL,"15"
"95441","65968","52771","8807","257817","Cancelled","2020-05-22 02:49:27",NULL,NULL,NULL,"15"
"96419","66633","53275","5313","260443","Cancelled","2021-05-10 00:54:48",NULL,NULL,NULL,"15"
"97477","67368","53831","14311","263311","Cancelled","2022-03-17 02:33:01",NULL,NULL,NULL,"15"
"99264","68591","54839","735","268142","Cancelled","2022-06-07 08:01:49",NULL,NULL,NULL,"15"
"100143","69210","55341","8807","270472","Cancelled","2022-04-17 10:37:29",NULL,NULL,NULL,"15"
"104650","72317","57817","25881","282674","Cancelled","2022-05-26 08:08:02",NULL,NULL,NULL,"15"
"105814","73119","58479","5808","285826","Cancelled","2022-08-11 14:30:45",NULL,NULL,NULL,"15"
"106767","73771","58990","18423","288384","Cancelled","2020-04-24 15:10:54",NULL,NULL,NULL,"15"
"106893","73862","59062","24479","288720","Cancelled","2022-08-02 09:33:00",NULL,NULL,NULL,"15"
"109108","75370","60258","9500","294721","Cancelled","2022-07-11 08:28:55",NULL,NULL,NULL,"15"
"109208","75435","60312","24830","294984","Cancelled","2020-06-25 13:45:23",NULL,NULL,NULL,"15"
"110878","76597","61267","8873","299448","Cancelled","2022-08-18 15:34:21",NULL,NULL,NULL,"15"
"110970","76667","61326","12696","299701","Cancelled","2022-07-17 06:01:23",NULL,NULL,NULL,"15"
"112736","77866","62284","5662","304496","Cancelled","2020-05-08 09:27:59",NULL,NULL,NULL,"15"
"113479","78393","62691","11498","306493","Cancelled","2022-04-19 00:47:36",NULL,NULL,NULL,"15"
"114614","79165","63320","6711","309553","Cancelled","2022-04-20 00:47:17",NULL,NULL,NULL,"15"
"115452","79741","63802","15319","311812","Cancelled","2021-08-31 22:13:41",NULL,NULL,NULL,"15"
"116753","80602","64537","10898","315326","Cancelled","2021-06-25 05:19:43",NULL,NULL,NULL,"15"
"116868","80684","64602","4829","315612","Cancelled","2022-06-27 00:51:00",NULL,NULL,NULL,"15"
"120601","83234","66652","10870","325640","Cancelled","2021-06-19 12:29:48",NULL,NULL,NULL,"15"
"120702","83297","66696","7221","325909","Cancelled","2021-07-29 03:21:49",NULL,NULL,NULL,"15"
"121325","83733","67040","28909","327592","Cancelled","2021-12-16 11:54:49",NULL,NULL,NULL,"15"
"122137","84253","67448","24667","329771","Cancelled","2021-05-30 08:29:15",NULL,NULL,NULL,"15"
"124164","85656","68540","15541","335204","Cancelled","2021-06-27 02:56:58",NULL,NULL,NULL,"15"
"124568","85930","68778","11437","336276","Cancelled","2022-03-07 10:36:56",NULL,NULL,NULL,"15"
"128142","88378","70784","17032","346001","Cancelled","2022-08-17 14:14:09",NULL,NULL,NULL,"15"
"128538","88647","71008","25058","347069","Cancelled","2020-03-14 06:31:56",NULL,NULL,NULL,"15"
"128607","88698","71048","8899","347258","Cancelled","2021-11-16 17:33:38",NULL,NULL,NULL,"15"
"129522","89327","71559","9234","349711","Cancelled","2022-03-21 08:00:14",NULL,NULL,NULL,"15"
"129619","89394","71611","22097","349962","Cancelled","2020-12-12 04:21:34",NULL,NULL,NULL,"15"
"131072","90411","72417","9159","353895","Cancelled","2021-10-17 00:10:03",NULL,NULL,NULL,"15"
"133208","91920","73629","16964","359691","Cancelled","2022-02-18 13:20:59",NULL,NULL,NULL,"15"
"133312","91988","73678","9039","359967","Cancelled","2022-07-06 05:33:52",NULL,NULL,NULL,"15"
"133436","92063","73744","12633","360306","Cancelled","2021-03-23 08:43:31",NULL,NULL,NULL,"15"
"134481","92789","74340","11034","363141","Cancelled","2019-10-16 01:30:05",NULL,NULL,NULL,"15"
"136940","94509","75750","12688","369789","Cancelled","2022-08-02 12:54:54",NULL,NULL,NULL,"15"
"138350","95472","76544","11405","373587","Cancelled","2020-11-13 12:52:52",NULL,NULL,NULL,"15"
"138537","95596","76646","25658","374091","Cancelled","2022-06-08 03:28:32",NULL,NULL,NULL,"15"
"139245","96072","77038","13323","376013","Cancelled","2020-10-16 22:36:08",NULL,NULL,NULL,"15"
"139601","96304","77241","16646","376969","Cancelled","2021-04-19 11:19:07",NULL,NULL,NULL,"15"
"140168","96696","77541","14311","378477","Cancelled","2021-12-14 13:37:34",NULL,NULL,NULL,"15"
"140513","96928","77736","10378","379414","Cancelled","2021-12-03 06:08:09",NULL,NULL,NULL,"15"
"142976","98652","79088","6540","386038","Cancelled","2022-09-03 01:12:34.253554",NULL,NULL,NULL,"15"
"145342","100275","80409","1364","392456","Cancelled","2021-10-08 15:52:51",NULL,NULL,NULL,"15"
"145557","100432","80540","24656","393046","Cancelled","2021-10-27 13:21:16",NULL,NULL,NULL,"15"
"147023","101434","81369","25342","396999","Cancelled","2019-04-16 16:53:15",NULL,NULL,NULL,"15"
"149003","102824","82478","25342","402361","Cancelled","2022-03-04 00:29:32",NULL,NULL,NULL,"15"
"150793","104053","83473","24473","407253","Cancelled","2022-04-17 10:24:30",NULL,NULL,NULL,"15"
"152666","105342","84512","5662","412288","Cancelled","2022-03-16 02:50:19",NULL,NULL,NULL,"15"
"153148","105652","84766","10214","413583","Cancelled","2022-04-23 12:39:03",NULL,NULL,NULL,"15"
"158857","109578","87877","11395","428909","Cancelled","2022-06-25 11:49:42",NULL,NULL,NULL,"15"
"164095","113190","90769","25094","443125","Cancelled","2022-02-13 07:09:29",NULL,NULL,NULL,"15"
"167369","115423","92520","6972","452012","Cancelled","2022-02-05 10:14:22",NULL,NULL,NULL,"15"
"169794","117091","93886","24830","458519","Cancelled","2021-06-28 08:26:30",NULL,NULL,NULL,"15"
"170391","117482","94222","11305","460157","Cancelled","2021-08-05 11:09:07",NULL,NULL,NULL,"15"
"171085","117952","94590","9122","462060","Cancelled","2022-07-06 16:32:40",NULL,NULL,NULL,"15"
"171655","118354","94909","5808","463586","Cancelled","2021-10-25 03:23:37",NULL,NULL,NULL,"15"
"171703","118386","94927","26191","463723","Cancelled","2021-07-08 08:39:02",NULL,NULL,NULL,"15"
"172869","119222","95566","11405","466898","Cancelled","2019-05-05 22:38:40",NULL,NULL,NULL,"15"
"174451","120315","96477","12688","471084","Cancelled","2022-05-19 23:23:47",NULL,NULL,NULL,"15"
"176201","121518","97458","3032","475872","Cancelled","2021-09-12 14:55:06",NULL,NULL,NULL,"15"
"176783","121916","97776","13595","477457","Cancelled","2022-08-04 01:43:28",NULL,NULL,NULL,"15"
"178421","123064","98715","18061","481830","Cancelled","2021-06-07 13:25:10",NULL,NULL,NULL,"15"
"178881","123383","98966","24561","483074","Cancelled","2021-10-21 23:56:51",NULL,NULL,NULL,"15"
"1619","1124","918","25058","4386","Processing","2021-02-21 06:58:25",NULL,NULL,NULL,"15"
"2047","1413","1138","7023","5538","Processing","2022-01-01 04:04:23",NULL,NULL,NULL,"15"
"4260","2903","2332","24611","11556","Processing","2022-06-11 05:53:35",NULL,NULL,NULL,"15"
"4991","3404","2772","20089","13505","Processing","2022-08-22 06:20:20",NULL,NULL,NULL,"15"
"7080","4822","3907","1364","19173","Processing","2021-08-04 09:55:57",NULL,NULL,NULL,"15"
"7117","4850","3933","12696","19275","Processing","2019-08-30 06:35:43",NULL,NULL,NULL,"15"
"7569","5182","4207","9307","20514","Processing","2022-07-25 06:08:17",NULL,NULL,NULL,"15"
"7572","5184","4207","12630","20523","Processing","2022-07-15 05:49:37",NULL,NULL,NULL,"15"
"8905","6102","4938","9159","24151","Processing","2021-02-12 14:43:46",NULL,NULL,NULL,"15"
"8972","6149","4969","15962","24333","Processing","2020-12-16 07:08:35",NULL,NULL,NULL,"15"
"9961","6853","5552","9474","27031","Processing","2021-11-29 02:02:49",NULL,NULL,NULL,"15"
"9980","6865","5568","12630","27076","Processing","2022-07-02 13:22:13",NULL,NULL,NULL,"15"
"10786","7415","6031","11437","29231","Processing","2022-03-03 02:07:17",NULL,NULL,NULL,"15"
"10940","7517","6108","15450","29656","Processing","2021-05-14 01:16:22",NULL,NULL,NULL,"15"
"13867","9560","7703","25012","37583","Processing","2019-05-24 11:52:48",NULL,NULL,NULL,"15"
"13907","9583","7729","16964","37689","Processing","2020-11-03 02:43:37",NULL,NULL,NULL,"15"
"15223","10462","8426","13221","41227","Processing","2022-07-10 01:43:04",NULL,NULL,NULL,"15"
"16195","11131","8944","15450","43834","Processing","2019-06-30 13:31:35",NULL,NULL,NULL,"15"
"16284","11196","9000","24593","44086","Processing","2022-03-22 05:55:43",NULL,NULL,NULL,"15"
"16710","11501","9254","15591","45236","Processing","2022-03-26 05:35:00",NULL,NULL,NULL,"15"
"18878","12974","10399","18446","51084","Processing","2020-05-18 14:43:26",NULL,NULL,NULL,"15"
"19683","13533","10856","24646","53255","Processing","2022-02-16 01:57:22",NULL,NULL,NULL,"15"
"19916","13702","10977","8899","53899","Processing","2020-04-20 16:14:51",NULL,NULL,NULL,"15"
"21058","14483","11587","10378","56975","Processing","2022-06-28 00:19:12",NULL,NULL,NULL,"15"
"21242","14602","11669","2815","57451","Processing","2022-08-06 10:56:19",NULL,NULL,NULL,"15"
"22736","15640","12497","10214","61454","Processing","2020-09-09 01:14:41",NULL,NULL,NULL,"15"
"23233","15985","12771","25094","62788","Processing","2021-11-21 05:01:59",NULL,NULL,NULL,"15"
"25143","17327","13835","12082","67959","Processing","2022-08-16 13:43:12",NULL,NULL,NULL,"15"
"26405","18198","14543","24463","71367","Processing","2022-03-03 03:17:27",NULL,NULL,NULL,"15"
"27420","18889","15110","24611","74129","Processing","2021-10-27 02:25:05",NULL,NULL,NULL,"15"
"29031","19987","15956","25342","78489","Processing","2022-03-31 07:39:51",NULL,NULL,NULL,"15"
"29119","20042","16008","26155","78723","Processing","2022-02-04 02:29:13",NULL,NULL,NULL,"15"
"33305","22928","18295","24757","89968","Processing","2022-01-21 16:00:26",NULL,NULL,NULL,"15"
"33335","22950","18316","13510","90059","Processing","2022-09-04 00:13:03",NULL,NULL,NULL,"15"
"34664","23860","19056","10416","93643","Processing","2021-02-03 01:06:16",NULL,NULL,NULL,"15"
"34804","23952","19124","24667","94024","Processing","2022-07-25 07:32:26",NULL,NULL,NULL,"15"
"35106","24160","19287","8403","94840","Processing","2021-03-31 12:49:58",NULL,NULL,NULL,"15"
"35572","24483","19563","2815","96069","Processing","2022-04-16 07:31:12",NULL,NULL,NULL,"15"
"35653","24538","19606","8898","96281","Processing","2020-07-31 02:52:14",NULL,NULL,NULL,"15"
"36048","24816","19841","24611","97351","Processing","2020-11-14 21:52:30",NULL,NULL,NULL,"15"
"36273","24976","19968","9191","97938","Processing","2022-07-14 10:15:08",NULL,NULL,NULL,"15"
"37141","25580","20439","24830","100290","Processing","2022-02-20 02:26:04",NULL,NULL,NULL,"15"
"40660","27966","22314","8807","109787","Processing","2022-09-05 01:23:22",NULL,NULL,NULL,"15"
"41047","28228","22521","9148","110823","Processing","2022-04-02 00:28:07",NULL,NULL,NULL,"15"
"41298","28404","22658","9315","111490","Processing","2022-07-27 02:30:33",NULL,NULL,NULL,"15"
"41696","28676","22869","24646","112554","Processing","2022-07-31 13:34:22",NULL,NULL,NULL,"15"
"42209","29037","23155","21812","113958","Processing","2022-09-01 03:11:42",NULL,NULL,NULL,"15"
"43397","29853","23803","15276","117182","Processing","2020-08-18 13:57:56",NULL,NULL,NULL,"15"
"45088","31048","24787","12633","121769","Processing","2022-08-16 23:48:59",NULL,NULL,NULL,"15"
"47355","32626","26053","8898","127822","Processing","2021-11-27 00:15:05",NULL,NULL,NULL,"15"
"51004","35162","28061","14311","137674","Processing","2020-05-28 13:23:35",NULL,NULL,NULL,"15"
"51650","35598","28444","22097","139416","Processing","2021-03-21 12:24:34",NULL,NULL,NULL,"15"
"51876","35746","28556","12549","140031","Processing","2020-10-15 22:54:18",NULL,NULL,NULL,"15"
"51983","35827","28621","9337","140324","Processing","2021-12-27 12:52:35",NULL,NULL,NULL,"15"
"53586","36922","29501","20089","144601","Processing","2022-06-25 05:07:02",NULL,NULL,NULL,"15"
"55658","38363","30659","3768","150177","Processing","2022-03-26 00:31:15",NULL,NULL,NULL,"15"
"57419","39576","31624","4954","154981","Processing","2020-06-19 02:23:17",NULL,NULL,NULL,"15"
"58857","40563","32394","12627","158849","Processing","2022-01-16 13:34:21",NULL,NULL,NULL,"15"
"60476","41650","33288","5808","163283","Processing","2022-02-21 06:52:12",NULL,NULL,NULL,"15"
"60523","41682","33323","8899","163403","Processing","2020-10-10 23:23:49",NULL,NULL,NULL,"15"
"60751","41842","33445","24757","164014","Processing","2022-08-23 01:52:43",NULL,NULL,NULL,"15"
"63423","43667","34925","9332","171241","Processing","2022-05-10 05:18:53",NULL,NULL,NULL,"15"
"65051","44782","35813","25050","175660","Processing","2021-02-09 06:45:07",NULL,NULL,NULL,"15"
"65131","44839","35854","12640","175873","Processing","2020-03-21 07:16:44",NULL,NULL,NULL,"15"
"66150","45523","36391","17032","178624","Processing","2021-01-10 10:29:44",NULL,NULL,NULL,"15"
"68225","46952","37560","12640","184204","Processing","2021-06-08 23:24:19",NULL,NULL,NULL,"15"
"68296","47005","37604","11395","184386","Processing","2021-10-28 14:19:33",NULL,NULL,NULL,"15"
"68556","47184","37742","10214","185064","Processing","2020-12-11 21:42:40",NULL,NULL,NULL,"15"
"69807","48058","38427","25342","188443","Processing","2022-09-03 09:49:53.696573",NULL,NULL,NULL,"15"
"71389","49158","39345","25342","192742","Processing","2022-04-13 00:38:35",NULL,NULL,NULL,"15"
"72192","49720","39796","12470","194887","Processing","2022-05-26 11:03:55",NULL,NULL,NULL,"15"
"73271","50471","40401","25354","197846","Processing","2020-03-07 00:48:41",NULL,NULL,NULL,"15"
"73389","50553","40458","17032","198163","Processing","2021-08-24 03:28:46",NULL,NULL,NULL,"15"
"73408","50564","40463","24656","198210","Processing","2022-09-03 02:54:45.60738",NULL,NULL,NULL,"15"
"74434","51285","41029","25354","200984","Processing","2022-03-18 08:04:15",NULL,NULL,NULL,"15"
"75364","51933","41556","5662","203472","Processing","2022-06-22 01:03:51",NULL,NULL,NULL,"15"
"77697","53574","42873","24463","209725","Processing","2022-05-08 11:03:17",NULL,NULL,NULL,"15"
"77773","53623","42906","12082","209936","Processing","2022-07-28 07:13:15",NULL,NULL,NULL,"15"
"78328","54012","43210","9225","211459","Processing","2022-09-02 01:43:16",NULL,NULL,NULL,"15"
"78947","54433","43556","13510","213133","Processing","2022-06-24 21:45:29",NULL,NULL,NULL,"15"
"80288","55373","44276","9225","216795","Processing","2022-09-01 12:35:40.521253",NULL,NULL,NULL,"15"
"80382","55439","44328","9307","217053","Processing","2022-07-19 09:03:50",NULL,NULL,NULL,"15"
"80597","55585","44435","15570","217662","Processing","2019-12-03 08:22:20",NULL,NULL,NULL,"15"
"81515","56237","44946","15777","220141","Processing","2021-09-21 16:45:00",NULL,NULL,NULL,"15"
"82409","56876","45486","11305","222541","Processing","2022-02-14 04:34:23",NULL,NULL,NULL,"15"
"83850","57906","46299","18423","226467","Processing","2021-09-19 02:44:37",NULL,NULL,NULL,"15"
"84705","58519","46809","24473","228783","Processing","2022-06-27 05:03:42",NULL,NULL,NULL,"15"
"84717","58525","46812","15962","228811","Processing","2022-06-20 02:30:22",NULL,NULL,NULL,"15"
"86389","59691","47758","2815","233361","Processing","2021-12-04 11:29:55",NULL,NULL,NULL,"15"
"86619","59845","47886","25905","233982","Processing","2022-08-31 10:57:20",NULL,NULL,NULL,"15"
"86807","59987","47997","16972","234508","Processing","2022-01-27 04:16:13",NULL,NULL,NULL,"15"
"88935","61468","49211","5313","240280","Processing","2022-05-13 08:16:42",NULL,NULL,NULL,"15"
"89234","61680","49386","11394","241062","Processing","2022-04-20 14:39:05",NULL,NULL,NULL,"15"
"91646","63324","50706","6239","247555","Processing","2020-12-30 04:04:32",NULL,NULL,NULL,"15"
"92062","63614","50931","8403","248661","Processing","2020-09-13 04:08:55",NULL,NULL,NULL,"15"
"92255","63744","51035","25297","249175","Processing","2021-03-22 10:21:05",NULL,NULL,NULL,"15"
"92720","64064","51278","9226","250432","Processing","2020-10-20 23:45:14",NULL,NULL,NULL,"15"
"92965","64236","51410","11146","251097","Processing","2022-08-02 02:19:16",NULL,NULL,NULL,"15"
"93918","64891","51928","9148","253671","Processing","2022-09-02 17:52:36",NULL,NULL,NULL,"15"
"94368","65198","52160","12470","254907","Processing","2022-06-29 21:10:46",NULL,NULL,NULL,"15"
"97740","67546","53982","25229","264035","Processing","2022-09-05 06:09:56.549509",NULL,NULL,NULL,"15"
"100284","69311","55420","25229","270838","Processing","2020-11-12 12:27:17",NULL,NULL,NULL,"15"
"102634","70910","56682","25227","277226","Processing","2021-07-09 09:29:34",NULL,NULL,NULL,"15"
"103322","71396","57078","11243","279092","Processing","2022-07-02 07:40:32",NULL,NULL,NULL,"15"
"103475","71505","57166","9500","279501","Processing","2022-08-25 14:19:45",NULL,NULL,NULL,"15"
"104826","72430","57910","10970","283159","Processing","2021-10-23 00:34:31",NULL,NULL,NULL,"15"
"105016","72570","58022","24667","283673","Processing","2022-04-02 09:47:22",NULL,NULL,NULL,"15"
"107112","74007","59168","25905","289305","Processing","2022-03-18 04:54:47",NULL,NULL,NULL,"15"
"107351","74165","59291","9039","289957","Processing","2022-07-22 12:42:42",NULL,NULL,NULL,"15"
"107539","74303","59405","14487","290474","Processing","2021-10-26 15:04:58",NULL,NULL,NULL,"15"
"108018","74621","59657","7221","291796","Processing","2022-02-23 05:25:09",NULL,NULL,NULL,"15"
"111238","76852","61484","24667","300413","Processing","2022-03-03 04:45:51",NULL,NULL,NULL,"15"
"111415","76965","61587","20089","300903","Processing","2021-10-23 16:17:00",NULL,NULL,NULL,"15"
"115463","79749","63808","18200","311841","Processing","2021-09-12 01:06:20",NULL,NULL,NULL,"15"
"115773","79947","63980","11437","312670","Processing","2019-05-25 06:19:15",NULL,NULL,NULL,"15"
"115945","80067","64087","12338","313139","Processing","2021-04-04 10:07:33",NULL,NULL,NULL,"15"
"118026","81465","65235","8934","318701","Processing","2022-01-24 01:24:00",NULL,NULL,NULL,"15"
"119966","82815","66296","12629","323911","Processing","2022-08-13 17:00:06",NULL,NULL,NULL,"15"
"120887","83427","66803","25094","326405","Processing","2021-12-25 23:02:30",NULL,NULL,NULL,"15"
"122308","84371","67546","10867","330236","Processing","2022-02-11 10:28:56",NULL,NULL,NULL,"15"
"125110","86310","69065","9233","337786","Processing","2022-06-26 07:57:34",NULL,NULL,NULL,"15"
"125313","86445","69179","18578","338332","Processing","2022-04-08 14:19:57",NULL,NULL,NULL,"15"
"125633","86664","69342","10970","339182","Processing","2021-06-21 06:24:05",NULL,NULL,NULL,"15"
"125855","86803","69459","8954","339773","Processing","2022-09-06 07:32:14.782893",NULL,NULL,NULL,"15"
"127012","87598","70135","11498","342942","Processing","2021-04-15 04:27:12",NULL,NULL,NULL,"15"
"127145","87685","70196","11146","343290","Processing","2021-09-22 16:47:46",NULL,NULL,NULL,"15"
"128294","88480","70879","7016","346411","Processing","2022-05-14 23:49:17",NULL,NULL,NULL,"15"
"129437","89266","71509","14311","349496","Processing","2022-03-26 01:11:04",NULL,NULL,NULL,"15"
"130861","90266","72290","8860","353334","Processing","2022-08-25 06:26:25",NULL,NULL,NULL,"15"
"131262","90541","72537","24473","354413","Processing","2021-02-08 06:58:48",NULL,NULL,NULL,"15"
"131714","90859","72776","18200","355627","Processing","2022-05-05 17:20:34",NULL,NULL,NULL,"15"
"132623","91480","73261","8807","358120","Processing","2021-07-10 11:33:12",NULL,NULL,NULL,"15"
"132665","91514","73291","24646","358240","Processing","2022-07-05 04:40:30",NULL,NULL,NULL,"15"
"133784","92308","73938","16646","361255","Processing","2021-09-20 04:38:26",NULL,NULL,NULL,"15"
"137917","95176","76295","11498","372390","Processing","2022-07-08 15:18:43",NULL,NULL,NULL,"15"
"138024","95246","76355","11394","372677","Processing","2020-03-16 08:41:05",NULL,NULL,NULL,"15"
"138634","95665","76695","25012","374349","Processing","2022-07-26 16:58:55",NULL,NULL,NULL,"15"
"138867","95828","76835","9307","374988","Processing","2020-10-02 17:15:04",NULL,NULL,NULL,"15"
"138964","95894","76893","210","375249","Processing","2021-06-30 06:32:41",NULL,NULL,NULL,"15"
"140342","96814","77642","3768","378952","Processing","2022-08-11 02:03:52",NULL,NULL,NULL,"15"
"141790","97807","78423","24830","382839","Processing","2022-04-03 09:01:04",NULL,NULL,NULL,"15"
"143133","98760","79185","25905","386467","Processing","2022-02-20 11:49:38",NULL,NULL,NULL,"15"
"144773","99895","80102","25342","390900","Processing","2022-09-05 04:31:30.103043",NULL,NULL,NULL,"15"
"144991","100043","80223","9421","391492","Processing","2021-12-25 02:01:08",NULL,NULL,NULL,"15"
"145242","100210","80352","8807","392181","Processing","2021-05-14 07:53:50",NULL,NULL,NULL,"15"
"146865","101317","81281","12305","396570","Processing","2021-01-16 16:14:52",NULL,NULL,NULL,"15"
"146930","101367","81318","9039","396747","Processing","2022-06-12 22:22:19",NULL,NULL,NULL,"15"
"147184","101547","81452","12627","397409","Processing","2021-11-09 04:17:54",NULL,NULL,NULL,"15"
"147289","101625","81509","25297","397692","Processing","2019-11-27 07:26:54",NULL,NULL,NULL,"15"
"147392","101697","81567","7299","397968","Processing","2019-05-23 09:03:58",NULL,NULL,NULL,"15"
"147415","101714","81582","2815","398032","Processing","2022-08-22 05:48:40",NULL,NULL,NULL,"15"
"147417","101714","81582","15358","398036","Processing","2022-08-22 04:54:20",NULL,NULL,NULL,"15"
"148007","102138","81924","13323","399632","Processing","2021-05-18 06:02:38",NULL,NULL,NULL,"15"
"148336","102366","82112","15962","400537","Processing","2021-02-04 10:48:48",NULL,NULL,NULL,"15"
"148337","102366","82112","13510","400541","Processing","2021-02-05 10:59:07",NULL,NULL,NULL,"15"
"148534","102486","82215","7023","401090","Processing","2022-05-30 09:50:00",NULL,NULL,NULL,"15"
"148609","102536","82253","17032","401290","Processing","2020-07-22 09:02:28",NULL,NULL,NULL,"15"
"148664","102580","82296","11498","401443","Processing","2021-04-06 02:18:48",NULL,NULL,NULL,"15"
"150337","103735","83221","5313","406029","Processing","2022-02-25 00:20:53",NULL,NULL,NULL,"15"
"155159","107047","85882","24479","418961","Processing","2021-11-16 06:50:38",NULL,NULL,NULL,"15"
"155701","107408","86176","25094","420416","Processing","2022-03-29 05:50:53",NULL,NULL,NULL,"15"
"156713","108099","86703","13323","423117","Processing","2021-11-03 13:59:28",NULL,NULL,NULL,"15"
"156971","108273","86836","24656","423820","Processing","2022-02-05 12:43:12",NULL,NULL,NULL,"15"
"157839","108866","87314","5313","426172","Processing","2022-04-23 00:00:42",NULL,NULL,NULL,"15"
"158796","109527","87832","9500","428746","Processing","2022-07-15 13:02:49",NULL,NULL,NULL,"15"
"163688","112915","90536","10982","442001","Processing","2021-02-19 11:25:31",NULL,NULL,NULL,"15"
"163763","112970","90586","5808","442201","Processing","2021-02-19 12:08:40",NULL,NULL,NULL,"15"
"165545","114171","91532","11243","447096","Processing","2022-05-08 11:41:36",NULL,NULL,NULL,"15"
"166206","114627","91896","22097","448893","Processing","2021-12-29 12:16:41",NULL,NULL,NULL,"15"
"166343","114714","91965","24830","449268","Processing","2022-04-12 02:11:47",NULL,NULL,NULL,"15"
"166684","114949","92142","18578","450176","Processing","2022-01-27 15:10:31",NULL,NULL,NULL,"15"
"168293","116058","93050","9226","454488","Processing","2022-01-12 23:23:41",NULL,NULL,NULL,"15"
"169196","116693","93565","15962","456900","Processing","2022-05-20 12:13:12",NULL,NULL,NULL,"15"
"169865","117141","93928","9225","458708","Processing","2021-12-29 13:55:57",NULL,NULL,NULL,"15"
"169951","117194","93965","25881","458939","Processing","2021-09-09 13:29:38",NULL,NULL,NULL,"15"
"170242","117385","94134","24766","459748","Processing","2021-03-18 15:17:35",NULL,NULL,NULL,"15"
"170739","117714","94408","210","461119","Processing","2022-06-23 07:50:57",NULL,NULL,NULL,"15"
"171071","117942","94583","10214","462020","Processing","2022-04-21 16:33:48",NULL,NULL,NULL,"15"
"172548","118993","95391","25058","466014","Processing","2021-07-08 04:44:04",NULL,NULL,NULL,"15"
"174940","120637","96728","7221","472430","Processing","2021-05-07 22:42:36",NULL,NULL,NULL,"15"
"177357","122315","98081","18200","478999","Processing","2021-10-14 14:17:11",NULL,NULL,NULL,"15"
"177770","122606","98337","5662","480104","Processing","2021-04-19 13:22:33",NULL,NULL,NULL,"15"
"179450","123765","99282","25297","484613","Processing","2020-09-11 11:55:09",NULL,NULL,NULL,"15"
"98","73","59","6714","270","Shipped","2022-03-14 11:09:42","2022-03-15 02:02:00",NULL,NULL,"15.5"
"77684","53567","42862","12419","209695","Shipped","2022-04-07 01:28:13","2022-04-05 10:10:00",NULL,NULL,"15.5"
"111548","77062","61655","6714","301261","Shipped","2021-02-28 12:24:57","2021-03-03 12:21:00",NULL,NULL,"15.5"
"114659","79194","63347","28455","309679","Shipped","2021-07-29 06:48:18","2021-07-30 21:43:00",NULL,NULL,"15.5"
"157281","108489","87003","6714","424677","Shipped","2021-08-10 04:54:20","2021-08-12 14:06:00",NULL,NULL,"15.5"
"70394","48480","38774","28455","190055","Complete","2021-11-27 23:48:17","2021-11-28 22:01:00","2021-11-29 05:39:00",NULL,"15.5"
"105405","72830","58256","12419","284694","Complete","2020-09-26 12:38:03","2020-09-28 17:12:00","2020-10-01 08:39:00",NULL,"15.5"
"151876","104787","84086","20529","410180","Returned","2021-07-16 12:24:24","2021-07-15 16:31:00","2021-07-19 16:39:00","2021-07-19 18:51:00","15.5"
"3235","2203","1771","28455","8757","Cancelled","2021-03-17 11:05:36",NULL,NULL,NULL,"15.5"
"14990","10304","8281","20529","40603","Cancelled","2021-04-29 09:58:17",NULL,NULL,NULL,"15.5"
"26883","18522","14792","20529","72654","Cancelled","2020-09-13 06:34:31",NULL,NULL,NULL,"15.5"
"39837","27428","21904","28455","107542","Cancelled","2022-04-02 00:27:14",NULL,NULL,NULL,"15.5"
"60937","41971","33550","28455","164510","Cancelled","2022-09-05 03:07:39",NULL,NULL,NULL,"15.5"
"12503","8615","6953","6714","33880","Processing","2022-08-14 12:20:17",NULL,NULL,NULL,"15.5"
"18155","12478","10029","28455","49181","Processing","2022-02-18 10:26:26",NULL,NULL,NULL,"15.5"
"48045","33091","26437","28455","129687","Processing","2022-03-23 11:25:49",NULL,NULL,NULL,"15.5"
"65537","45137","36076","28455","176978","Processing","2022-07-01 23:43:31",NULL,NULL,NULL,"15.5"
"88645","61278","49073","20529","239489","Processing","2022-05-15 00:55:29",NULL,NULL,NULL,"15.5"
"113439","78366","62671","20529","306393","Processing","2022-09-01 23:36:38",NULL,NULL,NULL,"15.5"
"602","436","377","6434","1598","Shipped","2022-07-31 08:46:32","2022-08-03 05:27:00",NULL,NULL,"16"
"680","478","407","11574","1810","Shipped","2019-06-25 13:05:05","2019-06-27 20:34:00",NULL,NULL,"16"
"1737","1211","977","8950","4703","Shipped","2021-05-06 13:08:53","2021-05-07 17:02:00",NULL,NULL,"16"
"2410","1654","1332","12590","6522","Shipped","2022-03-17 02:00:19","2022-03-14 17:47:00",NULL,NULL,"16"
"2804","1911","1546","2685","7592","Shipped","2022-08-07 09:49:06","2022-08-08 21:53:00",NULL,NULL,"16"
"4828","3300","2687","26164","13079","Shipped","2022-08-27 00:03:15","2022-08-26 05:10:00",NULL,NULL,"16"
"4941","3365","2742","11574","13378","Shipped","2019-11-26 14:04:00","2019-11-26 23:52:00",NULL,NULL,"16"
"5610","3825","3119","11665","15185","Shipped","2022-04-30 11:29:25","2022-05-02 00:04:00",NULL,NULL,"16"
"5716","3893","3168","2631","15478","Shipped","2021-10-20 02:22:33","2021-10-17 19:32:00",NULL,NULL,"16"
"6641","4526","3671","18788","17985","Shipped","2021-08-06 12:11:21","2021-08-05 04:44:00",NULL,NULL,"16"
"6911","4713","3828","25260","18714","Shipped","2022-02-10 16:22:13","2022-02-12 00:19:00",NULL,NULL,"16"
"7866","5386","4364","11574","21337","Shipped","2022-07-29 09:33:19","2022-07-29 08:53:00",NULL,NULL,"16"
"8366","5733","4630","25340","22690","Shipped","2022-05-11 07:53:23","2022-05-12 04:40:00",NULL,NULL,"16"
"8657","5934","4801","24868","23480","Shipped","2021-10-04 02:54:32","2021-10-05 08:02:00",NULL,NULL,"16"
"10436","7177","5842","9492","28287","Shipped","2021-12-26 22:12:44","2021-12-29 22:52:00",NULL,NULL,"16"
"10895","7481","6080","25088","29534","Shipped","2022-01-28 01:35:45","2022-01-27 11:29:00",NULL,NULL,"16"
"12017","8297","6707","2783","32576","Shipped","2022-08-24 23:14:57","2022-08-27 09:06:00",NULL,NULL,"16"
"13805","9513","7661","25275","37416","Shipped","2022-08-02 08:41:48","2022-08-03 05:36:00",NULL,NULL,"16"
"14083","9695","7826","18196","38159","Shipped","2022-07-14 08:28:58","2022-07-13 06:21:00",NULL,NULL,"16"
"14505","9982","8036","25213","39312","Shipped","2021-08-27 03:01:49","2021-08-24 13:17:00",NULL,NULL,"16"
"15812","10848","8717","24548","42815","Shipped","2022-07-25 23:55:44","2022-07-27 15:35:00",NULL,NULL,"16"
"16124","11080","8901","26350","43644","Shipped","2020-11-23 00:53:28","2020-11-24 23:28:00",NULL,NULL,"16"
"17709","12175","9794","24838","47967","Shipped","2022-05-03 01:56:20","2022-05-05 05:55:00",NULL,NULL,"16"
"19793","13615","10903","9462","53559","Shipped","2021-10-11 07:37:11","2021-10-13 20:08:00",NULL,NULL,"16"
"19851","13657","10934","16165","53723","Shipped","2022-05-26 14:15:19","2022-05-29 10:25:00",NULL,NULL,"16"
"21298","14642","11700","25275","57597","Shipped","2022-04-11 02:41:50","2022-04-10 04:38:00",NULL,NULL,"16"
"21560","14824","11843","25019","58284","Shipped","2020-11-30 14:17:39","2020-12-02 01:49:00",NULL,NULL,"16"
"22128","15213","12155","24892","59811","Shipped","2021-04-22 11:11:28","2021-04-20 16:22:00",NULL,NULL,"16"
"22943","15780","12616","26107","62018","Shipped","2022-05-13 12:47:40","2022-05-13 18:02:00",NULL,NULL,"16"
"22947","15784","12620","9160","62031","Shipped","2021-08-13 00:55:26","2021-08-15 07:15:00",NULL,NULL,"16"
"23108","15900","12711","9308","62460","Shipped","2019-11-01 07:40:11","2019-10-30 06:15:00",NULL,NULL,"16"
"23152","15935","12738","11665","62576","Shipped","2022-04-29 07:52:02","2022-04-26 14:20:00",NULL,NULL,"16"
"23776","16367","13087","10808","64283","Shipped","2021-11-10 01:03:59","2021-11-13 00:00:00",NULL,NULL,"16"
"26539","18289","14613","9482","71733","Shipped","2020-03-06 14:01:07","2020-03-05 13:46:00",NULL,NULL,"16"
"26725","18413","14701","18553","72241","Shipped","2021-02-23 22:05:01","2021-02-21 10:17:00",NULL,NULL,"16"
"28027","19323","15451","10572","75754","Shipped","2022-03-01 05:17:50","2022-02-28 07:30:00",NULL,NULL,"16"
"30308","20869","16699","6434","81944","Shipped","2022-07-21 07:57:36","2022-07-21 17:37:00",NULL,NULL,"16"
"31266","21510","17222","12590","84498","Shipped","2021-08-18 03:40:06","2021-08-20 12:13:00",NULL,NULL,"16"
"31908","21959","17565","15747","86224","Shipped","2021-10-23 00:51:29","2021-10-20 00:56:00",NULL,NULL,"16"
"32394","22293","17822","25142","87523","Shipped","2020-10-21 10:44:20","2020-10-18 14:12:00",NULL,NULL,"16"
"34591","23812","19011","25283","93450","Shipped","2022-06-08 11:14:53","2022-06-07 09:12:00",NULL,NULL,"16"
"34637","23837","19037","25779","93572","Shipped","2022-05-06 00:12:31","2022-05-05 00:10:00",NULL,NULL,"16"
"37317","25697","20534","9317","100767","Shipped","2022-09-03 02:54:50.806895","2022-09-05 05:14:02.806895",NULL,NULL,"16"
"37892","26087","20846","25076","102297","Shipped","2022-09-01 07:38:04","2022-08-31 11:22:00",NULL,NULL,"16"
"39408","27130","21675","10835","106395","Shipped","2022-07-23 01:24:49","2022-07-23 19:53:00",NULL,NULL,"16"
"39502","27202","21736","25620","106644","Shipped","2019-01-31 08:57:33","2019-02-02 00:01:00",NULL,NULL,"16"
"39583","27262","21782","2631","106849","Shipped","2022-07-20 06:46:19","2022-07-20 05:17:00",NULL,NULL,"16"
"40260","27710","22134","25359","108671","Shipped","2020-07-06 13:29:38","2020-07-08 21:14:00",NULL,NULL,"16"
"40490","27861","22242","25340","109309","Shipped","2022-02-12 06:09:07","2022-02-10 15:35:00",NULL,NULL,"16"
"41670","28660","22857","10641","112479","Shipped","2021-06-11 23:30:20","2021-06-12 02:19:00",NULL,NULL,"16"
"42993","29584","23598","26396","116101","Shipped","2022-08-15 22:00:50","2022-08-12 20:51:00",NULL,NULL,"16"
"45131","31080","24810","2827","121882","Shipped","2021-09-22 00:45:39","2021-09-22 15:02:00",NULL,NULL,"16"
"48154","33168","26502","15588","129974","Shipped","2021-09-05 08:38:52","2021-09-04 01:25:00",NULL,NULL,"16"
"50133","34525","27561","25213","135333","Shipped","2020-12-11 00:42:11","2020-12-13 23:42:00",NULL,NULL,"16"
"50318","34664","27670","9329","135830","Shipped","2021-09-27 08:12:42","2021-09-29 10:14:00",NULL,NULL,"16"
"53011","36546","29201","11574","143047","Shipped","2021-06-04 12:42:08","2021-06-02 18:28:00",NULL,NULL,"16"
"53633","36959","29527","15588","144735","Shipped","2022-06-19 15:20:35","2022-06-21 11:36:00",NULL,NULL,"16"
"53868","37121","29656","11119","145384","Shipped","2022-07-17 03:27:08","2022-07-16 14:53:00",NULL,NULL,"16"
"55447","38215","30536","10572","149607","Shipped","2022-04-11 02:24:49","2022-04-07 09:34:00",NULL,NULL,"16"
"57272","39477","31548","25188","154584","Shipped","2021-10-28 11:22:45","2021-10-31 05:18:00",NULL,NULL,"16"
"57726","39784","31798","24892","155783","Shipped","2021-09-15 23:33:29","2021-09-17 11:22:00",NULL,NULL,"16"
"57800","39833","31839","25213","155979","Shipped","2021-11-09 13:10:04","2021-11-06 09:06:00",NULL,NULL,"16"
"59904","41268","32963","6344","161710","Shipped","2022-07-28 11:44:22","2022-07-31 06:38:00",NULL,NULL,"16"
"60174","41444","33118","18170","162463","Shipped","2021-01-19 05:45:51","2021-01-19 18:13:00",NULL,NULL,"16"
"60864","41924","33509","18553","164322","Shipped","2019-07-16 03:18:35","2019-07-16 18:26:00",NULL,NULL,"16"
"60932","41966","33545","9462","164496","Shipped","2022-04-19 08:50:39","2022-04-20 07:46:00",NULL,NULL,"16"
"63061","43413","34707","16165","170258","Shipped","2022-08-27 11:14:15","2022-08-27 19:42:00",NULL,NULL,"16"
"65329","44987","35961","22800","176405","Shipped","2022-04-01 23:30:29","2022-04-03 00:40:00",NULL,NULL,"16"
"67360","46348","37065","10641","181902","Shipped","2020-05-25 14:09:26","2020-05-24 17:30:00",NULL,NULL,"16"
"67443","46408","37118","25243","182116","Shipped","2022-09-04 12:56:30","2022-09-03 18:25:00",NULL,NULL,"16"
"68965","47470","37967","18170","186176","Shipped","2021-05-19 01:01:24","2021-05-19 22:46:00",NULL,NULL,"16"
"73377","50547","40455","24838","198131","Shipped","2022-03-07 21:28:20","2022-03-05 14:52:00",NULL,NULL,"16"
"74658","51448","41167","6434","201571","Shipped","2022-06-29 12:43:30","2022-06-30 01:59:00",NULL,NULL,"16"
"75667","52142","41750","24647","204297","Shipped","2021-12-28 04:40:54","2021-12-28 19:48:00",NULL,NULL,"16"
"76333","52614","42103","25054","206131","Shipped","2022-08-23 20:24:19","2022-08-24 19:14:00",NULL,NULL,"16"
"77047","53124","42504","24526","208038","Shipped","2022-05-08 01:43:24","2022-05-07 06:25:00",NULL,NULL,"16"
"78445","54084","43276","25260","211767","Shipped","2022-07-06 15:22:12","2022-07-08 16:36:00",NULL,NULL,"16"
"78810","54340","43493","26396","212759","Shipped","2022-06-05 00:02:18","2022-06-06 00:44:00",NULL,NULL,"16"
"81043","55897","44688","8986","218871","Shipped","2022-08-28 21:08:10","2022-08-30 08:12:00",NULL,NULL,"16"
"82746","57120","45669","6344","223477","Shipped","2022-05-07 11:43:53","2022-05-09 12:18:00",NULL,NULL,"16"
"83063","57354","45847","25243","224327","Shipped","2022-08-07 12:16:21","2022-08-10 08:37:00",NULL,NULL,"16"
"83291","57515","45982","25620","224957","Shipped","2021-12-27 06:16:43","2021-12-30 07:12:00",NULL,NULL,"16"
"83882","57928","46311","24838","226564","Shipped","2022-05-23 09:26:53","2022-05-21 07:27:00",NULL,NULL,"16"
"84602","58448","46750","9482","228505","Shipped","2019-09-19 14:59:30","2019-09-21 00:33:00",NULL,NULL,"16"
"85515","59094","47245","18196","230985","Shipped","2019-10-05 15:12:29","2019-10-06 16:32:00",NULL,NULL,"16"
"85733","59251","47391","15871","231578","Shipped","2021-04-20 10:05:33","2021-04-18 19:27:00",NULL,NULL,"16"
"86380","59686","47755","25620","233337","Shipped","2021-08-26 04:12:33","2021-08-26 14:12:00",NULL,NULL,"16"
"88012","60831","48693","6434","237761","Shipped","2022-02-07 08:49:02","2022-02-09 18:56:00",NULL,NULL,"16"
"88368","61067","48893","6434","238720","Shipped","2022-04-08 03:45:32","2022-04-09 15:36:00",NULL,NULL,"16"
"88905","61451","49201","8950","240197","Shipped","2022-09-04 14:18:30","2022-09-04 07:36:00",NULL,NULL,"16"
"89702","62008","49633","8844","242318","Shipped","2022-07-23 23:59:44","2022-07-25 13:38:00",NULL,NULL,"16"
"90628","62632","50140","2685","244843","Shipped","2022-06-08 11:48:14","2022-06-10 04:59:00",NULL,NULL,"16"
"91105","62959","50409","29069","246103","Shipped","2019-12-23 21:56:42","2019-12-26 16:02:00",NULL,NULL,"16"
"92106","63644","50950","24548","248776","Shipped","2021-11-20 00:39:13","2021-11-20 09:42:00",NULL,NULL,"16"
"92197","63704","51009","12658","249023","Shipped","2022-08-05 04:11:54","2022-08-08 02:38:00",NULL,NULL,"16"
"92631","64002","51235","9317","250197","Shipped","2022-06-07 07:50:05","2022-06-09 21:46:00",NULL,NULL,"16"
"97433","67337","53803","8950","263176","Shipped","2022-05-12 06:20:49","2022-05-14 01:13:00",NULL,NULL,"16"
"98286","67919","54274","8950","265518","Shipped","2022-09-05 15:28:55.581469","2022-09-05 01:21:57.581469",NULL,NULL,"16"
"99777","68967","55141","25141","269503","Shipped","2021-01-08 11:06:08","2021-01-10 20:49:00",NULL,NULL,"16"
"100429","69403","55500","18553","271237","Shipped","2022-01-03 07:54:18","2022-01-01 17:55:00",NULL,NULL,"16"
"100871","69714","55748","12658","272436","Shipped","2021-07-07 05:24:04","2021-07-04 01:14:00",NULL,NULL,"16"
"101646","70236","56158","8986","274520","Shipped","2022-03-16 23:57:43","2022-03-19 05:34:00",NULL,NULL,"16"
"103826","71752","57373","11703","280473","Shipped","2020-11-01 11:31:23","2020-11-01 16:08:00",NULL,NULL,"16"
"104993","72553","58008","15588","283614","Shipped","2022-04-12 16:09:01","2022-04-12 05:43:00",NULL,NULL,"16"
"106517","73608","58861","6344","287711","Shipped","2021-10-26 04:03:32","2021-10-26 06:30:00",NULL,NULL,"16"
"109318","75514","60371","25188","295286","Shipped","2022-01-15 07:32:54","2022-01-16 04:23:00",NULL,NULL,"16"
"110237","76153","60896","11119","297735","Shipped","2022-08-28 13:27:31","2022-08-29 01:58:00",NULL,NULL,"16"
"111541","77056","61652","25067","301243","Shipped","2022-09-04 13:06:12.688498","2022-09-02 06:48:18.688498",NULL,NULL,"16"
"113267","78241","62577","22795","305929","Shipped","2022-05-02 04:42:00","2022-05-05 00:42:00",NULL,NULL,"16"
"113867","78652","62894","14199","307543","Shipped","2022-04-15 00:54:45","2022-04-15 23:24:00",NULL,NULL,"16"
"115308","79642","63710","26115","311432","Shipped","2022-08-31 10:12:45","2022-08-31 15:43:00",NULL,NULL,"16"
"116466","80424","64380","24892","314560","Shipped","2022-05-19 07:26:17","2022-05-21 23:12:00",NULL,NULL,"16"
"117842","81346","65145","25076","318223","Shipped","2022-07-27 08:53:03","2022-07-29 06:03:00",NULL,NULL,"16"
"118057","81486","65250","2631","318783","Shipped","2021-12-14 08:59:04","2021-12-14 21:26:00",NULL,NULL,"16"
"118666","81917","65585","14199","320418","Shipped","2019-07-23 06:08:40","2019-07-25 05:24:00",NULL,NULL,"16"
"119863","82743","66236","11120","323608","Shipped","2022-02-04 08:47:50","2022-02-06 15:35:00",NULL,NULL,"16"
"121970","84145","67358","25188","329318","Shipped","2022-01-08 00:40:29","2022-01-07 18:37:00",NULL,NULL,"16"
"124464","85863","68728","8977","335998","Shipped","2021-10-19 05:42:46","2021-10-22 01:56:00",NULL,NULL,"16"
"125362","86480","69206","24868","338461","Shipped","2020-09-14 09:55:55","2020-09-12 08:08:00",NULL,NULL,"16"
"127535","87946","70417","9248","344313","Shipped","2022-09-02 05:05:32","2022-09-04 20:57:00",NULL,NULL,"16"
"128635","88718","71061","12658","347335","Shipped","2022-05-20 07:23:53","2022-05-21 08:07:00",NULL,NULL,"16"
"130078","89717","71856","9317","351218","Shipped","2022-04-05 12:34:23","2022-04-01 18:13:00",NULL,NULL,"16"
"130736","90186","72224","11574","352999","Shipped","2022-05-29 00:34:53","2022-05-29 18:46:00",NULL,NULL,"16"
"130762","90201","72236","6434","353068","Shipped","2022-05-25 12:24:01","2022-05-27 04:52:00",NULL,NULL,"16"
"130935","90320","72335","26115","353533","Shipped","2022-03-31 03:45:04","2022-04-02 03:41:00",NULL,NULL,"16"
"131498","90703","72669","8844","355042","Shipped","2020-11-11 22:12:04","2020-11-12 11:50:00",NULL,NULL,"16"
"132426","91352","73154","25340","357577","Shipped","2021-05-26 08:57:50","2021-05-28 05:15:00",NULL,NULL,"16"
"132852","91655","73411","26350","358745","Shipped","2022-01-08 01:51:23","2022-01-08 04:15:00",NULL,NULL,"16"
"133583","92163","73811","9248","360714","Shipped","2021-11-22 23:08:43","2021-11-25 00:35:00",NULL,NULL,"16"
"134377","92715","74279","18553","362857","Shipped","2022-06-06 14:24:37","2022-06-05 11:58:00",NULL,NULL,"16"
"134511","92807","74352","25019","363228","Shipped","2021-03-29 11:02:24","2021-03-28 07:11:00",NULL,NULL,"16"
"134690","92924","74443","15588","363720","Shipped","2022-02-15 05:59:03","2022-02-16 00:39:00",NULL,NULL,"16"
"135013","93142","74623","24892","364579","Shipped","2021-05-30 03:16:23","2021-06-01 02:37:00",NULL,NULL,"16"
"136555","94235","75527","25188","368727","Shipped","2022-03-05 02:19:38","2022-03-03 05:26:00",NULL,NULL,"16"
"139416","96188","77137","10835","376485","Shipped","2021-06-10 03:26:25","2021-06-12 00:39:00",NULL,NULL,"16"
"139503","96243","77190","26350","376713","Shipped","2022-03-02 06:43:53","2022-03-03 06:59:00",NULL,NULL,"16"
"142878","98580","79032","11119","385781","Shipped","2022-09-05 01:04:07.810842","2022-09-07 23:59:58.810842",NULL,NULL,"16"
"144405","99633","79883","24798","389892","Shipped","2022-08-19 01:21:25","2022-08-17 09:38:00",NULL,NULL,"16"
"145488","100378","80491","9329","392851","Shipped","2021-07-18 09:40:11","2021-07-18 17:00:00",NULL,NULL,"16"
"146982","101410","81347","24526","396887","Shipped","2020-10-14 02:04:28","2020-10-10 19:31:00",NULL,NULL,"16"
"147596","101851","81692","25340","398520","Shipped","2020-12-25 02:59:34","2020-12-27 01:53:00",NULL,NULL,"16"
"149238","102998","82610","10835","403001","Shipped","2021-01-24 07:19:31","2021-01-26 16:45:00",NULL,NULL,"16"
"150202","103646","83135","25260","405661","Shipped","2021-03-22 05:15:04","2021-03-23 15:38:00",NULL,NULL,"16"
"150724","104011","83448","8986","407065","Shipped","2021-08-05 09:33:22","2021-08-07 16:43:00",NULL,NULL,"16"
"154738","106766","85669","15891","417840","Shipped","2021-06-01 02:09:45","2021-06-04 01:42:00",NULL,NULL,"16"
"154989","106936","85797","18788","418510","Shipped","2021-06-29 15:12:44","2021-06-30 00:47:00",NULL,NULL,"16"
"156158","107720","86413","15871","421627","Shipped","2022-03-18 13:29:30","2022-03-19 08:48:00",NULL,NULL,"16"
"156393","107881","86532","25019","422277","Shipped","2021-08-12 14:53:17","2021-08-14 19:40:00",NULL,NULL,"16"
"156453","107922","86568","25188","422423","Shipped","2021-11-30 00:47:16","2021-11-28 04:40:00",NULL,NULL,"16"
"156582","108005","86623","24798","422770","Shipped","2022-07-12 01:20:50","2022-07-13 06:31:00",NULL,NULL,"16"
"157047","108321","86868","26115","424033","Shipped","2022-04-19 04:01:02","2022-04-19 05:54:00",NULL,NULL,"16"
"157074","108342","86882","11703","424109","Shipped","2022-04-29 15:42:03","2022-04-30 17:11:00",NULL,NULL,"16"
"157533","108648","87126","2631","425348","Shipped","2021-01-09 09:02:04","2021-01-07 22:23:00",NULL,NULL,"16"
"157796","108833","87289","10887","426053","Shipped","2022-05-21 15:58:59","2022-05-21 05:18:00",NULL,NULL,"16"
"160136","110470","88593","2631","432373","Shipped","2022-07-04 06:37:57","2022-07-02 01:41:00",NULL,NULL,"16"
"160877","110971","88967","26396","434361","Shipped","2021-11-27 07:19:11","2021-11-28 16:16:00",NULL,NULL,"16"
"161798","111602","89482","24710","436879","Shipped","2021-10-28 11:11:48","2021-10-27 09:06:00",NULL,NULL,"16"
"162228","111885","89704","10289","438051","Shipped","2022-05-07 05:26:32","2022-05-09 08:25:00",NULL,NULL,"16"
"162517","112092","89865","26385","438837","Shipped","2022-05-15 07:23:00","2022-05-15 22:39:00",NULL,NULL,"16"
"164408","113408","90930","26107","443995","Shipped","2020-08-04 10:58:10","2020-08-03 05:53:00",NULL,NULL,"16"
"164553","113501","91000","9462","444381","Shipped","2022-02-16 13:51:10","2022-02-14 13:48:00",NULL,NULL,"16"
"165326","114016","91414","15871","446514","Shipped","2021-11-05 07:08:48","2021-11-06 16:26:00",NULL,NULL,"16"
"165514","114146","91506","25827","447008","Shipped","2020-08-14 06:02:13","2020-08-15 17:04:00",NULL,NULL,"16"
"166081","114540","91828","18196","448541","Shipped","2022-01-28 17:35:08","2022-01-29 04:33:00",NULL,NULL,"16"
"166983","115158","92301","25141","450983","Shipped","2021-01-13 12:57:51","2021-01-12 14:41:00",NULL,NULL,"16"
"167242","115332","92445","9248","451673","Shipped","2021-05-17 10:12:58","2021-05-17 20:00:00",NULL,NULL,"16"
"167273","115354","92460","24798","451761","Shipped","2022-07-24 02:12:42","2022-07-26 06:04:00",NULL,NULL,"16"
"172738","119122","95489","29069","466533","Shipped","2021-12-04 22:17:21","2021-12-05 15:01:00",NULL,NULL,"16"
"175094","120740","96804","8844","472865","Shipped","2019-12-17 07:17:52","2019-12-18 10:04:00",NULL,NULL,"16"
"175671","121154","97148","22795","474430","Shipped","2021-11-22 13:11:37","2021-11-20 23:10:00",NULL,NULL,"16"
"176718","121865","97732","24805","477287","Shipped","2022-08-15 08:07:50","2022-08-16 19:32:00",NULL,NULL,"16"
"177541","122447","98214","8950","479476","Shipped","2022-06-20 04:18:00","2022-06-22 12:00:00",NULL,NULL,"16"
"178821","123343","98932","25096","482908","Shipped","2021-09-24 23:34:50","2021-09-22 21:57:00",NULL,NULL,"16"
"179795","123996","99453","24710","485523","Shipped","2022-02-05 05:09:41","2022-02-04 02:50:00",NULL,NULL,"16"
"180180","124262","99662","8986","486568","Shipped","2022-04-17 05:26:20","2022-04-19 06:12:00",NULL,NULL,"16"
"914","649","541","28655","2455","Complete","2022-05-11 05:27:02","2022-05-10 23:22:00","2022-05-15 09:16:00",NULL,"16"
"2756","1880","1525","10887","7464","Complete","2022-08-25 15:31:51","2022-08-26 14:47:00","2022-08-29 03:33:00",NULL,"16"
"4254","2898","2328","25827","11539","Complete","2021-10-25 23:27:00","2021-10-26 18:27:00","2021-10-30 08:56:00",NULL,"16"
"4942","3366","2743","9045","13380","Complete","2019-10-15 05:45:02","2019-10-15 09:09:00","2019-10-19 02:09:00",NULL,"16"
"6452","4400","3567","8950","17465","Complete","2022-05-13 17:07:26","2022-05-12 00:46:00","2022-05-14 09:38:00",NULL,"16"
"7548","5167","4193","11120","20456","Complete","2021-11-07 00:46:12","2021-11-09 16:18:00","2021-11-11 13:11:00",NULL,"16"
"7902","5413","4382","13955","21431","Complete","2022-07-13 09:39:12","2022-07-14 03:21:00","2022-07-15 22:55:00",NULL,"16"
"8482","5809","4702","9462","23009","Complete","2022-06-14 10:21:04","2022-06-14 10:29:00","2022-06-18 10:58:00",NULL,"16"
"9905","6812","5524","29069","26873","Complete","2021-09-29 15:14:26","2021-09-28 13:29:00","2021-09-29 01:15:00",NULL,"16"
"10945","7521","6111","25067","29669","Complete","2022-04-14 02:51:09","2022-04-12 06:38:00","2022-04-13 15:26:00",NULL,"16"
"12362","8521","6883","15588","33514","Complete","2021-04-28 10:56:12","2021-04-29 02:47:00","2021-05-03 13:48:00",NULL,"16"
"12395","8545","6902","10835","33598","Complete","2020-12-28 12:43:59","2020-12-29 22:17:00","2020-12-30 04:11:00",NULL,"16"
"12781","8827","7127","24548","34635","Complete","2022-09-01 02:45:06","2022-08-30 15:36:00","2022-09-01 17:41:00",NULL,"16"
"15121","10396","8366","25141","40961","Complete","2022-04-09 16:09:21","2022-04-09 01:27:00","2022-04-10 02:56:00",NULL,"16"
"15965","10962","8807","25779","43210","Complete","2022-09-03 05:59:34","2022-09-03 09:29:00","2022-09-05 03:43:00",NULL,"16"
"19819","13635","10918","11021","53633","Complete","2022-09-01 01:13:04","2022-09-01 10:33:00","2022-09-04 16:10:00",NULL,"16"
"20292","13951","11184","18170","54925","Complete","2022-06-03 21:49:28","2022-05-31 22:46:00","2022-06-01 21:03:00",NULL,"16"
"21369","14696","11743","28307","57777","Complete","2019-09-23 17:31:10","2019-09-23 14:12:00","2019-09-26 14:25:00",NULL,"16"
"21954","15100","12055","25076","59342","Complete","2021-04-20 14:27:30","2021-04-18 00:41:00","2021-04-20 02:29:00",NULL,"16"
"22295","15333","12254","24892","60246","Complete","2021-08-29 01:31:55","2021-08-26 00:04:00","2021-08-29 16:58:00",NULL,"16"
"23285","16017","12791","26107","62940","Complete","2021-06-24 02:37:00","2021-06-25 19:55:00","2021-06-28 08:21:00",NULL,"16"
"23338","16053","12825","26396","63075","Complete","2022-08-29 06:35:10","2022-08-31 18:53:00","2022-09-01 19:45:00",NULL,"16"
"23487","16160","12917","13955","63477","Complete","2021-10-30 08:09:46","2021-10-30 23:32:00","2021-11-02 11:34:00",NULL,"16"
"23731","16334","13068","24526","64157","Complete","2022-07-09 15:31:08","2022-07-08 00:16:00","2022-07-11 16:32:00",NULL,"16"
"27469","18926","15138","12590","74264","Complete","2020-09-28 02:35:28","2020-09-30 12:03:00","2020-10-04 15:43:00",NULL,"16"
"28729","19777","15808","26107","77659","Complete","2021-11-22 01:19:36","2021-11-22 15:52:00","2021-11-23 11:21:00",NULL,"16"
"32090","22083","17663","15588","86704","Complete","2021-02-09 15:13:36","2021-02-10 05:40:00","2021-02-12 17:19:00",NULL,"16"
"35757","24610","19673","25067","96557","Complete","2021-01-02 12:49:51","2021-01-03 21:50:00","2021-01-06 21:12:00",NULL,"16"
"36366","25040","20021","26107","98184","Complete","2021-11-20 07:44:06","2021-11-18 18:11:00","2021-11-18 19:33:00",NULL,"16"
"36913","25410","20321","22795","99670","Complete","2021-10-10 06:37:07","2021-10-11 08:08:00","2021-10-15 06:19:00",NULL,"16"
"38726","26678","21325","2631","104560","Complete","2022-08-30 03:35:20","2022-08-28 15:47:00","2022-08-31 23:16:00",NULL,"16"
"38900","26790","21399","10887","105016","Complete","2020-11-25 16:50:25","2020-11-23 14:58:00","2020-11-28 05:05:00",NULL,"16"
"39561","27240","21766","25137","106793","Complete","2021-12-21 09:17:01","2021-12-23 17:14:00","2021-12-27 22:34:00",NULL,"16"
"41052","28231","22523","24892","110835","Complete","2021-05-01 11:39:48","2021-05-04 03:54:00","2021-05-09 00:12:00",NULL,"16"
"42476","29220","23295","2783","114709","Complete","2021-02-03 23:21:07","2021-02-02 01:22:00","2021-02-05 09:41:00",NULL,"16"
"43125","29665","23661","22795","116453","Complete","2021-05-13 14:14:14","2021-05-14 02:58:00","2021-05-18 04:04:00",NULL,"16"
"43365","29832","23783","11703","117100","Complete","2021-12-15 23:56:51","2021-12-17 14:40:00","2021-12-19 02:27:00",NULL,"16"
"43571","29975","23897","25213","117669","Complete","2022-08-31 22:41:36","2022-08-28 16:35:00","2022-08-29 11:14:00",NULL,"16"
"44635","30722","24520","12579","120556","Complete","2020-08-26 12:08:53","2020-08-25 12:56:00","2020-08-28 04:15:00",NULL,"16"
"45633","31420","25077","14941","123220","Complete","2022-08-12 01:48:06","2022-08-09 02:26:00","2022-08-11 17:29:00",NULL,"16"
"45641","31425","25078","24710","123241","Complete","2022-07-28 14:24:30","2022-07-29 22:24:00","2022-07-30 05:01:00",NULL,"16"
"47133","32478","25941","2783","127215","Complete","2020-03-10 14:06:36","2020-03-13 09:07:00","2020-03-18 05:10:00",NULL,"16"
"47597","32794","26184","24543","128467","Complete","2021-06-16 12:39:42","2021-06-16 21:52:00","2021-06-17 21:07:00",NULL,"16"
"51760","35667","28499","29069","139717","Complete","2021-02-06 11:57:28","2021-02-07 09:03:00","2021-02-10 00:56:00",NULL,"16"
"53888","37137","29671","26164","145439","Complete","2021-07-05 23:14:33","2021-07-04 22:41:00","2021-07-09 19:19:00",NULL,"16"
"54622","37656","30090","26115","147383","Complete","2020-04-07 14:34:52","2020-04-08 10:42:00","2020-04-12 23:19:00",NULL,"16"
"54665","37684","30112","10572","147512","Complete","2022-09-05 04:43:14.834879","2022-09-05 15:14:16.834879","2022-09-09 23:22:16.834879",NULL,"16"
"55387","38176","30503","24710","149441","Complete","2021-02-17 08:30:30","2021-02-18 15:01:00","2021-02-22 07:54:00",NULL,"16"
"55891","38525","30786","26350","150834","Complete","2022-09-05 07:41:34.482828","2022-09-08 00:52:34.482828","2022-09-11 11:12:34.482828",NULL,"16"
"56615","39026","31190","12590","152799","Complete","2021-07-02 03:04:08","2021-07-04 01:32:00","2021-07-04 13:38:00",NULL,"16"
"57148","39388","31491","25019","154244","Complete","2021-06-11 06:28:34","2021-06-12 17:38:00","2021-06-17 00:19:00",NULL,"16"
"57449","39600","31638","2783","155060","Complete","2020-11-30 06:10:29","2020-12-01 02:36:00","2020-12-04 13:13:00",NULL,"16"
"57926","39922","31907","11574","156323","Complete","2021-06-05 12:37:16","2021-06-07 03:47:00","2021-06-08 18:22:00",NULL,"16"
"60319","41548","33198","25088","162843","Complete","2021-04-12 09:56:49","2021-04-13 06:57:00","2021-04-15 15:35:00",NULL,"16"
"62122","42783","34205","2685","167695","Complete","2020-09-21 02:56:03","2020-09-23 22:51:00","2020-09-27 01:14:00",NULL,"16"
"62614","43123","34483","26220","169036","Complete","2022-03-12 03:54:17","2022-03-13 10:57:00","2022-03-16 08:15:00",NULL,"16"
"63116","43458","34747","25088","170415","Complete","2022-05-14 23:26:26","2022-05-17 12:58:00","2022-05-18 16:30:00",NULL,"16"
"64179","44168","35326","24892","173258","Complete","2021-09-03 12:27:07","2021-09-04 13:26:00","2021-09-09 11:21:00",NULL,"16"
"64589","44458","35564","24892","174386","Complete","2021-12-23 14:07:09","2021-12-24 04:01:00","2021-12-26 01:11:00",NULL,"16"
"65722","45247","36166","10289","177464","Complete","2021-10-27 07:08:48","2021-10-25 19:30:00","2021-10-28 22:29:00",NULL,"16"
"67576","46493","37184","16165","182469","Complete","2020-04-27 08:39:42","2020-04-28 10:51:00","2020-04-30 11:51:00",NULL,"16"
"67980","46774","37419","26220","183546","Complete","2020-06-19 01:33:24","2020-06-21 06:43:00","2020-06-24 04:34:00",NULL,"16"
"68929","47446","37946","25067","186080","Complete","2020-01-14 15:24:42","2020-01-15 09:25:00","2020-01-15 23:16:00",NULL,"16"
"71231","49045","39248","18196","192314","Complete","2021-08-15 10:54:47","2021-08-16 02:52:00","2021-08-16 18:10:00",NULL,"16"
"71837","49481","39615","12590","193931","Complete","2022-06-15 15:23:45","2022-06-12 22:12:00","2022-06-13 20:20:00",NULL,"16"
"72235","49747","39816","25827","195006","Complete","2022-03-04 04:33:19","2022-03-04 21:45:00","2022-03-08 18:21:00",NULL,"16"
"72388","49858","39912","24543","195433","Complete","2022-09-03 15:09:52","2022-09-05 04:39:00","2022-09-08 09:26:00",NULL,"16"
"72930","50242","40219","10835","196919","Complete","2022-07-16 02:25:03","2022-07-15 14:56:00","2022-07-16 10:23:00",NULL,"16"
"72998","50287","40253","25142","197110","Complete","2022-08-25 09:37:01","2022-08-28 03:56:00","2022-08-28 12:07:00",NULL,"16"
"73958","50945","40764","18788","199690","Complete","2022-07-04 04:26:46","2022-07-05 19:12:00","2022-07-09 14:08:00",NULL,"16"
"74229","51136","40927","9045","200436","Complete","2022-02-06 14:28:53","2022-02-04 00:37:00","2022-02-06 08:00:00",NULL,"16"
"74856","51577","41277","10289","202105","Complete","2022-06-06 08:37:05","2022-06-06 21:31:00","2022-06-07 17:11:00",NULL,"16"
"75059","51721","41377","24838","202656","Complete","2021-10-13 03:31:53","2021-10-15 13:17:00","2021-10-18 15:39:00",NULL,"16"
"75544","52055","41671","25620","203960","Complete","2021-09-03 12:38:54","2021-09-04 12:56:00","2021-09-07 23:57:00",NULL,"16"
"76470","52704","42174","15747","206499","Complete","2022-05-29 07:07:29","2022-05-29 11:23:00","2022-06-01 22:02:00",NULL,"16"
"76783","52939","42353","26220","207345","Complete","2022-09-02 11:02:37","2022-09-04 00:21:00","2022-09-04 07:56:00",NULL,"16"
"77109","53166","42535","18153","208190","Complete","2022-01-20 15:18:52","2022-01-22 05:38:00","2022-01-26 06:40:00",NULL,"16"
"77973","53767","43009","11119","210501","Complete","2022-03-07 09:13:33","2022-03-07 00:20:00","2022-03-08 06:22:00",NULL,"16"
"78324","54010","43209","11574","211449","Complete","2020-04-11 02:47:44","2020-04-12 03:38:00","2020-04-13 18:17:00",NULL,"16"
"78467","54099","43299","24647","211823","Complete","2021-01-08 08:50:34","2021-01-08 23:17:00","2021-01-10 16:04:00",NULL,"16"
"79607","54902","43906","25340","214953","Complete","2022-02-20 05:40:31","2022-02-20 12:04:00","2022-02-23 00:41:00",NULL,"16"
"80093","55236","44180","9329","216258","Complete","2022-08-29 07:49:00","2022-08-31 10:29:00","2022-09-04 21:29:00",NULL,"16"
"80768","55703","44530","26115","218130","Complete","2022-05-16 23:22:45","2022-05-19 12:47:00","2022-05-20 11:19:00",NULL,"16"
"81318","56094","44833","26164","219609","Complete","2021-06-15 12:51:14","2021-06-15 05:57:00","2021-06-16 08:02:00",NULL,"16"
"81552","56262","44964","24892","220238","Complete","2021-07-27 01:40:04","2021-07-29 21:41:00","2021-07-30 02:36:00",NULL,"16"
"82036","56601","45247","8977","221531","Complete","2022-09-03 10:58:21.395491","2022-09-03 21:21:57.395491","2022-09-08 16:07:57.395491",NULL,"16"
"82549","56979","45556","6344","222936","Complete","2022-07-14 23:45:08","2022-07-17 12:55:00","2022-07-19 09:14:00",NULL,"16"
"82982","57290","45796","13955","224112","Complete","2021-09-20 08:32:49","2021-09-21 07:10:00","2021-09-22 09:15:00",NULL,"16"
"83476","57645","46085","12579","225443","Complete","2022-06-01 23:30:25","2022-06-04 02:56:00","2022-06-08 01:45:00",NULL,"16"
"86002","59431","47547","26164","232303","Complete","2022-05-19 11:09:25","2022-05-21 05:10:00","2022-05-26 02:28:00",NULL,"16"
"87664","60577","48508","26350","236824","Complete","2021-09-26 07:34:01","2021-09-28 13:33:00","2021-09-29 23:16:00",NULL,"16"
"89572","61917","49565","25096","241963","Complete","2021-09-20 02:20:39","2021-09-22 19:32:00","2021-09-23 08:58:00",NULL,"16"
"90502","62554","50074","8986","244486","Complete","2022-07-24 08:28:13","2022-07-27 00:46:00","2022-07-28 19:03:00",NULL,"16"
"92879","64180","51369","12658","250855","Complete","2021-02-22 11:50:34","2021-02-24 10:40:00","2021-03-01 02:06:00",NULL,"16"
"93954","64912","51950","25096","253766","Complete","2021-08-16 00:48:58","2021-08-17 02:35:00","2021-08-21 21:12:00",NULL,"16"
"97185","67160","53663","8986","262517","Complete","2021-07-12 20:57:16","2021-07-13 02:20:00","2021-07-17 08:21:00",NULL,"16"
"97246","67211","53704","25340","262688","Complete","2022-01-27 08:34:34","2022-01-25 16:48:00","2022-01-25 19:37:00",NULL,"16"
"97734","67542","53979","22800","264017","Complete","2022-08-11 10:36:27","2022-08-10 18:31:00","2022-08-11 05:51:00",NULL,"16"
"99099","68472","54749","18553","267699","Complete","2022-01-16 03:03:38","2022-01-16 04:28:00","2022-01-17 07:56:00",NULL,"16"
"99109","68479","54754","26115","267723","Complete","2022-04-08 09:55:54","2022-04-10 01:41:00","2022-04-13 13:34:00",NULL,"16"
"100165","69224","55353","24798","270533","Complete","2022-07-10 15:29:17","2022-07-09 19:07:00","2022-07-13 12:05:00",NULL,"16"
"100350","69350","55451","9045","271026","Complete","2022-06-09 12:03:37","2022-06-07 13:39:00","2022-06-11 15:09:00",NULL,"16"
"100710","69593","55655","26350","271995","Complete","2022-03-06 01:16:14","2022-03-09 00:19:00","2022-03-09 07:50:00",NULL,"16"
"101990","70481","56351","25213","275462","Complete","2020-10-28 12:19:10","2020-10-28 22:40:00","2020-11-02 08:47:00",NULL,"16"
"104102","71942","57520","18788","281201","Complete","2022-05-14 08:55:37","2022-05-14 03:23:00","2022-05-19 02:04:00",NULL,"16"
"104571","72255","57767","10572","282470","Complete","2022-07-27 02:00:36","2022-07-26 23:27:00","2022-07-27 08:28:00",NULL,"16"
"105217","72712","58145","25188","284184","Complete","2022-01-15 23:49:05","2022-01-18 15:52:00","2022-01-19 11:49:00",NULL,"16"
"105674","73021","58402","25088","285435","Complete","2022-09-05 02:42:23.226935","2022-09-04 18:51:49.226935","2022-09-09 06:03:49.226935",NULL,"16"
"106101","73328","58658","25359","286592","Complete","2021-01-29 08:35:57","2021-01-28 08:22:00","2021-01-28 14:52:00",NULL,"16"
"112256","77539","62028","8986","303208","Complete","2021-07-02 13:22:21","2021-07-03 00:36:00","2021-07-08 00:27:00",NULL,"16"
"112631","77796","62227","18788","304214","Complete","2020-03-14 09:59:58","2020-03-15 01:21:00","2020-03-16 04:37:00",NULL,"16"
"115601","79837","63884","25076","312202","Complete","2019-12-01 13:11:48","2019-12-02 20:34:00","2019-12-04 23:51:00",NULL,"16"
"115704","79902","63942","25019","312481","Complete","2022-03-18 13:39:53","2022-03-16 03:56:00","2022-03-16 04:24:00",NULL,"16"
"116461","80420","64376","14199","314546","Complete","2021-04-12 17:00:10","2021-04-13 21:06:00","2021-04-16 11:34:00",NULL,"16"
"117766","81296","65107","9492","318011","Complete","2021-05-11 23:17:53","2021-05-11 21:52:00","2021-05-12 12:45:00",NULL,"16"
"118038","81473","65241","9462","318734","Complete","2021-05-20 07:33:03","2021-05-23 05:11:00","2021-05-25 05:30:00",NULL,"16"
"119364","82398","65968","16165","322278","Complete","2021-04-18 04:54:37","2021-04-18 05:32:00","2021-04-18 23:14:00",NULL,"16"
"120408","83099","66532","9248","325113","Complete","2020-04-06 06:35:20","2020-04-07 11:32:00","2020-04-07 14:53:00",NULL,"16"
"121233","83665","66994","26164","327350","Complete","2022-07-02 21:58:14","2022-07-05 17:09:00","2022-07-10 01:40:00",NULL,"16"
"121911","84112","67335","8986","329165","Complete","2022-08-28 09:10:10","2022-08-28 08:41:00","2022-08-29 01:16:00",NULL,"16"
"125988","86894","69540","25188","340156","Complete","2022-03-18 13:09:46","2022-03-19 12:31:00","2022-03-19 22:31:00",NULL,"16"
"126926","87545","70088","9482","342704","Complete","2022-08-16 06:47:29","2022-08-17 04:56:00","2022-08-22 01:26:00",NULL,"16"
"129284","89160","71428","24892","349098","Complete","2020-05-17 12:06:14","2020-05-20 09:31:00","2020-05-20 18:20:00",NULL,"16"
"129655","89418","71634","24868","350056","Complete","2022-02-09 08:29:26","2022-02-10 23:02:00","2022-02-11 20:20:00",NULL,"16"
"129945","89622","71780","11120","350852","Complete","2022-08-30 03:29:45","2022-08-30 22:16:00","2022-08-30 22:34:00",NULL,"16"
"130260","89841","71964","18788","351692","Complete","2021-12-16 02:46:03","2021-12-15 16:50:00","2021-12-19 18:18:00",NULL,"16"
"131687","90838","72762","11574","355556","Complete","2022-04-07 08:42:20","2022-04-08 15:11:00","2022-04-10 20:43:00",NULL,"16"
"132123","91147","72997","6344","356739","Complete","2022-03-27 13:28:05","2022-03-25 04:57:00","2022-03-26 10:25:00",NULL,"16"
"133440","92065","73744","6344","360320","Complete","2022-03-07 06:59:49","2022-03-06 05:34:00","2022-03-08 02:45:00",NULL,"16"
"134475","92784","74336","24798","363118","Complete","2021-11-24 17:22:05","2021-11-23 18:08:00","2021-11-25 03:30:00",NULL,"16"
"134815","93005","74504","28655","364059","Complete","2022-06-22 04:38:45","2022-06-23 08:42:00","2022-06-25 08:14:00",NULL,"16"
"135816","93725","75104","13955","366745","Complete","2022-09-01 04:03:41","2022-09-03 23:30:00","2022-09-06 11:36:00",NULL,"16"
"136873","94457","75708","10641","369612","Complete","2021-11-26 05:06:37","2021-11-26 19:19:00","2021-11-29 23:33:00",NULL,"16"
"139175","96034","77002","10808","375833","Complete","2022-03-25 08:52:57","2022-03-27 02:45:00","2022-03-30 07:07:00",NULL,"16"
"139764","96418","77317","18196","377401","Complete","2021-03-28 23:10:49","2021-03-29 06:28:00","2021-03-31 08:23:00",NULL,"16"
"141161","97359","78077","26396","381142","Complete","2022-08-19 05:41:41","2022-08-21 02:19:00","2022-08-22 19:27:00",NULL,"16"
"141568","97645","78302","11703","382258","Complete","2022-02-21 03:57:44","2022-02-21 13:52:00","2022-02-22 17:25:00",NULL,"16"
"141950","97909","78511","24798","383269","Complete","2021-02-21 04:04:01","2021-02-20 19:36:00","2021-02-22 00:09:00",NULL,"16"
"142441","98266","78791","25340","384598","Complete","2020-06-03 04:23:44","2020-06-04 08:53:00","2020-06-07 20:38:00",NULL,"16"
"142736","98484","78957","28307","385388","Complete","2019-08-27 22:02:39","2019-08-30 00:27:00","2019-09-01 14:59:00",NULL,"16"
"144830","99933","80140","8844","391048","Complete","2020-11-27 22:10:50","2020-11-29 08:55:00","2020-12-01 00:10:00",NULL,"16"
"145569","100440","80548","26164","393080","Complete","2021-12-18 06:56:56","2021-12-19 18:48:00","2021-12-21 22:17:00",NULL,"16"
"146459","101053","81079","14941","395480","Complete","2022-09-03 12:18:21.071607","2022-09-06 08:18:53.071607","2022-09-10 14:16:53.071607",NULL,"16"
"146620","101158","81165","28307","395926","Complete","2022-08-17 09:14:15","2022-08-20 05:14:00","2022-08-22 10:40:00",NULL,"16"
"147107","101490","81410","22800","397215","Complete","2020-02-01 08:05:40","2020-02-03 23:29:00","2020-02-05 22:40:00",NULL,"16"
"147249","101594","81489","10289","397579","Complete","2021-10-01 16:00:14","2021-10-03 08:20:00","2021-10-08 06:58:00",NULL,"16"
"147339","101657","81531","25620","397829","Complete","2021-04-27 14:24:35","2021-04-28 08:49:00","2021-04-30 20:47:00",NULL,"16"
"147894","102058","81857","24710","399323","Complete","2020-05-07 04:27:32","2020-05-07 00:17:00","2020-05-09 14:36:00",NULL,"16"
"148041","102159","81944","15747","399722","Complete","2022-07-05 23:32:18","2022-07-06 00:37:00","2022-07-06 09:19:00",NULL,"16"
"148998","102820","82475","25827","402345","Complete","2022-04-12 10:59:12","2022-04-09 06:07:00","2022-04-12 14:07:00",NULL,"16"
"149667","103297","82860","15588","404166","Complete","2022-07-31 03:56:41","2022-08-03 01:02:00","2022-08-05 03:54:00",NULL,"16"
"149927","103466","82993","11120","404884","Complete","2022-04-20 09:12:50","2022-04-18 20:37:00","2022-04-21 01:15:00",NULL,"16"
"150154","103610","83099","25067","405532","Complete","2022-06-15 02:47:33","2022-06-17 10:52:00","2022-06-20 22:17:00",NULL,"16"
"150357","103749","83229","9368","406082","Complete","2021-05-27 16:58:26","2021-05-30 11:57:00","2021-05-31 22:26:00",NULL,"16"
"151211","104334","83707","25054","408382","Complete","2021-06-15 10:42:17","2021-06-17 17:31:00","2021-06-19 14:10:00",NULL,"16"
"151777","104714","84019","11703","409908","Complete","2022-03-21 23:03:24","2022-03-19 22:17:00","2022-03-20 04:30:00",NULL,"16"
"153495","105896","84944","2827","414523","Complete","2022-05-15 08:17:41","2022-05-15 17:17:00","2022-05-20 04:06:00",NULL,"16"
"154600","106675","85572","18196","417475","Complete","2019-12-01 16:59:32","2019-11-30 00:43:00","2019-12-01 19:54:00",NULL,"16"
"155444","107245","86046","2783","419732","Complete","2022-06-28 03:28:18","2022-06-27 22:39:00","2022-06-28 13:29:00",NULL,"16"
"157537","108652","87128","25340","425357","Complete","2022-03-09 09:44:49","2022-03-10 12:17:00","2022-03-12 13:58:00",NULL,"16"
"159679","110158","88339","24838","431138","Complete","2021-12-17 17:48:25","2021-12-17 18:19:00","2021-12-19 16:06:00",NULL,"16"
"161887","111660","89526","26396","437124","Complete","2021-08-18 02:16:04","2021-08-20 04:49:00","2021-08-24 21:56:00",NULL,"16"
"161977","111717","89565","25054","437372","Complete","2020-10-22 13:44:15","2020-10-25 14:32:00","2020-10-29 00:34:00",NULL,"16"
"163062","112475","90195","25213","440320","Complete","2022-08-25 08:20:16","2022-08-24 11:58:00","2022-08-26 06:34:00",NULL,"16"
"165985","114473","91768","24805","448298","Complete","2021-12-11 02:24:02","2021-12-12 01:02:00","2021-12-16 08:45:00",NULL,"16"
"166328","114707","91959","12658","449225","Complete","2021-01-12 01:03:30","2021-01-09 14:33:00","2021-01-14 13:46:00",NULL,"16"
"166895","115097","92250","26107","450752","Complete","2020-12-12 05:48:52","2020-12-11 16:12:00","2020-12-15 08:52:00",NULL,"16"
"167229","115321","92436","16165","451638","Complete","2021-11-03 01:53:59","2021-11-04 21:54:00","2021-11-05 04:17:00",NULL,"16"
"167937","115816","92850","9368","453499","Complete","2022-03-20 05:25:53","2022-03-19 10:23:00","2022-03-21 08:37:00",NULL,"16"
"168127","115951","92958","24798","454031","Complete","2022-08-17 03:58:10","2022-08-17 07:41:00","2022-08-19 23:20:00",NULL,"16"
"168430","116156","93133","12658","454854","Complete","2020-07-16 13:53:58","2020-07-17 08:46:00","2020-07-20 03:07:00",NULL,"16"
"168526","116223","93188","26115","455108","Complete","2022-04-19 01:57:43","2022-04-19 20:09:00","2022-04-21 20:05:00",NULL,"16"
"168540","116232","93191","9045","455145","Complete","2022-06-14 23:14:03","2022-06-15 15:19:00","2022-06-19 02:52:00",NULL,"16"
"168558","116241","93200","25827","455195","Complete","2022-08-11 05:04:03","2022-08-11 14:57:00","2022-08-13 23:49:00",NULL,"16"
"174446","120310","96474","26115","471072","Complete","2022-07-05 05:21:35","2022-07-07 00:30:00","2022-07-10 04:55:00",NULL,"16"
"175372","120942","96961","18788","473616","Complete","2021-11-04 16:17:45","2021-11-06 14:52:00","2021-11-07 03:22:00",NULL,"16"
"176871","121979","97827","25141","477693","Complete","2021-08-22 08:55:59","2021-08-19 10:22:00","2021-08-21 01:46:00",NULL,"16"
"177794","122624","98358","8986","480165","Complete","2021-06-06 04:11:51","2021-06-08 11:50:00","2021-06-10 08:22:00",NULL,"16"
"178550","123163","98792","12579","482191","Complete","2022-01-08 18:30:50","2022-01-07 18:07:00","2022-01-12 03:48:00",NULL,"16"
"180513","124484","99818","16165","487456","Complete","2022-06-27 04:07:02","2022-06-29 00:49:00","2022-06-29 12:50:00",NULL,"16"
"469","329","285","28655","1239","Returned","2022-03-15 04:41:11","2022-03-15 07:26:00","2022-03-15 11:05:00","2022-03-17 07:27:00","16"
"846","603","502","9462","2269","Returned","2022-08-18 05:21:46","2022-08-17 04:33:00","2022-08-19 18:10:00","2022-08-21 21:54:00","16"
"3556","2406","1947","8986","9617","Returned","2022-04-13 18:51:28","2022-04-16 11:25:00","2022-04-18 13:22:00","2022-04-20 20:53:00","16"
"5407","3690","3013","9317","14643","Returned","2020-02-11 08:29:17","2020-02-11 19:26:00","2020-02-12 04:13:00","2020-02-13 22:50:00","16"
"6539","4449","3607","9317","17709","Returned","2022-08-22 01:57:11","2022-08-18 06:54:00","2022-08-19 15:50:00","2022-08-21 13:17:00","16"
"12996","8971","7243","22800","35206","Returned","2019-04-13 04:21:45","2019-04-15 11:39:00","2019-04-15 22:49:00","2019-04-16 12:24:00","16"
"15916","10926","8781","9462","43084","Returned","2021-12-12 15:02:42","2021-12-14 23:05:00","2021-12-16 09:50:00","2021-12-17 06:08:00","16"
"16969","11676","9401","28307","45950","Returned","2022-06-28 05:10:56","2022-06-27 17:01:00","2022-06-28 08:56:00","2022-06-29 00:25:00","16"
"20938","14396","11521","25243","56666","Returned","2022-02-10 06:48:12","2022-02-10 23:14:00","2022-02-14 23:16:00","2022-02-15 04:27:00","16"
"22253","15300","12228","9482","60136","Returned","2021-07-12 23:55:32","2021-07-14 19:26:00","2021-07-15 12:48:00","2021-07-17 20:00:00","16"
"24389","16779","13408","15588","65916","Returned","2021-11-02 04:10:15","2021-11-05 04:30:00","2021-11-10 04:02:00","2021-11-10 17:56:00","16"
"27501","18947","15155","24838","74345","Returned","2022-09-05 00:11:19","2022-09-06 04:31:00","2022-09-07 21:30:00","2022-09-10 08:08:00","16"
"29007","19975","15948","18170","78424","Returned","2022-05-18 12:15:14","2022-05-20 16:28:00","2022-05-25 05:14:00","2022-05-26 09:32:00","16"
"34548","23788","18988","26396","93330","Returned","2021-08-26 00:13:38","2021-08-26 11:01:00","2021-08-30 12:40:00","2021-08-31 22:58:00","16"
"34656","23854","19050","8986","93623","Returned","2021-01-17 08:51:16","2021-01-18 10:30:00","2021-01-23 04:30:00","2021-01-25 06:57:00","16"
"38118","26241","20965","25243","102909","Returned","2022-07-13 09:37:49","2022-07-15 18:17:00","2022-07-20 02:09:00","2022-07-22 16:51:00","16"
"46401","31936","25498","11001","125312","Returned","2020-04-04 09:32:26","2020-04-05 10:36:00","2020-04-10 04:20:00","2020-04-11 18:01:00","16"
"46845","32267","25775","25213","126473","Returned","2022-07-17 23:08:05","2022-07-18 05:20:00","2022-07-18 22:18:00","2022-07-21 22:07:00","16"
"50207","34584","27609","9462","135525","Returned","2021-03-22 11:11:11","2021-03-23 21:37:00","2021-03-24 11:56:00","2021-03-26 10:09:00","16"
"52537","36205","28920","22800","141778","Returned","2022-04-23 04:38:23","2022-04-23 16:43:00","2022-04-25 07:47:00","2022-04-26 12:56:00","16"
"54955","37887","30263","9045","148295","Returned","2021-10-05 06:51:29","2021-10-06 18:47:00","2021-10-10 23:07:00","2021-10-13 13:40:00","16"
"55954","38570","30828","9492","151002","Returned","2022-03-07 15:14:54","2022-03-08 08:09:00","2022-03-11 08:41:00","2022-03-13 02:15:00","16"
"57000","39284","31402","25359","153839","Returned","2021-11-19 03:00:32","2021-11-20 10:24:00","2021-11-22 14:31:00","2021-11-22 15:45:00","16"
"59602","41071","32812","26350","160880","Returned","2020-02-01 11:46:28","2020-02-01 22:16:00","2020-02-05 20:34:00","2020-02-06 16:03:00","16"
"64005","44058","35239","25283","172789","Returned","2021-02-12 14:30:52","2021-02-11 13:53:00","2021-02-14 19:39:00","2021-02-17 16:29:00","16"
"64006","44058","35239","24798","172791","Returned","2021-02-11 17:34:32","2021-02-11 13:53:00","2021-02-14 19:39:00","2021-02-17 16:29:00","16"
"66260","45603","36453","25260","178925","Returned","2022-02-25 05:45:20","2022-02-25 19:32:00","2022-02-27 07:13:00","2022-02-28 00:37:00","16"
"66524","45770","36599","8844","179623","Returned","2022-03-09 06:12:23","2022-03-10 01:21:00","2022-03-12 12:35:00","2022-03-13 20:02:00","16"
"71804","49458","39594","10887","193853","Returned","2022-05-02 01:49:28","2022-05-02 23:20:00","2022-05-05 12:41:00","2022-05-08 05:05:00","16"
"73011","50296","40259","9329","197144","Returned","2021-08-12 03:57:50","2021-08-13 16:01:00","2021-08-18 08:10:00","2021-08-20 13:10:00","16"
"74702","51475","41187","24647","201694","Returned","2022-06-08 12:16:49","2022-06-09 13:29:00","2022-06-09 19:20:00","2022-06-11 14:54:00","16"
"79377","54738","43779","10641","214317","Returned","2020-12-15 17:25:34","2020-12-14 05:44:00","2020-12-16 05:35:00","2020-12-18 21:24:00","16"
"81103","55939","44722","25779","219031","Returned","2021-10-17 05:29:46","2021-10-17 00:13:00","2021-10-18 06:14:00","2021-10-19 08:58:00","16"
"81755","56407","45096","9317","220789","Returned","2022-07-13 10:14:49","2022-07-11 18:31:00","2022-07-14 19:54:00","2022-07-15 22:41:00","16"
"84640","58474","46771","9248","228610","Returned","2021-09-27 04:34:05","2021-09-28 04:10:00","2021-09-28 09:54:00","2021-09-28 16:25:00","16"
"85109","58816","47023","11665","229895","Returned","2021-07-30 12:23:54","2021-07-31 23:00:00","2021-08-04 11:55:00","2021-08-05 15:28:00","16"
"99405","68697","54929","9317","268511","Returned","2019-11-30 15:05:00","2019-12-01 18:41:00","2019-12-02 15:13:00","2019-12-04 00:39:00","16"
"99514","68771","54987","25283","268795","Returned","2020-02-28 13:15:13","2020-02-27 11:41:00","2020-02-28 14:26:00","2020-02-28 18:33:00","16"
"101811","70357","56257","12579","274957","Returned","2021-02-19 08:53:18","2021-02-19 21:22:00","2021-02-19 23:58:00","2021-02-20 01:03:00","16"
"105266","72745","58175","9482","284310","Returned","2021-11-25 04:45:22","2021-11-26 02:41:00","2021-11-28 00:40:00","2021-11-28 01:00:00","16"
"107445","74232","59348","11001","290214","Returned","2020-08-02 12:49:46","2020-08-03 00:41:00","2020-08-05 10:55:00","2020-08-06 10:53:00","16"
"108093","74672","59713","25260","292007","Returned","2020-06-19 13:22:18","2020-06-16 06:58:00","2020-06-17 00:20:00","2020-06-18 01:21:00","16"
"114148","78844","63071","25827","308292","Returned","2020-05-21 12:49:36","2020-05-20 20:47:00","2020-05-21 05:58:00","2020-05-21 11:33:00","16"
"119594","82555","66096","2783","322891","Returned","2020-04-13 05:42:34","2020-04-10 18:32:00","2020-04-13 23:19:00","2020-04-16 07:10:00","16"
"124579","85935","68781","26396","336307","Returned","2022-05-13 14:45:49","2022-05-12 09:03:00","2022-05-15 07:05:00","2022-05-17 16:23:00","16"
"125217","86382","69126","25359","338072","Returned","2021-09-19 23:06:44","2021-09-19 14:56:00","2021-09-21 06:32:00","2021-09-23 06:30:00","16"
"131359","90613","72597","25243","354659","Returned","2020-02-23 01:47:37","2020-02-20 06:13:00","2020-02-25 04:37:00","2020-02-27 13:28:00","16"
"135866","93757","75130","2685","366888","Returned","2022-05-18 05:42:38","2022-05-17 13:15:00","2022-05-21 12:59:00","2022-05-22 13:19:00","16"
"139916","96517","77399","11001","377801","Returned","2022-05-17 08:13:55","2022-05-16 03:59:00","2022-05-17 08:37:00","2022-05-18 01:19:00","16"
"145844","100638","80739","11665","393827","Returned","2021-12-13 08:03:18","2021-12-14 20:10:00","2021-12-18 08:37:00","2021-12-19 22:40:00","16"
"148249","102307","82065","25359","400289","Returned","2022-08-24 10:30:15","2022-08-23 05:02:00","2022-08-27 13:17:00","2022-08-28 09:46:00","16"
"153476","105880","84933","24805","414478","Returned","2022-02-08 07:51:26","2022-02-10 09:28:00","2022-02-11 11:53:00","2022-02-12 13:45:00","16"
"155686","107395","86169","24647","420375","Returned","2022-07-10 05:25:55","2022-07-12 00:04:00","2022-07-12 12:13:00","2022-07-14 16:04:00","16"
"155817","107496","86242","22800","420706","Returned","2022-05-17 15:34:56","2022-05-18 09:44:00","2022-05-20 16:16:00","2022-05-22 00:53:00","16"
"156627","108035","86644","15871","422890","Returned","2022-05-27 05:46:40","2022-05-29 10:14:00","2022-05-29 20:52:00","2022-05-31 14:48:00","16"
"158105","109056","87462","25019","426876","Returned","2021-11-14 12:07:27","2021-11-13 22:12:00","2021-11-17 05:11:00","2021-11-18 14:49:00","16"
"160356","110630","88707","25283","432967","Returned","2021-11-19 15:54:32","2021-11-18 18:03:00","2021-11-19 13:28:00","2021-11-22 01:36:00","16"
"160817","110933","88941","11021","434203","Returned","2022-08-02 20:25:18","2022-08-02 18:23:00","2022-08-04 15:07:00","2022-08-06 16:01:00","16"
"166632","114909","92118","24868","450043","Returned","2021-01-31 15:52:58","2021-02-02 12:23:00","2021-02-02 19:16:00","2021-02-04 16:53:00","16"
"167205","115306","92420","9368","451581","Returned","2022-03-12 14:51:54","2022-03-15 12:44:00","2022-03-18 20:40:00","2022-03-20 00:01:00","16"
"168240","116020","93010","18170","454340","Returned","2022-07-05 21:48:26","2022-07-06 10:02:00","2022-07-07 07:01:00","2022-07-08 10:33:00","16"
"168497","116203","93170","24892","455028","Returned","2022-06-19 22:53:32","2022-06-21 20:59:00","2022-06-22 14:42:00","2022-06-24 07:43:00","16"
"173998","120009","96234","24647","469866","Returned","2022-08-07 12:15:36","2022-08-09 07:21:00","2022-08-10 05:08:00","2022-08-12 00:59:00","16"
"176726","121873","97737","9462","477311","Returned","2021-12-16 02:48:25","2021-12-18 02:41:00","2021-12-20 12:43:00","2021-12-21 23:33:00","16"
"177262","122246","98021","25620","478742","Returned","2022-07-27 06:42:25","2022-07-28 00:35:00","2022-07-30 10:25:00","2022-07-31 11:19:00","16"
"180635","124575","99889","25359","487786","Returned","2021-10-13 22:17:37","2021-10-15 03:03:00","2021-10-15 06:44:00","2021-10-17 03:37:00","16"
"37","28","21","9045","107","Cancelled","2022-03-24 11:12:36",NULL,NULL,NULL,"16"
"2024","1399","1128","25283","5477","Cancelled","2021-05-17 13:15:49",NULL,NULL,NULL,"16"
"8720","5982","4842","25088","23647","Cancelled","2021-05-30 22:07:40",NULL,NULL,NULL,"16"
"10041","6903","5606","11001","27240","Cancelled","2022-06-12 13:43:13",NULL,NULL,NULL,"16"
"10990","7553","6133","18553","29787","Cancelled","2022-01-12 17:18:06",NULL,NULL,NULL,"16"
"11455","7880","6387","10641","31038","Cancelled","2021-10-23 02:01:42",NULL,NULL,NULL,"16"
"13357","9205","7423","26164","36182","Cancelled","2022-03-05 07:43:29",NULL,NULL,NULL,"16"
"18811","12925","10368","24805","50914","Cancelled","2022-06-29 03:06:36",NULL,NULL,NULL,"16"
"19012","13074","10484","10835","51457","Cancelled","2022-04-28 03:40:55",NULL,NULL,NULL,"16"
"20148","13852","11103","24838","54529","Cancelled","2022-09-01 22:45:30.54669",NULL,NULL,NULL,"16"
"22185","15252","12187","25359","59955","Cancelled","2022-08-24 16:13:50",NULL,NULL,NULL,"16"
"25345","17462","13942","12590","68486","Cancelled","2022-01-10 13:05:17",NULL,NULL,NULL,"16"
"26823","18482","14758","9482","72498","Cancelled","2022-06-17 13:00:54",NULL,NULL,NULL,"16"
"28927","19921","15913","9045","78208","Cancelled","2022-09-07 02:06:19.871848",NULL,NULL,NULL,"16"
"29904","20596","16471","18553","80841","Cancelled","2022-08-26 05:17:34",NULL,NULL,NULL,"16"
"32007","22033","17620","18788","86485","Cancelled","2020-08-11 23:12:38",NULL,NULL,NULL,"16"
"37595","25887","20678","25213","101516","Cancelled","2022-08-13 03:27:03",NULL,NULL,NULL,"16"
"37624","25907","20691","25340","101593","Cancelled","2022-04-10 04:28:52",NULL,NULL,NULL,"16"
"37874","26075","20834","11665","102249","Cancelled","2022-07-21 03:44:31",NULL,NULL,NULL,"16"
"40293","27733","22147","25283","108760","Cancelled","2022-05-10 01:21:26",NULL,NULL,NULL,"16"
"41731","28704","22894","12658","112649","Cancelled","2021-05-03 04:57:26",NULL,NULL,NULL,"16"
"42498","29235","23309","9482","114771","Cancelled","2021-03-02 12:41:10",NULL,NULL,NULL,"16"
"42599","29312","23371","25096","115034","Cancelled","2022-09-03 06:28:11",NULL,NULL,NULL,"16"
"44808","30835","24612","8844","121023","Cancelled","2020-10-28 06:46:55",NULL,NULL,NULL,"16"
"49284","33936","27106","25188","133024","Cancelled","2022-02-25 03:26:40",NULL,NULL,NULL,"16"
"51656","35601","28446","26396","139436","Cancelled","2021-02-25 12:13:32",NULL,NULL,NULL,"16"
"51887","35755","28563","28194","140062","Cancelled","2021-01-21 14:00:16",NULL,NULL,NULL,"16"
"52497","36176","28898","10835","141667","Cancelled","2022-02-19 17:34:17",NULL,NULL,NULL,"16"
"52768","36373","29065","18553","142384","Cancelled","2022-01-21 09:24:55",NULL,NULL,NULL,"16"
"53665","36979","29542","9329","144816","Cancelled","2022-05-05 04:26:54",NULL,NULL,NULL,"16"
"66133","45512","36385","11021","178580","Cancelled","2021-07-24 00:06:55",NULL,NULL,NULL,"16"
"66238","45587","36442","25779","178866","Cancelled","2022-03-17 23:27:31",NULL,NULL,NULL,"16"
"67305","46312","37035","26385","181751","Cancelled","2022-07-20 05:44:27",NULL,NULL,NULL,"16"
"67698","46585","37268","9492","182794","Cancelled","2022-02-25 09:52:42",NULL,NULL,NULL,"16"
"68585","47206","37758","2685","185148","Cancelled","2022-01-02 11:36:33",NULL,NULL,NULL,"16"
"71520","49248","39413","26164","193094","Cancelled","2022-03-04 07:00:14",NULL,NULL,NULL,"16"
"76636","52824","42266","9492","206940","Cancelled","2022-06-10 23:20:20",NULL,NULL,NULL,"16"
"78421","54071","43260","24543","211707","Cancelled","2021-09-22 05:42:59",NULL,NULL,NULL,"16"
"78454","54090","43286","24710","211789","Cancelled","2022-04-10 08:35:13",NULL,NULL,NULL,"16"
"79735","54989","43973","29069","215301","Cancelled","2022-02-24 15:13:24",NULL,NULL,NULL,"16"
"81197","56009","44775","25260","219281","Cancelled","2022-08-31 00:58:43",NULL,NULL,NULL,"16"
"41025","28214","22512","27943","110759","Cancelled","2019-02-23 04:41:52",NULL,NULL,NULL,"25"
"41061","28238","22529","3552","110855","Cancelled","2021-08-04 05:51:07",NULL,NULL,NULL,"25"
"41163","28306","22580","17468","111133","Cancelled","2021-05-01 03:20:10",NULL,NULL,NULL,"25"
"41604","28614","22820","574","112308","Cancelled","2022-06-01 22:35:43",NULL,NULL,NULL,"25"
"42048","28930","23077","26637","113507","Cancelled","2021-06-05 03:21:08",NULL,NULL,NULL,"25"
"42085","28953","23095","26613","113608","Cancelled","2022-08-30 07:10:40",NULL,NULL,NULL,"25"
"42160","29007","23133","25462","113815","Cancelled","2021-09-11 04:42:28",NULL,NULL,NULL,"25"
"42364","29143","23241","26670","114385","Cancelled","2020-02-03 12:48:58",NULL,NULL,NULL,"25"
"42482","29222","23298","16810","114729","Cancelled","2021-08-30 11:56:04",NULL,NULL,NULL,"25"
"42560","29285","23350","27185","114933","Cancelled","2021-11-02 02:12:48",NULL,NULL,NULL,"25"
"42692","29381","23419","26400","115282","Cancelled","2021-04-18 23:52:23",NULL,NULL,NULL,"25"
"42693","29381","23419","25091","115284","Cancelled","2021-04-20 20:30:12",NULL,NULL,NULL,"25"
"43018","29599","23613","25930","116170","Cancelled","2022-05-19 07:08:40",NULL,NULL,NULL,"25"
"43512","29931","23870","6326","117504","Cancelled","2022-09-04 02:38:39",NULL,NULL,NULL,"25"
"44111","30349","24209","18495","119142","Cancelled","2021-05-19 23:24:45",NULL,NULL,NULL,"25"
"44255","30449","24305","10803","119526","Cancelled","2022-02-19 16:10:21",NULL,NULL,NULL,"25"
"44385","30551","24386","16889","119879","Cancelled","2022-01-12 23:20:04",NULL,NULL,NULL,"25"
"44470","30612","24433","6307","120110","Cancelled","2020-09-17 04:31:16",NULL,NULL,NULL,"25"
"44541","30659","24473","5252","120295","Cancelled","2022-08-27 14:04:13",NULL,NULL,NULL,"25"
"44555","30670","24481","6739","120341","Cancelled","2020-03-08 07:21:15",NULL,NULL,NULL,"25"
"44579","30687","24492","11003","120409","Cancelled","2022-08-20 17:07:45",NULL,NULL,NULL,"25"
"44681","30755","24546","12598","120684","Cancelled","2022-09-05 05:00:13.669609",NULL,NULL,NULL,"25"
"44935","30932","24696","18692","121357","Cancelled","2022-07-07 05:27:56",NULL,NULL,NULL,"25"
"44960","30952","24715","11975","121425","Cancelled","2022-09-01 12:29:53.268286",NULL,NULL,NULL,"25"
"45277","31179","24889","21076","122276","Cancelled","2021-10-02 00:50:35",NULL,NULL,NULL,"25"
"45608","31402","25064","25140","123149","Cancelled","2022-05-18 02:32:40",NULL,NULL,NULL,"25"
"45903","31599","25201","17473","123933","Cancelled","2022-02-03 16:52:39",NULL,NULL,NULL,"25"
"46144","31767","25352","14790","124593","Cancelled","2021-07-31 05:59:06",NULL,NULL,NULL,"25"
"46474","31991","25544","18837","125501","Cancelled","2022-05-20 02:08:23",NULL,NULL,NULL,"25"
"46656","32132","25657","18431","125972","Cancelled","2022-06-09 23:32:58",NULL,NULL,NULL,"25"
"46665","32138","25663","17033","125995","Cancelled","2022-05-11 23:58:45",NULL,NULL,NULL,"25"
"47075","32429","25904","6734","127064","Cancelled","2020-04-11 15:55:49",NULL,NULL,NULL,"25"
"47439","32683","26093","24471","128051","Cancelled","2021-12-18 21:44:16",NULL,NULL,NULL,"25"
"47515","32736","26138","18852","128249","Cancelled","2022-08-24 14:56:11",NULL,NULL,NULL,"25"
"47711","32871","26251","6481","128775","Cancelled","2020-07-23 23:31:58",NULL,NULL,NULL,"25"
"48381","33341","26631","10733","130573","Cancelled","2021-05-17 02:35:28",NULL,NULL,NULL,"25"
"48506","33423","26693","27441","130907","Cancelled","2019-08-15 11:30:11",NULL,NULL,NULL,"25"
"48659","33524","26778","18768","131317","Cancelled","2022-05-13 15:26:07",NULL,NULL,NULL,"25"
"49042","33777","26982","16012","132353","Cancelled","2022-04-10 10:49:04",NULL,NULL,NULL,"25"
"49225","33895","27073","25931","132858","Cancelled","2022-09-01 01:48:34.925417",NULL,NULL,NULL,"25"
"49258","33917","27090","11210","132949","Cancelled","2021-09-02 04:08:25",NULL,NULL,NULL,"25"
"49331","33972","27129","6359","133151","Cancelled","2021-05-16 06:08:40",NULL,NULL,NULL,"25"
"49479","34076","27203","25406","133554","Cancelled","2021-02-01 05:57:49",NULL,NULL,NULL,"25"
"49775","34288","27376","14643","134361","Cancelled","2022-04-16 03:06:52",NULL,NULL,NULL,"25"
"49779","34291","27379","11076","134370","Cancelled","2020-03-05 05:47:51",NULL,NULL,NULL,"25"
"49972","34413","27483","10248","134898","Cancelled","2021-12-06 13:15:12",NULL,NULL,NULL,"25"
"50465","34763","27747","6316","136223","Cancelled","2021-10-11 12:24:29",NULL,NULL,NULL,"25"
"50603","34865","27819","23193","136584","Cancelled","2022-09-03 15:07:07.828904",NULL,NULL,NULL,"25"
"50730","34962","27902","26502","136915","Cancelled","2022-09-02 15:20:27",NULL,NULL,NULL,"25"
"50928","35109","28019","27437","137467","Cancelled","2022-03-18 15:28:16",NULL,NULL,NULL,"25"
"51099","35227","28119","25853","137933","Cancelled","2020-03-10 16:24:29",NULL,NULL,NULL,"25"
"51274","35343","28218","13300","138394","Cancelled","2020-03-21 01:49:14",NULL,NULL,NULL,"25"
"51654","35601","28446","21756","139431","Cancelled","2021-02-27 14:43:12",NULL,NULL,NULL,"25"
"51802","35697","28522","9534","139826","Cancelled","2020-09-16 09:13:33",NULL,NULL,NULL,"25"
"51810","35701","28524","5389","139850","Cancelled","2021-05-19 09:16:33",NULL,NULL,NULL,"25"
"51959","35808","28605","26848","140258","Cancelled","2022-08-15 01:03:24",NULL,NULL,NULL,"25"
"52191","35965","28732","1248","140852","Cancelled","2022-06-17 06:10:21",NULL,NULL,NULL,"25"
"52606","36255","28957","10327","141963","Cancelled","2020-09-18 11:32:38",NULL,NULL,NULL,"25"
"52617","36262","28965","6379","141993","Cancelled","2022-03-22 06:39:02",NULL,NULL,NULL,"25"
"52635","36276","28974","9700","142038","Cancelled","2022-06-22 00:27:22",NULL,NULL,NULL,"25"
"52876","36447","29125","18056","142682","Cancelled","2022-05-30 08:32:33",NULL,NULL,NULL,"25"
"53431","36829","29427","692","144185","Cancelled","2022-08-17 02:44:38",NULL,NULL,NULL,"25"
"53646","36970","29535","6712","144767","Cancelled","2020-03-19 21:52:17",NULL,NULL,NULL,"25"
"53846","37105","29640","3218","145328","Cancelled","2022-08-17 18:58:19",NULL,NULL,NULL,"25"
"53914","37156","29686","17057","145509","Cancelled","2022-08-31 11:13:16",NULL,NULL,NULL,"25"
"53934","37169","29695","26362","145556","Cancelled","2019-10-16 14:55:55",NULL,NULL,NULL,"25"
"54021","37225","29742","18700","145789","Cancelled","2019-12-07 01:15:52",NULL,NULL,NULL,"25"
"54024","37228","29742","16020","145796","Cancelled","2020-08-14 01:25:08",NULL,NULL,NULL,"25"
"54041","37237","29748","11003","145838","Cancelled","2022-06-24 07:12:23",NULL,NULL,NULL,"25"
"54108","37288","29797","26637","146016","Cancelled","2022-06-25 18:04:43",NULL,NULL,NULL,"25"
"54182","37340","29839","6814","146211","Cancelled","2022-05-22 09:04:02",NULL,NULL,NULL,"25"
"54192","37349","29847","7358","146237","Cancelled","2020-07-14 14:53:39",NULL,NULL,NULL,"25"
"54199","37354","29848","16162","146257","Cancelled","2022-02-01 12:18:06",NULL,NULL,NULL,"25"
"54477","37548","29998","27417","146994","Cancelled","2020-09-03 08:40:19",NULL,NULL,NULL,"25"
"54606","37646","30083","17035","147339","Cancelled","2022-01-02 01:13:13",NULL,NULL,NULL,"25"
"54644","37671","30102","1432","147449","Cancelled","2021-10-24 11:38:47",NULL,NULL,NULL,"25"
"54684","37701","30127","9811","147567","Cancelled","2022-08-27 07:29:38",NULL,NULL,NULL,"25"
"54701","37713","30135","10714","147615","Cancelled","2022-01-04 05:47:46",NULL,NULL,NULL,"25"
"55072","37970","30333","10125","148598","Cancelled","2021-04-15 23:31:14",NULL,NULL,NULL,"25"
"55177","38031","30384","26136","148871","Cancelled","2022-08-18 05:21:32",NULL,NULL,NULL,"25"
"55402","38185","30510","25959","149485","Cancelled","2022-06-12 15:56:50",NULL,NULL,NULL,"25"
"55758","38434","30716","24809","150460","Cancelled","2022-07-04 00:58:19",NULL,NULL,NULL,"25"
"55826","38476","30751","7371","150654","Cancelled","2022-07-28 16:22:47",NULL,NULL,NULL,"25"
"55906","38533","30795","24677","150874","Cancelled","2021-01-05 16:04:22",NULL,NULL,NULL,"25"
"55973","38583","30841","6683","151052","Cancelled","2020-10-17 02:24:57",NULL,NULL,NULL,"25"
"56427","38897","31093","25406","152294","Cancelled","2022-08-06 01:26:09",NULL,NULL,NULL,"25"
"56660","39051","31213","25473","152927","Cancelled","2021-09-24 09:35:30",NULL,NULL,NULL,"25"
"56962","39257","31378","14465","153728","Cancelled","2022-06-27 16:11:08",NULL,NULL,NULL,"25"
"57137","39381","31483","27919","154216","Cancelled","2022-05-31 07:34:42",NULL,NULL,NULL,"25"
"57251","39460","31538","23035","154519","Cancelled","2022-05-10 12:26:58",NULL,NULL,NULL,"25"
"57514","39639","31672","26790","155224","Cancelled","2022-02-20 22:00:56",NULL,NULL,NULL,"25"
"57961","39941","31921","616","156420","Cancelled","2022-05-14 16:51:28",NULL,NULL,NULL,"25"
"58263","40167","32088","26416","157231","Cancelled","2021-05-26 12:49:02",NULL,NULL,NULL,"25"
"58516","40337","32211","24471","157928","Cancelled","2021-10-05 08:48:30",NULL,NULL,NULL,"25"
"58774","40510","32351","14007","158628","Cancelled","2021-09-13 09:24:28",NULL,NULL,NULL,"25"
"58981","40648","32468","25462","159180","Cancelled","2022-06-02 00:13:38",NULL,NULL,NULL,"25"
"59050","40694","32506","23015","159361","Cancelled","2021-10-13 15:28:21",NULL,NULL,NULL,"25"
"59344","40893","32658","6559","160173","Cancelled","2021-08-22 05:08:22",NULL,NULL,NULL,"25"
"59345","40893","32658","5477","160175","Cancelled","2021-08-22 04:56:06",NULL,NULL,NULL,"25"
"59432","40948","32701","6622","160420","Cancelled","2022-08-23 23:00:44",NULL,NULL,NULL,"25"
"59785","41188","32911","16674","161391","Cancelled","2022-06-19 08:16:50",NULL,NULL,NULL,"25"
"60081","41386","33059","25405","162209","Cancelled","2020-04-07 00:28:46",NULL,NULL,NULL,"25"
"60450","41633","33271","16945","163213","Cancelled","2019-05-26 15:44:49",NULL,NULL,NULL,"25"
"60595","41730","33367","26448","163602","Cancelled","2021-04-02 03:50:26",NULL,NULL,NULL,"25"
"60832","41901","33490","10967","164238","Cancelled","2021-05-22 11:39:05",NULL,NULL,NULL,"25"
"61027","42025","33593","27938","164751","Cancelled","2022-04-08 03:07:47",NULL,NULL,NULL,"25"
"61039","42033","33597","26763","164783","Cancelled","2022-08-12 00:04:02",NULL,NULL,NULL,"25"
"61143","42101","33652","18151","165070","Cancelled","2021-10-12 13:44:45",NULL,NULL,NULL,"25"
"61603","42423","33923","25862","166295","Cancelled","2022-08-21 16:17:15",NULL,NULL,NULL,"25"
"61807","42556","34033","15992","166858","Cancelled","2022-02-23 02:29:05",NULL,NULL,NULL,"25"
"61847","42586","34052","28400","166969","Cancelled","2020-05-09 07:48:27",NULL,NULL,NULL,"25"
"61965","42674","34120","24891","167277","Cancelled","2020-12-27 23:11:04",NULL,NULL,NULL,"25"
"62028","42721","34158","26422","167442","Cancelled","2021-07-03 23:56:45",NULL,NULL,NULL,"25"
"62045","42732","34167","25772","167490","Cancelled","2022-01-05 05:53:31",NULL,NULL,NULL,"25"
"62050","42736","34171","26668","167504","Cancelled","2021-10-24 23:09:28",NULL,NULL,NULL,"25"
"62112","42775","34199","27050","167668","Cancelled","2021-06-10 09:03:40",NULL,NULL,NULL,"25"
"62118","42779","34203","25992","167686","Cancelled","2022-08-08 23:55:28",NULL,NULL,NULL,"25"
"62280","42891","34286","26623","168118","Cancelled","2022-04-25 12:19:53",NULL,NULL,NULL,"25"
"62385","42964","34344","6577","168396","Cancelled","2022-09-06 02:59:08",NULL,NULL,NULL,"25"
"62537","43069","34434","3030","168822","Cancelled","2021-01-13 04:06:13",NULL,NULL,NULL,"25"
"62621","43127","34484","24595","169051","Cancelled","2020-07-28 02:27:32",NULL,NULL,NULL,"25"
"62814","43250","34581","16005","169585","Cancelled","2020-04-19 13:58:50",NULL,NULL,NULL,"25"
"62861","43278","34604","14790","169712","Cancelled","2022-01-22 10:28:42",NULL,NULL,NULL,"25"
"63067","43418","34710","16162","170272","Cancelled","2022-02-09 09:27:30",NULL,NULL,NULL,"25"
"63223","43528","34807","10095","170707","Cancelled","2022-05-05 12:28:08",NULL,NULL,NULL,"25"
"63986","44044","35227","25826","172743","Cancelled","2022-09-02 02:50:48",NULL,NULL,NULL,"25"
"64014","44063","35246","21756","172814","Cancelled","2022-08-16 14:03:36",NULL,NULL,NULL,"25"
"64062","44091","35267","25734","172945","Cancelled","2022-05-28 00:33:08",NULL,NULL,NULL,"25"
"64264","44226","35374","7277","173491","Cancelled","2022-05-06 07:08:01",NULL,NULL,NULL,"25"
"64428","44341","35469","5352","173947","Cancelled","2022-05-10 12:42:26",NULL,NULL,NULL,"25"
"64758","44575","35663","16441","174856","Cancelled","2020-11-13 07:41:54",NULL,NULL,NULL,"25"
"64991","44735","35777","2730","175507","Cancelled","2022-04-08 00:31:37",NULL,NULL,NULL,"25"
"65292","44958","35944","16488","176302","Cancelled","2022-04-09 03:39:54",NULL,NULL,NULL,"25"
"65423","45050","36006","9311","176668","Cancelled","2021-03-25 23:52:56",NULL,NULL,NULL,"25"
"66123","45507","36382","7390","178553","Cancelled","2022-08-06 10:58:52",NULL,NULL,NULL,"25"
"66216","45571","36433","675","178806","Cancelled","2021-11-26 00:05:09",NULL,NULL,NULL,"25"
"66217","45571","36433","5389","178808","Cancelled","2021-11-29 22:52:24",NULL,NULL,NULL,"25"
"66371","45669","36505","14443","179220","Cancelled","2021-10-08 18:20:46",NULL,NULL,NULL,"25"
"66392","45681","36516","25964","179279","Cancelled","2022-04-07 01:16:33",NULL,NULL,NULL,"25"
"66450","45721","36555","16044","179435","Cancelled","2020-06-01 03:49:11",NULL,NULL,NULL,"25"
"66503","45755","36590","26052","179566","Cancelled","2021-05-12 21:25:11",NULL,NULL,NULL,"25"
"66538","45779","36605","17057","179662","Cancelled","2022-07-30 12:15:14",NULL,NULL,NULL,"25"
"66557","45794","36615","22039","179715","Cancelled","2022-03-25 06:48:52",NULL,NULL,NULL,"25"
"66678","45874","36687","5481","180036","Cancelled","2021-12-29 10:41:19",NULL,NULL,NULL,"25"
"67385","46364","37078","12518","181965","Cancelled","2021-10-08 01:26:25",NULL,NULL,NULL,"25"
"67644","46545","37236","25233","182647","Cancelled","2021-12-07 02:08:50",NULL,NULL,NULL,"25"
"67712","46596","37280","574","182832","Cancelled","2021-11-11 08:59:09",NULL,NULL,NULL,"25"
"67894","46722","37383","5112","183313","Cancelled","2022-06-27 14:42:45",NULL,NULL,NULL,"25"
"67908","46730","37386","26145","183354","Cancelled","2020-03-17 05:19:46",NULL,NULL,NULL,"25"
"68045","46821","37460","2140","183721","Cancelled","2020-12-02 10:54:27",NULL,NULL,NULL,"25"
"68113","46875","37498","14070","183902","Cancelled","2019-11-28 05:01:23",NULL,NULL,NULL,"25"
"68358","47044","37634","8914","184552","Cancelled","2021-09-06 14:54:33",NULL,NULL,NULL,"25"
"68596","47215","37764","18167","185177","Cancelled","2021-11-06 23:43:08",NULL,NULL,NULL,"25"
"68997","47495","37985","22470","186259","Cancelled","2022-04-12 15:10:01",NULL,NULL,NULL,"25"
"69512","47864","38276","24657","187630","Cancelled","2022-06-24 08:18:06",NULL,NULL,NULL,"25"
"69775","48038","38408","14524","188352","Cancelled","2022-01-23 05:28:02",NULL,NULL,NULL,"25"
"69946","48152","38508","154","188821","Cancelled","2019-11-07 07:24:10",NULL,NULL,NULL,"25"
"70100","48268","38597","22934","189241","Cancelled","2022-08-29 02:40:52",NULL,NULL,NULL,"25"
"70446","48516","38803","8914","190191","Cancelled","2022-08-19 10:02:09",NULL,NULL,NULL,"25"
"70850","48782","39028","26830","191270","Cancelled","2019-09-24 08:47:28",NULL,NULL,NULL,"25"
"71020","48896","39117","8914","191730","Cancelled","2021-08-16 03:54:20",NULL,NULL,NULL,"25"
"71073","48931","39143","16005","191875","Cancelled","2022-09-03 10:40:49",NULL,NULL,NULL,"25"
"71108","48956","39167","28133","191971","Cancelled","2022-07-27 20:55:38",NULL,NULL,NULL,"25"
"71382","49153","39337","13385","192726","Cancelled","2021-12-15 22:54:35",NULL,NULL,NULL,"25"
"72138","49683","39769","25734","194750","Cancelled","2021-07-01 00:16:05",NULL,NULL,NULL,"25"
"72175","49711","39789","2444","194847","Cancelled","2020-12-13 16:00:01",NULL,NULL,NULL,"25"
"72257","49764","39827","7780","195071","Cancelled","2021-10-27 16:25:40",NULL,NULL,NULL,"25"
"72281","49781","39839","24775","195131","Cancelled","2019-02-28 08:59:51",NULL,NULL,NULL,"25"
"72763","50119","40108","25052","196475","Cancelled","2021-06-29 14:15:58",NULL,NULL,NULL,"25"
"73199","50421","40359","17376","197654","Cancelled","2022-04-17 23:55:57",NULL,NULL,NULL,"25"
"73467","50603","40492","22470","198373","Cancelled","2021-01-29 13:44:01",NULL,NULL,NULL,"25"
"73616","50699","40569","21956","198770","Cancelled","2021-06-09 11:26:09",NULL,NULL,NULL,"25"
"73617","50699","40569","16222","198772","Cancelled","2021-06-07 09:59:51",NULL,NULL,NULL,"25"
"73828","50845","40675","16404","199337","Cancelled","2022-08-17 22:00:54",NULL,NULL,NULL,"25"
"73849","50861","40688","18167","199394","Cancelled","2022-03-04 00:55:54",NULL,NULL,NULL,"25"
"73955","50942","40760","25217","199680","Cancelled","2020-12-09 05:55:33",NULL,NULL,NULL,"25"
"74005","50983","40793","5301","199822","Cancelled","2021-06-21 02:04:54",NULL,NULL,NULL,"25"
"74052","51013","40822","21909","199949","Cancelled","2022-05-02 16:22:18",NULL,NULL,NULL,"25"
"74149","51077","40878","725","200216","Cancelled","2022-09-02 01:17:06",NULL,NULL,NULL,"25"
"74167","51092","40899","9538","200268","Cancelled","2022-07-18 07:01:07",NULL,NULL,NULL,"25"
"74286","51177","40959","14790","200583","Cancelled","2022-07-08 23:40:41",NULL,NULL,NULL,"25"
"74801","51535","41249","23130","201953","Cancelled","2022-01-17 02:26:42",NULL,NULL,NULL,"25"
"75035","51703","41364","22705","202586","Cancelled","2019-09-03 06:56:52",NULL,NULL,NULL,"25"
"75139","51775","41419","6335","202870","Cancelled","2021-01-15 12:40:55",NULL,NULL,NULL,"25"
"75243","51848","41480","11380","203142","Cancelled","2020-07-05 13:47:53",NULL,NULL,NULL,"25"
"75920","52320","41883","2140","205012","Cancelled","2021-08-22 03:31:22",NULL,NULL,NULL,"25"
"76125","52461","41987","9794","205561","Cancelled","2020-10-31 06:18:45",NULL,NULL,NULL,"25"
"76337","52617","42105","26763","206139","Cancelled","2021-08-29 14:07:50",NULL,NULL,NULL,"25"
"76714","52886","42318","1893","207165","Cancelled","2022-08-23 04:21:07",NULL,NULL,NULL,"25"
"76914","53037","42437","6513","207703","Cancelled","2021-03-17 08:09:28",NULL,NULL,NULL,"25"
"76959","53064","42454","12518","207817","Cancelled","2020-07-12 11:40:29",NULL,NULL,NULL,"25"
"77138","53186","42553","2545","208268","Cancelled","2020-12-05 06:18:04",NULL,NULL,NULL,"25"
"77155","53195","42562","26318","208320","Cancelled","2020-08-28 09:16:23",NULL,NULL,NULL,"25"
"77230","53247","42607","5359","208514","Cancelled","2020-02-21 05:14:23",NULL,NULL,NULL,"25"
"77478","53421","42752","18882","209157","Cancelled","2022-05-25 06:54:44",NULL,NULL,NULL,"25"
"77531","53458","42778","24825","209296","Cancelled","2022-08-02 00:48:59",NULL,NULL,NULL,"25"
"77721","53588","42882","25654","209799","Cancelled","2022-07-27 01:33:16",NULL,NULL,NULL,"25"
"77766","53619","42904","16810","209917","Cancelled","2022-03-25 02:42:47",NULL,NULL,NULL,"25"
"77779","53627","42909","13276","209957","Cancelled","2022-05-13 06:34:22",NULL,NULL,NULL,"25"
"78000","53786","43027","22039","210572","Cancelled","2022-05-22 08:41:39",NULL,NULL,NULL,"25"
"78096","53858","43079","5336","210838","Cancelled","2021-04-07 07:52:37",NULL,NULL,NULL,"25"
"78220","53943","43151","25293","211174","Cancelled","2022-07-25 15:41:39",NULL,NULL,NULL,"25"
"78813","54343","43495","23313","212766","Cancelled","2022-02-23 04:04:30",NULL,NULL,NULL,"25"
"78863","54381","43520","25531","212900","Cancelled","2019-06-07 14:13:05",NULL,NULL,NULL,"25"
"78926","54417","43545","2830","213076","Cancelled","2020-07-12 13:09:11",NULL,NULL,NULL,"25"
"79062","54510","43617","4408","213464","Cancelled","2021-08-04 04:37:23",NULL,NULL,NULL,"25"
"79441","54782","43813","28632","214497","Cancelled","2021-08-23 13:45:01",NULL,NULL,NULL,"25"
"79669","54945","43940","18961","215122","Cancelled","2021-09-29 11:54:31",NULL,NULL,NULL,"25"
"80166","55290","44216","9589","216454","Cancelled","2019-11-01 14:04:29",NULL,NULL,NULL,"25"
"80261","55354","44263","6648","216725","Cancelled","2022-01-08 08:31:55",NULL,NULL,NULL,"25"
"80296","55379","44281","16441","216816","Cancelled","2022-07-04 01:05:08",NULL,NULL,NULL,"25"
"80949","55820","44629","102","218626","Cancelled","2022-07-27 21:37:15",NULL,NULL,NULL,"25"
"81056","55906","44695","12776","218907","Cancelled","2021-06-07 02:25:40",NULL,NULL,NULL,"25"
"81090","55930","44716","27363","218998","Cancelled","2022-02-21 12:48:39",NULL,NULL,NULL,"25"
"81558","56266","44968","16404","220256","Cancelled","2022-07-20 02:22:18",NULL,NULL,NULL,"25"
"81616","56303","44998","6595","220411","Cancelled","2020-07-12 04:57:49",NULL,NULL,NULL,"25"
"81877","56489","45151","18338","221106","Cancelled","2022-06-29 11:39:15",NULL,NULL,NULL,"25"
"82284","56788","45412","26779","222198","Cancelled","2022-05-24 16:36:00",NULL,NULL,NULL,"25"
"82589","57004","45572","6303","223041","Cancelled","2022-08-03 05:06:27",NULL,NULL,NULL,"25"
"82728","57109","45657","852","223431","Cancelled","2022-08-24 09:30:05",NULL,NULL,NULL,"25"
"83055","57349","45844","8925","224302","Cancelled","2021-08-09 11:54:45",NULL,NULL,NULL,"25"
"83059","57351","45844","2830","224316","Cancelled","2019-11-12 12:27:26",NULL,NULL,NULL,"25"
"83093","57378","45865","26000","224415","Cancelled","2021-12-19 08:52:46",NULL,NULL,NULL,"25"
"83297","57520","45986","26134","224971","Cancelled","2022-08-04 15:46:05",NULL,NULL,NULL,"25"
"83345","57551","46006","415","225100","Cancelled","2022-08-31 23:55:24",NULL,NULL,NULL,"25"
"83685","57799","46205","9971","226016","Cancelled","2020-12-29 04:43:16",NULL,NULL,NULL,"25"
"83714","57817","46221","29054","226094","Cancelled","2021-08-03 09:07:14",NULL,NULL,NULL,"25"
"83793","57868","46270","26639","226307","Cancelled","2022-08-10 21:21:56",NULL,NULL,NULL,"25"
"83895","57936","46316","16575","226595","Cancelled","2021-06-20 01:36:00",NULL,NULL,NULL,"25"
"83927","57961","46349","17057","226686","Cancelled","2020-12-17 13:27:09",NULL,NULL,NULL,"25"
"84113","58102","46455","11835","227188","Cancelled","2020-11-05 22:26:54",NULL,NULL,NULL,"25"
"84334","58263","46590","22776","227771","Cancelled","2022-08-17 20:24:48",NULL,NULL,NULL,"25"
"84475","58359","46679","18780","228153","Cancelled","2022-03-17 11:50:30",NULL,NULL,NULL,"25"
"84483","58366","46682","27156","228172","Cancelled","2022-05-14 14:10:22",NULL,NULL,NULL,"25"
"84489","58371","46689","16904","228188","Cancelled","2019-10-06 02:53:25",NULL,NULL,NULL,"25"
"84623","58462","46764","25531","228562","Cancelled","2021-12-14 13:31:04",NULL,NULL,NULL,"25"
"85073","58789","47005","4630","229788","Cancelled","2021-11-21 14:16:23",NULL,NULL,NULL,"25"
"85135","58833","47039","26312","229963","Cancelled","2022-06-17 03:56:08",NULL,NULL,NULL,"25"
"85137","58835","47040","9861","229968","Cancelled","2022-08-07 11:47:58",NULL,NULL,NULL,"25"
"85475","59065","47223","11210","230882","Cancelled","2021-11-12 04:39:59",NULL,NULL,NULL,"25"
"85594","59148","47292","18671","231201","Cancelled","2021-02-24 04:58:37",NULL,NULL,NULL,"25"
"85646","59186","47328","394","231350","Cancelled","2022-06-01 03:51:36",NULL,NULL,NULL,"25"
"85664","59199","47341","26274","231403","Cancelled","2022-07-21 05:59:28",NULL,NULL,NULL,"25"
"85804","59299","47430","29054","231774","Cancelled","2022-06-16 07:41:00",NULL,NULL,NULL,"25"
"85805","59299","47430","16762","231776","Cancelled","2022-06-16 05:39:29",NULL,NULL,NULL,"25"
"85898","59361","47493","18642","232022","Cancelled","2022-03-29 02:33:41",NULL,NULL,NULL,"25"
"86149","59530","47625","25681","232720","Cancelled","2022-08-02 15:35:20",NULL,NULL,NULL,"25"
"86351","59667","47737","7214","233256","Cancelled","2020-03-17 08:30:49",NULL,NULL,NULL,"25"
"86422","59714","47778","16844","233453","Cancelled","2022-04-27 08:54:12",NULL,NULL,NULL,"25"
"86739","59939","47954","5272","234312","Cancelled","2019-08-14 09:43:34",NULL,NULL,NULL,"25"
"86870","60031","48027","13276","234676","Cancelled","2021-06-19 08:56:56",NULL,NULL,NULL,"25"
"87203","60257","48231","24677","235578","Cancelled","2021-12-12 23:37:30",NULL,NULL,NULL,"25"
"87249","60292","48254","27898","235703","Cancelled","2021-12-17 07:40:28",NULL,NULL,NULL,"25"
"87437","60421","48374","26613","236211","Cancelled","2022-06-28 03:45:36",NULL,NULL,NULL,"25"
"87660","60574","48505","26160","236813","Cancelled","2021-06-30 16:06:01",NULL,NULL,NULL,"25"
"87966","60799","48673","18167","237631","Cancelled","2021-12-01 04:57:21",NULL,NULL,NULL,"25"
"88582","61223","49032","25690","239322","Cancelled","2022-05-31 16:01:16",NULL,NULL,NULL,"25"
"88983","61499","49237","26204","240403","Cancelled","2022-03-15 17:38:47",NULL,NULL,NULL,"25"
"89091","61578","49299","11170","240684","Cancelled","2020-08-25 02:10:52",NULL,NULL,NULL,"25"
"89543","61898","49548","24981","241878","Cancelled","2022-07-02 08:49:03",NULL,NULL,NULL,"25"
"89762","62049","49666","16810","242490","Cancelled","2022-05-05 02:10:05",NULL,NULL,NULL,"25"
"89782","62062","49681","26136","242541","Cancelled","2022-09-02 08:45:14.203367",NULL,NULL,NULL,"25"
"89826","62093","49706","29103","242651","Cancelled","2022-02-05 08:51:52",NULL,NULL,NULL,"25"
"89859","62111","49720","25406","242743","Cancelled","2021-12-24 08:29:13",NULL,NULL,NULL,"25"
"89984","62197","49788","18495","243076","Cancelled","2020-08-26 10:02:51",NULL,NULL,NULL,"25"
"90138","62301","49873","12832","243516","Cancelled","2022-08-31 09:03:46",NULL,NULL,NULL,"25"
"90649","62648","50154","26012","244900","Cancelled","2022-03-12 04:11:28",NULL,NULL,NULL,"25"
"90799","62748","50230","11433","245291","Cancelled","2022-01-11 04:10:16",NULL,NULL,NULL,"25"
"91345","63122","50533","16299","246755","Cancelled","2019-07-25 04:57:27",NULL,NULL,NULL,"25"
"92052","63606","50925","6595","248635","Cancelled","2020-12-09 00:28:55",NULL,NULL,NULL,"25"
"92152","63673","50975","22273","248899","Cancelled","2021-04-12 14:40:09",NULL,NULL,NULL,"25"
"92213","63715","51015","25300","249068","Cancelled","2022-09-05 16:21:22.631777",NULL,NULL,NULL,"25"
"92320","63785","51063","27859","249350","Cancelled","2022-07-23 05:17:27",NULL,NULL,NULL,"25"
"92494","63906","51164","26294","249823","Cancelled","2022-06-08 15:06:14",NULL,NULL,NULL,"25"
"92556","63954","51193","27167","249989","Cancelled","2022-01-05 03:08:58",NULL,NULL,NULL,"25"
"92687","64042","51262","13426","250345","Cancelled","2020-04-15 01:42:02",NULL,NULL,NULL,"25"
"92752","64088","51293","26674","250516","Cancelled","2022-04-22 12:29:43",NULL,NULL,NULL,"25"
"92880","64181","51369","6650","250857","Cancelled","2022-04-05 14:37:38",NULL,NULL,NULL,"25"
"92946","64223","51402","526","251045","Cancelled","2021-05-05 17:36:42",NULL,NULL,NULL,"25"
"93455","64571","51666","10092","252399","Cancelled","2022-08-11 02:35:17",NULL,NULL,NULL,"25"
"93468","64578","51670","10901","252436","Cancelled","2021-01-06 08:42:31",NULL,NULL,NULL,"25"
"93637","64701","51770","5546","252903","Cancelled","2022-01-29 04:27:51",NULL,NULL,NULL,"25"
"93734","64761","51832","26180","253163","Cancelled","2022-05-29 07:31:59",NULL,NULL,NULL,"25"
"94183","65066","52049","6648","254389","Cancelled","2020-04-26 08:04:08",NULL,NULL,NULL,"25"
"94399","65220","52181","16020","254997","Cancelled","2021-05-14 15:02:43",NULL,NULL,NULL,"25"
"94474","65269","52219","27073","255198","Cancelled","2021-09-04 08:45:32",NULL,NULL,NULL,"25"
"94485","65274","52224","5439","255226","Cancelled","2022-09-02 00:59:53.330884",NULL,NULL,NULL,"25"
"94589","65346","52272","18282","255506","Cancelled","2020-09-03 08:10:02",NULL,NULL,NULL,"25"
"94603","65356","52281","18907","255538","Cancelled","2022-04-30 03:22:29",NULL,NULL,NULL,"25"
"94721","65435","52351","25536","255878","Cancelled","2022-05-21 10:42:47",NULL,NULL,NULL,"25"
"94851","65532","52424","26718","256224","Cancelled","2022-07-06 01:35:51",NULL,NULL,NULL,"25"
"94895","65568","52452","18627","256331","Cancelled","2021-06-29 02:18:02",NULL,NULL,NULL,"25"
"95323","65885","52697","26216","257487","Cancelled","2022-03-27 07:22:13",NULL,NULL,NULL,"25"
"95344","65900","52711","15280","257542","Cancelled","2021-07-26 10:15:35",NULL,NULL,NULL,"25"
"95358","65908","52720","9784","257581","Cancelled","2022-06-08 17:17:59",NULL,NULL,NULL,"25"
"95393","65934","52743","6683","257684","Cancelled","2020-01-09 17:17:34",NULL,NULL,NULL,"25"
"95785","66205","52938","18700","258751","Cancelled","2021-10-13 10:19:25",NULL,NULL,NULL,"25"
"95998","66350","53053","25610","259321","Cancelled","2022-05-20 16:18:35",NULL,NULL,NULL,"25"
"96157","66459","53132","26771","259739","Cancelled","2021-09-08 03:10:16",NULL,NULL,NULL,"25"
"96855","66921","53486","26771","261606","Cancelled","2022-09-03 06:06:49.102107",NULL,NULL,NULL,"25"
"96903","66958","53513","16443","261742","Cancelled","2022-07-25 10:59:44",NULL,NULL,NULL,"25"
"97038","67057","53580","25931","262107","Cancelled","2020-09-08 12:56:24",NULL,NULL,NULL,"25"
"97146","67127","53636","26862","262404","Cancelled","2022-01-19 06:58:24",NULL,NULL,NULL,"25"
"97285","67238","53725","26140","262787","Cancelled","2022-01-14 10:18:32",NULL,NULL,NULL,"25"
"97349","67281","53757","5092","262956","Cancelled","2021-07-25 00:38:53",NULL,NULL,NULL,"25"
"97407","67322","53795","10061","263108","Cancelled","2021-05-28 11:19:33",NULL,NULL,NULL,"25"
"97546","67412","53868","23040","263498","Cancelled","2022-06-03 10:15:12",NULL,NULL,NULL,"25"
"97767","67568","54000","6548","264108","Cancelled","2022-06-17 15:25:58",NULL,NULL,NULL,"25"
"97931","67678","54076","27458","264554","Cancelled","2022-04-07 12:21:34",NULL,NULL,NULL,"25"
"98078","67779","54157","18961","264949","Cancelled","2022-08-24 12:19:15",NULL,NULL,NULL,"25"
"98177","67837","54203","25823","265213","Cancelled","2021-05-10 11:50:01",NULL,NULL,NULL,"25"
"98379","67979","54336","15828","265763","Cancelled","2022-06-06 06:49:08",NULL,NULL,NULL,"25"
"98383","67983","54337","25405","265771","Cancelled","2021-12-08 16:43:12",NULL,NULL,NULL,"25"
"98471","68040","54387","26742","266012","Cancelled","2021-10-24 09:55:41",NULL,NULL,NULL,"25"
"98670","68173","54488","16698","266549","Cancelled","2021-08-17 03:54:11",NULL,NULL,NULL,"25"
"98740","68223","54541","6602","266732","Cancelled","2021-07-14 13:41:52",NULL,NULL,NULL,"25"
"98972","68387","54678","26915","267357","Cancelled","2021-03-23 17:22:55",NULL,NULL,NULL,"25"
"99136","68500","54769","26862","267794","Cancelled","2021-08-06 10:13:52",NULL,NULL,NULL,"25"
"99157","68515","54780","27723","267853","Cancelled","2022-06-03 15:44:14",NULL,NULL,NULL,"25"
"99183","68533","54792","17070","267922","Cancelled","2020-07-26 12:38:44",NULL,NULL,NULL,"25"
"99353","68654","54885","21968","268373","Cancelled","2022-09-07 09:45:22",NULL,NULL,NULL,"25"
"99818","68997","55162","26561","269613","Cancelled","2019-10-12 05:47:02",NULL,NULL,NULL,"25"
"99953","69090","55242","17333","269975","Cancelled","2022-09-04 09:06:09.499857",NULL,NULL,NULL,"25"
"100140","69208","55339","25772","270464","Cancelled","2022-06-09 14:49:59",NULL,NULL,NULL,"25"
"100586","69511","55597","21756","271643","Cancelled","2022-05-15 10:04:36",NULL,NULL,NULL,"25"
"100711","69594","55655","24595","271998","Cancelled","2020-06-27 00:23:47",NULL,NULL,NULL,"25"
"100771","69641","55687","18723","272161","Cancelled","2022-08-18 13:59:55",NULL,NULL,NULL,"25"
"100914","69745","55771","25638","272557","Cancelled","2020-11-05 10:07:24",NULL,NULL,NULL,"25"
"101188","69925","55916","16885","273272","Cancelled","2021-08-04 01:02:32",NULL,NULL,NULL,"25"
"101270","69980","55954","26513","273499","Cancelled","2021-08-23 15:55:42",NULL,NULL,NULL,"25"
"101281","69986","55959","6739","273528","Cancelled","2020-09-13 06:40:19",NULL,NULL,NULL,"25"
"101465","70110","56048","4408","274034","Cancelled","2021-05-31 23:28:20",NULL,NULL,NULL,"25"
"101556","70174","56106","4193","274286","Cancelled","2021-04-01 15:54:40",NULL,NULL,NULL,"25"
"101575","70186","56114","25473","274334","Cancelled","2022-09-02 04:03:48",NULL,NULL,NULL,"25"
"101703","70277","56188","17068","274668","Cancelled","2022-04-15 05:45:58",NULL,NULL,NULL,"25"
"101755","70313","56222","25472","274808","Cancelled","2022-02-21 05:26:45",NULL,NULL,NULL,"25"
"101760","70316","56224","26623","274822","Cancelled","2022-02-19 03:01:01",NULL,NULL,NULL,"25"
"101877","70408","56296","25585","275143","Cancelled","2021-01-17 05:44:35",NULL,NULL,NULL,"25"
"102311","70695","56529","26282","276349","Cancelled","2022-01-24 06:21:57",NULL,NULL,NULL,"25"
"102928","71119","56847","26561","278005","Cancelled","2022-09-03 17:46:50",NULL,NULL,NULL,"25"
"102954","71137","56863","16898","278077","Cancelled","2019-08-21 11:15:13",NULL,NULL,NULL,"25"
"103261","71349","57032","16005","278921","Cancelled","2022-05-17 06:47:21",NULL,NULL,NULL,"25"
"103926","71822","57432","25821","280742","Cancelled","2022-01-16 06:35:00",NULL,NULL,NULL,"25"
"103956","71838","57446","16222","280815","Cancelled","2022-08-24 08:24:43",NULL,NULL,NULL,"25"
"104126","71955","57531","26023","281268","Cancelled","2021-03-01 14:40:16",NULL,NULL,NULL,"25"
"104258","72040","57592","9885","281621","Cancelled","2022-06-25 17:28:42",NULL,NULL,NULL,"25"
"104279","72055","57607","15543","281678","Cancelled","2020-10-30 21:57:25",NULL,NULL,NULL,"25"
"104477","72189","57711","26854","282223","Cancelled","2021-11-19 04:47:36",NULL,NULL,NULL,"25"
"104782","72402","57888","14589","283034","Cancelled","2020-09-14 17:06:43",NULL,NULL,NULL,"25"
"105218","72713","58146","25821","284188","Cancelled","2022-04-29 12:25:51",NULL,NULL,NULL,"25"
"105222","72716","58148","18195","284197","Cancelled","2021-07-24 06:04:58",NULL,NULL,NULL,"25"
"105505","72899","58310","10798","284969","Cancelled","2022-06-14 09:36:37",NULL,NULL,NULL,"25"
"106097","73327","58656","26849","286579","Cancelled","2020-08-01 03:54:15",NULL,NULL,NULL,"25"
"106309","73463","58755","16386","287153","Cancelled","2021-06-22 23:50:25",NULL,NULL,NULL,"25"
"106338","73483","58766","24795","287229","Cancelled","2022-08-09 05:36:25",NULL,NULL,NULL,"25"
"106341","73486","58767","16556","287238","Cancelled","2021-04-23 06:33:05",NULL,NULL,NULL,"25"
"106620","73675","58919","5546","287987","Cancelled","2022-07-09 15:43:22",NULL,NULL,NULL,"25"
"106964","73906","59103","25770","288904","Cancelled","2022-07-01 08:29:02",NULL,NULL,NULL,"25"
"107213","74074","59222","9864","289588","Cancelled","2022-08-14 14:11:09",NULL,NULL,NULL,"25"
"107306","74134","59266","28632","289843","Cancelled","2021-06-17 22:11:48",NULL,NULL,NULL,"25"
"108007","74612","59649","6416","291761","Cancelled","2019-09-04 12:57:21",NULL,NULL,NULL,"25"
"108105","74681","59719","27919","292037","Cancelled","2022-08-01 04:16:15",NULL,NULL,NULL,"25"
"108226","74765","59788","16634","292365","Cancelled","2022-06-21 09:56:46",NULL,NULL,NULL,"25"
"108635","75054","60014","26474","293456","Cancelled","2022-07-22 04:48:06",NULL,NULL,NULL,"25"
"108856","75198","60128","16517","294055","Cancelled","2022-09-01 01:25:34",NULL,NULL,NULL,"25"
"108905","75232","60153","27919","294184","Cancelled","2021-08-13 13:48:32",NULL,NULL,NULL,"25"
"108934","75256","60169","27747","294259","Cancelled","2022-05-25 04:29:41",NULL,NULL,NULL,"25"
"108994","75289","60197","27723","294426","Cancelled","2022-04-12 21:43:59",NULL,NULL,NULL,"25"
"109045","75328","60222","13276","294559","Cancelled","2021-08-21 04:50:52",NULL,NULL,NULL,"25"
"109089","75360","60249","15543","294674","Cancelled","2021-02-23 00:47:43",NULL,NULL,NULL,"25"
"109137","75391","60274","26000","294795","Cancelled","2021-10-18 12:55:07",NULL,NULL,NULL,"25"
"109630","75730","60543","25723","296129","Cancelled","2022-01-05 23:21:34",NULL,NULL,NULL,"25"
"109784","75824","60620","17468","296548","Cancelled","2021-12-12 12:00:25",NULL,NULL,NULL,"25"
"109833","75861","60652","18776","296666","Cancelled","2021-10-10 13:45:14",NULL,NULL,NULL,"25"
"109948","75946","60726","21909","296973","Cancelled","2022-07-07 21:43:06",NULL,NULL,NULL,"25"
"110281","76184","60921","16889","297851","Cancelled","2022-09-05 09:19:33",NULL,NULL,NULL,"25"
"110348","76229","60956","28400","298023","Cancelled","2021-10-05 05:47:47",NULL,NULL,NULL,"25"
"111138","76787","61431","14790","300155","Cancelled","2019-11-29 03:07:34",NULL,NULL,NULL,"25"
"111206","76831","61468","26066","300335","Cancelled","2022-05-22 08:41:22",NULL,NULL,NULL,"25"
"111221","76841","61474","4018","300372","Cancelled","2020-05-11 08:53:04",NULL,NULL,NULL,"25"
"111389","76948","61572","26742","300833","Cancelled","2022-04-17 13:08:27",NULL,NULL,NULL,"25"
"111728","77179","61752","27022","301754","Cancelled","2022-04-23 05:41:18",NULL,NULL,NULL,"25"
"111775","77215","61786","6316","301878","Cancelled","2022-01-29 11:33:17",NULL,NULL,NULL,"25"
"112132","77452","61962","6535","302865","Cancelled","2022-05-01 03:08:54",NULL,NULL,NULL,"25"
"112181","77485","61986","565","303000","Cancelled","2022-01-15 21:06:32",NULL,NULL,NULL,"25"
"112244","77531","62020","22705","303177","Cancelled","2021-08-28 00:21:46",NULL,NULL,NULL,"25"
"112616","77785","62218","27859","304167","Cancelled","2021-08-15 12:07:21",NULL,NULL,NULL,"25"
"112620","77789","62222","26522","304180","Cancelled","2022-06-10 06:42:32",NULL,NULL,NULL,"25"
"113187","78179","62533","22776","305711","Cancelled","2021-12-23 21:02:32",NULL,NULL,NULL,"25"
"113543","78436","62727","6740","306662","Cancelled","2022-08-12 07:24:44",NULL,NULL,NULL,"25"
"113652","78511","62785","6389","306955","Cancelled","2022-03-09 11:16:25",NULL,NULL,NULL,"25"
"114266","78922","63128","26273","308614","Cancelled","2021-04-15 21:47:06",NULL,NULL,NULL,"25"
"114993","79422","63536","27517","310593","Cancelled","2022-09-04 12:03:25",NULL,NULL,NULL,"25"
"115001","79427","63542","6595","310612","Cancelled","2022-08-06 02:02:38",NULL,NULL,NULL,"25"
"115340","79664","63727","26880","311519","Cancelled","2020-12-12 02:31:37",NULL,NULL,NULL,"25"
"115417","79716","63777","13090","311722","Cancelled","2021-12-18 03:33:19",NULL,NULL,NULL,"25"
"115469","79753","63810","3017","311858","Cancelled","2019-07-10 00:50:06",NULL,NULL,NULL,"25"
"115546","79803","63853","17012","312058","Cancelled","2022-06-09 03:29:56",NULL,NULL,NULL,"25"
"115578","79820","63868","5581","312144","Cancelled","2020-02-27 00:40:42",NULL,NULL,NULL,"25"
"115801","79968","63998","6542","312747","Cancelled","2020-10-08 17:26:42",NULL,NULL,NULL,"25"
"116085","80162","64164","16282","313517","Cancelled","2022-03-28 17:26:42",NULL,NULL,NULL,"25"
"116147","80201","64197","18723","313698","Cancelled","2020-03-24 22:13:46",NULL,NULL,NULL,"25"
"116537","80468","64418","9921","314747","Cancelled","2022-09-03 12:17:52.136389",NULL,NULL,NULL,"25"
"116631","80523","64471","27960","315005","Cancelled","2022-08-23 15:26:19",NULL,NULL,NULL,"25"
"117566","81158","65003","10967","317465","Cancelled","2022-04-26 05:44:09",NULL,NULL,NULL,"25"
"117677","81234","65063","6542","317767","Cancelled","2020-03-30 17:51:54",NULL,NULL,NULL,"25"
"117777","81304","65111","6577","318035","Cancelled","2020-08-14 17:19:53",NULL,NULL,NULL,"25"
"117961","81422","65208","8882","318543","Cancelled","2022-06-15 12:24:59",NULL,NULL,NULL,"25"
"117986","81441","65219","18441","318602","Cancelled","2022-08-09 03:06:33",NULL,NULL,NULL,"25"
"118036","81472","65241","2936","318728","Cancelled","2021-04-16 06:54:16",NULL,NULL,NULL,"25"
"118107","81527","65290","9301","318916","Cancelled","2019-03-12 03:46:37",NULL,NULL,NULL,"25"
"118332","81685","65409","16898","319519","Cancelled","2020-03-01 05:30:10",NULL,NULL,NULL,"25"
"118647","81902","65574","18513","320369","Cancelled","2022-08-08 11:27:07",NULL,NULL,NULL,"25"
"118743","81976","65627","18422","320635","Cancelled","2022-08-30 17:13:05",NULL,NULL,NULL,"25"
"119286","82345","65930","27279","322071","Cancelled","2021-10-30 16:48:06",NULL,NULL,NULL,"25"
"119640","82591","66121","6822","323018","Cancelled","2022-09-02 15:53:19.770463",NULL,NULL,NULL,"25"
"120150","82931","66400","26756","324392","Cancelled","2021-01-22 15:28:20",NULL,NULL,NULL,"25"
"120224","82979","66435","26830","324595","Cancelled","2021-09-14 15:14:34",NULL,NULL,NULL,"25"
"120646","83262","66672","9885","325756","Cancelled","2022-01-08 14:06:58",NULL,NULL,NULL,"25"
"120763","83348","66739","26848","326074","Cancelled","2022-03-03 13:58:38",NULL,NULL,NULL,"25"
"120788","83366","66748","23313","326141","Cancelled","2021-04-14 13:35:27",NULL,NULL,NULL,"25"
"120960","83480","66851","25126","326606","Cancelled","2020-07-03 04:26:08",NULL,NULL,NULL,"25"
"121053","83539","66892","6336","326850","Cancelled","2021-12-26 09:53:01",NULL,NULL,NULL,"25"
"121258","83681","67004","16453","327419","Cancelled","2022-06-15 04:22:48",NULL,NULL,NULL,"25"
"121502","83853","67132","26779","328068","Cancelled","2020-10-12 06:02:01",NULL,NULL,NULL,"25"
"121698","83976","67235","26970","328592","Cancelled","2020-09-16 11:33:37",NULL,NULL,NULL,"25"
"121893","84100","67326","26064","329119","Cancelled","2022-08-20 21:26:44",NULL,NULL,NULL,"25"
"121963","84140","67355","26587","329298","Cancelled","2022-02-21 11:08:23",NULL,NULL,NULL,"25"
"122062","84201","67399","26044","329563","Cancelled","2021-09-30 11:56:31",NULL,NULL,NULL,"25"
"122079","84215","67409","26236","329614","Cancelled","2021-10-04 13:34:07",NULL,NULL,NULL,"25"
"122091","84225","67421","22165","329646","Cancelled","2022-06-02 22:18:26",NULL,NULL,NULL,"25"
"122221","84316","67500","26236","330004","Cancelled","2022-01-20 13:34:41",NULL,NULL,NULL,"25"
"122278","84351","67529","2929","330156","Cancelled","2021-12-28 05:09:33",NULL,NULL,NULL,"25"
"122292","84360","67535","8925","330191","Cancelled","2021-05-02 23:13:16",NULL,NULL,NULL,"25"
"122367","84416","67574","26001","330394","Cancelled","2021-01-12 22:45:55",NULL,NULL,NULL,"25"
"122398","84440","67588","1937","330484","Cancelled","2020-04-14 16:07:11",NULL,NULL,NULL,"25"
"122507","84522","67654","28386","330778","Cancelled","2021-09-27 11:37:28",NULL,NULL,NULL,"25"
"122520","84532","67663","26911","330813","Cancelled","2022-03-06 11:29:11",NULL,NULL,NULL,"25"
"122766","84694","67786","23507","331484","Cancelled","2019-11-21 04:37:29",NULL,NULL,NULL,"25"
"122914","84797","67862","25585","331896","Cancelled","2019-10-11 08:19:44",NULL,NULL,NULL,"25"
"123255","85037","68052","21662","332798","Cancelled","2022-06-11 04:32:04",NULL,NULL,NULL,"25"
"123439","85167","68161","24576","333281","Cancelled","2021-11-16 01:46:11",NULL,NULL,NULL,"25"
"123629","85290","68258","27978","333777","Cancelled","2022-03-20 05:36:08",NULL,NULL,NULL,"25"
"123687","85329","68284","5493","333934","Cancelled","2021-11-14 08:37:02",NULL,NULL,NULL,"25"
"123747","85370","68320","18671","334090","Cancelled","2020-12-28 00:24:50",NULL,NULL,NULL,"25"
"123774","85391","68336","16760","334167","Cancelled","2022-01-17 08:24:08",NULL,NULL,NULL,"25"
"123906","85479","68396","18833","334516","Cancelled","2021-07-09 16:42:45",NULL,NULL,NULL,"25"
"123968","85517","68428","25988","334682","Cancelled","2021-08-17 09:04:35",NULL,NULL,NULL,"25"
"124003","85547","68448","21989","334777","Cancelled","2022-05-24 05:51:31",NULL,NULL,NULL,"25"
"124096","85609","68510","26180","335021","Cancelled","2021-06-26 14:18:21",NULL,NULL,NULL,"25"
"124726","86055","68873","24373","336721","Cancelled","2021-11-10 00:40:17",NULL,NULL,NULL,"25"
"124786","86091","68898","1937","336884","Cancelled","2022-09-06 21:13:58",NULL,NULL,NULL,"25"
"124906","86169","68949","14657","337224","Cancelled","2021-08-13 04:59:24",NULL,NULL,NULL,"25"
"124955","86207","68975","3675","337353","Cancelled","2022-05-05 03:17:58",NULL,NULL,NULL,"25"
"125173","86351","69101","3623","337955","Cancelled","2021-11-28 13:30:34",NULL,NULL,NULL,"25"
"125607","86646","69326","18282","339114","Cancelled","2021-03-29 16:10:04",NULL,NULL,NULL,"25"
"125699","86706","69377","22295","339357","Cancelled","2020-06-17 16:56:56",NULL,NULL,NULL,"25"
"125810","86772","69433","2886","339652","Cancelled","2022-03-15 04:41:03",NULL,NULL,NULL,"25"
"125944","86864","69512","17070","340029","Cancelled","2022-07-05 22:08:57",NULL,NULL,NULL,"25"
"126009","86908","69554","102","340215","Cancelled","2021-05-18 03:09:46",NULL,NULL,NULL,"25"
"126010","86908","69554","9325","340217","Cancelled","2021-05-19 05:00:11",NULL,NULL,NULL,"25"
"126076","86958","69598","10118","340411","Cancelled","2022-07-30 15:09:27",NULL,NULL,NULL,"25"
"126084","86964","69602","23148","340434","Cancelled","2022-08-24 02:48:38",NULL,NULL,NULL,"25"
"126112","86985","69616","24981","340505","Cancelled","2022-03-28 04:08:48",NULL,NULL,NULL,"25"
"126517","87274","69848","25826","341596","Cancelled","2022-05-24 16:46:14",NULL,NULL,NULL,"25"
"126674","87367","69928","5336","342025","Cancelled","2022-04-26 09:11:04",NULL,NULL,NULL,"25"
"126955","87560","70102","24917","342785","Cancelled","2020-09-15 08:44:23",NULL,NULL,NULL,"25"
"127291","87782","70286","21172","343657","Cancelled","2022-08-29 23:47:33",NULL,NULL,NULL,"25"
"127414","87861","70343","23507","343984","Cancelled","2022-05-11 08:00:44",NULL,NULL,NULL,"25"
"127456","87892","70370","26790","344104","Cancelled","2022-06-28 20:41:22",NULL,NULL,NULL,"25"
"127478","87904","70385","2873","344165","Cancelled","2022-06-21 23:55:46",NULL,NULL,NULL,"25"
"127579","87973","70445","6595","344435","Cancelled","2021-11-11 13:50:07",NULL,NULL,NULL,"25"
"127700","88065","70533","18283","344777","Cancelled","2022-03-08 15:41:40",NULL,NULL,NULL,"25"
"127756","88106","70561","25823","344929","Cancelled","2022-07-30 01:48:19",NULL,NULL,NULL,"25"
"128180","88399","70802","3902","346099","Cancelled","2022-08-20 09:40:54",NULL,NULL,NULL,"25"
"128397","88556","70935","26649","346694","Cancelled","2020-07-30 14:39:40",NULL,NULL,NULL,"25"
"128458","88603","70968","6496","346863","Cancelled","2022-09-07 07:01:50.232045",NULL,NULL,NULL,"25"
"128492","88620","70984","26274","346948","Cancelled","2022-09-05 00:34:43",NULL,NULL,NULL,"25"
"128522","88637","70999","26053","347029","Cancelled","2020-10-25 15:50:42",NULL,NULL,NULL,"25"
"128684","88754","71088","5352","347466","Cancelled","2021-03-20 02:26:59",NULL,NULL,NULL,"25"
"128720","88778","71108","17068","347566","Cancelled","2020-10-05 07:10:50",NULL,NULL,NULL,"25"
"128748","88793","71123","26288","347640","Cancelled","2022-05-14 16:02:44",NULL,NULL,NULL,"25"
"128859","88875","71192","25183","347927","Cancelled","2022-01-21 07:38:28",NULL,NULL,NULL,"25"
"128976","88949","71252","26495","348247","Cancelled","2019-07-02 04:41:33",NULL,NULL,NULL,"25"
"129018","88975","71280","26748","348364","Cancelled","2021-03-27 05:50:27",NULL,NULL,NULL,"25"
"129079","89011","71314","7266","348539","Cancelled","2022-04-04 11:31:15",NULL,NULL,NULL,"25"
"129125","89049","71339","16863","348666","Cancelled","2022-07-31 11:28:43",NULL,NULL,NULL,"25"
"129130","89054","71344","1409","348678","Cancelled","2020-10-06 17:32:05",NULL,NULL,NULL,"25"
"129296","89167","71435","25640","349127","Cancelled","2021-07-31 22:01:41",NULL,NULL,NULL,"25"
"129354","89204","71460","25681","349279","Cancelled","2020-07-08 22:33:30",NULL,NULL,NULL,"25"
"129622","89395","71612","22295","349969","Cancelled","2019-08-08 21:17:00",NULL,NULL,NULL,"25"
"129848","89558","71730","24797","350582","Cancelled","2022-08-03 06:05:31",NULL,NULL,NULL,"25"
"130521","90028","72113","22820","352393","Cancelled","2022-07-18 08:22:15",NULL,NULL,NULL,"25"
"130584","90076","72146","26120","352567","Cancelled","2021-10-10 14:20:46",NULL,NULL,NULL,"25"
"130755","90196","72232","5666","353049","Cancelled","2022-05-02 09:24:18",NULL,NULL,NULL,"25"
"131093","90424","72425","10248","353954","Cancelled","2022-08-15 18:09:38",NULL,NULL,NULL,"25"
"131609","90783","72721","18700","355339","Cancelled","2021-02-28 23:50:37",NULL,NULL,NULL,"25"
"132060","91102","72971","25418","356557","Cancelled","2020-10-10 23:38:53",NULL,NULL,NULL,"25"
"132667","91515","73292","18202","358246","Cancelled","2021-07-23 00:19:46",NULL,NULL,NULL,"25"
"132695","91535","73306","28554","358320","Cancelled","2020-11-24 10:48:44",NULL,NULL,NULL,"25"
"132728","91561","73334","25024","358410","Cancelled","2020-02-25 03:46:45",NULL,NULL,NULL,"25"
"132796","91609","73379","26484","358601","Cancelled","2020-11-28 04:16:01",NULL,NULL,NULL,"25"
"132958","91739","73484","6770","359026","Cancelled","2020-01-24 21:02:35",NULL,NULL,NULL,"25"
"133128","91860","73578","24917","359478","Cancelled","2021-11-29 00:29:09",NULL,NULL,NULL,"25"
"133232","91934","73634","6770","359758","Cancelled","2022-07-19 15:34:12",NULL,NULL,NULL,"25"
"133479","92094","73763","6199","360427","Cancelled","2021-08-24 23:37:42",NULL,NULL,NULL,"25"
"133722","92268","73902","28844","361089","Cancelled","2021-10-11 15:56:22",NULL,NULL,NULL,"25"
"133815","92331","73953","22934","361337","Cancelled","2020-12-19 06:57:00",NULL,NULL,NULL,"25"
"134001","92454","74059","9684","361817","Cancelled","2021-11-15 07:06:21",NULL,NULL,NULL,"25"
"134085","92513","74110","16889","362047","Cancelled","2022-09-05 13:56:52.665358",NULL,NULL,NULL,"25"
"134226","92615","74196","16161","362444","Cancelled","2022-01-14 13:55:26",NULL,NULL,NULL,"25"
"134524","92818","74361","17115","363260","Cancelled","2021-04-05 16:30:10",NULL,NULL,NULL,"25"
"134545","92829","74368","6770","363326","Cancelled","2021-12-08 04:35:13",NULL,NULL,NULL,"25"
"134984","93124","74610","16443","364507","Cancelled","2022-09-02 05:43:39",NULL,NULL,NULL,"25"
"135124","93224","74686","663","364893","Cancelled","2020-07-22 04:24:06",NULL,NULL,NULL,"25"
"135209","93285","74733","27363","365119","Cancelled","2021-06-13 23:23:43",NULL,NULL,NULL,"25"
"135285","93348","74779","11649","365324","Cancelled","2021-10-08 08:03:30",NULL,NULL,NULL,"25"
"135357","93400","74826","26584","365518","Cancelled","2021-11-22 11:34:49",NULL,NULL,NULL,"25"
"135364","93404","74828","17365","365539","Cancelled","2022-09-06 21:33:55.696557",NULL,NULL,NULL,"25"
"135390","93423","74843","16941","365611","Cancelled","2020-06-07 05:02:37",NULL,NULL,NULL,"25"
"135569","93555","74961","28849","366088","Cancelled","2021-11-28 07:49:12",NULL,NULL,NULL,"25"
"136186","93980","75320","16219","367751","Cancelled","2021-12-15 04:16:04",NULL,NULL,NULL,"25"
"136216","94003","75341","26161","367834","Cancelled","2021-10-08 07:22:06",NULL,NULL,NULL,"25"
"136521","94213","75514","25650","368635","Cancelled","2020-12-01 03:41:04",NULL,NULL,NULL,"25"
"136672","94311","75590","2492","369055","Cancelled","2021-08-10 11:03:20",NULL,NULL,NULL,"25"
"136751","94364","75627","16404","369266","Cancelled","2020-07-05 17:20:27",NULL,NULL,NULL,"25"
"137031","94569","75802","18627","370022","Cancelled","2020-10-22 13:19:33",NULL,NULL,NULL,"25"
"137993","95225","76338","25862","372598","Cancelled","2021-11-18 23:38:09",NULL,NULL,NULL,"25"
"138266","95410","76492","10866","373352","Cancelled","2022-06-03 10:56:01",NULL,NULL,NULL,"25"
"138299","95436","76516","16885","373444","Cancelled","2022-06-03 04:46:02",NULL,NULL,NULL,"25"
"138527","95588","76639","14404","374062","Cancelled","2022-08-26 15:35:58",NULL,NULL,NULL,"25"
"138536","95596","76646","27747","374089","Cancelled","2022-06-10 04:11:42",NULL,NULL,NULL,"25"
"138567","95620","76664","22039","374178","Cancelled","2021-12-06 04:05:58",NULL,NULL,NULL,"25"
"138586","95631","76671","22924","374230","Cancelled","2021-03-06 12:11:31",NULL,NULL,NULL,"25"
"138710","95719","76739","13499","374560","Cancelled","2020-10-17 11:38:06",NULL,NULL,NULL,"25"
"138779","95768","76784","1814","374747","Cancelled","2022-04-04 09:01:39",NULL,NULL,NULL,"25"
"138961","95893","76892","17260","375240","Cancelled","2021-12-10 05:35:35",NULL,NULL,NULL,"25"
"139008","95921","76913","852","375371","Cancelled","2021-12-30 11:48:16",NULL,NULL,NULL,"25"
"139211","96055","77023","17070","375930","Cancelled","2021-02-16 14:23:36",NULL,NULL,NULL,"25"
"139309","96112","77077","12839","376180","Cancelled","2020-11-10 09:52:06",NULL,NULL,NULL,"25"
"139376","96157","77109","2102","376380","Cancelled","2021-04-28 05:42:34",NULL,NULL,NULL,"25"
"139395","96171","77122","2696","376428","Cancelled","2021-02-09 12:16:45",NULL,NULL,NULL,"25"
"139478","96227","77176","26745","376653","Cancelled","2021-02-24 11:09:52",NULL,NULL,NULL,"25"
"139554","96273","77216","10075","376850","Cancelled","2021-09-20 14:21:42",NULL,NULL,NULL,"25"
"139732","96393","77296","27943","377312","Cancelled","2022-09-05 06:14:17",NULL,NULL,NULL,"25"
"139821","96450","77337","10067","377554","Cancelled","2021-03-06 12:05:18",NULL,NULL,NULL,"25"
"139873","96486","77366","26050","377692","Cancelled","2022-06-14 13:50:16",NULL,NULL,NULL,"25"
"139933","96526","77405","20802","377849","Cancelled","2022-01-07 06:44:08",NULL,NULL,NULL,"25"
"139955","96543","77420","25638","377910","Cancelled","2022-02-26 12:46:46",NULL,NULL,NULL,"25"
"140152","96687","77535","25734","378434","Cancelled","2022-06-28 02:08:44",NULL,NULL,NULL,"25"
"141011","97264","78010","25749","380726","Cancelled","2022-09-01 00:00:56",NULL,NULL,NULL,"25"
"141081","97308","78038","25931","380924","Cancelled","2020-10-27 12:42:09",NULL,NULL,NULL,"25"
"141933","97894","78496","27224","383224","Cancelled","2021-12-25 22:48:35",NULL,NULL,NULL,"25"
"142477","98292","78814","26031","384690","Cancelled","2022-07-06 15:01:42",NULL,NULL,NULL,"25"
"142501","98310","78831","9971","384762","Cancelled","2022-07-03 11:19:08",NULL,NULL,NULL,"25"
"142639","98417","78913","26660","385127","Cancelled","2022-08-31 13:29:48",NULL,NULL,NULL,"25"
"142809","98531","78996","16443","385592","Cancelled","2021-06-30 09:24:25",NULL,NULL,NULL,"25"
"142866","98571","79030","22923","385747","Cancelled","2022-06-08 16:24:46",NULL,NULL,NULL,"25"
"143151","98772","79197","18980","386515","Cancelled","2020-10-24 12:49:11",NULL,NULL,NULL,"25"
"143186","98796","79218","22934","386615","Cancelled","2022-07-10 12:15:42",NULL,NULL,NULL,"25"
"143452","98988","79370","26970","387310","Cancelled","2021-06-02 00:12:31",NULL,NULL,NULL,"25"
"143503","99021","79396","16548","387456","Cancelled","2021-05-28 06:29:42",NULL,NULL,NULL,"25"
"143737","99180","79515","26742","388076","Cancelled","2021-07-17 08:21:07",NULL,NULL,NULL,"25"
"143763","99197","79529","10221","388143","Cancelled","2022-03-10 00:36:25",NULL,NULL,NULL,"25"
"143918","99307","79630","16347","388573","Cancelled","2020-12-29 09:45:19",NULL,NULL,NULL,"25"
"143968","99341","79651","18729","388716","Cancelled","2022-02-05 02:25:17",NULL,NULL,NULL,"25"
"144040","99390","79687","616","388916","Cancelled","2021-02-28 03:38:02",NULL,NULL,NULL,"25"
"144195","99487","79769","27109","389330","Cancelled","2021-05-15 12:55:20",NULL,NULL,NULL,"25"
"144359","99603","79861","6677","389780","Cancelled","2021-02-19 13:11:44",NULL,NULL,NULL,"25"
"144516","99709","79948","27156","390190","Cancelled","2022-08-24 23:22:08",NULL,NULL,NULL,"25"
"144816","99922","80128","11949","391012","Cancelled","2022-01-17 11:40:57",NULL,NULL,NULL,"25"
"145028","100069","80246","16582","391593","Cancelled","2020-08-30 09:57:11",NULL,NULL,NULL,"25"
"145196","100182","80331","28920","392060","Cancelled","2022-04-26 07:11:23",NULL,NULL,NULL,"25"
"145535","100413","80524","11380","392983","Cancelled","2022-01-27 13:23:23",NULL,NULL,NULL,"25"
"145560","100435","80543","24825","393055","Cancelled","2022-08-02 09:38:33",NULL,NULL,NULL,"25"
"145755","100568","80670","27287","393582","Cancelled","2022-05-19 08:13:16",NULL,NULL,NULL,"25"
"145836","100634","80738","10209","393801","Cancelled","2021-09-21 14:01:51",NULL,NULL,NULL,"25"
"145900","100676","80770","15051","393976","Cancelled","2022-06-13 04:12:28",NULL,NULL,NULL,"25"
"146098","100807","80879","25610","394505","Cancelled","2021-06-18 00:34:49",NULL,NULL,NULL,"25"
"146426","101031","81058","15964","395393","Cancelled","2022-02-28 09:55:27",NULL,NULL,NULL,"25"
"146583","101131","81147","9710","395826","Cancelled","2019-10-23 16:57:42",NULL,NULL,NULL,"25"
"146602","101143","81156","18882","395876","Cancelled","2022-01-20 08:32:11",NULL,NULL,NULL,"25"
"146874","101325","81290","10080","396597","Cancelled","2022-07-07 13:22:21",NULL,NULL,NULL,"25"
"146882","101332","81296","3302","396622","Cancelled","2022-09-02 01:19:50",NULL,NULL,NULL,"25"
"146902","101344","81302","22820","396676","Cancelled","2021-05-07 10:56:34",NULL,NULL,NULL,"25"
"147234","101582","81483","26236","397544","Cancelled","2022-07-02 11:18:44",NULL,NULL,NULL,"25"
"147281","101620","81507","25482","397669","Cancelled","2022-08-31 02:19:15",NULL,NULL,NULL,"25"
"147399","101703","81573","313","397990","Cancelled","2021-02-15 12:45:09",NULL,NULL,NULL,"25"
"147464","101751","81613","25980","398169","Cancelled","2021-12-10 02:50:18",NULL,NULL,NULL,"25"
"147483","101767","81627","10568","398220","Cancelled","2022-05-29 00:48:07",NULL,NULL,NULL,"25"
"148174","102247","82022","9984","400085","Cancelled","2022-08-20 00:13:57",NULL,NULL,NULL,"25"
"148547","102494","82219","2886","401127","Cancelled","2021-01-31 12:33:55",NULL,NULL,NULL,"25"
"148759","102649","82343","25659","401706","Cancelled","2020-10-25 14:54:34",NULL,NULL,NULL,"25"
"148769","102655","82347","6411","401734","Cancelled","2020-10-28 10:54:51",NULL,NULL,NULL,"25"
"148873","102726","82407","21968","402004","Cancelled","2022-05-01 03:48:39",NULL,NULL,NULL,"25"
"148922","102764","82438","22379","402142","Cancelled","2022-09-05 07:00:54.541293",NULL,NULL,NULL,"25"
"148928","102769","82441","10880","402155","Cancelled","2020-12-03 00:41:24",NULL,NULL,NULL,"25"
"148940","102778","82447","16443","402190","Cancelled","2021-05-16 15:32:13",NULL,NULL,NULL,"25"
"149016","102832","82484","26342","402397","Cancelled","2022-03-21 04:57:22",NULL,NULL,NULL,"25"
"149166","102942","82569","9896","402807","Cancelled","2021-03-21 21:24:22",NULL,NULL,NULL,"25"
"149685","103307","82870","16782","404217","Cancelled","2021-12-01 07:29:08",NULL,NULL,NULL,"25"
"149750","103351","82901","1821","404394","Cancelled","2021-11-19 13:34:30",NULL,NULL,NULL,"25"
"149817","103395","82931","13740","404574","Cancelled","2020-11-10 16:10:46",NULL,NULL,NULL,"25"
"149838","103410","82945","6577","404634","Cancelled","2021-02-15 13:47:08",NULL,NULL,NULL,"25"
"150786","104050","83472","6391","407236","Cancelled","2022-03-11 07:21:47",NULL,NULL,NULL,"25"
"151012","104206","83596","22379","407844","Cancelled","2021-07-13 22:21:12",NULL,NULL,NULL,"25"
"151054","104232","83615","18096","407950","Cancelled","2022-05-10 06:27:04",NULL,NULL,NULL,"25"
"151515","104532","83874","17260","409208","Cancelled","2022-04-10 17:15:51",NULL,NULL,NULL,"25"
"151972","104856","84145","26911","410436","Cancelled","2021-06-16 03:02:00",NULL,NULL,NULL,"25"
"152078","104931","84204","26613","410725","Cancelled","2022-07-16 04:19:37",NULL,NULL,NULL,"25"
"152079","104931","84204","26288","410729","Cancelled","2022-07-18 04:53:35",NULL,NULL,NULL,"25"
"152116","104958","84226","9811","410828","Cancelled","2021-12-30 02:46:08",NULL,NULL,NULL,"25"
"152414","105162","84374","11103","411624","Cancelled","2019-09-22 23:47:20",NULL,NULL,NULL,"25"
"152566","105270","84461","26016","412020","Cancelled","2022-06-03 23:14:17",NULL,NULL,NULL,"25"
"152792","105418","84574","10067","412622","Cancelled","2020-10-02 10:58:28",NULL,NULL,NULL,"25"
"152861","105467","84611","26082","412805","Cancelled","2022-08-25 22:25:07",NULL,NULL,NULL,"25"
"152993","105548","84681","15543","413152","Cancelled","2022-02-15 11:48:04",NULL,NULL,NULL,"25"
"153200","105689","84790","13749","413735","Cancelled","2021-06-20 04:31:07",NULL,NULL,NULL,"25"
"153220","105702","84796","27167","413787","Cancelled","2021-09-03 22:38:43",NULL,NULL,NULL,"25"
"153223","105704","84798","27682","413795","Cancelled","2022-09-03 11:46:47",NULL,NULL,NULL,"25"
"153632","105995","85026","17028","414883","Cancelled","2022-07-18 09:01:10",NULL,NULL,NULL,"25"
"153863","106167","85167","26216","415485","Cancelled","2021-05-26 12:35:38",NULL,NULL,NULL,"25"
"154017","106269","85238","18495","415903","Cancelled","2022-07-12 13:57:50",NULL,NULL,NULL,"25"
"154156","106365","85314","5252","416274","Cancelled","2022-05-08 02:06:29",NULL,NULL,NULL,"25"
"154233","106418","85359","9325","416484","Cancelled","2022-08-26 07:24:27",NULL,NULL,NULL,"25"
"154336","106484","85412","21172","416743","Cancelled","2022-05-13 13:08:43",NULL,NULL,NULL,"25"
"154611","106683","85581","10239","417506","Cancelled","2021-06-15 13:01:36",NULL,NULL,NULL,"25"
"154804","106814","85709","5305","418009","Cancelled","2021-02-12 15:18:48",NULL,NULL,NULL,"25"
"154805","106814","85709","11264","418011","Cancelled","2021-02-12 14:59:20",NULL,NULL,NULL,"25"
"154838","106838","85728","16282","418107","Cancelled","2021-07-02 04:23:37",NULL,NULL,NULL,"25"
"154846","106841","85730","17121","418126","Cancelled","2022-06-26 05:10:06",NULL,NULL,NULL,"25"
"154863","106853","85738","14847","418177","Cancelled","2022-08-18 02:54:45",NULL,NULL,NULL,"25"
"155006","106947","85804","1432","418558","Cancelled","2022-05-16 21:28:25",NULL,NULL,NULL,"25"
"155161","107049","85884","231","418969","Cancelled","2021-02-22 14:25:37",NULL,NULL,NULL,"25"
"155296","107140","85957","26790","419340","Cancelled","2020-12-26 02:15:34",NULL,NULL,NULL,"25"
"155313","107153","85972","25605","419383","Cancelled","2022-01-24 02:27:21",NULL,NULL,NULL,"25"
"155380","107202","86007","9914","419559","Cancelled","2021-12-21 05:00:01",NULL,NULL,NULL,"25"
"155626","107361","86141","18151","420214","Cancelled","2020-09-25 17:16:23",NULL,NULL,NULL,"25"
"155838","107510","86249","3033","420760","Cancelled","2022-07-06 04:19:37",NULL,NULL,NULL,"25"
"155924","107562","86286","24795","420993","Cancelled","2021-10-11 15:14:25",NULL,NULL,NULL,"25"
"155937","107570","86292","16162","421028","Cancelled","2021-12-18 11:36:03",NULL,NULL,NULL,"25"
"155946","107576","86295","21989","421052","Cancelled","2021-12-21 08:42:50",NULL,NULL,NULL,"25"
"156189","107740","86428","22273","421717","Cancelled","2021-08-20 09:09:34",NULL,NULL,NULL,"25"
"156287","107805","86473","9611","421987","Cancelled","2019-03-10 09:15:45",NULL,NULL,NULL,"25"
"156348","107854","86514","6496","422150","Cancelled","2020-12-27 15:48:27",NULL,NULL,NULL,"25"
"157038","108314","86862","15317","424008","Cancelled","2019-11-25 23:17:34",NULL,NULL,NULL,"25"
"157124","108382","86915","26184","424244","Cancelled","2022-06-11 09:54:39",NULL,NULL,NULL,"25"
"157702","108766","87226","28924","425803","Cancelled","2021-10-19 01:49:49",NULL,NULL,NULL,"25"
"157872","108889","87332","13749","426255","Cancelled","2022-05-19 02:53:55",NULL,NULL,NULL,"25"
"158132","109075","87476","616","426946","Cancelled","2022-03-06 05:24:48",NULL,NULL,NULL,"25"
"158217","109128","87521","16575","427173","Cancelled","2020-11-12 15:19:22",NULL,NULL,NULL,"25"
"158349","109225","87599","25953","427528","Cancelled","2021-06-27 10:17:49",NULL,NULL,NULL,"25"
"158379","109244","87614","26448","427611","Cancelled","2022-06-05 23:54:23",NULL,NULL,NULL,"25"
"158386","109247","87620","25562","427631","Cancelled","2022-08-28 04:08:42",NULL,NULL,NULL,"25"
"158603","109401","87727","26140","428218","Cancelled","2022-07-24 13:02:34",NULL,NULL,NULL,"25"
"158830","109556","87859","16020","428835","Cancelled","2022-06-27 10:47:16",NULL,NULL,NULL,"25"
"158976","109663","87945","26718","429227","Cancelled","2022-08-09 05:46:46",NULL,NULL,NULL,"25"
"159054","109716","87986","17048","429434","Cancelled","2020-10-19 22:37:24",NULL,NULL,NULL,"25"
"159786","110235","88395","15327","431421","Cancelled","2022-04-16 12:05:22",NULL,NULL,NULL,"25"
"159963","110359","88510","26495","431909","Cancelled","2020-09-15 16:12:17",NULL,NULL,NULL,"25"
"160047","110409","88548","16708","432128","Cancelled","2022-02-26 12:22:29",NULL,NULL,NULL,"25"
"160220","110530","88635","15016","432602","Cancelled","2022-09-03 09:19:55.133837",NULL,NULL,NULL,"25"
"160690","110857","88889","20708","433862","Cancelled","2022-08-24 13:18:27",NULL,NULL,NULL,"25"
"160767","110902","88920","18837","434072","Cancelled","2020-06-06 03:31:23",NULL,NULL,NULL,"25"
"160868","110965","88964","3218","434341","Cancelled","2020-12-01 05:53:50",NULL,NULL,NULL,"25"
"161055","111092","89066","2140","434836","Cancelled","2021-08-14 14:03:53",NULL,NULL,NULL,"25"
"161142","111151","89111","17070","435071","Cancelled","2022-05-15 01:41:59",NULL,NULL,NULL,"25"
"161216","111201","89159","5446","435277","Cancelled","2022-05-31 13:52:25",NULL,NULL,NULL,"25"
"161588","111464","89369","15992","436295","Cancelled","2021-03-22 14:10:26",NULL,NULL,NULL,"25"
"161902","111668","89529","27680","437163","Cancelled","2020-12-23 03:18:16",NULL,NULL,NULL,"25"
"162333","111963","89766","28032","438331","Cancelled","2022-07-06 00:58:23",NULL,NULL,NULL,"25"
"162476","112059","89843","10832","438726","Cancelled","2021-09-24 14:13:32",NULL,NULL,NULL,"25"
"163024","112449","90176","25516","440216","Cancelled","2021-08-15 12:57:00",NULL,NULL,NULL,"25"
"163180","112551","90253","10327","440626","Cancelled","2022-09-02 03:20:09.552716",NULL,NULL,NULL,"25"
"163282","112626","90306","5092","440893","Cancelled","2022-05-27 14:25:58",NULL,NULL,NULL,"25"
"163440","112733","90400","16691","441326","Cancelled","2022-08-02 06:30:46",NULL,NULL,NULL,"25"
"163625","112869","90498","21989","441838","Cancelled","2022-05-12 23:23:00",NULL,NULL,NULL,"25"
"163755","112965","90580","25635","442178","Cancelled","2022-09-05 13:33:08.567501",NULL,NULL,NULL,"25"
"163841","113014","90628","9301","442418","Cancelled","2021-01-05 06:22:30",NULL,NULL,NULL,"25"
"163887","113050","90656","10080","442549","Cancelled","2022-08-13 07:03:32",NULL,NULL,NULL,"25"
"163919","113073","90677","18121","442647","Cancelled","2022-08-04 01:43:32",NULL,NULL,NULL,"25"
"164159","113231","90794","9089","443299","Cancelled","2022-06-24 03:10:06",NULL,NULL,NULL,"25"
"164870","113711","91163","9950","445259","Cancelled","2022-06-15 16:54:45",NULL,NULL,NULL,"25"
"165394","114071","91453","25638","446699","Cancelled","2021-07-28 00:05:54",NULL,NULL,NULL,"25"
"165424","114092","91469","12598","446779","Cancelled","2022-03-15 03:05:59",NULL,NULL,NULL,"25"
"165528","114158","91518","26136","447048","Cancelled","2020-06-23 07:50:06",NULL,NULL,NULL,"25"
"165565","114186","91545","25456","447150","Cancelled","2022-08-29 14:49:56",NULL,NULL,NULL,"25"
"165713","114291","91624","16941","447554","Cancelled","2020-03-03 09:16:53",NULL,NULL,NULL,"25"
"165791","114342","91663","25233","447772","Cancelled","2021-12-05 17:29:01",NULL,NULL,NULL,"25"
"165883","114406","91713","25654","448021","Cancelled","2022-01-14 09:03:46",NULL,NULL,NULL,"25"
"165905","114419","91723","23130","448080","Cancelled","2021-11-01 17:58:47",NULL,NULL,NULL,"25"
"165925","114434","91735","28849","448134","Cancelled","2020-11-25 14:20:05",NULL,NULL,NULL,"25"
"166087","114543","91832","22924","448556","Cancelled","2021-06-03 23:27:10",NULL,NULL,NULL,"25"
"166144","114586","91861","22962","448725","Cancelled","2022-06-24 01:12:01",NULL,NULL,NULL,"25"
"166326","114706","91958","13216","449220","Cancelled","2022-07-31 06:30:33",NULL,NULL,NULL,"25"
"166378","114738","91985","9553","449365","Cancelled","2022-04-18 12:54:52",NULL,NULL,NULL,"25"
"166583","114877","92096","16218","449911","Cancelled","2020-10-02 11:03:00",NULL,NULL,NULL,"25"
"166978","115154","92298","16044","450968","Cancelled","2022-06-05 14:09:51",NULL,NULL,NULL,"25"
"166986","115159","92301","17188","450992","Cancelled","2020-03-22 12:35:01",NULL,NULL,NULL,"25"
"167028","115188","92324","18780","451108","Cancelled","2022-06-14 22:30:59",NULL,NULL,NULL,"25"
"167031","115190","92326","11039","451117","Cancelled","2022-08-07 07:20:37",NULL,NULL,NULL,"25"
"167416","115449","92537","26023","452138","Cancelled","2022-04-20 04:54:17",NULL,NULL,NULL,"25"
"167450","115473","92556","25217","452224","Cancelled","2021-02-05 12:39:20",NULL,NULL,NULL,"25"
"167484","115500","92578","16679","452315","Cancelled","2022-09-06 02:15:12.005192",NULL,NULL,NULL,"25"
"167486","115500","92578","25516","452321","Cancelled","2022-09-05 01:18:24.005192",NULL,NULL,NULL,"25"
"167753","115687","92730","25588","453020","Cancelled","2020-11-22 16:44:06",NULL,NULL,NULL,"25"
"167789","115709","92754","1869","453115","Cancelled","2020-11-23 03:39:18",NULL,NULL,NULL,"25"
"167804","115720","92763","12759","453155","Cancelled","2020-07-03 03:46:34",NULL,NULL,NULL,"25"
"168220","116006","92999","1550","454285","Cancelled","2022-01-12 15:09:50",NULL,NULL,NULL,"25"
"168500","116206","93173","9950","455037","Cancelled","2022-06-21 10:10:13",NULL,NULL,NULL,"25"
"168673","116320","93257","8882","455497","Cancelled","2022-01-29 00:28:47",NULL,NULL,NULL,"25"
"168749","116377","93301","9018","455706","Cancelled","2022-06-08 12:11:40",NULL,NULL,NULL,"25"
"168949","116522","93415","24471","456241","Cancelled","2022-04-19 12:34:19",NULL,NULL,NULL,"25"
"169000","116560","93443","22897","456378","Cancelled","2021-01-28 00:34:42",NULL,NULL,NULL,"25"
"169359","116800","93644","1937","457338","Cancelled","2022-05-04 06:01:00",NULL,NULL,NULL,"25"
"169477","116880","93707","23193","457652","Cancelled","2022-08-04 12:05:24",NULL,NULL,NULL,"25"
"169752","117061","93864","20686","458406","Cancelled","2022-06-13 16:58:36",NULL,NULL,NULL,"25"
"170283","117410","94157","10228","459861","Cancelled","2021-07-11 02:35:31",NULL,NULL,NULL,"25"
"170362","117465","94205","16462","460069","Cancelled","2022-01-25 04:38:29",NULL,NULL,NULL,"25"
"170451","117523","94256","16158","460315","Cancelled","2022-02-27 03:25:54",NULL,NULL,NULL,"25"
"170453","117523","94256","28361","460321","Cancelled","2022-02-25 04:11:58",NULL,NULL,NULL,"25"
"170668","117669","94378","22754","460928","Cancelled","2022-03-14 06:17:29",NULL,NULL,NULL,"25"
"170687","117682","94386","17376","460981","Cancelled","2020-10-28 23:14:52",NULL,NULL,NULL,"25"
"170689","117683","94386","27837","460987","Cancelled","2021-10-16 01:57:17",NULL,NULL,NULL,"25"
"170727","117709","94407","6648","461090","Cancelled","2022-09-08 07:36:42.255153",NULL,NULL,NULL,"25"
"170806","117758","94437","18623","461303","Cancelled","2022-03-31 11:02:12",NULL,NULL,NULL,"25"
"170855","117796","94463","16923","461441","Cancelled","2022-01-12 20:53:06",NULL,NULL,NULL,"25"
"170919","117839","94497","26221","461618","Cancelled","2022-06-16 23:50:52",NULL,NULL,NULL,"25"
"171007","117899","94547","27517","461856","Cancelled","2021-08-06 23:46:54",NULL,NULL,NULL,"25"
"171078","117946","94585","11166","462038","Cancelled","2022-09-02 15:15:15",NULL,NULL,NULL,"25"
"171147","117990","94620","26854","462225","Cancelled","2021-12-22 02:25:35",NULL,NULL,NULL,"25"
"171525","118267","94850","5359","463237","Cancelled","2021-09-16 10:04:02",NULL,NULL,NULL,"25"
"171571","118301","94870","22776","463358","Cancelled","2021-11-15 13:39:15",NULL,NULL,NULL,"25"
"171883","118520","95020","25831","464224","Cancelled","2022-04-10 21:56:05",NULL,NULL,NULL,"25"
"172426","118905","95331","2883","465696","Cancelled","2022-01-19 06:35:22",NULL,NULL,NULL,"25"
"172754","119136","95501","25659","466577","Cancelled","2021-12-23 16:05:58",NULL,NULL,NULL,"25"
"172976","119297","95622","18794","467197","Cancelled","2022-02-25 21:47:11",NULL,NULL,NULL,"25"
"173086","119373","95691","9534","467497","Cancelled","2022-02-18 13:21:34",NULL,NULL,NULL,"25"
"173521","119678","95962","9784","468611","Cancelled","2022-08-25 23:52:02",NULL,NULL,NULL,"25"
"173603","119743","96008","9794","468816","Cancelled","2021-06-24 11:34:42",NULL,NULL,NULL,"25"
"173612","119749","96015","18666","468841","Cancelled","2021-10-15 17:01:13",NULL,NULL,NULL,"25"
"173680","119792","96058","675","469028","Cancelled","2022-06-12 03:10:38",NULL,NULL,NULL,"25"
"173696","119800","96065","12776","469071","Cancelled","2021-11-30 07:33:07",NULL,NULL,NULL,"25"
"173763","119849","96103","16762","469240","Cancelled","2021-05-17 12:10:23",NULL,NULL,NULL,"25"
"173765","119851","96104","14589","469246","Cancelled","2021-05-27 08:55:52",NULL,NULL,NULL,"25"
"173909","119949","96183","10874","469633","Cancelled","2022-05-21 21:13:31",NULL,NULL,NULL,"25"
"174073","120061","96280","2912","470068","Cancelled","2020-10-13 10:01:12",NULL,NULL,NULL,"25"
"174329","120231","96416","11103","470762","Cancelled","2021-12-26 05:06:05",NULL,NULL,NULL,"25"
"174628","120442","96572","27129","471562","Cancelled","2022-08-23 22:55:53",NULL,NULL,NULL,"25"
"174738","120512","96629","14594","471868","Cancelled","2020-12-16 03:06:33",NULL,NULL,NULL,"25"
"174966","120654","96744","23507","472509","Cancelled","2022-03-29 03:19:11",NULL,NULL,NULL,"25"
"175070","120723","96793","21719","472798","Cancelled","2019-10-29 10:06:55",NULL,NULL,NULL,"25"
"175250","120857","96891","25450","473278","Cancelled","2022-05-14 15:14:56",NULL,NULL,NULL,"25"
"175303","120892","96923","6454","473422","Cancelled","2019-05-21 04:49:29",NULL,NULL,NULL,"25"
"175472","121008","97014","15016","473890","Cancelled","2021-10-12 07:49:17",NULL,NULL,NULL,"25"
"175473","121008","97014","5301","473893","Cancelled","2021-10-13 07:00:12",NULL,NULL,NULL,"25"
"175584","121091","97086","16582","474196","Cancelled","2022-02-12 09:28:51",NULL,NULL,NULL,"25"
"175652","121138","97131","26546","474374","Cancelled","2022-07-24 01:31:22",NULL,NULL,NULL,"25"
"175715","121187","97187","25980","474552","Cancelled","2022-03-11 16:17:41",NULL,NULL,NULL,"25"
"175911","121322","97297","26312","475069","Cancelled","2019-11-08 12:27:29",NULL,NULL,NULL,"25"
"176261","121556","97486","7415","476038","Cancelled","2021-09-12 10:44:15",NULL,NULL,NULL,"25"
"176321","121599","97518","18398","476201","Cancelled","2021-12-01 13:06:01",NULL,NULL,NULL,"25"
"176417","121666","97580","26587","476452","Cancelled","2022-08-13 16:49:21",NULL,NULL,NULL,"25"
"176470","121703","97610","14594","476605","Cancelled","2020-10-29 06:50:32",NULL,NULL,NULL,"25"
"176850","121966","97819","23015","477641","Cancelled","2022-05-10 09:11:22",NULL,NULL,NULL,"25"
"177011","122081","97903","15964","478078","Cancelled","2022-09-04 11:58:30.787541",NULL,NULL,NULL,"25"
"177305","122276","98045","5450","478853","Cancelled","2022-09-05 17:39:44.474562",NULL,NULL,NULL,"25"
"177347","122308","98075","16020","478972","Cancelled","2021-10-14 07:21:59",NULL,NULL,NULL,"25"
"177693","122553","98289","27271","479891","Cancelled","2020-08-23 16:46:46",NULL,NULL,NULL,"25"
"177714","122563","98299","16746","479951","Cancelled","2022-08-29 03:45:39",NULL,NULL,NULL,"25"
"177716","122565","98301","22888","479957","Cancelled","2020-12-04 22:55:37",NULL,NULL,NULL,"25"
"177804","122633","98370","8936","480191","Cancelled","2022-08-21 05:05:21",NULL,NULL,NULL,"25"
"178468","123098","98742","20676","481966","Cancelled","2021-11-12 22:41:31",NULL,NULL,NULL,"25"
"178924","123410","98988","26064","483187","Cancelled","2021-10-17 04:06:53",NULL,NULL,NULL,"25"
"179491","123794","99301","1814","484721","Cancelled","2021-05-30 00:25:26",NULL,NULL,NULL,"25"
"179738","123965","99430","14836","485374","Cancelled","2022-04-11 08:55:55",NULL,NULL,NULL,"25"
"180059","124179","99602","25862","486251","Cancelled","2020-03-21 16:05:03",NULL,NULL,NULL,"25"
"180220","124283","99682","12209","486686","Cancelled","2022-05-02 13:33:57",NULL,NULL,NULL,"25"
"180248","124297","99694","9950","486757","Cancelled","2020-12-16 02:15:02",NULL,NULL,NULL,"25"
"180362","124376","99741","26131","487052","Cancelled","2022-07-30 14:21:10",NULL,NULL,NULL,"25"
"180409","124410","99764","26120","487178","Cancelled","2022-03-07 02:24:16",NULL,NULL,NULL,"25"
"180554","124513","99847","26273","487571","Cancelled","2022-09-03 01:51:25.805933",NULL,NULL,NULL,"25"
"180731","124646","99945","26679","488057","Cancelled","2020-11-30 01:00:06",NULL,NULL,NULL,"25"
"180809","124708","99997","17035","488271","Cancelled","2021-08-31 04:38:43",NULL,NULL,NULL,"25"
"174","126","98","4530","462","Processing","2022-01-23 16:35:01",NULL,NULL,NULL,"25"
"296","212","178","5092","777","Processing","2022-06-14 05:16:21",NULL,NULL,NULL,"25"
"309","222","191","6622","811","Processing","2022-07-13 00:34:47",NULL,NULL,NULL,"25"
"391","276","239","16153","1035","Processing","2021-05-01 03:24:05",NULL,NULL,NULL,"25"
"392","277","240","17223","1037","Processing","2021-02-27 16:01:35",NULL,NULL,NULL,"25"
"842","600","501","26748","2259","Processing","2021-12-15 13:22:44",NULL,NULL,NULL,"25"
"932","658","550","27723","2505","Processing","2022-06-18 00:11:24",NULL,NULL,NULL,"25"
"1002","701","586","23073","2691","Processing","2022-06-22 10:18:42",NULL,NULL,NULL,"25"
"1019","707","591","26362","2733","Processing","2021-04-27 03:17:03",NULL,NULL,NULL,"25"
"1398","970","815","6538","3801","Processing","2021-02-16 08:11:12",NULL,NULL,NULL,"25"
"1607","1118","912","17068","4354","Processing","2022-07-20 01:26:07",NULL,NULL,NULL,"25"
"1673","1164","946","24809","4529","Processing","2021-05-24 06:57:51",NULL,NULL,NULL,"25"
"1732","1207","976","27329","4688","Processing","2022-07-20 11:38:38",NULL,NULL,NULL,"25"
"1838","1285","1033","536","4973","Processing","2022-04-21 14:07:07",NULL,NULL,NULL,"25"
"1962","1360","1097","3583","5321","Processing","2022-01-28 02:18:09",NULL,NULL,NULL,"25"
"1965","1362","1098","26342","5328","Processing","2022-04-02 05:37:01",NULL,NULL,NULL,"25"
"2123","1459","1182","18338","5749","Processing","2021-10-05 08:31:46",NULL,NULL,NULL,"25"
"2356","1618","1302","26849","6373","Processing","2021-11-26 23:49:31",NULL,NULL,NULL,"25"
"2420","1661","1342","16282","6549","Processing","2022-02-05 02:18:16",NULL,NULL,NULL,"25"
"2421","1661","1342","25910","6553","Processing","2022-02-03 00:26:46",NULL,NULL,NULL,"25"
"2505","1712","1382","25982","6778","Processing","2022-05-24 10:34:15",NULL,NULL,NULL,"25"
"2518","1721","1391","18338","6807","Processing","2022-09-02 09:42:09",NULL,NULL,NULL,"25"
"2659","1817","1469","28100","7195","Processing","2022-02-08 03:29:58",NULL,NULL,NULL,"25"
"2673","1826","1479","25862","7232","Processing","2022-08-30 06:20:05",NULL,NULL,NULL,"25"
"2712","1853","1505","27217","7347","Processing","2021-09-04 22:08:27",NULL,NULL,NULL,"25"
"2972","2030","1639","25690","8041","Processing","2021-02-11 22:57:04",NULL,NULL,NULL,"25"
"3075","2092","1682","21956","8310","Processing","2019-11-18 01:22:25",NULL,NULL,NULL,"25"
"3308","2247","1801","26050","8953","Processing","2021-04-15 04:30:00",NULL,NULL,NULL,"25"
"3333","2263","1818","6577","9018","Processing","2022-08-29 12:01:40",NULL,NULL,NULL,"25"
"3402","2301","1847","18692","9197","Processing","2019-08-12 06:26:35",NULL,NULL,NULL,"25"
"3416","2310","1856","28708","9237","Processing","2022-05-15 01:42:03",NULL,NULL,NULL,"25"
"3512","2375","1911","23035","9495","Processing","2022-04-27 06:33:58",NULL,NULL,NULL,"25"
"3514","2377","1913","2545","9501","Processing","2019-11-04 06:06:58",NULL,NULL,NULL,"25"
"3673","2489","2009","26448","9932","Processing","2022-01-13 16:28:21",NULL,NULL,NULL,"25"
"3766","2551","2067","2800","10191","Processing","2021-06-16 03:29:37",NULL,NULL,NULL,"25"
"3988","2713","2182","9325","10789","Processing","2020-01-19 23:28:40",NULL,NULL,NULL,"25"
"4023","2736","2196","12968","10891","Processing","2021-11-19 06:43:56",NULL,NULL,NULL,"25"
"4183","2845","2281","25953","11340","Processing","2020-12-19 00:17:40",NULL,NULL,NULL,"25"
"4502","3083","2497","14633","12206","Processing","2021-02-26 11:01:52",NULL,NULL,NULL,"25"
"4712","3225","2632","25791","12776","Processing","2021-11-06 02:49:54",NULL,NULL,NULL,"25"
"4746","3251","2653","25824","12865","Processing","2020-08-07 09:09:47",NULL,NULL,NULL,"25"
"4791","3279","2674","9577","12983","Processing","2022-01-30 06:28:55",NULL,NULL,NULL,"25"
"4803","3286","2677","9794","13017","Processing","2021-08-28 11:17:49",NULL,NULL,NULL,"25"
"5018","3420","2789","16885","13573","Processing","2022-02-14 10:56:48",NULL,NULL,NULL,"25"
"5207","3550","2905","21172","14088","Processing","2022-03-08 00:45:00",NULL,NULL,NULL,"25"
"5365","3664","2991","10275","14528","Processing","2020-10-18 06:17:44",NULL,NULL,NULL,"25"
"5601","3820","3115","5477","15163","Processing","2022-03-14 13:10:15",NULL,NULL,NULL,"25"
"5614","3829","3122","16517","15193","Processing","2021-12-27 14:38:24",NULL,NULL,NULL,"25"
"5758","3915","3180","27022","15593","Processing","2022-05-14 16:58:37",NULL,NULL,NULL,"25"
"5931","4035","3277","27943","16052","Processing","2022-07-31 17:24:17",NULL,NULL,NULL,"25"
"6064","4135","3350","10901","16404","Processing","2022-03-16 00:24:58",NULL,NULL,NULL,"25"
"6241","4258","3460","7190","16885","Processing","2022-08-25 14:26:03",NULL,NULL,NULL,"25"
"6651","4534","3676","6570","18014","Processing","2021-01-11 12:11:07",NULL,NULL,NULL,"25"
"6796","4633","3755","1577","18402","Processing","2022-08-23 16:09:08",NULL,NULL,NULL,"25"
"6941","4736","3843","25104","18796","Processing","2021-12-10 13:32:20",NULL,NULL,NULL,"25"
"7197","4916","3983","312","19500","Processing","2020-05-15 08:12:54",NULL,NULL,NULL,"25"
"7269","4966","4027","26342","19694","Processing","2021-09-07 17:32:32",NULL,NULL,NULL,"25"
"7370","5039","4085","17121","19980","Processing","2022-07-12 00:09:39",NULL,NULL,NULL,"25"
"7399","5059","4100","14682","20055","Processing","2022-07-11 10:58:00",NULL,NULL,NULL,"25"
"7491","5128","4160","10118","20296","Processing","2021-06-19 10:49:31",NULL,NULL,NULL,"25"
"7520","5148","4176","2689","20378","Processing","2019-02-24 16:14:43",NULL,NULL,NULL,"25"
"7553","5171","4198","26542","20469","Processing","2022-09-05 15:36:03.662324",NULL,NULL,NULL,"25"
"7590","5197","4217","18398","20573","Processing","2021-09-01 14:02:43",NULL,NULL,NULL,"25"
"7674","5260","4261","26542","20811","Processing","2020-03-09 02:15:33",NULL,NULL,NULL,"25"
"7755","5318","4304","17473","21034","Processing","2022-07-24 07:57:50",NULL,NULL,NULL,"25"
"7758","5318","4304","25423","21045","Processing","2022-07-22 07:30:16",NULL,NULL,NULL,"25"
"7830","5364","4341","27109","21240","Processing","2022-03-05 04:29:12",NULL,NULL,NULL,"25"
"7929","5435","4399","26528","21509","Processing","2020-05-26 16:30:47",NULL,NULL,NULL,"25"
"7961","5459","4421","25640","21589","Processing","2022-09-02 02:04:44",NULL,NULL,NULL,"25"
"8098","5550","4492","17115","21969","Processing","2021-01-31 07:26:27",NULL,NULL,NULL,"25"
"8551","5858","4740","9714","23204","Processing","2021-12-27 16:35:17",NULL,NULL,NULL,"25"
"8629","5914","4787","6389","23412","Processing","2022-04-02 09:40:03",NULL,NULL,NULL,"25"
"8638","5919","4791","2442","23434","Processing","2021-09-23 06:51:37",NULL,NULL,NULL,"25"
"8685","5955","4820","9777","23551","Processing","2022-07-17 09:43:04",NULL,NULL,NULL,"25"
"8723","5985","4844","18692","23656","Processing","2022-03-10 13:26:24",NULL,NULL,NULL,"25"
"8746","6001","4856","6512","23720","Processing","2022-03-21 06:57:26",NULL,NULL,NULL,"25"
"8960","6142","4962","6467","24299","Processing","2021-10-21 15:28:46",NULL,NULL,NULL,"25"
"8964","6145","4964","26435","24311","Processing","2022-09-03 01:20:33.5878",NULL,NULL,NULL,"25"
"9127","6256","5062","10280","24735","Processing","2022-06-08 15:20:32",NULL,NULL,NULL,"25"
"9189","6301","5108","15935","24917","Processing","2021-06-03 12:09:05",NULL,NULL,NULL,"25"
"9508","6541","5309","21976","25786","Processing","2020-10-11 09:13:45",NULL,NULL,NULL,"25"
"9555","6575","5332","16158","25926","Processing","2022-09-04 03:00:13",NULL,NULL,NULL,"25"
"9624","6623","5377","6081","26117","Processing","2022-04-08 12:47:22",NULL,NULL,NULL,"25"
"9672","6660","5403","15935","26248","Processing","2019-11-29 09:26:11",NULL,NULL,NULL,"25"
"9859","6780","5494","28997","26749","Processing","2021-12-14 00:48:46",NULL,NULL,NULL,"25"
"9965","6856","5555","26915","27041","Processing","2020-03-28 03:05:52",NULL,NULL,NULL,"25"
"10409","7160","5832","15016","28216","Processing","2021-07-21 02:12:10",NULL,NULL,NULL,"25"
"10416","7162","5834","26112","28236","Processing","2021-09-26 04:58:38",NULL,NULL,NULL,"25"
"10680","7346","5978","26639","28944","Processing","2022-08-16 01:50:16",NULL,NULL,NULL,"25"
"10693","7356","5986","27441","28980","Processing","2021-09-27 00:09:53",NULL,NULL,NULL,"25"
"10818","7435","6044","16507","29320","Processing","2019-10-03 15:49:52",NULL,NULL,NULL,"25"
"11112","7642","6201","28849","30115","Processing","2021-08-12 22:18:05",NULL,NULL,NULL,"25"
"11173","7686","6242","6411","30275","Processing","2022-08-23 15:01:35",NULL,NULL,NULL,"25"
"11352","7807","6331","24586","30754","Processing","2022-06-08 12:51:29",NULL,NULL,NULL,"25"
"11435","7866","6375","6577","30981","Processing","2022-08-22 08:15:19",NULL,NULL,NULL,"25"
"11606","7985","6478","28554","31448","Processing","2022-08-08 00:31:26",NULL,NULL,NULL,"25"
"11663","8026","6511","445","31604","Processing","2019-04-29 23:12:38",NULL,NULL,NULL,"25"
"11803","8131","6587","27506","31977","Processing","2022-08-10 00:07:47",NULL,NULL,NULL,"25"
"11806","8133","6588","18349","31985","Processing","2020-12-02 00:49:36",NULL,NULL,NULL,"25"
"11898","8205","6639","20654","32242","Processing","2022-01-10 15:53:48",NULL,NULL,NULL,"25"
"11969","8261","6679","26066","32445","Processing","2022-06-04 07:01:22",NULL,NULL,NULL,"25"
"12018","8298","6707","14557","32579","Processing","2022-02-10 00:29:17",NULL,NULL,NULL,"25"
"12080","8337","6734","22039","32739","Processing","2022-05-20 07:03:45",NULL,NULL,NULL,"25"
"12093","8348","6740","6308","32772","Processing","2021-04-07 12:11:17",NULL,NULL,NULL,"25"
"12126","8373","6762","22020","32862","Processing","2020-09-23 03:20:39",NULL,NULL,NULL,"25"
"12192","8412","6788","6081","33043","Processing","2019-12-13 20:37:46",NULL,NULL,NULL,"25"
"12524","8630","6961","12032","33936","Processing","2022-06-23 06:04:51",NULL,NULL,NULL,"25"
"12549","8651","6982","9714","34001","Processing","2021-09-16 03:13:25",NULL,NULL,NULL,"25"
"12692","8762","7077","16904","34393","Processing","2020-09-02 09:04:14",NULL,NULL,NULL,"25"
"12901","8900","7182","16746","34950","Processing","2022-08-24 06:23:58",NULL,NULL,NULL,"25"
"12994","8969","7241","22470","35199","Processing","2022-05-14 06:22:48",NULL,NULL,NULL,"25"
"13249","9145","7373","6810","35888","Processing","2021-11-03 12:22:15",NULL,NULL,NULL,"25"
"13334","9191","7408","25824","36119","Processing","2022-06-02 13:29:31",NULL,NULL,NULL,"25"
"13603","9368","7548","26422","36870","Processing","2022-07-01 04:26:54",NULL,NULL,NULL,"25"
"13679","9422","7589","24586","37071","Processing","2020-08-04 15:04:45",NULL,NULL,NULL,"25"
"13929","9592","7742","13385","37746","Processing","2022-08-02 21:23:28",NULL,NULL,NULL,"25"
"13933","9594","7742","5800","37755","Processing","2021-12-20 21:24:53",NULL,NULL,NULL,"25"
"14144","9737","7855","11003","38330","Processing","2020-11-14 14:18:17",NULL,NULL,NULL,"25"
"14182","9762","7876","3490","38433","Processing","2022-07-09 01:52:30",NULL,NULL,NULL,"25"
"14460","9946","8013","25693","39196","Processing","2021-10-29 14:50:26",NULL,NULL,NULL,"25"
"14564","10024","8063","5769","39455","Processing","2021-03-24 06:39:21",NULL,NULL,NULL,"25"
"14661","10092","8117","20654","39712","Processing","2022-06-22 13:46:11",NULL,NULL,NULL,"25"
"14699","10118","8136","4946","39821","Processing","2022-05-13 11:24:11",NULL,NULL,NULL,"25"
"14950","10280","8262","18195","40495","Processing","2022-08-23 16:45:57",NULL,NULL,NULL,"25"
"15009","10318","8299","11647","40660","Processing","2021-02-22 10:58:57",NULL,NULL,NULL,"25"
"15070","10361","8338","18627","40825","Processing","2019-12-03 03:20:22",NULL,NULL,NULL,"25"
"15144","10410","8378","25183","41020","Processing","2022-06-03 00:04:50",NULL,NULL,NULL,"25"
"15621","10716","8616","21984","42308","Processing","2022-06-27 07:02:28",NULL,NULL,NULL,"25"
"15717","10779","8660","27391","42560","Processing","2021-08-12 05:42:46",NULL,NULL,NULL,"25"
"15741","10797","8674","26134","42625","Processing","2022-02-23 11:13:49",NULL,NULL,NULL,"25"
"15742","10798","8675","26542","42627","Processing","2022-06-23 05:32:52",NULL,NULL,NULL,"25"
"15818","10852","8720","25024","42831","Processing","2020-12-15 06:06:49",NULL,NULL,NULL,"25"
"15871","10898","8754","15998","42975","Processing","2022-08-16 22:18:23",NULL,NULL,NULL,"25"
"15970","10965","8808","6406","43220","Processing","2022-01-26 07:16:38",NULL,NULL,NULL,"25"
"16072","11041","8862","852","43498","Processing","2022-04-05 13:31:23",NULL,NULL,NULL,"25"
"16182","11122","8935","16162","43799","Processing","2022-03-18 00:38:24",NULL,NULL,NULL,"25"
"16196","11132","8946","9580","43836","Processing","2022-03-03 01:35:53",NULL,NULL,NULL,"25"
"16572","11398","9169","21759","44850","Processing","2020-05-31 14:53:10",NULL,NULL,NULL,"25"
"16919","11643","9375","11647","45826","Processing","2022-07-10 23:25:11",NULL,NULL,NULL,"25"
"17047","11730","9439","18727","46164","Processing","2020-10-13 06:38:48",NULL,NULL,NULL,"25"
"17186","11833","9508","4613","46529","Processing","2022-04-25 21:57:42",NULL,NULL,NULL,"25"
"17367","11952","9606","5463","47041","Processing","2021-10-02 00:11:22",NULL,NULL,NULL,"25"
"17537","12064","9697","6822","47509","Processing","2022-07-17 21:29:12",NULL,NULL,NULL,"25"
"17585","12096","9725","26075","47627","Processing","2022-02-25 11:13:27",NULL,NULL,NULL,"25"
"17870","12287","9884","24809","48413","Processing","2022-03-02 01:42:14",NULL,NULL,NULL,"25"
"18039","12409","9979","26138","48875","Processing","2020-02-18 03:46:47",NULL,NULL,NULL,"25"
"18083","12437","10003","10248","48994","Processing","2022-01-09 01:16:05",NULL,NULL,NULL,"25"
"18109","12449","10012","26362","49061","Processing","2019-10-29 13:54:05",NULL,NULL,NULL,"25"
"18217","12520","10056","26246","49340","Processing","2021-08-30 15:17:43",NULL,NULL,NULL,"25"
"18442","12675","10169","16148","49934","Processing","2021-06-04 14:39:47",NULL,NULL,NULL,"25"
"18508","12715","10199","26288","50118","Processing","2021-12-12 01:18:26",NULL,NULL,NULL,"25"
"18550","12739","10219","5270","50229","Processing","2022-07-11 02:33:45",NULL,NULL,NULL,"25"
"18646","12815","10280","27680","50479","Processing","2022-01-16 08:29:50",NULL,NULL,NULL,"25"
"18711","12862","10325","1826","50650","Processing","2020-01-02 05:24:08",NULL,NULL,NULL,"25"
"18971","13045","10459","17262","51347","Processing","2022-05-31 04:57:36",NULL,NULL,NULL,"25"
"19052","13099","10501","6612","51564","Processing","2022-07-31 09:51:19",NULL,NULL,NULL,"25"
"19294","13260","10636","27279","52210","Processing","2021-08-04 14:18:31",NULL,NULL,NULL,"25"
"19410","13342","10704","2986","52516","Processing","2021-01-12 05:43:20",NULL,NULL,NULL,"25"
"19428","13354","10714","13460","52566","Processing","2022-07-06 01:04:43",NULL,NULL,NULL,"25"
"19466","13384","10735","17333","52677","Processing","2021-09-17 14:11:25",NULL,NULL,NULL,"25"
"19629","13489","10821","6303","53118","Processing","2021-12-10 23:07:09",NULL,NULL,NULL,"25"
"20023","13775","11042","16865","54189","Processing","2022-01-27 13:13:31",NULL,NULL,NULL,"25"
"20213","13900","11144","26246","54701","Processing","2022-08-24 08:34:01",NULL,NULL,NULL,"25"
"20310","13962","11194","25659","54974","Processing","2022-07-06 10:09:20",NULL,NULL,NULL,"25"
"20512","14103","11297","10239","55521","Processing","2022-07-12 16:42:33",NULL,NULL,NULL,"25"
"20513","14103","11297","9463","55525","Processing","2022-07-12 17:42:08",NULL,NULL,NULL,"25"
"20732","14257","11407","26044","56116","Processing","2020-05-16 05:29:57",NULL,NULL,NULL,"25"
"20734","14257","11407","22429","56122","Processing","2020-05-16 03:07:35",NULL,NULL,NULL,"25"
"20739","14261","11410","21759","56133","Processing","2022-09-05 09:55:10.659084",NULL,NULL,NULL,"25"
"20968","14417","11537","2672","56746","Processing","2022-07-26 01:47:45",NULL,NULL,NULL,"25"
"21083","14500","11599","12273","57035","Processing","2022-08-15 08:02:08",NULL,NULL,NULL,"25"
"21189","14563","11636","17070","57318","Processing","2022-06-08 05:25:27",NULL,NULL,NULL,"25"
"21235","14598","11662","5272","57433","Processing","2019-10-13 01:01:27",NULL,NULL,NULL,"25"
"21684","14909","11908","663","58610","Processing","2020-08-01 02:23:07",NULL,NULL,NULL,"25"
"21798","14980","11968","23668","58914","Processing","2020-09-02 06:40:57",NULL,NULL,NULL,"25"
"21958","15101","12055","26779","59357","Processing","2022-04-24 14:30:30",NULL,NULL,NULL,"25"
"22063","15167","12111","27041","59637","Processing","2021-11-26 07:57:08",NULL,NULL,NULL,"25"
"22318","15350","12266","26495","60311","Processing","2022-02-05 14:10:11",NULL,NULL,NULL,"25"
"22474","15452","12346","16198","60739","Processing","2019-09-07 04:00:39",NULL,NULL,NULL,"25"
"22496","15466","12357","14643","60800","Processing","2022-05-31 05:41:43",NULL,NULL,NULL,"25"
"22727","15635","12493","28133","61431","Processing","2019-09-03 07:52:46",NULL,NULL,NULL,"25"
"22740","15642","12498","16865","61464","Processing","2022-05-09 13:53:08",NULL,NULL,NULL,"25"
"22964","15794","12628","26161","62077","Processing","2022-07-23 02:17:19",NULL,NULL,NULL,"25"
"23044","15850","12671","28543","62286","Processing","2022-09-07 12:56:03.557822",NULL,NULL,NULL,"25"
"23169","15946","12748","18837","62625","Processing","2022-04-16 23:22:53",NULL,NULL,NULL,"25"
"23235","15985","12771","26674","62795","Processing","2021-11-20 05:02:14",NULL,NULL,NULL,"25"
"23452","16139","12902","26448","63385","Processing","2022-04-11 01:23:51",NULL,NULL,NULL,"25"
"23601","16241","12995","26090","63805","Processing","2022-09-05 15:59:51.148214",NULL,NULL,NULL,"25"
"23627","16261","13013","6712","63872","Processing","2021-09-01 13:51:32",NULL,NULL,NULL,"25"
"23747","16343","13072","26684","64197","Processing","2022-02-06 06:45:13",NULL,NULL,NULL,"25"
"23985","16497","13189","16357","64833","Processing","2021-03-12 21:11:13",NULL,NULL,NULL,"25"
"24128","16597","13268","22923","65223","Processing","2022-02-26 17:30:32",NULL,NULL,NULL,"25"
"24292","16709","13358","17033","65652","Processing","2021-01-04 14:55:50",NULL,NULL,NULL,"25"
"24327","16738","13378","18882","65747","Processing","2022-02-28 09:15:29",NULL,NULL,NULL,"25"
"24425","16806","13431","25776","66021","Processing","2021-08-21 14:49:26",NULL,NULL,NULL,"25"
"24436","16815","13437","6677","66049","Processing","2020-09-23 09:12:06",NULL,NULL,NULL,"25"
"24551","16890","13496","18907","66354","Processing","2022-02-14 16:14:16",NULL,NULL,NULL,"25"
"24788","17069","13634","6521","66987","Processing","2022-02-12 02:52:05",NULL,NULL,NULL,"25"
"24842","17112","13661","23940","67138","Processing","2021-02-08 08:36:38",NULL,NULL,NULL,"25"
"25051","17258","13787","415","67715","Processing","2022-08-01 13:45:51",NULL,NULL,NULL,"25"
"25052","17259","13788","18852","67717","Processing","2022-09-04 15:41:55.641998",NULL,NULL,NULL,"25"
"25055","17259","13788","25824","67723","Processing","2022-09-06 16:32:26.641998",NULL,NULL,NULL,"25"
"25070","17272","13797","15538","67764","Processing","2021-03-18 07:15:24",NULL,NULL,NULL,"25"
"25271","17418","13911","8925","68289","Processing","2021-12-30 00:18:22",NULL,NULL,NULL,"25"
"25325","17451","13935","9593","68433","Processing","2022-02-16 15:25:24",NULL,NULL,NULL,"25"
"25521","17585","14050","189","68964","Processing","2022-03-14 00:11:20",NULL,NULL,NULL,"25"
"25563","17608","14066","3902","69075","Processing","2019-10-10 23:54:37",NULL,NULL,NULL,"25"
"25617","17647","14093","675","69225","Processing","2022-09-01 13:57:10",NULL,NULL,NULL,"25"
"25890","17839","14256","26970","69967","Processing","2019-10-30 22:25:10",NULL,NULL,NULL,"25"
"25946","17879","14292","2986","70105","Processing","2020-08-31 12:05:03",NULL,NULL,NULL,"25"
"26086","17970","14356","3002","70502","Processing","2022-04-26 13:10:53",NULL,NULL,NULL,"25"
"26195","18047","14418","16889","70795","Processing","2022-07-04 23:14:39",NULL,NULL,NULL,"25"
"26275","18099","14457","17057","71016","Processing","2022-08-10 14:52:02",NULL,NULL,NULL,"25"
"26503","18265","14593","24891","71632","Processing","2020-04-14 09:58:58",NULL,NULL,NULL,"25"
"26670","18374","14678","16404","72095","Processing","2022-04-17 12:39:14",NULL,NULL,NULL,"25"
"26894","18529","14797","17978","72681","Processing","2022-03-13 09:05:22",NULL,NULL,NULL,"25"
"26907","18538","14805","2986","72718","Processing","2020-03-06 23:20:05",NULL,NULL,NULL,"25"
"26919","18546","14811","11835","72752","Processing","2022-07-18 02:34:33",NULL,NULL,NULL,"25"
"26938","18560","14820","5377","72805","Processing","2022-09-05 15:42:28",NULL,NULL,NULL,"25"
"26995","18593","14850","22295","72972","Processing","2021-04-17 11:57:12",NULL,NULL,NULL,"25"
"27170","18714","14960","10260","73458","Processing","2022-06-13 01:58:39",NULL,NULL,NULL,"25"
"27186","18722","14967","23015","73500","Processing","2022-05-02 03:40:00",NULL,NULL,NULL,"25"
"27187","18722","14967","27271","73504","Processing","2022-04-30 03:55:50",NULL,NULL,NULL,"25"
"27283","18791","15022","9602","73754","Processing","2022-02-06 15:02:32",NULL,NULL,NULL,"25"
"27458","18919","15131","9698","74236","Processing","2020-09-29 23:26:39",NULL,NULL,NULL,"25"
"27505","18950","15160","16222","74354","Processing","2021-03-07 03:35:32",NULL,NULL,NULL,"25"
"27614","19022","15212","23427","74641","Processing","2022-05-19 13:24:34",NULL,NULL,NULL,"25"
"27822","19168","15335","15935","75220","Processing","2020-06-24 14:43:11",NULL,NULL,NULL,"25"
"27984","19292","15425","25024","75646","Processing","2021-03-11 02:48:16",NULL,NULL,NULL,"25"
"28377","19549","15629","5477","76712","Processing","2019-10-31 02:30:35",NULL,NULL,NULL,"25"
"28513","19634","15702","27682","77073","Processing","2022-09-06 23:29:22.636289",NULL,NULL,NULL,"25"
"28526","19642","15708","21976","77111","Processing","2020-02-09 09:36:29",NULL,NULL,NULL,"25"
"28536","19648","15712","445","77135","Processing","2022-03-08 03:46:20",NULL,NULL,NULL,"25"
"29047","19995","15968","18980","78534","Processing","2021-12-25 06:45:24",NULL,NULL,NULL,"25"
"29354","20213","16162","26039","79353","Processing","2022-08-12 08:07:38",NULL,NULL,NULL,"25"
"29581","20367","16268","22820","79969","Processing","2022-09-01 08:03:43",NULL,NULL,NULL,"25"
"29681","20444","16326","5439","80234","Processing","2019-10-12 06:36:49",NULL,NULL,NULL,"25"
"29883","20586","16463","5562","80784","Processing","2021-11-18 14:01:54",NULL,NULL,NULL,"25"
"29893","20591","16468","26579","80808","Processing","2020-04-14 11:59:04",NULL,NULL,NULL,"25"
"29936","20624","16496","9958","80926","Processing","2020-05-29 11:43:02",NULL,NULL,NULL,"25"
"29971","20649","16513","15814","81023","Processing","2022-03-30 00:04:05",NULL,NULL,NULL,"25"
"29977","20654","16518","9921","81040","Processing","2022-07-21 16:09:25",NULL,NULL,NULL,"25"
"29987","20660","16525","26007","81067","Processing","2022-07-19 15:05:48",NULL,NULL,NULL,"25"
"30286","20855","16687","1826","81883","Processing","2021-10-16 03:58:57",NULL,NULL,NULL,"25"
"30305","20868","16698","14587","81933","Processing","2022-08-07 12:39:02",NULL,NULL,NULL,"25"
"30441","20968","16788","10323","82308","Processing","2022-01-23 09:19:17",NULL,NULL,NULL,"25"
"30465","20988","16806","6602","82374","Processing","2020-10-27 00:26:39",NULL,NULL,NULL,"25"
"30529","21033","16841","17070","82549","Processing","2021-09-19 05:37:18",NULL,NULL,NULL,"25"
"30683","21130","16917","21685","82955","Processing","2021-08-26 13:24:36",NULL,NULL,NULL,"25"
"30701","21141","16930","24919","83005","Processing","2021-10-03 04:50:41",NULL,NULL,NULL,"25"
"30724","21155","16942","18779","83059","Processing","2022-02-19 16:53:11",NULL,NULL,NULL,"25"
"30917","21281","17043","2696","83587","Processing","2021-03-08 15:15:46",NULL,NULL,NULL,"25"
"31066","21375","17110","9103","83984","Processing","2022-06-24 06:33:23",NULL,NULL,NULL,"25"
"31137","21422","17145","18727","84171","Processing","2022-04-27 07:54:20",NULL,NULL,NULL,"25"
"31277","21520","17226","9546","84532","Processing","2022-05-11 13:22:44",NULL,NULL,NULL,"25"
"31424","21621","17291","2912","84939","Processing","2021-08-29 17:51:26",NULL,NULL,NULL,"25"
"31430","21625","17294","23427","84955","Processing","2020-10-01 08:09:51",NULL,NULL,NULL,"25"
"31451","21638","17302","26684","85007","Processing","2022-09-02 02:19:13",NULL,NULL,NULL,"25"
"31482","21665","17330","3552","85089","Processing","2020-05-06 15:46:09",NULL,NULL,NULL,"25"
"31864","21927","17545","13997","86111","Processing","2021-02-24 17:07:59",NULL,NULL,NULL,"25"
"32047","22058","17639","14404","86587","Processing","2021-12-23 20:15:53",NULL,NULL,NULL,"25"
"32050","22061","17643","9885","86596","Processing","2021-07-22 14:15:23",NULL,NULL,NULL,"25"
"32078","22077","17659","25988","86669","Processing","2021-01-06 12:44:22",NULL,NULL,NULL,"25"
"32112","22099","17672","15997","86759","Processing","2021-02-11 05:05:38",NULL,NULL,NULL,"25"
"32752","22546","18004","24595","88509","Processing","2021-07-29 04:45:08",NULL,NULL,NULL,"25"
"32760","22554","18010","7190","88529","Processing","2022-05-19 17:11:48",NULL,NULL,NULL,"25"
"32926","22668","18102","26942","88954","Processing","2022-01-18 15:37:13",NULL,NULL,NULL,"25"
"32957","22692","18122","394","89037","Processing","2022-02-05 12:22:01",NULL,NULL,NULL,"25"
"33038","22747","18162","24917","89251","Processing","2021-07-08 09:25:30",NULL,NULL,NULL,"25"
"33186","22849","18235","27573","89644","Processing","2022-08-31 13:24:16",NULL,NULL,NULL,"25"
"33204","22857","18242","6677","89690","Processing","2021-11-05 13:05:15",NULL,NULL,NULL,"25"
"33303","22926","18294","25448","89962","Processing","2022-06-17 15:12:52",NULL,NULL,NULL,"25"
"33396","22992","18344","5134","90224","Processing","2020-08-14 23:24:02",NULL,NULL,NULL,"25"
"33717","23217","18534","25473","91102","Processing","2021-11-07 09:17:11",NULL,NULL,NULL,"25"
"33732","23227","18544","6787","91139","Processing","2022-01-25 15:14:47",NULL,NULL,NULL,"25"
"34033","23437","18697","16303","91952","Processing","2022-03-07 01:29:10",NULL,NULL,NULL,"25"
"34208","23555","18803","15211","92419","Processing","2021-12-21 04:04:09",NULL,NULL,NULL,"25"
"34260","23585","18822","9292","92557","Processing","2022-08-13 22:24:41",NULL,NULL,NULL,"25"
"34319","23625","18848","6519","92712","Processing","2022-08-02 16:32:54",NULL,NULL,NULL,"25"
"34333","23631","18853","16517","92753","Processing","2022-07-10 09:48:06",NULL,NULL,NULL,"25"
"34353","23645","18861","16443","92805","Processing","2021-10-03 07:11:07",NULL,NULL,NULL,"25"
"34419","23695","18906","9553","92978","Processing","2021-12-08 07:35:56",NULL,NULL,NULL,"25"
"34509","23762","18964","1672","93225","Processing","2021-04-05 14:27:31",NULL,NULL,NULL,"25"
"34521","23770","18971","26970","93259","Processing","2022-01-22 10:18:27",NULL,NULL,NULL,"25"
"34541","23785","18983","9602","93309","Processing","2021-03-12 02:07:47",NULL,NULL,NULL,"25"
"34982","24081","19228","6316","94500","Processing","2022-08-19 15:48:00",NULL,NULL,NULL,"25"
"35010","24097","19242","3896","94584","Processing","2022-02-11 16:14:39",NULL,NULL,NULL,"25"
"35147","24188","19310","26012","94952","Processing","2022-06-08 08:46:25",NULL,NULL,NULL,"25"
"35416","24380","19474","25780","95668","Processing","2020-11-06 07:08:08",NULL,NULL,NULL,"25"
"35434","24391","19486","26369","95717","Processing","2020-02-01 07:27:22",NULL,NULL,NULL,"25"
"35466","24413","19506","1923","95798","Processing","2021-05-16 22:07:39",NULL,NULL,NULL,"25"
"35519","24451","19538","16810","95930","Processing","2022-06-11 23:16:20",NULL,NULL,NULL,"25"
"35585","24490","19571","9861","96103","Processing","2020-02-24 16:37:00",NULL,NULL,NULL,"25"
"36039","24810","19839","15543","97329","Processing","2022-08-13 14:03:53",NULL,NULL,NULL,"25"
"36126","24876","19886","28180","97559","Processing","2022-06-30 16:13:03",NULL,NULL,NULL,"25"
"36147","24890","19896","6578","97613","Processing","2022-03-30 10:14:50",NULL,NULL,NULL,"25"
"36163","24902","19904","24997","97656","Processing","2022-01-06 10:50:42",NULL,NULL,NULL,"25"
"36399","25066","20043","22429","98278","Processing","2021-05-10 09:49:13",NULL,NULL,NULL,"25"
"36464","25107","20073","14559","98449","Processing","2021-05-13 13:50:31",NULL,NULL,NULL,"25"
"36548","25154","20108","25654","98674","Processing","2022-04-24 07:19:42",NULL,NULL,NULL,"25"
"36763","25302","20223","15814","99242","Processing","2021-03-21 00:35:31",NULL,NULL,NULL,"25"
"37188","25611","20461","22027","100411","Processing","2021-06-22 09:23:18",NULL,NULL,NULL,"25"
"37218","25628","20477","27022","100493","Processing","2021-09-30 02:03:42",NULL,NULL,NULL,"25"
"37359","25721","20546","6578","100884","Processing","2022-05-11 15:00:56",NULL,NULL,NULL,"25"
"37520","25825","20630","25640","101314","Processing","2022-06-11 12:13:22",NULL,NULL,NULL,"25"
"37637","25917","20699","16351","101625","Processing","2021-04-22 14:36:41",NULL,NULL,NULL,"25"
"37905","26094","20849","9286","102332","Processing","2021-09-20 05:42:14",NULL,NULL,NULL,"25"
"38194","26296","21009","26997","103109","Processing","2022-09-04 14:43:05.292696",NULL,NULL,NULL,"25"
"38451","26480","21159","12776","103796","Processing","2022-04-24 18:14:55",NULL,NULL,NULL,"25"
"38472","26495","21172","25826","103852","Processing","2020-01-04 11:49:03",NULL,NULL,NULL,"25"
"38828","26743","21368","716","104830","Processing","2022-02-17 11:24:41",NULL,NULL,NULL,"25"
"39040","26881","21475","26522","105388","Processing","2021-11-07 00:44:15",NULL,NULL,NULL,"25"
"39142","26952","21522","18723","105684","Processing","2021-09-02 23:49:10",NULL,NULL,NULL,"25"
"39144","26953","21523","26522","105688","Processing","2021-03-09 12:16:58",NULL,NULL,NULL,"25"
"39371","27104","21652","11192","106296","Processing","2020-08-02 16:55:14",NULL,NULL,NULL,"25"
"39372","27105","21653","18627","106300","Processing","2021-08-25 10:23:47",NULL,NULL,NULL,"25"
"39465","27175","21713","6313","106543","Processing","2021-07-15 23:16:45",NULL,NULL,NULL,"25"
"39505","27205","21738","16898","106652","Processing","2020-12-27 07:57:27",NULL,NULL,NULL,"25"
"39541","27228","21757","5509","106744","Processing","2021-12-04 01:59:38",NULL,NULL,NULL,"25"
"39887","27459","21921","26274","107675","Processing","2022-02-03 02:46:28",NULL,NULL,NULL,"25"
"39949","27499","21960","16300","107828","Processing","2021-12-25 04:59:18",NULL,NULL,NULL,"25"
"40068","27578","22025","25293","108151","Processing","2022-08-20 13:19:34",NULL,NULL,NULL,"25"
"40291","27732","22146","27680","108755","Processing","2021-03-12 08:25:16",NULL,NULL,NULL,"25"
"40330","27754","22166","17473","108868","Processing","2021-03-13 03:47:43",NULL,NULL,NULL,"25"
"40348","27766","22173","18572","108923","Processing","2022-01-15 21:22:14",NULL,NULL,NULL,"25"
"40497","27866","22245","6770","109325","Processing","2019-11-06 23:25:48",NULL,NULL,NULL,"25"
"40603","27932","22291","2689","109623","Processing","2021-04-20 23:37:43",NULL,NULL,NULL,"25"
"40687","27981","22325","25187","109865","Processing","2020-09-27 00:03:37",NULL,NULL,NULL,"25"
"40730","28017","22348","9292","109981","Processing","2021-01-10 09:05:01",NULL,NULL,NULL,"25"
"41040","28223","22520","6754","110805","Processing","2022-03-01 11:17:49",NULL,NULL,NULL,"25"
"41109","28266","22549","24477","110983","Processing","2021-07-24 08:32:49",NULL,NULL,NULL,"25"
"41111","28267","22549","26841","110987","Processing","2021-09-30 07:28:32",NULL,NULL,NULL,"25"
"41182","28322","22594","26120","111183","Processing","2021-03-05 08:12:04",NULL,NULL,NULL,"25"
"41292","28398","22653","26771","111477","Processing","2021-09-14 10:19:23",NULL,NULL,NULL,"25"
"41331","28427","22673","26790","111579","Processing","2022-05-29 00:48:54",NULL,NULL,NULL,"25"
"41339","28431","22678","5349","111598","Processing","2022-02-06 13:40:55",NULL,NULL,NULL,"25"
"41411","28482","22722","21172","111787","Processing","2022-07-04 07:06:45",NULL,NULL,NULL,"25"
"41573","28591","22804","25456","112221","Processing","2022-07-20 07:53:20",NULL,NULL,NULL,"25"
"41603","28613","22820","1814","112305","Processing","2022-01-24 22:55:27",NULL,NULL,NULL,"25"
"41681","28667","22862","26771","112509","Processing","2022-03-10 17:47:21",NULL,NULL,NULL,"25"
"41760","28726","22916","25126","112728","Processing","2021-11-23 03:42:27",NULL,NULL,NULL,"25"
"41851","28792","22971","27041","112982","Processing","2021-05-03 05:10:54",NULL,NULL,NULL,"25"
"41873","28807","22983","26546","113042","Processing","2021-09-30 16:07:22",NULL,NULL,NULL,"25"
"42047","28929","23077","26318","113503","Processing","2022-06-25 06:05:23",NULL,NULL,NULL,"25"
"42189","29022","23146","6612","113895","Processing","2022-03-14 08:21:11",NULL,NULL,NULL,"25"
"42226","29050","23163","4630","114004","Processing","2022-03-29 12:06:58",NULL,NULL,NULL,"25"
"42305","29105","23212","18398","114224","Processing","2022-09-05 08:39:07.710908",NULL,NULL,NULL,"25"
"42503","29238","23311","26236","114784","Processing","2021-08-03 02:48:00",NULL,NULL,NULL,"25"
"42593","29306","23368","4375","115015","Processing","2022-03-02 09:59:05",NULL,NULL,NULL,"25"
"42720","29401","23434","25052","115363","Processing","2021-12-06 12:16:16",NULL,NULL,NULL,"25"
"42746","29417","23446","25823","115439","Processing","2021-03-14 11:34:07",NULL,NULL,NULL,"25"
"42949","29549","23573","25814","115982","Processing","2022-06-22 04:11:53",NULL,NULL,NULL,"25"
"43074","29637","23639","27156","116309","Processing","2020-11-13 04:28:08",NULL,NULL,NULL,"25"
"43076","29637","23639","18939","116313","Processing","2020-11-14 03:40:11",NULL,NULL,NULL,"25"
"43428","29879","23824","26497","117266","Processing","2022-02-26 02:33:38",NULL,NULL,NULL,"25"
"43660","30033","23944","26867","117914","Processing","2022-05-04 16:18:33",NULL,NULL,NULL,"25"
"43745","30089","23985","27859","118140","Processing","2021-04-04 09:14:36",NULL,NULL,NULL,"25"
"43806","30132","24022","27581","118312","Processing","2022-09-03 00:19:58.727186",NULL,NULL,NULL,"25"
"43860","30170","24049","27960","118452","Processing","2020-06-05 13:44:05",NULL,NULL,NULL,"25"
"43980","30254","24122","25690","118795","Processing","2022-04-29 12:26:36",NULL,NULL,NULL,"25"
"43985","30256","24124","24552","118807","Processing","2022-03-16 02:49:59",NULL,NULL,NULL,"25"
"44064","30316","24183","27458","119014","Processing","2020-04-10 08:27:21",NULL,NULL,NULL,"25"
"44228","30432","24289","25194","119455","Processing","2021-11-27 11:49:27",NULL,NULL,NULL,"25"
"44625","30714","24513","26771","120530","Processing","2021-06-28 10:23:12",NULL,NULL,NULL,"25"
"44776","30815","24597","26849","120935","Processing","2020-06-14 03:04:18",NULL,NULL,NULL,"25"
"44860","30871","24644","6650","121159","Processing","2022-02-02 11:39:34",NULL,NULL,NULL,"25"
"44943","30938","24699","5657","121380","Processing","2022-06-07 02:27:35",NULL,NULL,NULL,"25"
"44955","30948","24709","27957","121411","Processing","2022-02-23 13:43:32",NULL,NULL,NULL,"25"
"44998","30981","24732","22470","121529","Processing","2019-08-22 13:51:59",NULL,NULL,NULL,"25"
"45035","31009","24752","14836","121621","Processing","2022-09-02 09:59:09",NULL,NULL,NULL,"25"
"45159","31094","24821","24775","121955","Processing","2022-04-04 05:20:56",NULL,NULL,NULL,"25"
"45193","31117","24837","16158","122045","Processing","2022-03-22 09:24:18",NULL,NULL,NULL,"25"
"45605","31399","25063","27743","123143","Processing","2022-04-30 07:55:41",NULL,NULL,NULL,"25"
"45955","31630","25225","4193","124079","Processing","2021-01-17 04:16:41",NULL,NULL,NULL,"25"
"46000","31661","25248","6484","124206","Processing","2020-05-05 14:49:17",NULL,NULL,NULL,"25"
"46206","31807","25384","26606","124762","Processing","2022-07-08 08:02:36",NULL,NULL,NULL,"25"
"46751","32193","25714","18121","126224","Processing","2020-02-05 16:53:08",NULL,NULL,NULL,"25"
"47198","32525","25973","716","127395","Processing","2020-10-16 12:24:22",NULL,NULL,NULL,"25"
"47714","32872","26252","6199","128783","Processing","2022-05-17 03:27:54",NULL,NULL,NULL,"25"
"47771","32913","26292","27109","128937","Processing","2021-10-25 08:40:16",NULL,NULL,NULL,"25"
"48182","33191","26520","16517","130050","Processing","2022-05-03 06:30:54",NULL,NULL,NULL,"25"
"48301","33282","26591","18572","130360","Processing","2022-02-01 02:21:50",NULL,NULL,NULL,"25"
"48480","33404","26676","12759","130836","Processing","2022-09-02 07:04:05.595193",NULL,NULL,NULL,"25"
"48545","33446","26713","26502","131013","Processing","2019-08-04 13:18:31",NULL,NULL,NULL,"25"
"48829","33635","26859","22893","131772","Processing","2022-06-11 03:37:47",NULL,NULL,NULL,"25"
"48860","33660","26882","18195","131851","Processing","2022-08-11 16:25:13",NULL,NULL,NULL,"25"
"48893","33687","26904","6585","131941","Processing","2020-03-22 13:28:56",NULL,NULL,NULL,"25"
"48971","33738","26939","16575","132162","Processing","2020-09-14 03:27:42",NULL,NULL,NULL,"25"
"49233","33901","27075","27268","132878","Processing","2021-03-30 08:00:49",NULL,NULL,NULL,"25"
"49560","34138","27251","21989","133782","Processing","2022-03-04 04:54:54",NULL,NULL,NULL,"25"
"49600","34169","27280","26639","133891","Processing","2020-12-01 22:03:59",NULL,NULL,NULL,"25"
"49698","34236","27334","26120","134162","Processing","2022-08-11 10:23:29",NULL,NULL,NULL,"25"
"49707","34243","27340","18540","134185","Processing","2022-09-04 05:44:17.851152",NULL,NULL,NULL,"25"
"49908","34370","27446","9522","134739","Processing","2022-05-23 21:01:55",NULL,NULL,NULL,"25"
"50418","34728","27721","16744","136099","Processing","2022-06-10 12:23:22",NULL,NULL,NULL,"25"
"50516","34803","27783","16012","136360","Processing","2022-03-08 08:22:39",NULL,NULL,NULL,"25"
"50686","34925","27865","27129","136800","Processing","2019-08-14 07:27:50",NULL,NULL,NULL,"25"
"50746","34971","27908","6411","136954","Processing","2021-09-27 05:05:05",NULL,NULL,NULL,"25"
"50865","35063","27980","6497","137289","Processing","2019-09-14 09:58:40",NULL,NULL,NULL,"25"
"51072","35206","28102","25930","137863","Processing","2021-04-12 10:59:11",NULL,NULL,NULL,"25"
"51196","35291","28175","6383","138181","Processing","2022-06-04 10:16:55",NULL,NULL,NULL,"25"
"51232","35314","28193","16162","138280","Processing","2022-09-03 04:20:59",NULL,NULL,NULL,"25"
"51516","35511","28368","10154","139055","Processing","2020-07-31 11:55:22",NULL,NULL,NULL,"25"
"51579","35557","28411","26771","139225","Processing","2020-08-03 08:01:28",NULL,NULL,NULL,"25"
"51718","35642","28480","20802","139602","Processing","2022-02-28 07:41:56",NULL,NULL,NULL,"25"
"51738","35655","28489","25513","139653","Processing","2020-06-08 09:25:19",NULL,NULL,NULL,"25"
"51770","35674","28503","10228","139744","Processing","2021-01-25 03:19:06",NULL,NULL,NULL,"25"
"51994","35837","28626","5581","140353","Processing","2022-09-02 09:11:22",NULL,NULL,NULL,"25"
"52411","36118","28851","14847","141434","Processing","2022-06-21 14:41:51",NULL,NULL,NULL,"25"
"52564","36225","28934","25618","141853","Processing","2021-09-08 09:14:47",NULL,NULL,NULL,"25"
"52599","36249","28952","9914","141946","Processing","2021-04-11 01:12:45",NULL,NULL,NULL,"25"
"52803","36397","29082","26023","142487","Processing","2022-06-05 06:01:09",NULL,NULL,NULL,"25"
"52880","36451","29132","6335","142691","Processing","2021-07-24 14:33:27",NULL,NULL,NULL,"25"
"52969","36514","29175","12209","142931","Processing","2022-02-07 02:34:56",NULL,NULL,NULL,"25"
"52989","36530","29189","26495","142988","Processing","2020-11-24 05:10:52",NULL,NULL,NULL,"25"
"53077","36590","29238","26137","143224","Processing","2022-09-02 12:19:04",NULL,NULL,NULL,"25"
"53266","36713","29338","27340","143732","Processing","2021-04-27 12:06:00",NULL,NULL,NULL,"25"
"54211","37361","29853","2800","146289","Processing","2021-06-23 11:53:02",NULL,NULL,NULL,"25"
"54509","37574","30021","22801","147080","Processing","2021-05-21 03:49:50",NULL,NULL,NULL,"25"
"54557","37613","30056","394","147208","Processing","2021-01-10 03:03:23",NULL,NULL,NULL,"25"
"54723","37728","30145","642","147679","Processing","2022-07-14 12:36:07",NULL,NULL,NULL,"25"
"54823","37792","30188","14763","147949","Processing","2021-03-26 08:15:10",NULL,NULL,NULL,"25"
"54873","37827","30217","6198","148086","Processing","2021-11-19 00:14:36",NULL,NULL,NULL,"25"
"54966","37896","30273","25388","148323","Processing","2021-08-12 09:08:01",NULL,NULL,NULL,"25"
"55348","38149","30480","18618","149330","Processing","2021-06-23 00:06:32",NULL,NULL,NULL,"25"
"55430","38201","30525","25418","149565","Processing","2022-03-18 10:29:00",NULL,NULL,NULL,"25"
"55537","38282","30598","15938","149849","Processing","2022-02-25 21:07:05",NULL,NULL,NULL,"25"
"55787","38450","30728","16879","150544","Processing","2020-09-19 23:26:58",NULL,NULL,NULL,"25"
"55999","38599","30854","10092","151121","Processing","2020-11-26 14:06:51",NULL,NULL,NULL,"25"
"56050","38639","30885","22379","151263","Processing","2021-12-18 14:39:25",NULL,NULL,NULL,"25"
"56113","38681","30926","6577","151429","Processing","2022-09-03 10:33:27",NULL,NULL,NULL,"25"
"56231","38761","30992","5649","151754","Processing","2022-07-11 11:15:06",NULL,NULL,NULL,"25"
"56259","38782","31006","12518","151829","Processing","2021-10-21 22:07:44",NULL,NULL,NULL,"25"
"56384","38863","31071","25468","152175","Processing","2021-03-13 14:15:00",NULL,NULL,NULL,"25"
"56611","39022","31187","9921","152789","Processing","2020-09-16 13:33:41",NULL,NULL,NULL,"25"
"56702","39084","31248","6391","153041","Processing","2022-07-11 07:16:55",NULL,NULL,NULL,"25"
"56798","39147","31294","10130","153303","Processing","2021-01-25 02:29:01",NULL,NULL,NULL,"25"
"56916","39229","31356","26236","153613","Processing","2022-08-24 10:43:31",NULL,NULL,NULL,"25"
"56929","39237","31362","27747","153647","Processing","2020-06-11 10:50:08",NULL,NULL,NULL,"25"
"57233","39448","31529","15280","154468","Processing","2022-09-06 17:24:16.212466",NULL,NULL,NULL,"25"
"57270","39475","31547","13300","154579","Processing","2021-04-27 04:23:04",NULL,NULL,NULL,"25"
"57503","39631","31663","24981","155199","Processing","2022-01-09 17:46:59",NULL,NULL,NULL,"25"
"57989","39962","31938","3629","156495","Processing","2019-07-16 03:10:14",NULL,NULL,NULL,"25"
"58314","40204","32118","22735","157376","Processing","2021-05-31 06:39:20",NULL,NULL,NULL,"25"
"58514","40335","32211","18882","157922","Processing","2022-05-23 10:35:14",NULL,NULL,NULL,"25"
"58749","40489","32335","10122","158563","Processing","2022-07-20 07:16:17",NULL,NULL,NULL,"25"
"58955","40632","32450","27224","159115","Processing","2022-07-22 02:05:21",NULL,NULL,NULL,"25"
"59158","40772","32562","13460","159653","Processing","2022-09-02 15:08:51",NULL,NULL,NULL,"25"
"59220","40807","32594","26021","159828","Processing","2022-07-02 01:29:02",NULL,NULL,NULL,"25"
"59400","40929","32689","26366","160326","Processing","2022-04-06 07:27:19",NULL,NULL,NULL,"25"
"59492","40996","32741","6406","160583","Processing","2022-06-18 16:49:08",NULL,NULL,NULL,"25"
"59547","41029","32771","11949","160729","Processing","2021-04-09 09:07:48",NULL,NULL,NULL,"25"
"59618","41083","32822","25448","160922","Processing","2021-08-29 05:22:22",NULL,NULL,NULL,"25"
"59677","41120","32855","616","161095","Processing","2022-03-01 16:32:25",NULL,NULL,NULL,"25"
"59846","41233","32945","2830","161542","Processing","2020-09-20 00:38:31",NULL,NULL,NULL,"25"
"59906","41270","32965","26457","161716","Processing","2021-01-19 15:20:22",NULL,NULL,NULL,"25"
"59972","41316","33003","25861","161909","Processing","2022-01-07 08:54:11",NULL,NULL,NULL,"25"
"60060","41371","33048","27437","162157","Processing","2022-07-13 04:18:32",NULL,NULL,NULL,"25"
"60421","41614","33255","2886","163132","Processing","2021-08-06 10:15:00",NULL,NULL,NULL,"25"
"60526","41684","33325","6770","163409","Processing","2022-05-11 11:07:56",NULL,NULL,NULL,"25"
"60662","41778","33395","22429","163780","Processing","2021-11-19 04:32:53",NULL,NULL,NULL,"25"
"60706","41808","33418","26637","163892","Processing","2021-09-30 12:14:53",NULL,NULL,NULL,"25"
"60727","41824","33431","2492","163949","Processing","2021-12-31 16:37:27",NULL,NULL,NULL,"25"
"60839","41906","33495","11433","164253","Processing","2020-02-15 04:35:10",NULL,NULL,NULL,"25"
"60851","41915","33500","5769","164287","Processing","2021-02-26 06:51:30",NULL,NULL,NULL,"25"
"61046","42040","33600","25473","164803","Processing","2020-07-11 03:32:08",NULL,NULL,NULL,"25"
"61342","42237","33772","18096","165587","Processing","2020-03-30 23:52:31",NULL,NULL,NULL,"25"
"61802","42555","34033","26112","166845","Processing","2020-11-05 02:18:07",NULL,NULL,NULL,"25"
"61852","42590","34056","26009","166983","Processing","2022-02-12 21:53:01",NULL,NULL,NULL,"25"
"61943","42659","34104","22754","167219","Processing","2021-07-23 08:38:14",NULL,NULL,NULL,"25"
"62212","42846","34253","22288","167938","Processing","2022-08-19 09:09:14",NULL,NULL,NULL,"25"
"62338","42934","34322","25406","168266","Processing","2022-06-03 09:47:54",NULL,NULL,NULL,"25"
"62350","42944","34327","27287","168296","Processing","2022-07-14 14:09:50",NULL,NULL,NULL,"25"
"62706","43182","34531","13413","169284","Processing","2021-03-13 04:56:11",NULL,NULL,NULL,"25"
"62750","43209","34554","26848","169405","Processing","2021-08-25 11:45:55",NULL,NULL,NULL,"25"
"62785","43229","34570","27840","169504","Processing","2022-04-21 06:41:36",NULL,NULL,NULL,"25"
"63104","43448","34739","27576","170380","Processing","2021-10-31 05:34:49",NULL,NULL,NULL,"25"
"63157","43483","34769","8865","170533","Processing","2022-05-28 10:56:47",NULL,NULL,NULL,"25"
"63306","43586","34847","16351","170939","Processing","2021-11-09 17:22:34",NULL,NULL,NULL,"25"
"63314","43591","34851","16575","170959","Processing","2022-03-16 11:52:02",NULL,NULL,NULL,"25"
"63318","43594","34853","15998","170970","Processing","2019-03-18 04:43:35",NULL,NULL,NULL,"25"
"63356","43620","34878","25681","171068","Processing","2021-10-29 08:41:41",NULL,NULL,NULL,"25"
"63536","43749","34985","26830","171529","Processing","2021-09-06 22:50:54",NULL,NULL,NULL,"25"
"63613","43794","35021","16582","171744","Processing","2022-07-14 14:10:09",NULL,NULL,NULL,"25"
"63717","43870","35085","26880","172016","Processing","2022-06-29 23:48:40",NULL,NULL,NULL,"25"
"63755","43896","35107","2689","172113","Processing","2022-08-28 16:34:15",NULL,NULL,NULL,"25"
"64048","44084","35263","18755","172907","Processing","2020-09-11 21:54:28",NULL,NULL,NULL,"25"
"64061","44090","35267","26052","172943","Processing","2022-06-05 01:37:13",NULL,NULL,NULL,"25"
"64369","44302","35439","27573","173791","Processing","2022-08-25 06:00:20",NULL,NULL,NULL,"25"
"64509","44400","35505","9553","174162","Processing","2022-05-08 13:13:51",NULL,NULL,NULL,"25"
"64629","44489","35596","12839","174490","Processing","2022-08-08 10:22:01",NULL,NULL,NULL,"25"
"64917","44686","35739","26221","175310","Processing","2021-09-12 07:40:22",NULL,NULL,NULL,"25"
"65030","44765","35801","24795","175602","Processing","2022-03-18 15:39:37",NULL,NULL,NULL,"25"
"65043","44775","35808","28100","175635","Processing","2021-07-07 05:30:57",NULL,NULL,NULL,"25"
"65045","44777","35810","14465","175643","Processing","2022-09-02 00:22:57",NULL,NULL,NULL,"25"
"65046","44777","35810","11433","175646","Processing","2022-08-31 00:52:23",NULL,NULL,NULL,"25"
"65099","44816","35839","24797","175784","Processing","2020-11-12 13:58:15",NULL,NULL,NULL,"25"
"65219","44904","35906","23035","176108","Processing","2022-02-10 10:58:29",NULL,NULL,NULL,"25"
"65220","44904","35906","23313","176111","Processing","2022-02-10 12:21:07",NULL,NULL,NULL,"25"
"65280","44948","35936","4780","176268","Processing","2022-09-06 11:05:52.484967",NULL,NULL,NULL,"25"
"65390","45029","35991","15814","176574","Processing","2022-06-06 14:16:42",NULL,NULL,NULL,"25"
"65449","45066","36017","26880","176740","Processing","2020-10-26 09:22:15",NULL,NULL,NULL,"25"
"65972","45415","36309","17262","178140","Processing","2022-05-30 04:03:45",NULL,NULL,NULL,"25"
"65994","45428","36320","9593","178199","Processing","2020-09-04 08:41:18",NULL,NULL,NULL,"25"
"66351","45658","36498","16020","179162","Processing","2022-01-13 03:45:33",NULL,NULL,NULL,"25"
"66386","45678","36513","23383","179261","Processing","2021-10-27 04:10:34",NULL,NULL,NULL,"25"
"66418","45697","36532","9258","179346","Processing","2022-03-12 05:54:42",NULL,NULL,NULL,"25"
"66617","45829","36653","10714","179865","Processing","2020-01-05 21:58:10",NULL,NULL,NULL,"25"
"66806","45961","36760","16967","180371","Processing","2021-11-02 13:52:27",NULL,NULL,NULL,"25"
"66807","45961","36760","24534","180373","Processing","2021-11-02 11:08:21",NULL,NULL,NULL,"25"
"66909","46030","36812","25562","180656","Processing","2020-10-06 06:47:42",NULL,NULL,NULL,"25"
"66912","46033","36814","15814","180663","Processing","2022-02-01 03:30:58",NULL,NULL,NULL,"25"
"66935","46047","36825","25862","180723","Processing","2022-08-23 04:13:25",NULL,NULL,NULL,"25"
"67236","46261","36993","17396","181563","Processing","2021-07-02 14:43:24",NULL,NULL,NULL,"25"
"67395","46373","37084","17012","181993","Processing","2022-06-22 16:12:22",NULL,NULL,NULL,"25"
"67578","46494","37184","26221","182476","Processing","2020-08-16 10:19:10",NULL,NULL,NULL,"25"
"67957","46760","37409","28032","183488","Processing","2022-03-01 05:07:50",NULL,NULL,NULL,"25"
"68293","47004","37604","1814","184379","Processing","2022-05-03 14:25:15",NULL,NULL,NULL,"25"
"68308","47014","37611","10323","184416","Processing","2022-08-21 00:29:25",NULL,NULL,NULL,"25"
"68350","47040","37631","26050","184532","Processing","2021-10-19 12:27:32",NULL,NULL,NULL,"25"
"68378","47056","37644","22273","184608","Processing","2020-12-05 05:31:57",NULL,NULL,NULL,"25"
"69038","47526","38003","13460","186368","Processing","2022-07-04 23:07:24",NULL,NULL,NULL,"25"
"69046","47534","38008","16149","186388","Processing","2021-12-24 23:33:11",NULL,NULL,NULL,"25"
"69168","47626","38071","25024","186718","Processing","2022-08-23 01:39:28",NULL,NULL,NULL,"25"
"69176","47631","38073","17473","186737","Processing","2022-02-27 01:36:55",NULL,NULL,NULL,"25"
"69377","47774","38193","15814","187264","Processing","2019-12-12 11:27:59",NULL,NULL,NULL,"25"
"69583","47918","38312","6313","187825","Processing","2021-06-16 16:11:19",NULL,NULL,NULL,"25"
"69663","47964","38348","16303","188043","Processing","2021-09-21 07:23:42",NULL,NULL,NULL,"25"
"69669","47968","38349","6650","188059","Processing","2022-08-29 16:16:22",NULL,NULL,NULL,"25"
"69693","47988","38369","25895","188129","Processing","2021-07-26 03:28:25",NULL,NULL,NULL,"25"
"69732","48013","38394","5305","188234","Processing","2021-10-16 02:52:06",NULL,NULL,NULL,"25"
"70101","48269","38597","26745","189245","Processing","2020-02-19 02:09:40",NULL,NULL,NULL,"25"
"70103","48269","38597","25776","189250","Processing","2020-02-16 23:47:26",NULL,NULL,NULL,"25"
"70389","48477","38774","16351","190041","Processing","2022-02-13 01:12:54",NULL,NULL,NULL,"25"
"70572","48603","38878","22789","190516","Processing","2021-11-07 11:39:24",NULL,NULL,NULL,"25"
"70715","48695","38954","26841","190908","Processing","2020-12-08 09:00:22",NULL,NULL,NULL,"25"
"70932","48836","39073","16488","191494","Processing","2021-02-01 04:34:10",NULL,NULL,NULL,"25"
"71088","48942","39155","6198","191915","Processing","2022-09-03 22:16:18.796553",NULL,NULL,NULL,"25"
"71192","49018","39224","10832","192208","Processing","2022-09-04 05:59:11.638153",NULL,NULL,NULL,"25"
"71587","49299","39458","26854","193270","Processing","2020-03-14 07:48:43",NULL,NULL,NULL,"25"
"71669","49353","39501","17188","193483","Processing","2021-04-01 01:26:19",NULL,NULL,NULL,"25"
"71724","49395","39543","24373","193636","Processing","2022-07-11 14:01:23",NULL,NULL,NULL,"25"
"71918","49539","39663","7371","194149","Processing","2021-01-09 00:09:58",NULL,NULL,NULL,"25"
"71980","49579","39692","13276","194318","Processing","2022-08-25 02:55:10",NULL,NULL,NULL,"25"
"72153","49696","39779","25405","194789","Processing","2021-06-01 23:26:21",NULL,NULL,NULL,"25"
"72359","49834","39896","25618","195350","Processing","2022-02-06 10:01:15",NULL,NULL,NULL,"25"
"72559","49975","39998","10811","195928","Processing","2021-01-31 05:02:00",NULL,NULL,NULL,"25"
"72657","50044","40053","16923","196194","Processing","2019-02-11 23:27:24",NULL,NULL,NULL,"25"
"72696","50075","40080","16967","196303","Processing","2021-01-30 12:46:39",NULL,NULL,NULL,"25"
"72904","50220","40201","9311","196847","Processing","2020-11-10 08:54:13",NULL,NULL,NULL,"25"
"72941","50247","40225","22027","196947","Processing","2021-02-01 13:42:07",NULL,NULL,NULL,"25"
"73273","50472","40404","25776","197850","Processing","2021-12-18 08:04:32",NULL,NULL,NULL,"25"
"73327","50509","40427","6707","198004","Processing","2022-07-24 02:39:43",NULL,NULL,NULL,"25"
"73351","50528","40440","19199","198063","Processing","2020-06-13 00:45:30",NULL,NULL,NULL,"25"
"73420","50571","40469","25629","198244","Processing","2019-11-12 01:58:19",NULL,NULL,NULL,"25"
"73531","50644","40524","27458","198542","Processing","2021-07-15 09:37:13",NULL,NULL,NULL,"25"
"73861","50873","40698","6484","199425","Processing","2020-06-25 08:56:37",NULL,NULL,NULL,"25"
"74007","50984","40794","5446","199827","Processing","2022-03-08 04:12:22",NULL,NULL,NULL,"25"
"74231","51137","40927","9896","200441","Processing","2022-01-24 13:13:27",NULL,NULL,NULL,"25"
"74460","51305","41046","13577","201045","Processing","2022-07-21 13:51:13",NULL,NULL,NULL,"25"
"74469","51310","41056","26797","201066","Processing","2020-03-04 13:16:05",NULL,NULL,NULL,"25"
"74511","51341","41076","6460","201180","Processing","2022-05-12 01:16:55",NULL,NULL,NULL,"25"
"74609","51412","41136","18282","201440","Processing","2021-11-02 20:23:28",NULL,NULL,NULL,"25"
"74637","51431","41154","10092","201517","Processing","2022-06-22 07:18:11",NULL,NULL,NULL,"25"
"74732","51495","41213","3629","201772","Processing","2021-03-21 14:00:19",NULL,NULL,NULL,"25"
"74930","51629","41313","22288","202307","Processing","2022-03-13 01:14:22",NULL,NULL,NULL,"25"
"75006","51684","41353","23073","202511","Processing","2021-12-15 05:53:48",NULL,NULL,NULL,"25"
"75227","51835","41470","9989","203098","Processing","2021-09-04 11:14:04",NULL,NULL,NULL,"25"
"75284","51876","41502","6416","203250","Processing","2022-08-04 15:18:09",NULL,NULL,NULL,"25"
"75305","51893","41519","28361","203309","Processing","2021-09-17 14:56:34",NULL,NULL,NULL,"25"
"75392","51948","41567","27679","203550","Processing","2021-05-10 06:56:24",NULL,NULL,NULL,"25"
"75540","52053","41667","27743","203948","Processing","2021-04-07 11:13:20",NULL,NULL,NULL,"25"
"75559","52066","41682","21795","203998","Processing","2022-08-23 09:27:31",NULL,NULL,NULL,"25"
"75634","52122","41733","9950","204207","Processing","2021-06-06 04:43:37",NULL,NULL,NULL,"25"
"75695","52163","41767","13083","204373","Processing","2022-05-29 05:42:07",NULL,NULL,NULL,"25"
"76263","52557","42056","5481","205941","Processing","2022-03-27 12:21:22",NULL,NULL,NULL,"25"
"76432","52681","42157","9103","206391","Processing","2021-10-22 08:46:03",NULL,NULL,NULL,"25"
"76558","52772","42221","27729","206725","Processing","2022-06-23 09:27:18",NULL,NULL,NULL,"25"
"76564","52777","42228","16680","206743","Processing","2021-12-25 21:56:40",NULL,NULL,NULL,"25"
"76674","52852","42292","26082","207049","Processing","2022-08-31 01:06:24",NULL,NULL,NULL,"25"
"77059","53133","42512","28702","208064","Processing","2021-09-09 15:51:58",NULL,NULL,NULL,"25"
"77114","53170","42539","26052","208204","Processing","2019-01-28 07:05:45",NULL,NULL,NULL,"25"
"77196","53221","42587","9292","208424","Processing","2021-05-31 15:44:17",NULL,NULL,NULL,"25"
"77385","53359","42693","25513","208903","Processing","2022-04-06 04:34:27",NULL,NULL,NULL,"25"
"77543","53465","42781","16634","209329","Processing","2022-08-18 14:43:47",NULL,NULL,NULL,"25"
"77640","53533","42827","26679","209585","Processing","2021-12-09 14:12:50",NULL,NULL,NULL,"25"
"77717","53587","42881","27479","209786","Processing","2022-08-20 11:09:48",NULL,NULL,NULL,"25"
"77768","53620","42905","11257","209923","Processing","2020-11-11 11:28:40",NULL,NULL,NULL,"25"
"77880","53695","42956","10231","210252","Processing","2020-09-29 11:17:56",NULL,NULL,NULL,"25"
"77910","53717","42975","6370","210337","Processing","2022-08-20 10:34:44",NULL,NULL,NULL,"25"
"78023","53804","43039","26841","210630","Processing","2020-04-04 21:24:08",NULL,NULL,NULL,"25"
"78089","53852","43073","21922","210820","Processing","2021-09-15 12:06:06",NULL,NULL,NULL,"25"
"78185","53915","43130","18454","211080","Processing","2021-06-13 07:24:52",NULL,NULL,NULL,"25"
"78210","53933","43147","10291","211150","Processing","2020-11-16 07:50:31",NULL,NULL,NULL,"25"
"78234","53951","43158","18890","211212","Processing","2022-08-25 12:47:36",NULL,NULL,NULL,"25"
"78542","54149","43343","14443","212033","Processing","2020-09-21 05:35:33",NULL,NULL,NULL,"25"
"78543","54150","43344","26000","212036","Processing","2022-08-23 10:40:11",NULL,NULL,NULL,"25"
"78740","54289","43457","25862","212574","Processing","2020-08-21 03:07:01",NULL,NULL,NULL,"25"
"78757","54303","43469","26156","212622","Processing","2022-08-14 02:10:27",NULL,NULL,NULL,"25"
"78774","54315","43477","26414","212669","Processing","2019-11-10 00:46:40",NULL,NULL,NULL,"25"
"78897","54403","43538","9698","212988","Processing","2021-08-05 08:09:56",NULL,NULL,NULL,"25"
"78955","54440","43559","9891","213159","Processing","2022-02-20 12:53:54",NULL,NULL,NULL,"25"
"79235","54629","43703","24981","213941","Processing","2022-03-30 14:55:44",NULL,NULL,NULL,"25"
"79413","54763","43802","3218","214419","Processing","2020-12-13 05:19:02",NULL,NULL,NULL,"25"
"79835","55057","44030","17017","215586","Processing","2022-08-27 14:42:04",NULL,NULL,NULL,"25"
"79861","55071","44043","16009","215651","Processing","2019-11-27 22:44:12",NULL,NULL,NULL,"25"
"80080","55227","44172","27729","216224","Processing","2019-10-09 03:32:14",NULL,NULL,NULL,"25"
"80558","55560","44414","4516","217549","Processing","2022-04-26 09:30:29",NULL,NULL,NULL,"25"
"80567","55566","44418","15051","217574","Processing","2021-10-16 01:26:05",NULL,NULL,NULL,"25"
"80859","55763","44577","26771","218384","Processing","2022-04-23 09:04:19",NULL,NULL,NULL,"25"
"80877","55773","44585","7780","218430","Processing","2022-08-13 06:52:30",NULL,NULL,NULL,"25"
"81177","55996","44764","6754","219227","Processing","2021-07-05 03:02:14",NULL,NULL,NULL,"25"
"81205","56015","44780","10249","219303","Processing","2021-08-16 14:02:49",NULL,NULL,NULL,"25"
"81409","56156","44884","22924","219857","Processing","2022-03-01 08:42:34",NULL,NULL,NULL,"25"
"81425","56169","44895","17017","219898","Processing","2022-01-25 02:41:59",NULL,NULL,NULL,"25"
"81554","56263","44965","16625","220242","Processing","2021-10-12 00:11:25",NULL,NULL,NULL,"25"
"81652","56328","45025","18540","220506","Processing","2022-08-28 00:08:35",NULL,NULL,NULL,"25"
"81669","56341","45035","28396","220547","Processing","2022-06-22 10:14:53",NULL,NULL,NULL,"25"
"81994","56572","45223","26435","221417","Processing","2020-03-23 04:27:56",NULL,NULL,NULL,"25"
"82071","56632","45274","18056","221618","Processing","2022-03-17 00:12:27",NULL,NULL,NULL,"25"
"82081","56640","45284","16318","221643","Processing","2022-08-03 08:37:21",NULL,NULL,NULL,"25"
"82111","56661","45308","15964","221729","Processing","2022-08-31 06:03:48",NULL,NULL,NULL,"25"
"82172","56705","45351","18258","221882","Processing","2021-10-17 08:43:10",NULL,NULL,NULL,"25"
"82320","56813","45434","25959","222296","Processing","2022-06-15 06:42:30",NULL,NULL,NULL,"25"
"82357","56843","45459","28361","222397","Processing","2022-07-16 15:23:22",NULL,NULL,NULL,"25"
"82382","56858","45468","27022","222466","Processing","2021-08-26 06:09:00",NULL,NULL,NULL,"25"
"82498","56943","45531","17262","222788","Processing","2021-04-27 13:06:05",NULL,NULL,NULL,"25"
"82517","56955","45544","21787","222844","Processing","2022-06-26 18:53:07",NULL,NULL,NULL,"25"
"82561","56988","45564","28100","222967","Processing","2021-09-19 03:21:13",NULL,NULL,NULL,"25"
"82795","57158","45704","11949","223611","Processing","2022-08-23 06:51:39",NULL,NULL,NULL,"25"
"82839","57189","45725","15538","223723","Processing","2022-04-26 14:34:26",NULL,NULL,NULL,"25"
"82841","57190","45726","26942","223728","Processing","2021-11-24 07:42:26",NULL,NULL,NULL,"25"
"82871","57210","45739","26474","223814","Processing","2022-02-28 00:35:01",NULL,NULL,NULL,"25"
"82925","57251","45768","6688","223955","Processing","2022-04-21 11:11:10",NULL,NULL,NULL,"25"
"83160","57421","45904","16575","224601","Processing","2020-06-10 07:28:04",NULL,NULL,NULL,"25"
"83198","57452","45928","25140","224704","Processing","2022-07-25 11:17:48",NULL,NULL,NULL,"25"
"83358","57559","46014","14643","225133","Processing","2019-08-31 12:45:46",NULL,NULL,NULL,"25"
"83631","57759","46174","26539","225865","Processing","2022-03-02 12:16:06",NULL,NULL,NULL,"25"
"83729","57828","46231","22295","226135","Processing","2022-06-06 02:29:45",NULL,NULL,NULL,"25"
"83977","57997","46379","4963","226817","Processing","2022-01-12 08:29:09",NULL,NULL,NULL,"25"
"84188","58154","46495","4630","227390","Processing","2022-08-22 03:13:45",NULL,NULL,NULL,"25"
"84370","58290","46622","26009","227869","Processing","2022-08-20 01:07:35",NULL,NULL,NULL,"25"
"84517","58392","46704","27680","228270","Processing","2022-02-26 04:48:37",NULL,NULL,NULL,"25"
"84614","58456","46758","3566","228540","Processing","2022-09-04 10:30:34",NULL,NULL,NULL,"25"
"84680","58500","46788","9553","228715","Processing","2021-05-10 10:20:13",NULL,NULL,NULL,"25"
"84843","58613","46872","24919","229170","Processing","2022-01-10 02:17:03",NULL,NULL,NULL,"25"
"84905","58658","46904","27185","229333","Processing","2022-07-22 10:12:08",NULL,NULL,NULL,"25"
"84916","58668","46911","27517","229366","Processing","2021-09-06 13:04:43",NULL,NULL,NULL,"25"
"85061","58780","46995","8968","229754","Processing","2022-09-01 15:17:03",NULL,NULL,NULL,"25"
"85070","58786","47002","16219","229780","Processing","2021-07-11 14:33:37",NULL,NULL,NULL,"25"
"85114","58819","47028","28543","229908","Processing","2022-07-25 16:12:43",NULL,NULL,NULL,"25"
"85176","58862","47061","11003","230068","Processing","2022-08-29 21:41:44",NULL,NULL,NULL,"25"
"85195","58875","47071","18422","230120","Processing","2021-12-12 14:35:41",NULL,NULL,NULL,"25"
"85209","58883","47075","22789","230163","Processing","2020-10-16 07:54:15",NULL,NULL,NULL,"25"
"85410","59017","47181","25972","230706","Processing","2020-10-16 01:09:29",NULL,NULL,NULL,"25"
"85565","59127","47272","25862","231120","Processing","2022-08-31 16:55:37",NULL,NULL,NULL,"25"
"85721","59242","47381","27271","231547","Processing","2021-11-05 02:21:48",NULL,NULL,NULL,"25"
"85850","59327","47460","13083","231895","Processing","2022-09-05 06:10:39.972337",NULL,NULL,NULL,"25"
"85913","59371","47498","13090","232064","Processing","2022-08-10 12:17:18",NULL,NULL,NULL,"25"
"86104","59498","47604","6819","232598","Processing","2022-09-06 01:48:08",NULL,NULL,NULL,"25"
"86167","59544","47636","6612","232766","Processing","2022-06-06 01:50:57",NULL,NULL,NULL,"25"
"86300","59633","47710","6613","233112","Processing","2022-05-09 21:32:46",NULL,NULL,NULL,"25"
"86420","59712","47775","18729","233445","Processing","2020-02-13 06:15:49",NULL,NULL,NULL,"25"
"86448","59730","47790","10714","233528","Processing","2022-04-28 02:40:28",NULL,NULL,NULL,"25"
"86453","59734","47794","16139","233541","Processing","2020-08-28 02:51:31",NULL,NULL,NULL,"25"
"86490","59755","47811","22823","233637","Processing","2022-03-27 02:36:11",NULL,NULL,NULL,"25"
"86752","59949","47960","4408","234348","Processing","2022-01-18 13:49:33",NULL,NULL,NULL,"25"
"86885","60045","48043","18776","234720","Processing","2022-08-02 06:03:09",NULL,NULL,NULL,"25"
"86921","60067","48065","27938","234816","Processing","2022-01-30 07:25:58",NULL,NULL,NULL,"25"
"86965","60096","48091","18540","234933","Processing","2021-08-09 17:08:39",NULL,NULL,NULL,"25"
"87531","60485","48418","26360","236463","Processing","2021-07-03 03:36:19",NULL,NULL,NULL,"25"
"87559","60504","48438","11076","236539","Processing","2022-04-07 02:45:12",NULL,NULL,NULL,"25"
"87628","60552","48488","12839","236721","Processing","2019-01-31 13:00:48",NULL,NULL,NULL,"25"
"87915","60760","48644","16898","237491","Processing","2021-12-05 22:46:34",NULL,NULL,NULL,"25"
"87920","60762","48646","17365","237502","Processing","2021-01-13 15:19:45",NULL,NULL,NULL,"25"
"88211","60964","48806","24917","238297","Processing","2022-08-10 07:34:18",NULL,NULL,NULL,"25"
"88230","60973","48813","18167","238349","Processing","2020-04-26 00:26:19",NULL,NULL,NULL,"25"
"88299","61020","48854","25690","238533","Processing","2022-07-15 13:41:46",NULL,NULL,NULL,"25"
"88424","61113","48934","10075","238886","Processing","2022-04-24 09:15:45",NULL,NULL,NULL,"25"
"88438","61122","48941","18901","238922","Processing","2019-09-18 12:07:37",NULL,NULL,NULL,"25"
"88542","61192","49008","6595","239210","Processing","2020-06-20 01:25:15",NULL,NULL,NULL,"25"
"88611","61248","49050","6822","239397","Processing","2021-08-28 22:54:45",NULL,NULL,NULL,"25"
"88660","61286","49080","25048","239527","Processing","2019-10-20 01:04:20",NULL,NULL,NULL,"25"
"88691","61310","49098","9258","239608","Processing","2022-06-24 03:42:57",NULL,NULL,NULL,"25"
"88694","61313","49101","18852","239618","Processing","2021-06-04 07:13:41",NULL,NULL,NULL,"25"
"88831","61402","49165","26718","240005","Processing","2021-11-27 03:40:25",NULL,NULL,NULL,"25"
"88832","61402","49165","23130","240007","Processing","2021-11-27 04:55:12",NULL,NULL,NULL,"25"
"88916","61456","49203","17260","240228","Processing","2022-06-29 18:39:14",NULL,NULL,NULL,"25"
"88962","61487","49230","10130","240353","Processing","2022-04-06 00:58:02",NULL,NULL,NULL,"25"
"89048","61546","49268","26294","240568","Processing","2019-11-25 10:30:44",NULL,NULL,NULL,"25"
"89206","61661","49371","16353","240987","Processing","2022-06-25 03:30:18",NULL,NULL,NULL,"25"
"89285","61713","49412","27329","241201","Processing","2020-10-17 09:50:04",NULL,NULL,NULL,"25"
"89341","61749","49439","21795","241351","Processing","2020-06-20 09:31:16",NULL,NULL,NULL,"25"
"89348","61755","49446","6527","241366","Processing","2022-01-20 10:01:42",NULL,NULL,NULL,"25"
"89619","61957","49596","8882","242086","Processing","2020-10-02 23:39:44",NULL,NULL,NULL,"25"
"89671","61990","49616","16863","242230","Processing","2022-04-06 03:21:10",NULL,NULL,NULL,"25"
"89998","62207","49792","26584","243116","Processing","2021-04-15 17:22:44",NULL,NULL,NULL,"25"
"90154","62312","49881","25791","243563","Processing","2022-05-12 09:07:18",NULL,NULL,NULL,"25"
"90197","62346","49908","26862","243676","Processing","2022-04-25 13:40:17",NULL,NULL,NULL,"25"
"90198","62346","49908","17260","243679","Processing","2022-04-23 12:05:41",NULL,NULL,NULL,"25"
"90337","62444","49992","27729","244042","Processing","2022-05-18 23:46:51",NULL,NULL,NULL,"25"
"90582","62604","50118","663","244709","Processing","2022-02-01 12:48:58",NULL,NULL,NULL,"25"
"90676","62666","50169","18338","244969","Processing","2022-01-05 16:14:08",NULL,NULL,NULL,"25"
"90845","62776","50257","5509","245407","Processing","2020-12-05 17:02:40",NULL,NULL,NULL,"25"
"91341","63118","50530","28291","246745","Processing","2022-01-01 03:17:41",NULL,NULL,NULL,"25"
"91428","63172","50579","10952","246967","Processing","2022-04-23 23:58:49",NULL,NULL,NULL,"25"
"91467","63200","50605","2738","247080","Processing","2021-03-14 13:55:00",NULL,NULL,NULL,"25"
"91563","63268","50656","10987","247328","Processing","2021-04-01 15:12:41",NULL,NULL,NULL,"25"
"91766","63409","50766","25024","247868","Processing","2021-07-22 23:03:10",NULL,NULL,NULL,"25"
"91836","63457","50810","21976","248064","Processing","2021-11-18 05:45:16",NULL,NULL,NULL,"25"
"91840","63460","50813","8968","248076","Processing","2021-11-13 02:03:38",NULL,NULL,NULL,"25"
"92647","64014","51241","25635","250239","Processing","2022-05-20 01:21:05",NULL,NULL,NULL,"25"
"92822","64135","51332","27744","250705","Processing","2022-07-08 08:10:20",NULL,NULL,NULL,"25"
"92857","64165","51354","26263","250796","Processing","2021-12-06 07:27:14",NULL,NULL,NULL,"25"
"92988","64254","51426","25495","251154","Processing","2022-04-17 17:11:12",NULL,NULL,NULL,"25"
"93008","64266","51434","26303","251206","Processing","2022-02-20 09:23:38",NULL,NULL,NULL,"25"
"93340","64502","51619","9292","252083","Processing","2021-10-20 09:54:46",NULL,NULL,NULL,"25"
"93414","64548","51649","25721","252284","Processing","2021-05-15 22:53:55",NULL,NULL,NULL,"25"
"93471","64580","51670","6429","252443","Processing","2020-11-03 09:02:23",NULL,NULL,NULL,"25"
"93619","64686","51751","6770","252848","Processing","2020-10-05 13:21:55",NULL,NULL,NULL,"25"
"93933","64899","51934","6527","253711","Processing","2020-03-06 23:12:32",NULL,NULL,NULL,"25"
"93963","64920","51955","5272","253792","Processing","2021-01-21 02:39:17",NULL,NULL,NULL,"25"
"93997","64940","51969","9433","253883","Processing","2020-03-08 14:12:26",NULL,NULL,NULL,"25"
"94149","65045","52037","20654","254288","Processing","2021-08-02 17:01:28",NULL,NULL,NULL,"25"
"94306","65155","52123","18779","254733","Processing","2022-08-16 01:30:38",NULL,NULL,NULL,"25"
"94367","65198","52160","7211","254904","Processing","2022-06-29 23:13:05",NULL,NULL,NULL,"25"
"94492","65279","52227","23130","255246","Processing","2022-03-04 11:24:03",NULL,NULL,NULL,"25"
"94505","65290","52234","9589","255283","Processing","2022-07-11 07:25:51",NULL,NULL,NULL,"25"
"94542","65315","52254","24891","255383","Processing","2022-02-11 07:54:45",NULL,NULL,NULL,"25"
"94738","65447","52362","6622","255924","Processing","2021-03-06 01:30:49",NULL,NULL,NULL,"25"
"94770","65472","52379","15051","256004","Processing","2022-01-02 10:22:37",NULL,NULL,NULL,"25"
"94817","65506","52400","13275","256136","Processing","2022-04-10 14:25:01",NULL,NULL,NULL,"25"
"94919","65587","52468","26546","256404","Processing","2022-05-21 10:00:25",NULL,NULL,NULL,"25"
"94925","65591","52470","5272","256419","Processing","2020-05-23 04:37:21",NULL,NULL,NULL,"25"
"94972","65624","52501","15500","256540","Processing","2022-07-28 06:19:22",NULL,NULL,NULL,"25"
"95003","65646","52521","14404","256631","Processing","2022-08-05 00:42:24",NULL,NULL,NULL,"25"
"95231","65819","52651","18572","257235","Processing","2021-11-10 04:42:26",NULL,NULL,NULL,"25"
"95410","65947","52755","15192","257726","Processing","2022-08-11 06:10:25",NULL,NULL,NULL,"25"
"95597","66077","52848","25725","258234","Processing","2021-05-15 11:05:35",NULL,NULL,NULL,"25"
"95725","66164","52910","28133","258587","Processing","2022-08-20 10:00:56",NULL,NULL,NULL,"25"
"95730","66168","52915","13749","258601","Processing","2021-02-10 13:43:43",NULL,NULL,NULL,"25"
"95798","66214","52947","14578","258791","Processing","2022-08-22 09:01:11",NULL,NULL,NULL,"25"
"96133","66443","53119","27109","259672","Processing","2022-07-09 06:08:37",NULL,NULL,NULL,"25"
"96220","66497","53169","21787","259912","Processing","2021-08-25 12:19:15",NULL,NULL,NULL,"25"
"96463","66664","53294","7277","260565","Processing","2019-11-12 12:37:59",NULL,NULL,NULL,"25"
"96550","66721","53335","14587","260785","Processing","2021-01-08 15:07:06",NULL,NULL,NULL,"25"
"96586","66741","53352","26145","260880","Processing","2021-10-15 23:43:03",NULL,NULL,NULL,"25"
"96719","66830","53419","27185","261242","Processing","2022-08-24 10:42:01",NULL,NULL,NULL,"25"
"96832","66903","53474","6335","261547","Processing","2022-09-02 21:16:08",NULL,NULL,NULL,"25"
"96868","66929","53490","17365","261643","Processing","2021-12-23 03:22:19",NULL,NULL,NULL,"25"
"96885","66940","53500","25910","261689","Processing","2021-07-07 11:20:26",NULL,NULL,NULL,"25"
"97023","67046","53573","10682","262069","Processing","2021-05-10 08:25:57",NULL,NULL,NULL,"25"
"97515","67392","53852","11313","263419","Processing","2021-05-24 03:32:46",NULL,NULL,NULL,"25"
"97559","67423","53876","16161","263540","Processing","2021-12-25 14:53:22",NULL,NULL,NULL,"25"
"97560","67423","53876","18398","263544","Processing","2021-12-21 14:17:56",NULL,NULL,NULL,"25"
"97813","67598","54022","25772","264232","Processing","2022-06-19 00:19:57",NULL,NULL,NULL,"25"
"97877","67639","54046","3623","264408","Processing","2022-01-09 09:55:02",NULL,NULL,NULL,"25"
"97903","67658","54063","24160","264481","Processing","2022-05-19 01:19:04",NULL,NULL,NULL,"25"
"98006","67731","54112","18431","264756","Processing","2022-07-16 02:14:14",NULL,NULL,NULL,"25"
"98007","67731","54112","16625","264759","Processing","2022-07-16 02:30:19",NULL,NULL,NULL,"25"
"98014","67735","54116","26360","264779","Processing","2022-09-01 07:58:13.294467",NULL,NULL,NULL,"25"
"98149","67821","54190","17188","265136","Processing","2022-02-13 06:51:39",NULL,NULL,NULL,"25"
"98152","67821","54190","25406","265143","Processing","2022-02-13 03:21:12",NULL,NULL,NULL,"25"
"98833","68290","54597","16879","266978","Processing","2021-06-01 04:22:18",NULL,NULL,NULL,"25"
"98965","68380","54674","28100","267336","Processing","2022-04-13 14:22:30",NULL,NULL,NULL,"25"
"99146","68507","54775","6712","267820","Processing","2022-04-11 23:04:54",NULL,NULL,NULL,"25"
"99395","68690","54922","26522","268483","Processing","2021-04-26 03:18:16",NULL,NULL,NULL,"25"
"99437","68717","54943","27224","268593","Processing","2021-01-02 14:34:16",NULL,NULL,NULL,"25"
"99476","68742","54960","22027","268700","Processing","2021-05-11 14:28:32",NULL,NULL,NULL,"25"
"99744","68944","55124","12518","269414","Processing","2022-07-13 16:29:04",NULL,NULL,NULL,"25"
"99942","69080","55235","5305","269946","Processing","2020-06-24 00:26:57",NULL,NULL,NULL,"25"
"100009","69124","55272","1638","270119","Processing","2022-04-19 01:09:38",NULL,NULL,NULL,"25"
"100072","69161","55299","28164","270291","Processing","2020-03-18 13:59:30",NULL,NULL,NULL,"25"
"100157","69219","55348","16222","270510","Processing","2020-04-16 08:16:47",NULL,NULL,NULL,"25"
"100201","69252","55378","18780","270621","Processing","2021-11-24 09:43:11",NULL,NULL,NULL,"25"
"100450","69414","55510","13765","271288","Processing","2022-07-23 08:24:21",NULL,NULL,NULL,"25"
"100537","69477","55573","6481","271510","Processing","2022-09-03 02:22:05",NULL,NULL,NULL,"25"
"100666","69564","55634","18315","271866","Processing","2021-05-03 01:50:44",NULL,NULL,NULL,"25"
"100680","69573","55643","19199","271905","Processing","2020-07-01 16:33:13",NULL,NULL,NULL,"25"
"100859","69705","55740","26613","272404","Processing","2020-04-08 23:03:53",NULL,NULL,NULL,"25"
"100864","69709","55744","6733","272418","Processing","2020-11-22 22:56:03",NULL,NULL,NULL,"25"
"100902","69735","55764","15538","272528","Processing","2021-01-09 15:21:00",NULL,NULL,NULL,"25"
"101004","69803","55815","24822","272788","Processing","2021-03-20 04:13:03",NULL,NULL,NULL,"25"
"101384","70063","56011","25690","273812","Processing","2022-03-03 08:32:30",NULL,NULL,NULL,"25"
"101803","70350","56251","1424","274935","Processing","2021-11-05 09:15:44",NULL,NULL,NULL,"25"
"101821","70362","56260","26052","274985","Processing","2021-12-02 11:49:39",NULL,NULL,NULL,"25"
"101989","70480","56351","26522","275458","Processing","2021-07-14 15:38:02",NULL,NULL,NULL,"25"
"102293","70685","56520","16357","276298","Processing","2020-08-01 13:35:53",NULL,NULL,NULL,"25"
"102489","70819","56618","18551","276845","Processing","2022-04-03 06:04:31",NULL,NULL,NULL,"25"
"102560","70870","56651","18167","277031","Processing","2021-08-03 08:10:12",NULL,NULL,NULL,"25"
"103152","71272","56970","26915","278622","Processing","2022-04-24 03:25:03",NULL,NULL,NULL,"25"
"103172","71288","56980","7464","278671","Processing","2020-03-03 10:54:15",NULL,NULL,NULL,"25"
"103612","71608","57250","25542","279884","Processing","2022-06-25 22:02:58",NULL,NULL,NULL,"25"
"103660","71638","57280","10967","280019","Processing","2021-05-29 11:48:43",NULL,NULL,NULL,"25"
"103898","71807","57419","18870","280662","Processing","2022-05-23 12:46:13",NULL,NULL,NULL,"25"
"103993","71862","57466","25495","280917","Processing","2021-09-11 13:37:09",NULL,NULL,NULL,"25"
"104079","71925","57511","663","281135","Processing","2022-07-31 03:41:37",NULL,NULL,NULL,"25"
"104395","72133","57669","26303","282003","Processing","2022-08-19 21:39:48",NULL,NULL,NULL,"25"
"104463","72178","57701","5498","282185","Processing","2022-08-30 12:24:14",NULL,NULL,NULL,"25"
"104674","72332","57831","14559","282740","Processing","2022-06-28 13:27:06",NULL,NULL,NULL,"25"
"104694","72341","57841","7277","282790","Processing","2022-07-24 12:32:55",NULL,NULL,NULL,"25"
"104816","72423","57907","9698","283130","Processing","2022-01-04 07:43:14",NULL,NULL,NULL,"25"
"104917","72496","57957","16879","283404","Processing","2020-09-30 16:19:10",NULL,NULL,NULL,"25"
"105161","72675","58113","26771","284046","Processing","2021-04-30 17:21:12",NULL,NULL,NULL,"25"
"105477","72875","58290","16158","284895","Processing","2021-05-21 20:48:49",NULL,NULL,NULL,"25"
"105559","72936","58338","23668","285109","Processing","2022-08-11 05:13:01",NULL,NULL,NULL,"25"
"105564","72938","58339","18315","285123","Processing","2021-11-16 04:41:03",NULL,NULL,NULL,"25"
"105572","72944","58347","25930","285148","Processing","2022-01-02 14:21:35",NULL,NULL,NULL,"25"
"105888","73174","58534","20676","286024","Processing","2022-06-01 03:34:37",NULL,NULL,NULL,"25"
"106063","73302","58640","10900","286489","Processing","2021-10-14 14:10:58",NULL,NULL,NULL,"25"
"106111","73333","58661","23313","286618","Processing","2021-12-06 04:13:35",NULL,NULL,NULL,"25"
"106146","73358","58676","28361","286716","Processing","2022-04-28 23:48:58",NULL,NULL,NULL,"25"
"106240","73419","58730","27680","286960","Processing","2022-09-02 10:54:53",NULL,NULL,NULL,"25"
"106345","73490","58769","13628","287252","Processing","2020-06-02 03:32:02",NULL,NULL,NULL,"25"
"107218","74078","59223","27041","289602","Processing","2020-01-16 16:59:56",NULL,NULL,NULL,"25"
"107477","74256","59366","20676","290299","Processing","2022-08-31 10:07:25",NULL,NULL,NULL,"25"
"107531","74296","59398","18500","290453","Processing","2021-02-07 00:26:05",NULL,NULL,NULL,"25"
"107911","74549","59600","26581","291494","Processing","2021-12-17 02:41:00",NULL,NULL,NULL,"25"
"107965","74585","59623","28708","291645","Processing","2021-01-13 09:14:25",NULL,NULL,NULL,"25"
"108102","74679","59717","168","292028","Processing","2021-03-30 07:31:48",NULL,NULL,NULL,"25"
"108169","74726","59755","17188","292210","Processing","2020-12-14 13:18:21",NULL,NULL,NULL,"25"
"108251","74783","59801","18338","292432","Processing","2022-01-21 01:10:08",NULL,NULL,NULL,"25"
"108308","74826","59837","16507","292579","Processing","2022-09-03 10:23:05",NULL,NULL,NULL,"25"
"108391","74884","59879","11103","292798","Processing","2021-06-25 08:47:35",NULL,NULL,NULL,"25"
"108413","74896","59891","26718","292854","Processing","2022-06-16 15:30:32",NULL,NULL,NULL,"25"
"109099","75365","60254","18572","294701","Processing","2022-08-22 12:46:14",NULL,NULL,NULL,"25"
"109115","75377","60263","26490","294739","Processing","2022-05-14 01:58:57",NULL,NULL,NULL,"25"
"109234","75454","60322","26598","295061","Processing","2021-03-12 00:32:53",NULL,NULL,NULL,"25"
"109326","75521","60374","26639","295306","Processing","2022-05-26 04:54:55",NULL,NULL,NULL,"25"
"109507","75648","60467","370","295793","Processing","2020-07-02 14:12:00",NULL,NULL,NULL,"25"
"110094","76047","60814","6081","297370","Processing","2021-11-12 14:07:22",NULL,NULL,NULL,"25"
"110136","76078","60835","18597","297478","Processing","2022-02-02 07:18:22",NULL,NULL,NULL,"25"
"110139","76080","60837","25482","297485","Processing","2021-03-07 04:16:40",NULL,NULL,NULL,"25"
"110168","76104","60858","16679","297556","Processing","2022-09-04 10:24:46.321682",NULL,NULL,NULL,"25"
"110218","76139","60883","24596","297689","Processing","2020-02-16 23:22:06",NULL,NULL,NULL,"25"
"110353","76231","60956","16556","298036","Processing","2022-05-21 07:23:47",NULL,NULL,NULL,"25"
"110420","76274","61000","26748","298211","Processing","2022-06-08 07:41:04",NULL,NULL,NULL,"25"
"110494","76325","61045","15317","298416","Processing","2022-09-03 15:02:25",NULL,NULL,NULL,"25"
"110497","76327","61046","16507","298424","Processing","2021-07-06 02:32:33",NULL,NULL,NULL,"25"
"110559","76370","61078","26082","298590","Processing","2022-03-11 09:18:00",NULL,NULL,NULL,"25"
"110706","76470","61156","17473","298971","Processing","2022-02-02 02:57:42",NULL,NULL,NULL,"25"
"110847","76573","61248","5203","299367","Processing","2022-04-10 09:35:12",NULL,NULL,NULL,"25"
"111032","76708","61361","445","299867","Processing","2022-09-05 05:32:01",NULL,NULL,NULL,"25"
"111163","76803","61440","25628","300220","Processing","2022-03-27 02:19:06",NULL,NULL,NULL,"25"
"111494","77024","61627","9697","301110","Processing","2022-08-17 11:12:31",NULL,NULL,NULL,"25"
"111586","77083","61664","9957","301363","Processing","2019-05-22 00:35:57",NULL,NULL,NULL,"25"
"111678","77143","61721","24586","301616","Processing","2022-08-25 13:14:18",NULL,NULL,NULL,"25"
"111719","77174","61749","6346","301726","Processing","2020-02-03 00:40:15",NULL,NULL,NULL,"25"
"111723","77177","61752","18768","301739","Processing","2021-11-08 09:20:36",NULL,NULL,NULL,"25"
"112019","77374","61907","25851","302552","Processing","2020-08-10 18:02:26",NULL,NULL,NULL,"25"
"112449","77669","62130","27217","303720","Processing","2019-12-20 12:15:58",NULL,NULL,NULL,"25"
"112668","77822","62246","22935","304315","Processing","2022-07-03 04:47:48",NULL,NULL,NULL,"25"
"112982","78040","62429","11192","305169","Processing","2021-11-06 02:10:45",NULL,NULL,NULL,"25"
"113013","78067","62451","2545","305253","Processing","2020-08-19 20:22:27",NULL,NULL,NULL,"25"
"113093","78117","62486","26742","305464","Processing","2022-04-23 13:59:31",NULL,NULL,NULL,"25"
"113463","78384","62685","25635","306451","Processing","2020-08-13 10:59:58",NULL,NULL,NULL,"25"
"113502","78409","62703","10803","306553","Processing","2022-08-23 13:12:09",NULL,NULL,NULL,"25"
"113613","78487","62767","23668","306851","Processing","2020-06-14 08:06:11",NULL,NULL,NULL,"25"
"113680","78532","62802","17017","307028","Processing","2021-07-09 10:50:02",NULL,NULL,NULL,"25"
"113741","78575","62833","26483","307191","Processing","2021-07-26 04:07:09",NULL,NULL,NULL,"25"
"113805","78613","62869","10118","307374","Processing","2021-02-06 00:47:48",NULL,NULL,NULL,"25"
"113889","78666","62909","22893","307598","Processing","2022-08-27 10:51:02",NULL,NULL,NULL,"25"
"113951","78706","62946","6822","307772","Processing","2022-05-19 18:50:25",NULL,NULL,NULL,"25"
"114004","78743","62974","26366","307910","Processing","2020-10-31 05:24:53",NULL,NULL,NULL,"25"
"114250","78910","63117","25772","308572","Processing","2022-09-08 03:28:55.907082",NULL,NULL,NULL,"25"
"114276","78930","63136","27957","308640","Processing","2022-07-31 05:04:41",NULL,NULL,NULL,"25"
"114336","78974","63166","27167","308807","Processing","2020-04-15 00:55:29",NULL,NULL,NULL,"25"
"114489","79078","63247","15997","309227","Processing","2020-01-22 14:06:16",NULL,NULL,NULL,"25"
"114981","79415","63528","27503","310560","Processing","2021-06-15 08:52:48",NULL,NULL,NULL,"25"
"115125","79509","63619","21662","310947","Processing","2021-10-08 11:36:09",NULL,NULL,NULL,"25"
"115195","79555","63652","26190","311130","Processing","2022-07-13 13:35:02",NULL,NULL,NULL,"25"
"115239","79589","63674","6677","311252","Processing","2021-05-04 08:36:03",NULL,NULL,NULL,"25"
"115241","79590","63675","5326","311256","Processing","2021-07-08 02:51:42",NULL,NULL,NULL,"25"
"115251","79596","63680","26022","311279","Processing","2021-12-20 08:06:49",NULL,NULL,NULL,"25"
"115408","79710","63770","5498","311700","Processing","2021-07-10 15:58:36",NULL,NULL,NULL,"25"
"115465","79751","63809","18516","311847","Processing","2021-05-07 23:54:19",NULL,NULL,NULL,"25"
"115687","79891","63935","13276","312433","Processing","2022-06-23 15:45:42",NULL,NULL,NULL,"25"
"115739","79925","63962","15998","312580","Processing","2021-08-22 12:22:23",NULL,NULL,NULL,"25"
"115771","79947","63980","10060","312665","Processing","2019-05-22 03:59:50",NULL,NULL,NULL,"25"
"115861","80009","64029","6679","312911","Processing","2021-07-17 05:57:38",NULL,NULL,NULL,"25"
"115935","80060","64080","25293","313110","Processing","2022-04-14 09:42:59",NULL,NULL,NULL,"25"
"116036","80131","64141","6819","313384","Processing","2021-06-21 06:10:58",NULL,NULL,NULL,"25"
"116133","80194","64191","16299","313653","Processing","2021-02-15 13:07:12",NULL,NULL,NULL,"25"
"116181","80222","64215","13426","313787","Processing","2022-06-15 10:38:40",NULL,NULL,NULL,"25"
"116215","80246","64233","752","313877","Processing","2020-11-30 05:08:39",NULL,NULL,NULL,"25"
"116528","80462","64415","23035","314721","Processing","2022-01-24 07:24:04",NULL,NULL,NULL,"25"
"116578","80494","64448","23190","314859","Processing","2020-12-31 03:40:22",NULL,NULL,NULL,"25"
"116692","80559","64499","7463","315166","Processing","2020-12-02 22:15:21",NULL,NULL,NULL,"25"
"116715","80575","64516","22027","315228","Processing","2022-04-11 04:59:56",NULL,NULL,NULL,"25"
"116826","80656","64575","26009","315508","Processing","2020-08-20 12:49:28",NULL,NULL,NULL,"25"
"116958","80751","64646","15755","315846","Processing","2022-06-26 01:50:14",NULL,NULL,NULL,"25"
"117171","80889","64760","20676","316417","Processing","2020-10-20 01:50:17",NULL,NULL,NULL,"25"
"117180","80892","64763","16299","316438","Processing","2022-07-26 12:11:10",NULL,NULL,NULL,"25"
"117304","80970","64843","27744","316773","Processing","2022-03-22 00:25:54",NULL,NULL,NULL,"25"
"117309","80973","64848","15938","316783","Processing","2022-07-24 07:54:43",NULL,NULL,NULL,"25"
"117402","81038","64900","6683","317029","Processing","2022-09-07 09:59:21.321638",NULL,NULL,NULL,"25"
"117597","81179","65022","6404","317551","Processing","2022-03-24 15:54:28",NULL,NULL,NULL,"25"
"117694","81242","65070","6595","317813","Processing","2021-01-27 23:20:21",NULL,NULL,NULL,"25"
"117989","81442","65220","14436","318609","Processing","2022-05-07 12:18:21",NULL,NULL,NULL,"25"
"118060","81489","65253","16453","318789","Processing","2021-04-09 05:36:02",NULL,NULL,NULL,"25"
"118124","81540","65301","6613","318966","Processing","2021-02-06 15:45:36",NULL,NULL,NULL,"25"
"118287","81656","65384","26180","319396","Processing","2019-04-07 01:44:54",NULL,NULL,NULL,"25"
"118288","81656","65384","16139","319398","Processing","2019-04-08 01:47:48",NULL,NULL,NULL,"25"
"118532","81825","65517","23190","320050","Processing","2022-08-13 09:30:50",NULL,NULL,NULL,"25"
"118557","81840","65526","6467","320114","Processing","2021-10-04 15:20:07",NULL,NULL,NULL,"25"
"118623","81885","65565","25585","320302","Processing","2021-04-10 09:44:08",NULL,NULL,NULL,"25"
"118769","81992","65640","9684","320702","Processing","2022-05-14 07:17:46",NULL,NULL,NULL,"25"
"118816","82027","65666","6821","320826","Processing","2020-12-27 15:54:26",NULL,NULL,NULL,"25"
"118913","82096","65729","24596","321071","Processing","2022-07-15 14:24:52",NULL,NULL,NULL,"25"
"119091","82209","65819","25593","321544","Processing","2022-02-27 07:41:52",NULL,NULL,NULL,"25"
"119376","82405","65974","154","322308","Processing","2021-12-19 15:44:09",NULL,NULL,NULL,"25"
"119397","82419","65984","18282","322364","Processing","2022-03-05 02:40:00",NULL,NULL,NULL,"25"
"119449","82455","66014","6081","322498","Processing","2022-01-16 22:13:11",NULL,NULL,NULL,"25"
"120031","82855","66331","9784","324087","Processing","2020-12-13 13:31:09",NULL,NULL,NULL,"25"
"120034","82857","66332","13216","324096","Processing","2022-05-20 07:25:25",NULL,NULL,NULL,"25"
"120053","82867","66339","23226","324146","Processing","2022-01-09 11:14:54",NULL,NULL,NULL,"25"
"120269","83005","66456","9891","324723","Processing","2020-11-15 09:29:33",NULL,NULL,NULL,"25"
"120385","83080","66517","26050","325046","Processing","2022-06-02 03:17:35",NULL,NULL,NULL,"25"
"120414","83104","66535","27723","325133","Processing","2022-03-26 23:02:43",NULL,NULL,NULL,"25"
"120500","83168","66594","13997","325377","Processing","2020-09-04 01:58:46",NULL,NULL,NULL,"25"
"120638","83257","66670","15997","325735","Processing","2022-01-27 23:02:39",NULL,NULL,NULL,"25"
"120689","83289","66693","26362","325873","Processing","2022-03-23 09:29:59",NULL,NULL,NULL,"25"
"120735","83325","66722","25388","326001","Processing","2021-07-06 04:58:18",NULL,NULL,NULL,"25"
"120798","83371","66753","26140","326169","Processing","2022-08-01 02:37:37",NULL,NULL,NULL,"25"
"120868","83416","66792","5305","326347","Processing","2021-01-16 22:26:04",NULL,NULL,NULL,"25"
"121426","83801","67088","8914","327858","Processing","2021-07-17 07:41:49",NULL,NULL,NULL,"25"
"121703","83977","67235","27167","328606","Processing","2021-09-17 08:18:57",NULL,NULL,NULL,"25"
"121885","84096","67322","6444","329095","Processing","2022-08-20 03:10:07",NULL,NULL,NULL,"25"
"121896","84102","67327","28291","329126","Processing","2021-04-26 10:59:46",NULL,NULL,NULL,"25"
"122157","84272","67465","6489","329825","Processing","2022-04-18 15:13:11",NULL,NULL,NULL,"25"
"122259","84338","67518","26221","330105","Processing","2022-08-04 10:26:56",NULL,NULL,NULL,"25"
"122551","84551","67678","24775","330898","Processing","2021-09-11 02:04:47",NULL,NULL,NULL,"25"
"122665","84629","67735","16162","331208","Processing","2022-01-26 10:28:42",NULL,NULL,NULL,"25"
"122813","84734","67812","26668","331617","Processing","2022-08-02 03:23:54",NULL,NULL,NULL,"25"
"122961","84826","67889","7371","332025","Processing","2022-02-23 01:19:19",NULL,NULL,NULL,"25"
"123085","84915","67955","16528","332351","Processing","2021-08-18 10:22:51",NULL,NULL,NULL,"25"
"123121","84939","67969","27480","332440","Processing","2022-03-05 01:27:03",NULL,NULL,NULL,"25"
"123239","85024","68036","20924","332753","Processing","2020-10-30 21:56:15",NULL,NULL,NULL,"25"
"123427","85160","68157","18516","333249","Processing","2022-08-19 06:50:56",NULL,NULL,NULL,"25"
"123452","85180","68170","15027","333317","Processing","2022-06-27 07:16:56",NULL,NULL,NULL,"25"
"123855","85445","68373","24891","334387","Processing","2020-05-09 17:56:41",NULL,NULL,NULL,"25"
"123864","85452","68379","14578","334410","Processing","2021-05-21 15:44:10",NULL,NULL,NULL,"25"
"123891","85468","68389","26312","334478","Processing","2022-07-14 06:09:43",NULL,NULL,NULL,"25"
"123928","85492","68404","5450","334574","Processing","2021-11-23 06:48:49",NULL,NULL,NULL,"25"
"123935","85498","68408","5352","334591","Processing","2022-02-24 04:37:27",NULL,NULL,NULL,"25"
"123970","85518","68428","26587","334688","Processing","2021-02-27 08:37:56",NULL,NULL,NULL,"25"
"124120","85623","68518","16139","335088","Processing","2020-10-03 18:36:40",NULL,NULL,NULL,"25"
"124134","85634","68524","18623","335127","Processing","2022-08-24 07:42:42",NULL,NULL,NULL,"25"
"124189","85676","68563","16453","335268","Processing","2020-02-09 02:43:34",NULL,NULL,NULL,"25"
"124375","85801","68669","3946","335755","Processing","2022-07-16 11:45:08",NULL,NULL,NULL,"25"
"124430","85841","68705","25126","335906","Processing","2022-03-12 10:55:43",NULL,NULL,NULL,"25"
"125037","86260","69022","9089","337584","Processing","2020-08-03 14:25:50",NULL,NULL,NULL,"25"
"125290","86430","69167","1893","338272","Processing","2022-06-07 22:17:54",NULL,NULL,NULL,"25"
"125404","86510","69231","768","338572","Processing","2022-07-22 00:23:00",NULL,NULL,NULL,"25"
"125957","86874","69523","25531","340069","Processing","2022-09-02 22:42:02.472218",NULL,NULL,NULL,"25"
"125985","86892","69538","22801","340148","Processing","2021-02-27 17:14:28",NULL,NULL,NULL,"25"
"126008","86907","69553","6632","340212","Processing","2022-08-31 07:47:15",NULL,NULL,NULL,"25"
"126251","87082","69692","2886","340876","Processing","2022-03-20 23:09:10",NULL,NULL,NULL,"25"
"126633","87340","69907","26221","341915","Processing","2022-08-25 11:23:35",NULL,NULL,NULL,"25"
"126691","87380","69942","27682","342071","Processing","2022-08-01 02:44:21",NULL,NULL,NULL,"25"
"126706","87389","69950","2442","342113","Processing","2022-06-23 13:07:20",NULL,NULL,NULL,"25"
"126810","87460","70011","7371","342395","Processing","2022-07-22 09:23:45",NULL,NULL,NULL,"25"
"126825","87471","70022","12209","342432","Processing","2022-02-26 12:03:28",NULL,NULL,NULL,"25"
"126900","87524","70066","6602","342635","Processing","2022-08-11 11:34:59",NULL,NULL,NULL,"25"
"126901","87525","70067","25468","342637","Processing","2022-06-30 02:19:46",NULL,NULL,NULL,"25"
"127013","87599","70135","637","342945","Processing","2021-03-14 05:27:25",NULL,NULL,NULL,"25"
"127015","87599","70135","11425","342949","Processing","2021-03-16 04:31:32",NULL,NULL,NULL,"25"
"127044","87614","70146","14633","343027","Processing","2022-09-04 09:29:16.340709",NULL,NULL,NULL,"25"
"127142","87683","70194","14763","343284","Processing","2022-02-15 09:10:33",NULL,NULL,NULL,"25"
"127224","87737","70238","5377","343484","Processing","2021-03-13 12:51:08",NULL,NULL,NULL,"25"
"127266","87768","70271","18195","343587","Processing","2022-05-26 07:48:35",NULL,NULL,NULL,"25"
"127909","88216","70645","17068","345355","Processing","2021-07-29 17:32:02",NULL,NULL,NULL,"25"
"127910","88216","70645","22429","345357","Processing","2021-07-30 17:08:27",NULL,NULL,NULL,"25"
"128079","88333","70744","26050","345826","Processing","2022-06-19 15:19:08",NULL,NULL,NULL,"25"
"128222","88431","70830","8925","346212","Processing","2022-02-19 02:01:33",NULL,NULL,NULL,"25"
"128291","88478","70875","23940","346401","Processing","2022-09-03 14:38:54.56886",NULL,NULL,NULL,"25"
"128432","88582","70955","10724","346783","Processing","2022-03-02 06:07:45",NULL,NULL,NULL,"25"
"128483","88613","70979","10803","346929","Processing","2022-04-07 10:21:15",NULL,NULL,NULL,"25"
"128699","88763","71092","6429","347505","Processing","2020-04-02 05:49:21",NULL,NULL,NULL,"25"
"128722","88779","71109","6821","347571","Processing","2022-08-25 01:05:12",NULL,NULL,NULL,"25"
"128745","88792","71123","17376","347631","Processing","2021-12-14 16:30:53",NULL,NULL,NULL,"25"
"128763","88804","71132","10249","347677","Processing","2020-12-18 06:34:06",NULL,NULL,NULL,"25"
"128781","88815","71142","6335","347719","Processing","2022-09-03 05:44:40",NULL,NULL,NULL,"25"
"129036","88988","71293","16782","348415","Processing","2022-07-13 22:55:42",NULL,NULL,NULL,"25"
"129062","89001","71304","1923","348493","Processing","2022-04-21 00:58:21",NULL,NULL,NULL,"25"
"129067","89004","71308","16908","348508","Processing","2022-07-04 05:26:47",NULL,NULL,NULL,"25"
"129115","89041","71333","10682","348638","Processing","2021-03-08 09:41:59",NULL,NULL,NULL,"25"
"129282","89158","71426","26004","349092","Processing","2022-02-08 22:54:29",NULL,NULL,NULL,"25"
"129297","89168","71436","16300","349129","Processing","2022-07-02 10:06:35",NULL,NULL,NULL,"25"
"129420","89253","71499","22957","349451","Processing","2022-06-19 00:39:01",NULL,NULL,NULL,"25"
"129499","89312","71549","12209","349657","Processing","2022-01-10 03:24:25",NULL,NULL,NULL,"25"
"129690","89446","71652","9984","350149","Processing","2020-08-05 07:09:55",NULL,NULL,NULL,"25"
"130144","89762","71888","27727","351385","Processing","2021-02-14 02:43:00",NULL,NULL,NULL,"25"
"130350","89906","72021","25610","351945","Processing","2021-06-30 01:01:03",NULL,NULL,NULL,"25"
"130399","89939","72048","716","352078","Processing","2020-08-30 09:36:46",NULL,NULL,NULL,"25"
"130616","90097","72157","26664","352660","Processing","2022-07-09 09:47:47",NULL,NULL,NULL,"25"
"130719","90173","72213","9258","352953","Processing","2022-03-30 22:37:02",NULL,NULL,NULL,"25"
"130750","90193","72229","26483","353035","Processing","2022-09-05 02:37:50.902232",NULL,NULL,NULL,"25"
"130864","90268","72291","25217","353340","Processing","2021-07-04 05:56:13",NULL,NULL,NULL,"25"
"130886","90286","72307","6307","353399","Processing","2022-08-16 06:20:03",NULL,NULL,NULL,"25"
"130942","90327","72339","21922","353551","Processing","2022-09-07 15:53:20",NULL,NULL,NULL,"25"
"130998","90367","72381","13216","353705","Processing","2022-03-16 08:31:30",NULL,NULL,NULL,"25"
"131197","90493","72492","20924","354235","Processing","2022-02-07 03:08:54",NULL,NULL,NULL,"25"
"131198","90494","72493","22379","354237","Processing","2022-07-05 22:59:04",NULL,NULL,NULL,"25"
"131376","90622","72605","22020","354714","Processing","2022-03-14 05:28:04",NULL,NULL,NULL,"25"
"131382","90628","72611","26053","354732","Processing","2022-07-09 10:57:09",NULL,NULL,NULL,"25"
"131402","90640","72621","14007","354792","Processing","2021-03-25 23:01:11",NULL,NULL,NULL,"25"
"131684","90837","72762","7201","355549","Processing","2022-05-08 06:24:07",NULL,NULL,NULL,"25"
"131840","90947","72851","16904","355963","Processing","2020-05-30 12:34:12",NULL,NULL,NULL,"25"
"131884","90980","72877","26366","356079","Processing","2022-05-05 07:05:04",NULL,NULL,NULL,"25"
"132000","91062","72944","6198","356399","Processing","2021-02-16 15:25:03",NULL,NULL,NULL,"25"
"132042","91091","72961","26528","356509","Processing","2021-11-27 15:01:18",NULL,NULL,NULL,"25"
"132141","91158","73005","25776","356791","Processing","2022-07-16 16:15:23",NULL,NULL,NULL,"25"
"132163","91175","73017","9784","356857","Processing","2021-03-18 01:14:26",NULL,NULL,NULL,"25"
"132222","91214","73039","24795","357015","Processing","2021-09-05 01:43:09",NULL,NULL,NULL,"25"
"132517","91408","73199","9698","357824","Processing","2021-04-05 13:54:13",NULL,NULL,NULL,"25"
"132691","91532","73302","25992","358310","Processing","2022-03-18 07:44:21",NULL,NULL,NULL,"25"
"132711","91547","73319","18258","358365","Processing","2022-07-06 09:29:45",NULL,NULL,NULL,"25"
"132741","91572","73343","7162","358447","Processing","2021-11-04 00:54:58",NULL,NULL,NULL,"25"
"132814","91627","73392","18755","358644","Processing","2021-02-02 10:13:51",NULL,NULL,NULL,"25"
"133039","91793","73527","16162","359254","Processing","2021-02-17 17:58:50",NULL,NULL,NULL,"25"
"133044","91797","73529","26613","359266","Processing","2022-06-24 01:55:01",NULL,NULL,NULL,"25"
"133126","91859","73578","16285","359472","Processing","2021-03-04 23:41:48",NULL,NULL,NULL,"25"
"133142","91870","73589","2602","359513","Processing","2021-08-08 03:17:38",NULL,NULL,NULL,"25"
"133254","91948","73645","21759","359811","Processing","2021-02-25 14:42:08",NULL,NULL,NULL,"25"
"133270","91958","73654","28849","359854","Processing","2020-11-04 16:14:38",NULL,NULL,NULL,"25"
"133276","91963","73658","11433","359870","Processing","2019-08-17 14:46:05",NULL,NULL,NULL,"25"
"133551","92140","73797","16879","360625","Processing","2021-07-05 15:13:17",NULL,NULL,NULL,"25"
"133786","92308","73938","18442","361262","Processing","2021-09-19 03:05:28",NULL,NULL,NULL,"25"
"134154","92569","74154","2929","362243","Processing","2021-08-17 02:48:06",NULL,NULL,NULL,"25"
"134156","92569","74154","10231","362248","Processing","2021-08-19 03:53:48",NULL,NULL,NULL,"25"
"134229","92617","74198","27363","362451","Processing","2019-11-06 01:06:42",NULL,NULL,NULL,"25"
"134346","92692","74257","27680","362765","Processing","2019-11-19 06:56:27",NULL,NULL,NULL,"25"
"134584","92855","74393","25581","363432","Processing","2019-07-18 05:45:55",NULL,NULL,NULL,"25"
"134610","92873","74410","9311","363501","Processing","2022-08-23 23:38:26",NULL,NULL,NULL,"25"
"134764","92967","74475","28924","363918","Processing","2022-06-24 15:14:12",NULL,NULL,NULL,"25"
"134785","92983","74481","16691","363978","Processing","2022-05-23 22:58:15",NULL,NULL,NULL,"25"
"134786","92983","74481","23377","363981","Processing","2022-05-28 01:27:04",NULL,NULL,NULL,"25"
"134846","93033","74531","27417","364139","Processing","2022-06-20 01:01:31",NULL,NULL,NULL,"25"
"135073","93188","74659","22754","364749","Processing","2021-04-26 03:39:39",NULL,NULL,NULL,"25"
"135092","93202","74666","26561","364808","Processing","2020-04-17 05:17:40",NULL,NULL,NULL,"25"
"135252","93323","74761","6577","365234","Processing","2020-10-29 11:41:47",NULL,NULL,NULL,"25"
"135419","93442","74865","25823","365686","Processing","2021-11-14 06:57:25",NULL,NULL,NULL,"25"
"135677","93631","75011","11433","366383","Processing","2022-08-04 01:04:20",NULL,NULL,NULL,"25"
"135759","93686","75067","26369","366605","Processing","2020-12-23 12:02:35",NULL,NULL,NULL,"25"
"135771","93693","75072","26579","366635","Processing","2020-01-04 17:38:52",NULL,NULL,NULL,"25"
"135896","93776","75151","6761","366961","Processing","2021-08-24 16:08:18",NULL,NULL,NULL,"25"
"136189","93982","75322","16885","367759","Processing","2022-02-05 13:09:30",NULL,NULL,NULL,"25"
"136299","94059","75389","16889","368050","Processing","2021-07-13 09:22:04",NULL,NULL,NULL,"25"
"136516","94209","75512","7356","368622","Processing","2021-10-22 08:18:34",NULL,NULL,NULL,"25"
"136625","94279","75564","6416","368919","Processing","2021-09-19 16:10:16",NULL,NULL,NULL,"25"
"137422","94820","76006","26848","371059","Processing","2021-04-08 07:21:10",NULL,NULL,NULL,"25"
"137435","94826","76010","26779","371090","Processing","2022-03-17 04:47:33",NULL,NULL,NULL,"25"
"137549","94911","76078","17115","371402","Processing","2021-11-27 10:20:06",NULL,NULL,NULL,"25"
"137600","94947","76107","25861","371529","Processing","2022-02-19 14:11:59",NULL,NULL,NULL,"25"
"137638","94974","76127","18202","371629","Processing","2022-07-02 09:05:56",NULL,NULL,NULL,"25"
"137918","95177","76295","11949","372393","Processing","2022-08-01 18:04:06",NULL,NULL,NULL,"25"
"138057","95270","76377","24373","372777","Processing","2019-03-06 23:27:11",NULL,NULL,NULL,"25"
"138135","95322","76412","16760","372997","Processing","2021-09-07 04:31:52",NULL,NULL,NULL,"25"
"138197","95359","76442","13765","373165","Processing","2021-12-15 10:50:53",NULL,NULL,NULL,"25"
"138212","95370","76450","25725","373206","Processing","2021-08-08 14:55:51",NULL,NULL,NULL,"25"
"138469","95550","76609","9463","373906","Processing","2022-06-19 10:02:51",NULL,NULL,NULL,"25"
"138548","95606","76655","9956","374122","Processing","2021-09-12 15:25:33",NULL,NULL,NULL,"25"
"138575","95625","76669","26021","374201","Processing","2022-03-19 02:15:57",NULL,NULL,NULL,"25"
"138623","95658","76691","6454","374320","Processing","2021-02-06 06:53:27",NULL,NULL,NULL,"25"
"138892","95847","76850","26830","375055","Processing","2021-11-24 04:37:27",NULL,NULL,NULL,"25"
"139035","95939","76926","13449","375449","Processing","2022-04-15 14:35:40",NULL,NULL,NULL,"25"
"139224","96060","77025","28997","375963","Processing","2022-08-13 10:35:11",NULL,NULL,NULL,"25"
"139414","96186","77135","18431","376479","Processing","2021-12-27 00:24:55",NULL,NULL,NULL,"25"
"139422","96190","77138","24919","376501","Processing","2022-01-17 08:11:24",NULL,NULL,NULL,"25"
"139537","96262","77206","6335","376798","Processing","2022-02-21 22:52:09",NULL,NULL,NULL,"25"
"139653","96337","77259","23313","377105","Processing","2022-06-30 17:08:28",NULL,NULL,NULL,"25"
"139682","96356","77272","26137","377177","Processing","2019-10-03 03:53:23",NULL,NULL,NULL,"25"
"139704","96374","77281","23193","377234","Processing","2021-07-09 00:41:29",NULL,NULL,NULL,"25"
"139722","96389","77291","2952","377282","Processing","2022-07-29 16:35:28",NULL,NULL,NULL,"25"
"139856","96476","77360","9577","377649","Processing","2022-03-15 00:08:33",NULL,NULL,NULL,"25"
"139938","96530","77409","25585","377863","Processing","2022-08-16 02:37:51",NULL,NULL,NULL,"25"
"140157","96690","77536","1821","378448","Processing","2021-07-28 11:40:52",NULL,NULL,NULL,"25"
"140207","96725","77560","25596","378590","Processing","2022-01-19 11:45:53",NULL,NULL,NULL,"25"
"140327","96803","77633","17376","378913","Processing","2022-07-23 12:36:25",NULL,NULL,NULL,"25"
"140470","96895","77702","27978","379303","Processing","2022-06-27 09:33:02",NULL,NULL,NULL,"25"
"140562","96964","77766","26613","379542","Processing","2022-09-05 01:52:28.46725",NULL,NULL,NULL,"25"
"140595","96990","77789","21956","379624","Processing","2021-11-11 08:51:45",NULL,NULL,NULL,"25"
"140639","97014","77804","16904","379738","Processing","2021-01-05 03:55:14",NULL,NULL,NULL,"25"
"140723","97072","77844","11249","379958","Processing","2022-02-16 06:51:18",NULL,NULL,NULL,"25"
"140753","97091","77859","10122","380036","Processing","2022-04-07 15:11:01",NULL,NULL,NULL,"25"
"140809","97129","77901","1638","380190","Processing","2020-03-17 05:02:37",NULL,NULL,NULL,"25"
"141051","97289","78021","6677","380837","Processing","2022-03-01 13:16:00",NULL,NULL,NULL,"25"
"141220","97399","78111","9343","381311","Processing","2021-03-13 12:12:53",NULL,NULL,NULL,"25"
"141411","97543","78231","4886","381834","Processing","2020-11-11 00:30:07",NULL,NULL,NULL,"25"
"141439","97566","78250","6810","381910","Processing","2021-12-05 00:05:45",NULL,NULL,NULL,"25"
"141454","97576","78261","18513","381948","Processing","2020-09-21 13:12:32",NULL,NULL,NULL,"25"
"141496","97605","78275","9958","382066","Processing","2022-05-12 11:11:53",NULL,NULL,NULL,"25"
"141511","97613","78278","692","382105","Processing","2022-09-02 05:02:08",NULL,NULL,NULL,"25"
"141557","97638","78296","27340","382227","Processing","2019-09-03 02:37:18",NULL,NULL,NULL,"25"
"141789","97807","78423","25659","382837","Processing","2022-04-03 10:23:50",NULL,NULL,NULL,"25"
"142055","97984","78569","15500","383557","Processing","2021-01-27 02:52:39",NULL,NULL,NULL,"25"
"142214","98102","78656","27506","383987","Processing","2021-08-22 05:53:02",NULL,NULL,NULL,"25"
"142292","98160","78710","1199","384194","Processing","2021-05-29 06:40:25",NULL,NULL,NULL,"25"
"142939","98623","79067","26274","385939","Processing","2022-08-07 01:58:54",NULL,NULL,NULL,"25"
"143072","98719","79144","549","386304","Processing","2022-04-01 11:09:30",NULL,NULL,NULL,"25"
"143228","98823","79235","6733","386729","Processing","2021-04-12 07:37:55",NULL,NULL,NULL,"25"
"143395","98950","79336","25853","387163","Processing","2022-01-04 08:31:29",NULL,NULL,NULL,"25"
"143512","99027","79403","154","387483","Processing","2022-06-25 00:42:50",NULL,NULL,NULL,"25"
"143743","99183","79518","8395","388090","Processing","2020-08-18 02:04:45",NULL,NULL,NULL,"25"
"143885","99282","79606","6428","388481","Processing","2020-08-28 13:22:28",NULL,NULL,NULL,"25"
"144004","99363","79667","13765","388814","Processing","2021-11-20 10:41:09",NULL,NULL,NULL,"25"
"144006","99364","79668","2099","388819","Processing","2022-06-11 00:52:33",NULL,NULL,NULL,"25"
"144103","99431","79724","6308","389076","Processing","2020-05-29 01:33:07",NULL,NULL,NULL,"25"
"144141","99452","79735","21756","389177","Processing","2022-08-21 05:49:02",NULL,NULL,NULL,"25"
"144162","99464","79748","25516","389234","Processing","2022-06-25 22:38:52",NULL,NULL,NULL,"25"
"144393","99623","79878","14763","389865","Processing","2022-08-16 10:58:09",NULL,NULL,NULL,"25"
"144565","99744","79977","21076","390314","Processing","2020-11-25 12:47:13",NULL,NULL,NULL,"25"
"144922","99995","80190","26273","391300","Processing","2022-06-23 22:12:23",NULL,NULL,NULL,"25"
"145164","100162","80321","26050","391972","Processing","2021-11-21 04:11:57",NULL,NULL,NULL,"25"
"145189","100176","80328","9921","392041","Processing","2022-03-06 14:50:49",NULL,NULL,NULL,"25"
"145456","100357","80475","13426","392770","Processing","2020-05-17 04:20:41",NULL,NULL,NULL,"25"
"145461","100359","80476","11166","392781","Processing","2020-11-24 03:18:51",NULL,NULL,NULL,"25"
"145663","100502","80612","18899","393338","Processing","2020-09-12 06:56:50",NULL,NULL,NULL,"25"
"145828","100628","80732","18442","393778","Processing","2022-02-24 14:13:53",NULL,NULL,NULL,"25"
"145888","100667","80765","26668","393945","Processing","2021-02-27 14:37:39",NULL,NULL,NULL,"25"
"145954","100712","80804","26623","394112","Processing","2020-12-16 14:44:18",NULL,NULL,NULL,"25"
"146228","100897","80949","25233","394859","Processing","2021-03-03 07:13:58",NULL,NULL,NULL,"25"
"146311","100949","80997","16945","395089","Processing","2021-04-02 13:32:52",NULL,NULL,NULL,"25"
"146338","100966","81011","725","395163","Processing","2022-07-29 03:30:13",NULL,NULL,NULL,"25"
"146778","101259","81236","9777","396345","Processing","2021-07-29 11:26:14",NULL,NULL,NULL,"25"
"147070","101463","81388","13413","397118","Processing","2019-10-11 13:40:38",NULL,NULL,NULL,"25"
"147116","101499","81417","12848","397238","Processing","2021-03-18 11:34:43",NULL,NULL,NULL,"25"
"147499","101779","81636","3002","398264","Processing","2020-07-12 01:21:06",NULL,NULL,NULL,"25"
"147709","101927","81749","9301","398825","Processing","2022-09-01 04:14:15",NULL,NULL,NULL,"25"
"147796","101988","81799","26911","399062","Processing","2022-07-06 02:39:26",NULL,NULL,NULL,"25"
"147982","102120","81910","26606","399562","Processing","2022-07-07 08:13:55",NULL,NULL,NULL,"25"
"148138","102221","82003","26082","399993","Processing","2021-11-01 16:32:47",NULL,NULL,NULL,"25"
"148157","102235","82013","6513","400043","Processing","2022-05-15 06:19:42",NULL,NULL,NULL,"25"
"148540","102490","82217","28386","401104","Processing","2022-05-14 05:31:54",NULL,NULL,NULL,"25"
"148701","102608","82311","6444","401550","Processing","2020-09-17 03:15:05",NULL,NULL,NULL,"25"
"148876","102729","82409","20856","402010","Processing","2022-06-30 17:23:24",NULL,NULL,NULL,"25"
"148993","102817","82473","7277","402330","Processing","2022-08-02 14:15:20",NULL,NULL,NULL,"25"
"149157","102937","82566","26970","402781","Processing","2020-02-26 10:56:32",NULL,NULL,NULL,"25"
"149236","102996","82610","3218","402997","Processing","2021-05-25 09:10:49",NULL,NULL,NULL,"25"
"149250","103006","82618","26660","403032","Processing","2021-08-11 09:27:11",NULL,NULL,NULL,"25"
"149368","103089","82693","10125","403347","Processing","2022-07-27 23:49:59",NULL,NULL,NULL,"25"
"149484","103170","82748","9956","403666","Processing","2021-07-27 03:38:21",NULL,NULL,NULL,"25"
"149631","103276","82838","24779","404067","Processing","2021-11-22 21:22:33",NULL,NULL,NULL,"25"
"149904","103454","82984","16153","404818","Processing","2022-08-03 12:10:31",NULL,NULL,NULL,"25"
"150115","103588","83079","6660","405424","Processing","2022-08-02 01:20:27",NULL,NULL,NULL,"25"
"150167","103620","83112","26052","405569","Processing","2022-08-16 09:56:24",NULL,NULL,NULL,"25"
"150523","103869","83325","6542","406532","Processing","2021-10-20 15:21:35",NULL,NULL,NULL,"25"
"150625","103940","83386","15016","406797","Processing","2022-08-09 06:19:38",NULL,NULL,NULL,"25"
"150728","104014","83448","3017","407076","Processing","2021-08-30 10:11:57",NULL,NULL,NULL,"25"
"150759","104033","83460","26797","407161","Processing","2021-07-02 23:54:53",NULL,NULL,NULL,"25"
"150859","104101","83512","11705","407441","Processing","2020-08-01 06:05:17",NULL,NULL,NULL,"25"
"150982","104189","83582","10209","407769","Processing","2021-07-24 14:06:41",NULL,NULL,NULL,"25"
"151249","104359","83726","28400","408480","Processing","2021-11-20 21:59:29",NULL,NULL,NULL,"25"
"151423","104475","83826","549","408951","Processing","2021-11-23 16:07:44",NULL,NULL,NULL,"25"
"151447","104489","83838","18202","409016","Processing","2021-03-11 21:57:58",NULL,NULL,NULL,"25"
"151469","104502","83847","18901","409077","Processing","2022-01-31 11:57:44",NULL,NULL,NULL,"25"
"151540","104544","83883","3073","409274","Processing","2020-08-14 05:15:27",NULL,NULL,NULL,"25"
"151623","104604","83926","15411","409498","Processing","2022-04-23 13:28:23",NULL,NULL,NULL,"25"
"151728","104679","83988","18597","409774","Processing","2021-07-30 07:38:05",NULL,NULL,NULL,"25"
"151829","104752","84053","536","410056","Processing","2021-04-28 12:39:07",NULL,NULL,NULL,"25"
"151990","104870","84153","11313","410480","Processing","2021-11-25 02:29:05",NULL,NULL,NULL,"25"
"152062","104921","84195","27957","410679","Processing","2022-05-18 04:48:07",NULL,NULL,NULL,"25"
"152119","104960","84228","9004","410836","Processing","2022-08-21 04:41:06",NULL,NULL,NULL,"25"
"152125","104965","84234","28427","410853","Processing","2022-06-28 00:13:47",NULL,NULL,NULL,"25"
"152161","104988","84258","26522","410944","Processing","2022-08-19 12:24:48",NULL,NULL,NULL,"25"
"152356","105122","84346","13765","411466","Processing","2022-01-03 03:27:45",NULL,NULL,NULL,"25"
"152479","105206","84409","26542","411791","Processing","2021-12-28 10:31:44",NULL,NULL,NULL,"25"
"152529","105243","84443","26841","411924","Processing","2022-09-05 14:17:17.047445",NULL,NULL,NULL,"25"
"152723","105376","84543","14442","412433","Processing","2020-03-16 15:49:12",NULL,NULL,NULL,"25"
"152790","105416","84573","24795","412614","Processing","2022-03-22 21:18:32",NULL,NULL,NULL,"25"
"153001","105554","84689","18315","413170","Processing","2021-07-01 12:39:09",NULL,NULL,NULL,"25"
"153124","105638","84758","22924","413522","Processing","2022-01-12 09:59:15",NULL,NULL,NULL,"25"
"153146","105650","84765","1638","413577","Processing","2021-12-15 02:07:42",NULL,NULL,NULL,"25"
"153227","105706","84799","27938","413806","Processing","2022-02-06 06:22:19",NULL,NULL,NULL,"25"
"153295","105753","84834","16318","413989","Processing","2022-01-05 04:14:33",NULL,NULL,NULL,"25"
"153317","105771","84848","17017","414052","Processing","2021-04-13 14:04:51",NULL,NULL,NULL,"25"
"153345","105794","84867","26145","414131","Processing","2022-08-31 04:11:21",NULL,NULL,NULL,"25"
"153660","106015","85040","26131","414957","Processing","2020-05-18 08:01:53",NULL,NULL,NULL,"25"
"153666","106020","85043","22935","414971","Processing","2020-02-07 06:48:30",NULL,NULL,NULL,"25"
"153781","106104","85115","4516","415271","Processing","2022-01-23 15:53:20",NULL,NULL,NULL,"25"
"153849","106159","85162","6819","415448","Processing","2021-03-21 15:37:12",NULL,NULL,NULL,"25"
"154037","106284","85248","27601","415961","Processing","2022-08-03 00:27:08",NULL,NULL,NULL,"25"
"154106","106333","85282","23190","416146","Processing","2021-07-06 11:19:13",NULL,NULL,NULL,"25"
"154111","106337","85288","26360","416158","Processing","2022-09-05 16:41:46.157051",NULL,NULL,NULL,"25"
"154154","106363","85313","27682","416269","Processing","2022-01-08 11:09:31",NULL,NULL,NULL,"25"
"154317","106473","85403","6359","416694","Processing","2022-01-30 06:57:51",NULL,NULL,NULL,"25"
"154470","106583","85498","25585","417114","Processing","2020-08-10 17:47:58",NULL,NULL,NULL,"25"
"154693","106736","85638","9714","417723","Processing","2020-10-21 06:04:28",NULL,NULL,NULL,"25"
"154761","106784","85682","15411","417900","Processing","2022-05-03 03:56:40",NULL,NULL,NULL,"25"
"154772","106793","85692","26246","417928","Processing","2021-08-24 06:13:53",NULL,NULL,NULL,"25"
"154871","106861","85742","18319","418197","Processing","2019-07-29 07:29:12",NULL,NULL,NULL,"25"
"155093","107005","85852","25931","418785","Processing","2019-11-19 15:02:48",NULL,NULL,NULL,"25"
"155359","107186","85998","6337","419507","Processing","2021-08-13 14:51:55",NULL,NULL,NULL,"25"
"155379","107201","86007","7162","419557","Processing","2022-01-18 05:02:33",NULL,NULL,NULL,"25"
"155432","107238","86040","725","419699","Processing","2021-07-31 07:08:57",NULL,NULL,NULL,"25"
"155695","107402","86173","23427","420397","Processing","2022-05-20 23:10:35",NULL,NULL,NULL,"25"
"155797","107484","86233","18837","420657","Processing","2022-03-02 12:33:39",NULL,NULL,NULL,"25"
"156199","107746","86430","28920","421744","Processing","2020-09-15 12:14:02",NULL,NULL,NULL,"25"
"156307","107822","86491","27898","422043","Processing","2020-03-31 14:46:16",NULL,NULL,NULL,"25"
"156401","107885","86535","26210","422297","Processing","2021-06-30 16:50:06",NULL,NULL,NULL,"25"
"156448","107920","86567","10221","422411","Processing","2022-05-09 12:30:54",NULL,NULL,NULL,"25"
"156776","108136","86734","24919","423298","Processing","2022-08-10 23:08:01",NULL,NULL,NULL,"25"
"156856","108194","86780","16158","423520","Processing","2021-02-07 04:37:13",NULL,NULL,NULL,"25"
"157132","108386","86919","10798","424263","Processing","2020-12-17 02:31:58",NULL,NULL,NULL,"25"
"157213","108442","86969","27978","424484","Processing","2021-09-29 10:07:03",NULL,NULL,NULL,"25"
"157364","108535","87039","26422","424899","Processing","2020-07-30 06:50:13",NULL,NULL,NULL,"25"
"157405","108563","87061","13628","425004","Processing","2022-07-05 09:23:00",NULL,NULL,NULL,"25"
"157630","108716","87183","26112","425604","Processing","2022-06-24 04:01:35",NULL,NULL,NULL,"25"
"157654","108734","87201","12968","425675","Processing","2022-03-14 06:36:28",NULL,NULL,NULL,"25"
"157783","108825","87283","25473","426018","Processing","2021-03-17 11:47:46",NULL,NULL,NULL,"25"
"158382","109245","87617","9404","427621","Processing","2022-03-22 09:47:50",NULL,NULL,NULL,"25"
"158406","109263","87630","25690","427689","Processing","2021-05-06 11:06:07",NULL,NULL,NULL,"25"
"158430","109276","87643","6688","427755","Processing","2022-05-07 11:16:40",NULL,NULL,NULL,"25"
"158491","109319","87679","25472","427911","Processing","2022-08-16 17:19:04",NULL,NULL,NULL,"25"
"158529","109354","87700","25640","428014","Processing","2021-03-11 06:05:29",NULL,NULL,NULL,"25"
"130025","89683","71833","11827","351078","Shipped","2021-12-15 02:45:09","2021-12-15 08:39:00",NULL,NULL,"36"
"130116","89742","71879","26727","351316","Shipped","2022-05-08 03:29:37","2022-05-09 06:16:00",NULL,NULL,"36"
"131145","90460","72462","13135","354098","Shipped","2021-09-26 11:16:45","2021-09-24 15:57:00",NULL,NULL,"36"
"132967","91745","73488","25789","359052","Shipped","2022-01-19 06:52:04","2022-01-21 16:32:00",NULL,NULL,"36"
"133165","91885","73598","25844","359578","Shipped","2022-06-03 23:38:38","2022-06-06 06:55:00",NULL,NULL,"36"
"133257","91949","73646","25586","359821","Shipped","2022-03-12 08:26:14","2022-03-10 07:18:00",NULL,NULL,"36"
"133354","92013","73703","16236","360086","Shipped","2022-07-12 13:30:06","2022-07-09 17:36:00",NULL,NULL,"36"
"133467","92084","73756","25768","360394","Shipped","2021-03-28 09:50:43","2021-03-28 12:00:00",NULL,NULL,"36"
"133537","92126","73785","10595","360589","Shipped","2022-08-16 13:22:39","2022-08-19 06:03:00",NULL,NULL,"36"
"133642","92208","73853","10533","360868","Shipped","2022-07-11 11:14:37","2022-07-12 02:40:00",NULL,NULL,"36"
"134177","92583","74170","10439","362307","Shipped","2022-07-11 21:27:47","2022-07-12 03:05:00",NULL,NULL,"36"
"134559","92838","74378","18080","363363","Shipped","2022-08-05 21:24:11","2022-08-06 06:06:00",NULL,NULL,"36"
"134674","92914","74438","26100","363676","Shipped","2022-03-13 22:38:08","2022-03-15 18:20:00",NULL,NULL,"36"
"135499","93504","74918","10699","365907","Shipped","2021-05-25 08:37:18","2021-05-24 02:14:00",NULL,NULL,"36"
"135741","93675","75058","11709","366553","Shipped","2022-08-17 06:29:03","2022-08-18 03:10:00",NULL,NULL,"36"
"136241","94018","75354","11271","367900","Shipped","2022-07-10 04:39:16","2022-07-12 21:35:00",NULL,NULL,"36"
"137367","94787","75980","11819","370916","Shipped","2020-03-07 00:54:22","2020-03-03 08:03:00",NULL,NULL,"36"
"137649","94983","76134","10208","371662","Shipped","2022-06-07 22:51:46","2022-06-10 01:00:00",NULL,NULL,"36"
"138545","95603","76653","20895","374115","Shipped","2022-01-20 23:44:11","2022-01-21 13:28:00",NULL,NULL,"36"
"138601","95642","76679","22933","374266","Shipped","2020-09-28 11:30:41","2020-09-29 05:41:00",NULL,NULL,"36"
"138670","95688","76716","16389","374448","Shipped","2022-08-24 03:52:44","2022-08-26 21:17:00",NULL,NULL,"36"
"138828","95798","76808","23042","374875","Shipped","2022-04-24 04:24:40","2022-04-22 14:02:00",NULL,NULL,"36"
"140104","96653","77515","13135","378309","Shipped","2022-09-03 06:38:06","2022-09-02 16:09:00",NULL,NULL,"36"
"140678","97041","77823","10096","379841","Shipped","2021-06-20 14:28:57","2021-06-20 02:54:00",NULL,NULL,"36"
"140760","97098","77868","12555","380059","Shipped","2021-06-26 01:26:49","2021-06-25 05:21:00",NULL,NULL,"36"
"140811","97130","77901","3027","380194","Shipped","2019-08-15 04:49:50","2019-08-13 20:38:00",NULL,NULL,"36"
"141133","97340","78061","11340","381061","Shipped","2022-07-01 05:42:18","2022-07-02 20:18:00",NULL,NULL,"36"
"141406","97539","78226","25264","381822","Shipped","2020-03-26 05:07:53","2020-03-26 14:10:00",NULL,NULL,"36"
"141579","97653","78305","18891","382285","Shipped","2021-03-16 10:28:13","2021-03-17 20:44:00",NULL,NULL,"36"
"141600","97669","78316","23027","382339","Shipped","2021-08-05 03:18:48","2021-08-05 10:08:00",NULL,NULL,"36"
"141689","97733","78358","26749","382577","Shipped","2022-07-03 01:00:19","2022-07-05 09:47:00",NULL,NULL,"36"
"143710","99161","79501","26992","388001","Shipped","2022-05-02 13:40:00","2022-05-04 16:08:00",NULL,NULL,"36"
"144423","99643","79892","9025","389939","Shipped","2021-05-04 10:41:13","2021-05-02 09:16:00",NULL,NULL,"36"
"144677","99821","80036","11810","390631","Shipped","2021-12-27 23:36:18","2021-12-29 10:58:00",NULL,NULL,"36"
"144840","99940","80145","10450","391077","Shipped","2022-03-13 13:09:05","2022-03-14 04:43:00",NULL,NULL,"36"
"145546","100423","80535","638","393015","Shipped","2019-07-31 07:27:24","2019-08-01 11:44:00",NULL,NULL,"36"
"145956","100713","80804","23566","394116","Shipped","2021-10-29 13:43:02","2021-10-29 19:35:00",NULL,NULL,"36"
"146432","101034","81059","3027","395410","Shipped","2022-03-08 05:06:40","2022-03-07 16:05:00",NULL,NULL,"36"
"147730","101940","81766","25366","398881","Shipped","2022-05-15 08:17:35","2022-05-16 23:48:00",NULL,NULL,"36"
"147777","101976","81791","20895","399009","Shipped","2021-12-08 02:22:36","2021-12-08 15:13:00",NULL,NULL,"36"
"149012","102830","82483","2480","402387","Shipped","2021-05-03 23:19:30","2021-05-03 23:55:00",NULL,NULL,"36"
"149324","103057","82663","22766","403229","Shipped","2021-07-28 23:57:03","2021-07-31 01:52:00",NULL,NULL,"36"
"149709","103324","82881","10699","404283","Shipped","2022-05-18 03:58:47","2022-05-19 09:48:00",NULL,NULL,"36"
"149808","103387","82929","26701","404548","Shipped","2021-07-22 00:22:57","2021-07-22 11:07:00",NULL,NULL,"36"
"151239","104353","83720","27584","408456","Shipped","2020-04-08 14:31:07","2020-04-10 13:40:00",NULL,NULL,"36"
"151461","104498","83844","11181","409054","Shipped","2022-06-10 08:26:53","2022-06-09 17:08:00",NULL,NULL,"36"
"151531","104539","83880","11697","409250","Shipped","2019-09-01 10:01:06","2019-09-01 06:50:00",NULL,NULL,"36"
"151678","104645","83964","17486","409644","Shipped","2021-09-04 13:37:35","2021-09-06 01:50:00",NULL,NULL,"36"
"151700","104663","83977","13562","409701","Shipped","2020-09-22 21:05:43","2020-09-25 11:25:00",NULL,NULL,"36"
"151702","104664","83978","17636","409708","Shipped","2022-06-11 16:22:25","2022-06-12 04:56:00",NULL,NULL,"36"
"151840","104761","84061","18184","410085","Shipped","2020-11-30 12:15:09","2020-12-02 05:40:00",NULL,NULL,"36"
"152245","105044","84297","15344","411164","Shipped","2021-04-21 10:06:51","2021-04-21 19:53:00",NULL,NULL,"36"
"152542","105254","84452","10700","411955","Shipped","2020-11-18 12:28:25","2020-11-20 17:52:00",NULL,NULL,"36"
"152877","105475","84616","10692","412846","Shipped","2021-09-12 22:53:53","2021-09-15 22:08:00",NULL,NULL,"36"
"153063","105596","84726","10570","413347","Shipped","2022-04-23 05:47:02","2022-04-25 02:15:00",NULL,NULL,"36"
"153070","105602","84730","12133","413366","Shipped","2022-09-03 04:20:42","2022-09-05 01:24:00",NULL,NULL,"36"
"153134","105642","84759","9588","413550","Shipped","2022-05-23 09:15:49","2022-05-24 22:00:00",NULL,NULL,"36"
"153506","105904","84951","11824","414550","Shipped","2021-03-21 23:31:49","2021-03-22 22:58:00",NULL,NULL,"36"
"154134","106352","85306","11683","416216","Shipped","2022-02-07 11:46:23","2022-02-06 23:23:00",NULL,NULL,"36"
"154512","106613","85520","10705","417226","Shipped","2022-04-01 10:18:02","2022-04-01 03:00:00",NULL,NULL,"36"
"154524","106624","85528","27584","417262","Shipped","2022-02-16 11:29:19","2022-02-18 14:29:00",NULL,NULL,"36"
"155416","107228","86033","1191","419656","Shipped","2019-11-14 04:00:10","2019-11-14 20:09:00",NULL,NULL,"36"
"155646","107371","86147","11683","420268","Shipped","2021-04-23 15:01:07","2021-04-20 23:46:00",NULL,NULL,"36"
"156205","107751","86433","26557","421759","Shipped","2019-09-02 16:23:41","2019-08-29 19:53:00",NULL,NULL,"36"
"156723","108106","86709","2741","423144","Shipped","2022-02-26 15:34:47","2022-03-01 15:51:00",NULL,NULL,"36"
"157462","108602","87092","11697","425158","Shipped","2021-08-05 02:37:33","2021-08-05 15:47:00",NULL,NULL,"36"
"157501","108629","87112","26402","425261","Shipped","2021-02-24 14:15:52","2021-02-22 13:15:00",NULL,NULL,"36"
"157573","108675","87152","10358","425451","Shipped","2021-10-20 13:42:06","2021-10-21 07:20:00",NULL,NULL,"36"
"157921","108928","87369","10358","426387","Shipped","2022-04-17 04:48:33","2022-04-17 21:13:00",NULL,NULL,"36"
"158121","109068","87469","10570","426919","Shipped","2020-07-31 05:13:18","2020-07-30 07:52:00",NULL,NULL,"36"
"159409","109966","88188","6671","430397","Shipped","2021-12-27 11:29:56","2021-12-24 22:12:00",NULL,NULL,"36"
"161137","111146","89108","10452","435057","Shipped","2022-03-18 10:18:19","2022-03-20 20:40:00",NULL,NULL,"36"
"161253","111230","89179","11302","435371","Shipped","2020-03-29 17:19:28","2020-03-31 12:18:00",NULL,NULL,"36"
"162104","111796","89620","11331","437708","Shipped","2020-01-23 21:53:20","2020-01-26 01:49:00",NULL,NULL,"36"
"162112","111802","89625","10541","437731","Shipped","2022-06-12 17:37:18","2022-06-15 17:52:00",NULL,NULL,"36"
"162656","112191","89949","6657","439226","Shipped","2021-06-14 09:40:09","2021-06-15 08:56:00",NULL,NULL,"36"
"162674","112205","89959","11276","439271","Shipped","2020-08-26 15:53:28","2020-08-28 13:48:00",NULL,NULL,"36"
"163419","112717","90383","26593","441267","Shipped","2020-03-21 00:06:15","2020-03-21 06:39:00",NULL,NULL,"36"
"164177","113240","90802","27543","443347","Shipped","2019-07-28 04:41:40","2019-07-27 08:31:00",NULL,NULL,"36"
"165581","114200","91559","7203","447195","Shipped","2022-07-18 01:58:33","2022-07-19 19:26:00",NULL,NULL,"36"
"165697","114279","91617","11890","447512","Shipped","2022-08-14 13:55:26","2022-08-17 13:29:00",NULL,NULL,"36"
"165876","114402","91711","9806","448005","Shipped","2020-06-28 02:10:44","2020-06-28 13:36:00",NULL,NULL,"36"
"166153","114592","91868","17636","448751","Shipped","2021-12-09 21:15:55","2021-12-11 00:19:00",NULL,NULL,"36"
"167963","115834","92866","10699","453567","Shipped","2020-04-17 23:15:48","2020-04-18 16:18:00",NULL,NULL,"36"
"168251","116028","93017","16506","454368","Shipped","2022-02-19 09:56:01","2022-02-22 09:45:00",NULL,NULL,"36"
"168498","116204","93171","25586","455030","Shipped","2021-10-01 02:07:05","2021-10-02 17:34:00",NULL,NULL,"36"
"168710","116348","93276","10208","455597","Shipped","2022-06-15 18:49:13","2022-06-16 02:09:00",NULL,NULL,"36"
"169019","116574","93459","14289","456431","Shipped","2022-08-08 07:30:29","2022-08-09 14:45:00",NULL,NULL,"36"
"169161","116669","93543","10583","456809","Shipped","2021-08-07 04:40:12","2021-08-03 15:56:00",NULL,NULL,"36"
"169471","116876","93703","9405","457639","Shipped","2022-02-24 11:59:47","2022-02-22 09:11:00",NULL,NULL,"36"
"169478","116881","93707","26491","457654","Shipped","2022-07-12 09:38:17","2022-07-15 04:12:00",NULL,NULL,"36"
"169483","116885","93710","10450","457668","Shipped","2022-08-10 07:46:28","2022-08-12 01:25:00",NULL,NULL,"36"
"170022","117243","94014","26491","459135","Shipped","2020-12-26 15:41:33","2020-12-26 22:42:00",NULL,NULL,"36"
"170088","117282","94050","2741","459318","Shipped","2022-07-16 11:01:37","2022-07-16 23:23:00",NULL,NULL,"36"
"170092","117286","94055","12875","459332","Shipped","2019-10-13 13:36:49","2019-10-14 07:32:00",NULL,NULL,"36"
"171554","118286","94861","10705","463313","Shipped","2021-05-05 00:43:00","2021-05-05 12:00:00",NULL,NULL,"36"
"171648","118350","94906","26602","463565","Shipped","2022-07-14 00:11:23","2022-07-10 04:17:00",NULL,NULL,"36"
"172990","119303","95628","15599","467241","Shipped","2022-06-24 03:38:50","2022-06-21 06:04:00",NULL,NULL,"36"
"173184","119439","95759","15482","467746","Shipped","2022-09-03 07:21:50","2022-08-31 17:39:00",NULL,NULL,"36"
"173279","119508","95816","25613","467988","Shipped","2022-08-06 03:36:06","2022-08-03 16:31:00",NULL,NULL,"36"
"173307","119527","95830","18984","468058","Shipped","2021-01-23 15:08:03","2021-01-25 10:31:00",NULL,NULL,"36"
"173598","119740","96006","18891","468804","Shipped","2022-04-06 02:30:44","2022-04-06 21:24:00",NULL,NULL,"36"
"173859","119916","96158","9716","469496","Shipped","2021-08-30 04:47:48","2021-08-30 18:15:00",NULL,NULL,"36"
"173901","119943","96178","16950","469615","Shipped","2021-07-26 23:13:21","2021-07-28 02:12:00",NULL,NULL,"36"
"174516","120365","96513","25509","471262","Shipped","2019-03-29 10:39:15","2019-03-30 08:16:00",NULL,NULL,"36"
"174549","120388","96529","26265","471346","Shipped","2021-08-31 10:30:16","2021-09-01 05:39:00",NULL,NULL,"36"
"174686","120485","96610","25371","471718","Shipped","2022-05-07 07:39:28","2022-05-07 12:59:00",NULL,NULL,"36"
"175188","120810","96854","22070","473114","Shipped","2022-05-05 07:54:51","2022-05-07 01:19:00",NULL,NULL,"36"
"175210","120829","96868","26727","473170","Shipped","2019-11-09 01:15:14","2019-11-10 04:30:00",NULL,NULL,"36"
"175744","121204","97201","27488","474632","Shipped","2019-09-13 23:16:37","2019-09-10 14:53:00",NULL,NULL,"36"
"175782","121230","97221","9581","474733","Shipped","2022-01-30 03:36:44","2022-02-01 11:24:00",NULL,NULL,"36"
"177502","122416","98188","10096","479375","Shipped","2022-01-28 00:54:49","2022-01-30 08:56:00",NULL,NULL,"36"
"177762","122600","98332","26992","480084","Shipped","2022-05-06 12:07:19","2022-05-08 01:15:00",NULL,NULL,"36"
"177832","122651","98381","10657","480262","Shipped","2022-08-06 14:51:41","2022-08-07 04:05:00",NULL,NULL,"36"
"178072","122817","98513","9873","480900","Shipped","2022-07-17 15:54:31","2022-07-17 03:58:00",NULL,NULL,"36"
"178150","122872","98555","25266","481106","Shipped","2021-11-04 04:21:09","2021-11-05 00:13:00",NULL,NULL,"36"
"178244","122938","98605","20895","481356","Shipped","2022-05-06 12:33:21","2022-05-07 20:18:00",NULL,NULL,"36"
"178571","123173","98799","25769","482250","Shipped","2021-10-05 14:26:31","2021-10-04 00:37:00",NULL,NULL,"36"
"178956","123432","99011","26018","483281","Shipped","2021-07-28 17:05:27","2021-07-27 00:56:00",NULL,NULL,"36"
"179638","123894","99376","10352","485115","Shipped","2022-09-03 01:54:50","2022-08-31 15:49:00",NULL,NULL,"36"
"179728","123956","99424","10096","485344","Shipped","2022-07-23 22:00:51","2022-07-23 23:14:00",NULL,NULL,"36"
"179798","123996","99453","26491","485533","Shipped","2022-02-05 06:30:24","2022-02-04 02:50:00",NULL,NULL,"36"
"180283","124318","99706","16236","486846","Shipped","2022-06-19 00:45:25","2022-06-21 14:57:00",NULL,NULL,"36"
"180556","124515","99847","28940","487578","Shipped","2022-08-31 22:31:44.805933","2022-09-01 13:32:22.805933",NULL,NULL,"36"
"180776","124681","99979","16365","488183","Shipped","2022-04-15 04:36:35","2022-04-15 18:13:00",NULL,NULL,"36"
"185","136","110","11340","486","Complete","2022-01-31 00:02:21","2022-02-01 10:12:00","2022-02-02 18:27:00",NULL,"36"
"1382","959","805","25613","3753","Complete","2022-02-12 06:05:18","2022-02-09 18:24:00","2022-02-12 10:46:00",NULL,"36"
"1774","1240","998","10700","4801","Complete","2022-01-18 12:37:42","2022-01-18 15:11:00","2022-01-22 05:15:00",NULL,"36"
"2626","1801","1457","24740","7102","Complete","2020-12-16 14:24:37","2020-12-15 04:33:00","2020-12-16 23:45:00",NULL,"36"
"3014","2051","1653","26562","8154","Complete","2022-04-10 00:00:42","2022-04-12 10:13:00","2022-04-15 05:42:00",NULL,"36"
"3165","2148","1726","20690","8563","Complete","2022-07-13 01:39:39","2022-07-11 03:29:00","2022-07-14 12:01:00",NULL,"36"
"3239","2205","1771","25264","8768","Complete","2022-04-12 14:20:32","2022-04-10 21:21:00","2022-04-11 01:11:00",NULL,"36"
"3546","2399","1938","18984","9590","Complete","2021-09-14 04:18:16","2021-09-16 01:46:00","2021-09-16 18:29:00",NULL,"36"
"3890","2647","2138","10701","10526","Complete","2020-06-22 04:14:39","2020-06-21 09:49:00","2020-06-23 15:22:00",NULL,"36"
"4814","3291","2680","8933","13046","Complete","2022-09-01 21:51:58.606912","2022-09-03 01:48:00.606912","2022-09-03 15:00:00.606912",NULL,"36"
"4962","3382","2755","23114","13430","Complete","2021-07-29 08:07:02","2021-07-28 23:30:00","2021-07-29 05:33:00",NULL,"36"
"5102","3483","2854","10700","13810","Complete","2020-12-31 10:11:34","2020-12-29 20:48:00","2021-01-01 10:56:00",NULL,"36"
"5286","3607","2948","12190","14307","Complete","2022-08-15 08:10:42","2022-08-15 14:41:00","2022-08-16 10:31:00",NULL,"36"
"6043","4116","3341","18080","16345","Complete","2020-04-21 09:29:02","2020-04-23 09:50:00","2020-04-26 11:50:00",NULL,"36"
"6267","4274","3476","25877","16956","Complete","2022-04-25 00:24:06","2022-04-24 09:03:00","2022-04-27 04:49:00",NULL,"36"
"7661","5250","4251","11276","20777","Complete","2022-09-04 23:56:10","2022-09-04 22:21:00","2022-09-06 23:44:00",NULL,"36"
"8727","5989","4850","18184","23667","Complete","2022-08-28 05:24:41","2022-08-29 23:44:00","2022-09-01 05:55:00",NULL,"36"
"9265","6355","5153","10358","25126","Complete","2022-06-16 21:47:41","2022-06-17 15:02:00","2022-06-18 20:32:00",NULL,"36"
"9641","6639","5387","10462","26165","Complete","2022-07-11 01:23:49","2022-07-12 11:58:00","2022-07-12 23:56:00",NULL,"36"
"10843","7449","6062","27428","29391","Complete","2020-12-07 01:43:00","2020-12-06 02:46:00","2020-12-10 15:54:00",NULL,"36"
"11053","7603","6173","11877","29949","Complete","2020-02-07 17:14:40","2020-02-10 04:24:00","2020-02-12 20:27:00",NULL,"36"
"13300","9174","7394","25800","36027","Complete","2022-02-06 13:35:42","2022-02-04 05:53:00","2022-02-08 21:39:00",NULL,"36"
"13777","9494","7639","16356","37338","Complete","2022-06-18 23:03:40","2022-06-16 06:32:00","2022-06-18 23:48:00",NULL,"36"
"13850","9547","7694","16365","37538","Complete","2020-04-20 13:30:05","2020-04-22 11:37:00","2020-04-27 05:36:00",NULL,"36"
"13857","9552","7697","16950","37558","Complete","2021-05-10 07:16:23","2021-05-11 19:03:00","2021-05-14 22:24:00",NULL,"36"
"14569","10027","8064","26992","39470","Complete","2022-08-31 04:10:59","2022-08-31 11:08:00","2022-09-03 22:10:00",NULL,"36"
"14629","10070","8103","9025","39629","Complete","2022-05-27 07:31:27","2022-05-27 15:49:00","2022-05-29 16:24:00",NULL,"36"
"14778","10166","8178","25844","40032","Complete","2021-11-27 06:42:31","2021-11-27 20:30:00","2021-12-01 05:19:00",NULL,"36"
"15737","10795","8672","10346","42614","Complete","2019-02-19 21:51:48","2019-02-20 01:21:00","2019-02-24 21:49:00",NULL,"36"
"16315","11213","9014","23264","44163","Complete","2022-03-12 16:57:01","2022-03-15 03:50:00","2022-03-18 08:14:00",NULL,"36"
"16936","11655","9384","25371","45868","Complete","2022-06-12 13:54:10","2022-06-15 11:18:00","2022-06-15 12:35:00",NULL,"36"
"16939","11657","9384","18640","45877","Complete","2022-08-24 14:20:21","2022-08-23 15:14:00","2022-08-25 13:41:00",NULL,"36"
"17352","11938","9593","25266","46998","Complete","2020-08-27 13:49:38","2020-08-25 23:46:00","2020-08-30 09:04:00",NULL,"36"
"18272","12555","10074","12586","49491","Complete","2021-03-17 15:26:07","2021-03-16 20:56:00","2021-03-19 08:47:00",NULL,"36"
"18742","12883","10340","25573","50734","Complete","2021-04-01 15:32:34","2021-04-01 04:57:00","2021-04-02 19:42:00",NULL,"36"
"18758","12892","10347","12133","50776","Complete","2022-09-03 14:19:01","2022-08-30 15:47:00","2022-09-04 10:38:00",NULL,"36"
"18776","12903","10356","25266","50825","Complete","2021-12-29 00:37:45","2021-12-26 20:29:00","2021-12-29 15:30:00",NULL,"36"
"19238","13218","10595","18184","52055","Complete","2021-12-31 03:28:17","2022-01-01 01:23:00","2022-01-01 19:13:00",NULL,"36"
"20559","14138","11324","24178","55655","Complete","2022-02-14 11:27:27","2022-02-16 18:30:00","2022-02-16 18:35:00",NULL,"36"
"21584","14839","11854","10450","58354","Complete","2020-06-20 14:07:32","2020-06-22 18:33:00","2020-06-23 10:36:00",NULL,"36"
"22008","15134","12087","18640","59491","Complete","2021-09-28 13:07:48","2021-09-28 09:25:00","2021-10-02 08:18:00",NULL,"36"
"22404","15407","12309","26557","60545","Complete","2020-05-23 16:56:30","2020-05-26 07:57:00","2020-05-30 18:48:00",NULL,"36"
"22673","15593","12464","9588","61287","Complete","2022-05-06 04:44:32","2022-05-08 19:21:00","2022-05-09 19:55:00",NULL,"36"
"23312","16034","12808","17636","63009","Complete","2022-03-20 15:02:53","2022-03-21 12:09:00","2022-03-22 13:27:00",NULL,"36"
"24110","16583","13258","25769","65174","Complete","2021-11-27 00:40:00","2021-11-28 08:32:00","2021-11-29 10:03:00",NULL,"36"
"25186","17360","13861","12112","68072","Complete","2022-08-21 17:35:47","2022-08-22 02:17:00","2022-08-22 05:59:00",NULL,"36"
"25287","17426","13916","10210","68334","Complete","2021-12-20 02:43:10","2021-12-20 03:39:00","2021-12-23 01:25:00",NULL,"36"
"26256","18085","14444","25768","70967","Complete","2021-11-20 01:42:36","2021-11-21 21:27:00","2021-11-22 17:55:00",NULL,"36"
"26816","18480","14756","25844","72480","Complete","2022-08-17 08:25:20","2022-08-20 09:01:00","2022-08-24 22:27:00",NULL,"36"
"27497","18944","15153","22070","74335","Complete","2021-08-18 05:48:24","2021-08-19 17:32:00","2021-08-22 01:57:00",NULL,"36"
"28352","19535","15620","11890","76648","Complete","2022-09-06 16:00:58","2022-09-06 13:20:00","2022-09-06 23:19:00",NULL,"36"
"28649","19725","15773","26701","77436","Complete","2022-08-24 08:46:14","2022-08-25 18:23:00","2022-08-30 01:17:00",NULL,"36"
"28902","19902","15899","20690","78138","Complete","2021-12-23 05:08:57","2021-12-25 16:19:00","2021-12-28 04:33:00",NULL,"36"
"28932","19924","15916","22964","78226","Complete","2021-03-13 18:05:44","2021-03-12 01:05:00","2021-03-13 20:56:00",NULL,"36"
"29225","20118","16074","16950","79007","Complete","2022-08-13 08:49:09","2022-08-15 21:26:00","2022-08-17 20:23:00",NULL,"36"
"30163","20770","16609","22964","81548","Complete","2022-05-28 01:24:16","2022-05-31 02:00:00","2022-05-31 02:23:00",NULL,"36"
"30812","21212","16993","10359","83288","Complete","2021-04-23 09:17:13","2021-04-20 03:33:00","2021-04-22 08:29:00",NULL,"36"
"30839","21229","17007","28872","83365","Complete","2022-03-17 09:54:51","2022-03-18 12:58:00","2022-03-23 09:17:00",NULL,"36"
"31283","21522","17226","9336","84550","Complete","2022-05-14 11:12:23","2022-05-12 21:27:00","2022-05-17 06:34:00",NULL,"36"
"32589","22432","17935","23027","88068","Complete","2021-09-10 01:12:41","2021-09-12 07:27:00","2021-09-16 14:04:00",NULL,"36"
"34286","23602","18834","12190","92624","Complete","2022-08-28 10:28:32","2022-08-30 01:05:00","2022-09-01 23:54:00",NULL,"36"
"35393","24359","19455","18984","95603","Complete","2022-09-02 01:12:03.327972","2022-09-04 17:40:34.327972","2022-09-07 10:28:34.327972",NULL,"36"
"36177","24910","19909","23042","97692","Complete","2022-05-10 02:59:19","2022-05-06 19:53:00","2022-05-09 19:06:00",NULL,"36"
"36351","25032","20011","11340","98143","Complete","2019-09-30 11:56:56","2019-10-01 10:15:00","2019-10-01 19:00:00",NULL,"36"
"36854","25364","20280","25509","99495","Complete","2021-06-22 07:04:00","2021-06-20 09:48:00","2021-06-22 13:46:00",NULL,"36"
"36985","25465","20363","11890","99862","Complete","2021-07-13 01:58:45","2021-07-12 07:32:00","2021-07-12 12:18:00",NULL,"36"
"37391","25742","20561","11709","100976","Complete","2021-08-09 17:51:06","2021-08-10 22:25:00","2021-08-13 03:47:00",NULL,"36"
"37479","25798","20610","10439","101211","Complete","2021-05-30 07:44:30","2021-06-01 10:33:00","2021-06-02 11:51:00",NULL,"36"
"37606","25893","20680","27428","101546","Complete","2020-09-19 15:43:07","2020-09-17 21:26:00","2020-09-21 00:42:00",NULL,"36"
"37766","25997","20774","16479","101955","Complete","2022-07-09 12:08:12","2022-07-10 15:36:00","2022-07-13 07:13:00",NULL,"36"
"38017","26174","20918","16950","102637","Complete","2021-05-18 11:45:08","2021-05-20 02:43:00","2021-05-23 10:22:00",NULL,"36"
"38689","26650","21299","9450","104459","Complete","2021-12-16 16:38:15","2021-12-19 01:22:00","2021-12-23 07:52:00",NULL,"36"
"40067","27577","22024","10456","108149","Complete","2022-04-06 02:04:09","2022-04-07 13:19:00","2022-04-09 03:25:00",NULL,"36"
"40362","27774","22181","15696","108959","Complete","2019-10-18 13:37:50","2019-10-20 03:46:00","2019-10-22 20:06:00",NULL,"36"
"41122","28276","22557","9873","111015","Complete","2021-04-18 15:55:58","2021-04-20 22:30:00","2021-04-23 14:25:00",NULL,"36"
"41858","28797","22975","9581","113002","Complete","2022-05-20 02:17:07","2022-05-20 11:16:00","2022-05-24 19:10:00",NULL,"36"
"41981","28886","23043","9576","113332","Complete","2022-05-10 12:48:58","2022-05-10 19:18:00","2022-05-12 07:40:00",NULL,"36"
"42057","28938","23083","10381","113531","Complete","2021-10-30 06:36:28","2021-11-02 08:49:00","2021-11-02 21:53:00",NULL,"36"
"42950","29550","23576","9600","115985","Complete","2022-08-17 14:39:59","2022-08-20 09:10:00","2022-08-24 12:28:00",NULL,"36"
"44068","30320","24185","3027","119027","Complete","2022-06-28 15:59:29","2022-06-30 02:01:00","2022-07-03 07:24:00",NULL,"36"
"44383","30550","24386","18519","119875","Complete","2022-08-05 00:49:38","2022-08-01 16:18:00","2022-08-04 07:55:00",NULL,"36"
"44790","30823","24600","10452","120973","Complete","2019-12-03 07:09:40","2019-12-04 06:20:00","2019-12-05 06:44:00",NULL,"36"
"45864","31574","25190","20690","123828","Complete","2022-09-05 02:40:09","2022-09-05 22:49:00","2022-09-09 09:34:00",NULL,"36"
"46331","31888","25453","25586","125107","Complete","2021-09-07 12:31:33","2021-09-08 14:00:00","2021-09-08 19:07:00",NULL,"36"
"46544","32047","25583","27488","125679","Complete","2021-11-09 06:16:51","2021-11-10 12:34:00","2021-11-11 00:11:00",NULL,"36"
"46563","32063","25600","10381","125726","Complete","2021-12-22 22:33:41","2021-12-21 08:38:00","2021-12-25 03:10:00",NULL,"36"
"48348","33315","26614","17841","130487","Complete","2020-12-14 00:22:06","2020-12-12 20:58:00","2020-12-17 14:06:00",NULL,"36"
"48511","33425","26695","26593","130920","Complete","2020-11-19 13:54:26","2020-11-21 11:25:00","2020-11-21 11:38:00",NULL,"36"
"48926","33709","26916","12529","132039","Complete","2021-03-12 06:58:40","2021-03-15 08:01:00","2021-03-15 17:59:00",NULL,"36"
"48933","33713","26920","22766","132056","Complete","2022-05-08 08:41:54","2022-05-10 04:27:00","2022-05-14 14:26:00",NULL,"36"
"49206","33884","27060","26505","132805","Complete","2022-03-16 23:29:04","2022-03-17 23:14:00","2022-03-19 22:17:00",NULL,"36"
"49355","33988","27142","18984","133218","Complete","2022-04-08 16:25:12","2022-04-06 21:56:00","2022-04-11 04:12:00",NULL,"36"
"50190","34571","27598","15599","135480","Complete","2022-04-29 06:47:12","2022-05-01 02:39:00","2022-05-03 15:34:00",NULL,"36"
"51920","35780","28578","26562","140157","Complete","2022-02-12 01:52:51","2022-02-11 12:47:00","2022-02-13 07:53:00",NULL,"36"
"53024","36555","29209","10349","143081","Complete","2021-06-02 00:20:52","2021-06-03 21:53:00","2021-06-07 23:42:00",NULL,"36"
"53446","36838","29432","10575","144228","Complete","2020-11-06 00:15:55","2020-11-03 01:07:00","2020-11-03 15:07:00",NULL,"36"
"53614","36942","29511","3085","144682","Complete","2022-07-23 22:42:37","2022-07-24 22:42:00","2022-07-25 18:25:00",NULL,"36"
"54101","37281","29792","28872","146001","Complete","2022-05-23 16:24:09","2022-05-24 18:30:00","2022-05-29 02:07:00",NULL,"36"
"54814","37786","30181","27529","147923","Complete","2021-12-12 01:25:26","2021-12-12 00:39:00","2021-12-14 05:00:00",NULL,"36"
"54971","37900","30274","11827","148336","Complete","2022-06-25 15:08:15","2022-06-25 07:30:00","2022-06-29 12:15:00",NULL,"36"
"55365","38159","30488","11697","149380","Complete","2022-09-07 07:47:05","2022-09-05 05:09:00","2022-09-07 09:04:00",NULL,"36"
"57825","39850","31851","18080","156043","Complete","2021-07-09 07:33:39","2021-07-09 15:07:00","2021-07-13 05:14:00",NULL,"36"
"58905","40595","32422","18519","158985","Complete","2021-07-01 09:15:25","2021-07-01 12:45:00","2021-07-03 00:27:00",NULL,"36"
"58954","40631","32449","22070","159113","Complete","2020-10-16 16:35:58","2020-10-14 22:06:00","2020-10-16 16:13:00",NULL,"36"
"59394","40925","32688","14895","160308","Complete","2021-08-20 11:05:59","2021-08-18 19:53:00","2021-08-21 15:15:00",NULL,"36"
"60780","41861","33458","11709","164096","Complete","2021-08-22 08:16:03","2021-08-25 07:24:00","2021-08-29 21:17:00",NULL,"36"
"62270","42886","34284","26602","168095","Complete","2022-05-08 08:39:31","2022-05-10 15:58:00","2022-05-12 17:36:00",NULL,"36"
"65076","44801","35831","18891","175724","Complete","2021-05-05 04:26:47","2021-05-03 19:40:00","2021-05-07 08:55:00",NULL,"36"
"65528","45129","36070","26491","176953","Complete","2020-02-27 05:27:14","2020-02-28 10:56:00","2020-03-04 00:59:00",NULL,"36"
"66508","45758","36591","12104","179577","Complete","2022-08-24 00:10:20","2022-08-26 19:53:00","2022-08-30 04:58:00",NULL,"36"
"67742","46615","37293","17486","182906","Complete","2021-12-30 00:08:24","2021-12-31 11:18:00","2022-01-05 03:52:00",NULL,"36"
"67951","46758","37406","26593","183472","Complete","2022-08-30 05:57:42","2022-09-01 05:17:00","2022-09-04 00:58:00",NULL,"36"
"68812","47362","37879","22070","185766","Complete","2022-01-06 18:01:43","2022-01-07 20:28:00","2022-01-09 08:43:00",NULL,"36"
"71493","49231","39400","10456","193027","Complete","2022-08-26 09:52:06","2022-08-28 04:53:00","2022-08-28 11:10:00",NULL,"36"
"73036","50311","40268","11181","197214","Complete","2020-09-15 08:22:42","2020-09-17 03:17:00","2020-09-17 09:27:00",NULL,"36"
"73605","50695","40564","11757","198745","Complete","2022-08-13 05:58:07","2022-08-12 07:07:00","2022-08-15 10:14:00",NULL,"36"
"73622","50701","40571","10096","198785","Complete","2020-07-29 11:19:18","2020-07-27 01:00:00","2020-07-29 04:32:00",NULL,"36"
"73935","50926","40745","9025","199626","Complete","2022-08-16 03:56:01","2022-08-17 03:04:00","2022-08-18 21:36:00",NULL,"36"
"74071","51022","40827","10581","199997","Complete","2022-08-02 05:54:05","2022-08-02 09:42:00","2022-08-05 15:39:00",NULL,"36"
"74377","51243","40997","11181","200824","Complete","2022-05-19 05:57:16","2022-05-20 10:30:00","2022-05-22 06:50:00",NULL,"36"
"74486","51324","41068","23514","201109","Complete","2022-07-29 05:15:18","2022-07-31 19:04:00","2022-08-02 07:55:00",NULL,"36"
"74983","51667","41344","15514","202455","Complete","2021-10-22 10:25:57","2021-10-23 03:43:00","2021-10-24 02:51:00",NULL,"36"
"75018","51691","41357","2480","202542","Complete","2022-07-02 05:16:22","2022-07-01 12:03:00","2022-07-04 03:23:00",NULL,"36"
"75341","51916","41540","26727","203403","Complete","2021-11-02 15:36:50","2021-11-02 22:59:00","2021-11-03 19:36:00",NULL,"36"
"75626","52115","41729","9450","204187","Complete","2019-10-24 13:12:57","2019-10-26 09:06:00","2019-10-29 20:11:00",NULL,"36"
"76023","52390","41941","27529","205290","Complete","2022-08-31 07:22:55","2022-09-01 13:16:00","2022-09-03 15:54:00",NULL,"36"
"76528","52751","42208","10450","206651","Complete","2022-07-21 06:08:22","2022-07-20 01:08:00","2022-07-22 03:02:00",NULL,"36"
"76671","52849","42287","23042","207039","Complete","2021-06-22 23:59:12","2021-06-21 08:37:00","2021-06-23 01:49:00",NULL,"36"
"76886","53016","42421","10661","207625","Complete","2022-08-23 01:08:37","2022-08-24 00:34:00","2022-08-26 17:13:00",NULL,"36"
"77074","53143","42520","11302","208098","Complete","2022-04-17 01:51:38","2022-04-17 14:25:00","2022-04-18 00:05:00",NULL,"36"
"77119","53172","42542","22819","208220","Complete","2022-01-16 06:29:07","2022-01-18 16:02:00","2022-01-21 19:12:00",NULL,"36"
"77163","53201","42569","10575","208341","Complete","2021-06-08 07:50:15","2021-06-06 22:26:00","2021-06-08 14:39:00",NULL,"36"
"77436","53390","42725","10541","209041","Complete","2020-03-14 10:59:00","2020-03-16 18:52:00","2020-03-17 04:51:00",NULL,"36"
"77504","53437","42762","10692","209227","Complete","2022-02-21 07:59:08","2022-02-23 01:09:00","2022-02-27 08:15:00",NULL,"36"
"80008","55173","44133","16506","216034","Complete","2019-08-06 00:13:04","2019-08-08 06:06:00","2019-08-08 16:52:00",NULL,"36"
"80347","55415","44311","18080","216958","Complete","2022-05-26 12:04:38","2022-05-27 02:40:00","2022-05-28 13:22:00",NULL,"36"
"82707","57094","45639","23042","223371","Complete","2021-07-12 00:11:58","2021-07-11 15:12:00","2021-07-14 18:16:00",NULL,"36"
"82940","57264","45781","25401","223999","Complete","2021-08-17 07:08:05","2021-08-16 13:16:00","2021-08-19 12:46:00",NULL,"36"
"83257","57496","45962","10096","224866","Complete","2021-03-24 17:30:59","2021-03-20 21:18:00","2021-03-25 18:52:00",NULL,"36"
"83258","57496","45962","10358","224868","Complete","2021-03-20 17:37:37","2021-03-20 21:18:00","2021-03-25 18:52:00",NULL,"36"
"83620","57752","46170","15408","225837","Complete","2022-08-22 23:48:05","2022-08-23 05:16:00","2022-08-27 07:21:00",NULL,"36"
"83756","57846","46249","10549","226205","Complete","2021-07-04 03:12:56","2021-07-05 07:51:00","2021-07-08 15:49:00",NULL,"36"
"84359","58281","46611","7203","227840","Complete","2020-01-21 11:12:07","2020-01-23 18:10:00","2020-01-26 13:29:00",NULL,"36"
"85103","58813","47021","10657","229874","Complete","2021-09-20 09:23:14","2021-09-19 02:14:00","2021-09-21 22:46:00",NULL,"36"
"85136","58834","47040","6657","229966","Complete","2022-07-19 10:44:53","2022-07-22 10:09:00","2022-07-25 14:01:00",NULL,"36"
"85495","59078","47236","18891","230930","Complete","2021-04-14 16:15:43","2021-04-15 07:04:00","2021-04-17 15:55:00",NULL,"36"
"85959","59400","47516","25877","232187","Complete","2022-07-12 05:11:52","2022-07-12 23:35:00","2022-07-16 16:20:00",NULL,"36"
"86234","59589","47675","25769","232936","Complete","2022-04-08 14:10:09","2022-04-07 17:50:00","2022-04-08 01:19:00",NULL,"36"
"86520","59773","47821","27584","233717","Complete","2021-03-06 14:08:47","2021-03-08 06:26:00","2021-03-12 02:37:00",NULL,"36"
"87294","60320","48278","18080","235830","Complete","2021-02-07 07:07:37","2021-02-08 11:08:00","2021-02-10 10:18:00",NULL,"36"
"87488","60453","48396","18184","236344","Complete","2022-04-02 22:06:55","2022-04-05 11:28:00","2022-04-07 08:30:00",NULL,"36"
"88347","61052","48879","10622","238668","Complete","2022-07-06 06:31:48","2022-07-06 16:29:00","2022-07-06 20:57:00",NULL,"36"
"88600","61237","49042","28067","239368","Complete","2022-08-04 16:20:21","2022-08-01 23:26:00","2022-08-03 01:23:00",NULL,"36"
"89076","61566","49285","10692","240641","Complete","2022-04-06 07:37:12","2022-04-05 09:21:00","2022-04-06 15:16:00",NULL,"36"
"90473","62538","50063","25844","244409","Complete","2022-06-03 01:39:39","2022-06-04 22:42:00","2022-06-08 19:52:00",NULL,"36"
"90563","62594","50112","9581","244660","Complete","2021-06-23 08:13:17","2021-06-22 15:12:00","2021-06-23 03:54:00",NULL,"36"
"91119","62966","50414","10699","246143","Complete","2022-09-01 23:47:19","2022-09-04 11:05:00","2022-09-06 11:16:00",NULL,"36"
"91985","63559","50882","25371","248455","Complete","2020-12-08 05:15:44","2020-12-10 18:35:00","2020-12-12 17:35:00",NULL,"36"
"91992","63565","50888","25877","248473","Complete","2020-05-09 05:55:05","2020-05-08 01:29:00","2020-05-09 01:07:00",NULL,"36"
"92189","63699","51004","10701","248998","Complete","2022-01-15 16:41:52","2022-01-17 22:12:00","2022-01-21 13:41:00",NULL,"36"
"93099","64331","51479","2741","251453","Complete","2019-06-11 09:55:33","2019-06-09 12:50:00","2019-06-12 17:03:00",NULL,"36"
"93108","64338","51483","10657","251475","Complete","2021-06-13 04:18:57","2021-06-14 04:12:00","2021-06-17 13:05:00",NULL,"36"
"94159","65050","52039","15482","254314","Complete","2019-10-05 06:13:17","2019-10-05 11:05:00","2019-10-06 07:39:00",NULL,"36"
"95422","65958","52764","11331","257764","Complete","2021-03-11 11:52:52","2021-03-13 15:31:00","2021-03-15 03:29:00",NULL,"36"
"95645","66108","52867","24740","258367","Complete","2021-08-11 09:37:38","2021-08-14 06:13:00","2021-08-16 22:18:00",NULL,"36"
"96412","66627","53268","25266","260424","Complete","2022-07-28 01:58:26","2022-07-28 20:25:00","2022-07-31 23:16:00",NULL,"36"
"97060","67072","53592","16331","262173","Complete","2022-07-12 02:42:12","2022-07-09 12:48:00","2022-07-11 19:38:00",NULL,"36"
"97725","67537","53974","23264","263995","Complete","2021-07-04 03:52:25","2021-07-05 10:04:00","2021-07-07 09:07:00",NULL,"36"
"97749","67553","53989","11919","264060","Complete","2022-09-03 01:50:04.757649","2022-09-06 00:14:49.757649","2022-09-10 05:36:49.757649",NULL,"36"
"98402","67994","54348","18519","265821","Complete","2020-10-27 09:11:10","2020-10-27 11:38:00","2020-10-30 23:05:00",NULL,"36"
"98990","68399","54685","8933","267404","Complete","2021-08-13 01:26:53","2021-08-14 20:01:00","2021-08-19 09:55:00",NULL,"36"
"99156","68514","54779","25567","267849","Complete","2020-10-02 10:00:55","2020-10-04 06:55:00","2020-10-08 13:04:00",NULL,"36"
"99252","68585","54832","15408","268112","Complete","2021-11-12 00:30:53","2021-11-10 20:45:00","2021-11-11 02:13:00",NULL,"36"
"99485","68750","54966","25509","268724","Complete","2022-04-14 12:26:09","2022-04-16 00:32:00","2022-04-16 16:02:00",NULL,"36"
"100794","69658","55701","11810","272225","Complete","2022-08-26 12:58:56","2022-08-27 01:19:00","2022-08-31 23:39:00",NULL,"36"
"101171","69913","55906","13521","273228","Complete","2021-12-10 07:41:54","2021-12-06 15:10:00","2021-12-08 15:19:00",NULL,"36"
"101354","70041","55990","10096","273731","Complete","2019-06-01 12:14:27","2019-06-02 23:43:00","2019-06-06 05:49:00",NULL,"36"
"102520","70840","56635","25586","276933","Complete","2022-08-11 08:01:18","2022-08-11 18:31:00","2022-08-15 06:27:00",NULL,"36"
"103038","71192","56911","11824","278302","Complete","2021-07-19 13:52:21","2021-07-16 22:38:00","2021-07-20 07:42:00",NULL,"36"
"104176","71991","57565","26533","281404","Complete","2022-04-06 14:25:04","2022-04-06 09:07:00","2022-04-10 08:58:00",NULL,"36"
"105509","72902","58313","27543","284980","Complete","2021-06-25 05:32:53","2021-06-25 10:58:00","2021-06-28 04:04:00",NULL,"36"
"105867","73158","58517","26100","285971","Complete","2022-01-08 03:57:56","2022-01-08 11:26:00","2022-01-13 10:10:00",NULL,"36"
"106367","73504","58778","28067","287308","Complete","2022-05-31 00:01:27","2022-05-30 18:18:00","2022-06-02 00:54:00",NULL,"36"
"106917","73877","59074","10661","288785","Complete","2020-09-23 12:24:25","2020-09-25 19:24:00","2020-09-27 00:21:00",NULL,"36"
"106932","73889","59084","3027","288822","Complete","2022-06-13 11:02:14","2022-06-14 13:39:00","2022-06-17 00:34:00",NULL,"36"
"107172","74048","59203","11819","289475","Complete","2022-05-12 05:10:48","2022-05-08 18:41:00","2022-05-10 20:48:00",NULL,"36"
"108867","75203","60131","9873","294085","Complete","2020-11-09 07:16:44","2020-11-10 06:48:00","2020-11-11 04:34:00",NULL,"36"
"109339","75531","60381","28940","295341","Complete","2020-11-25 02:16:37","2020-11-27 18:23:00","2020-11-30 21:02:00",NULL,"36"
"110533","76353","61068","26992","298524","Complete","2022-03-02 05:43:53","2022-03-04 19:11:00","2022-03-06 08:51:00",NULL,"36"
"111374","76938","61560","22964","300790","Complete","2022-06-23 08:41:40","2022-06-24 03:56:00","2022-06-28 07:01:00",NULL,"36"
"111632","77110","61690","10692","301485","Complete","2021-10-16 00:36:09","2021-10-18 02:40:00","2021-10-23 00:57:00",NULL,"36"
"111975","77344","61880","25567","302433","Complete","2020-10-09 04:37:32","2020-10-10 06:32:00","2020-10-11 06:36:00",NULL,"36"
"113905","78678","62920","16389","307646","Complete","2022-09-02 12:28:08.502364","2022-09-03 21:16:52.502364","2022-09-08 12:03:52.502364",NULL,"36"
"114680","79209","63361","18519","309742","Complete","2020-11-01 02:04:55","2020-11-03 16:43:00","2020-11-06 04:32:00",NULL,"36"
"114867","79340","63467","25916","310255","Complete","2020-05-20 09:09:57","2020-05-20 21:48:00","2020-05-21 13:57:00",NULL,"36"
"115174","79542","63642","25789","311076","Complete","2022-08-18 12:44:16","2022-08-19 09:40:00","2022-08-19 18:26:00",NULL,"36"
"115975","80088","64101","13814","313223","Complete","2022-07-22 11:58:24","2022-07-22 15:51:00","2022-07-27 03:59:00",NULL,"36"
"116048","80136","64145","16356","313420","Complete","2022-08-17 07:41:03","2022-08-18 19:40:00","2022-08-19 13:00:00",NULL,"36"
"116404","80384","64347","10570","314386","Complete","2020-06-01 11:44:49","2020-06-03 14:54:00","2020-06-03 15:31:00",NULL,"36"
"116462","80420","64376","9450","314550","Complete","2021-04-15 15:25:15","2021-04-13 21:06:00","2021-04-16 11:34:00",NULL,"36"
"116515","80455","64407","16365","314686","Complete","2022-02-27 05:27:05","2022-02-27 08:15:00","2022-02-27 15:57:00",NULL,"36"
"116849","80673","64593","18640","315565","Complete","2021-07-15 00:50:20","2021-07-12 02:21:00","2021-07-15 10:19:00",NULL,"36"
"117357","81011","64878","22819","316911","Complete","2022-01-23 09:34:34","2022-01-21 21:43:00","2022-01-25 12:47:00",NULL,"36"
"117441","81068","64926","24740","317130","Complete","2020-05-03 13:47:53","2020-05-02 02:43:00","2020-05-06 19:52:00",NULL,"36"
"117573","81164","65009","10208","317483","Complete","2022-05-15 02:53:32","2022-05-12 20:20:00","2022-05-16 07:35:00",NULL,"36"
"118051","81484","65249","9716","318767","Complete","2021-06-08 10:14:27","2021-06-10 04:21:00","2021-06-10 13:44:00",NULL,"36"
"118778","81998","65643","10496","320721","Complete","2021-08-28 05:12:25","2021-08-27 00:15:00","2021-08-29 21:41:00",NULL,"36"
"118788","82007","65650","26602","320749","Complete","2021-02-16 08:49:02","2021-02-18 10:32:00","2021-02-18 12:47:00",NULL,"36"
"119950","82805","66289","16847","323863","Complete","2022-05-12 03:04:34","2022-05-14 22:22:00","2022-05-15 21:16:00",NULL,"36"
"120856","83407","66786","9581","326314","Complete","2020-10-23 07:39:45","2020-10-19 23:50:00","2020-10-21 10:48:00",NULL,"36"
"121322","83731","67039","11340","327584","Complete","2021-11-21 20:54:26","2021-11-23 02:09:00","2021-11-27 01:00:00",NULL,"36"
"121639","83937","67202","10692","328430","Complete","2022-08-30 09:31:09","2022-08-31 02:22:00","2022-09-03 05:36:00",NULL,"36"
"123259","85038","68054","6671","332807","Complete","2022-08-03 14:52:36","2022-08-01 13:54:00","2022-08-06 08:42:00",NULL,"36"
"123280","85054","68067","10699","332860","Complete","2020-06-27 22:31:31","2020-06-30 22:41:00","2020-07-05 07:59:00",NULL,"36"
"123700","85339","68290","11919","333966","Complete","2019-11-17 00:21:16","2019-11-14 14:43:00","2019-11-16 19:36:00",NULL,"36"
"124542","85916","68767","13562","336207","Complete","2020-01-10 03:17:52","2020-01-10 14:07:00","2020-01-13 17:05:00",NULL,"36"
"125519","86590","69290","12190","338890","Complete","2021-04-04 06:30:45","2021-04-02 20:31:00","2021-04-04 06:57:00",NULL,"36"
"125558","86614","69302","16389","338988","Complete","2022-08-09 22:57:00","2022-08-08 09:08:00","2022-08-08 12:56:00",NULL,"36"
"126414","87204","69790","10208","341316","Complete","2020-11-23 03:25:26","2020-11-25 13:48:00","2020-11-30 00:02:00",NULL,"36"
"128315","88498","70888","18080","346468","Complete","2022-08-12 15:02:43","2022-08-12 19:46:00","2022-08-17 05:23:00",NULL,"36"
"129183","89093","71374","15233","348823","Complete","2020-03-27 00:12:04","2020-03-28 06:44:00","2020-04-01 08:31:00",NULL,"36"
"129455","89280","71525","10450","349545","Complete","2022-04-13 14:57:04","2022-04-15 22:51:00","2022-04-17 23:58:00",NULL,"36"
"129717","89465","71664","10208","350218","Complete","2022-09-04 11:08:59","2022-09-06 09:58:00","2022-09-07 13:28:00",NULL,"36"
"130101","89732","71869","26491","351278","Complete","2020-06-19 01:29:01","2020-06-21 14:15:00","2020-06-24 12:56:00",NULL,"36"
"130364","89917","72029","16365","351986","Complete","2020-06-06 14:19:19","2020-06-06 16:50:00","2020-06-07 03:12:00",NULL,"36"
"130728","90180","72219","2741","352978","Complete","2022-08-12 05:31:08","2022-08-14 00:06:00","2022-08-18 07:08:00",NULL,"36"
"131014","90377","72389","12529","353745","Complete","2020-11-25 23:20:45","2020-11-26 13:42:00","2020-11-28 17:27:00",NULL,"36"
"131271","90550","72544","15875","354437","Complete","2021-09-20 09:27:55","2021-09-22 01:04:00","2021-09-23 04:16:00",NULL,"36"
"131413","90647","72627","26879","354824","Complete","2020-07-28 10:51:53","2020-07-30 10:56:00","2020-08-02 16:15:00",NULL,"36"
"131590","90767","72713","12104","355289","Complete","2022-07-23 23:32:57","2022-07-23 06:51:00","2022-07-27 16:39:00",NULL,"36"
"131700","90847","72767","9336","355588","Complete","2021-09-03 15:00:55","2021-09-05 09:32:00","2021-09-07 20:40:00",NULL,"36"
"133002","91768","73506","16186","359156","Complete","2022-06-24 10:25:47","2022-06-26 11:06:00","2022-06-30 08:33:00",NULL,"36"
"133145","91871","73589","10346","359521","Complete","2021-09-09 02:56:50","2021-09-09 19:30:00","2021-09-13 13:37:00",NULL,"36"
"133724","92269","73903","25886","361095","Complete","2022-04-18 03:50:18","2022-04-17 14:13:00","2022-04-20 17:10:00",NULL,"36"
"134848","93034","74531","27428","364144","Complete","2022-05-13 00:55:35","2022-05-15 20:22:00","2022-05-17 17:22:00",NULL,"36"
"134909","93079","74570","25586","364314","Complete","2020-05-30 04:34:08","2020-06-01 06:46:00","2020-06-01 15:48:00",NULL,"36"
"136737","94352","75623","11271","369227","Complete","2022-09-08 14:44:16","2022-09-05 15:35:00","2022-09-06 01:40:00",NULL,"36"
"137023","94563","75797","16506","370005","Complete","2022-05-19 10:40:04","2022-05-20 12:07:00","2022-05-23 19:34:00",NULL,"36"
"137132","94633","75853","25400","370292","Complete","2022-02-18 14:58:27","2022-02-19 07:15:00","2022-02-20 18:10:00",NULL,"36"
"137453","94842","76018","26100","371140","Complete","2022-02-26 13:43:22","2022-02-27 06:41:00","2022-03-02 09:01:00",NULL,"36"
"137636","94972","76126","28940","371625","Complete","2022-06-10 04:50:21","2022-06-07 09:28:00","2022-06-12 06:03:00",NULL,"36"
"138625","95660","76691","12075","374325","Complete","2019-07-21 08:51:20","2019-07-21 15:19:00","2019-07-24 03:15:00",NULL,"36"
"141002","97259","78002","16356","380701","Complete","2022-07-11 12:58:35","2022-07-13 13:47:00","2022-07-16 09:53:00",NULL,"36"
"141277","97442","78142","10596","381469","Complete","2022-01-08 12:31:44","2022-01-07 23:30:00","2022-01-08 09:33:00",NULL,"36"
"141381","97523","78212","25800","381757","Complete","2022-03-03 01:31:37","2022-03-04 06:46:00","2022-03-06 09:15:00",NULL,"36"
"142425","98254","78783","22766","384557","Complete","2022-08-06 01:47:28","2022-08-07 12:10:00","2022-08-08 00:22:00",NULL,"36"
"143559","99060","79432","13562","387611","Complete","2022-09-01 05:43:14","2022-09-02 07:13:00","2022-09-06 15:00:00",NULL,"36"
"144328","99580","79846","11890","389698","Complete","2022-07-22 04:39:57","2022-07-24 14:33:00","2022-07-26 00:26:00",NULL,"36"
"146584","101132","81147","9873","395829","Complete","2019-11-27 17:18:34","2019-11-27 23:42:00","2019-12-02 15:11:00",NULL,"36"
"147916","102073","81873","10657","399380","Complete","2020-12-10 08:55:48","2020-12-07 01:30:00","2020-12-10 17:21:00",NULL,"36"
"149421","103125","82716","28940","403493","Complete","2021-05-14 10:08:38","2021-05-13 02:08:00","2021-05-13 04:52:00",NULL,"36"
"149487","103173","82749","10208","403672","Complete","2020-11-24 02:33:31","2020-11-24 23:46:00","2020-11-28 03:07:00",NULL,"36"
"149587","103242","82802","26749","403951","Complete","2021-07-01 11:01:19","2021-07-04 08:29:00","2021-07-08 13:52:00",NULL,"36"
"149627","103273","82832","25877","404055","Complete","2021-08-19 14:24:37","2021-08-22 00:31:00","2021-08-23 06:35:00",NULL,"36"
"152086","104937","84207","10381","410747","Complete","2022-01-20 07:23:26","2022-01-21 23:51:00","2022-01-25 00:10:00",NULL,"36"
"152664","105340","84510","16950","412283","Complete","2021-06-25 12:51:45","2021-06-28 06:33:00","2021-06-30 09:52:00",NULL,"36"
"152856","105463","84608","26402","412790","Complete","2021-01-07 02:49:22","2021-01-10 02:41:00","2021-01-11 17:38:00",NULL,"36"
"153009","105560","84696","10596","413192","Complete","2021-05-29 05:08:54","2021-05-29 22:40:00","2021-06-03 16:40:00",NULL,"36"
"153377","105813","84879","15344","414214","Complete","2022-08-02 10:48:22","2022-08-04 02:30:00","2022-08-04 04:17:00",NULL,"36"
"153734","106072","85086","22931","415144","Complete","2022-05-08 06:50:58","2022-05-08 18:16:00","2022-05-12 12:43:00",NULL,"36"
"154067","106303","85262","26100","416040","Complete","2021-03-26 11:36:09","2021-03-29 07:56:00","2021-04-02 09:46:00",NULL,"36"
"155194","107074","85905","15482","419061","Complete","2021-08-07 04:33:49","2021-08-09 11:13:00","2021-08-10 15:34:00",NULL,"36"
"157369","108540","87042","11276","424916","Complete","2020-09-02 23:59:28","2020-09-06 01:21:00","2020-09-10 13:19:00",NULL,"36"
"158214","109126","87520","16186","427164","Complete","2021-04-07 14:00:34","2021-04-09 07:45:00","2021-04-12 03:23:00",NULL,"36"
"159897","110315","88466","26265","431726","Complete","2021-10-08 04:17:25","2021-10-09 01:04:00","2021-10-10 02:25:00",NULL,"36"
"160256","110557","88652","26562","432701","Complete","2022-05-04 09:39:57","2022-05-03 19:26:00","2022-05-04 00:46:00",NULL,"36"
"160888","110978","88975","27543","434390","Complete","2021-08-24 17:14:35","2021-08-24 04:01:00","2021-08-26 01:49:00",NULL,"36"
"160917","111000","88992","27543","434473","Complete","2022-09-02 10:58:39.251859","2022-09-05 02:58:28.251859","2022-09-05 11:52:28.251859",NULL,"36"
"161231","111212","89167","10622","435319","Complete","2021-07-09 17:46:05","2021-07-10 13:42:00","2021-07-11 17:35:00",NULL,"36"
"161570","111451","89358","27488","436244","Complete","2022-08-15 15:47:57","2022-08-14 11:55:00","2022-08-17 14:59:00",NULL,"36"
"162192","111860","89681","25789","437958","Complete","2022-09-05 10:37:43.075159","2022-09-07 22:20:47.075159","2022-09-08 01:22:47.075159",NULL,"36"
"162550","112115","89880","10549","438923","Complete","2021-12-22 02:50:27","2021-12-24 21:56:00","2021-12-29 12:17:00",NULL,"36"
"163191","112557","90256","25366","440653","Complete","2022-01-21 13:52:58","2022-01-21 19:53:00","2022-01-23 15:46:00",NULL,"36"
"165056","113835","91265","15408","445755","Complete","2021-04-18 13:23:40","2021-04-20 14:46:00","2021-04-22 12:38:00",NULL,"36"
"165442","114101","91475","25509","446825","Complete","2021-05-20 13:05:19","2021-05-18 22:00:00","2021-05-20 00:55:00",NULL,"36"
"165624","114227","91578","11357","447318","Complete","2021-04-27 11:22:16","2021-04-25 09:28:00","2021-04-29 20:38:00",NULL,"36"
"166641","114914","92122","15696","450069","Complete","2020-11-05 12:49:08","2020-11-08 12:19:00","2020-11-09 18:23:00",NULL,"36"
"166893","115097","92250","17841","450746","Complete","2020-12-09 05:06:00","2020-12-11 16:12:00","2020-12-15 08:52:00",NULL,"36"
"167559","115549","92609","10692","452513","Complete","2020-09-15 14:19:07","2020-09-14 22:45:00","2020-09-17 03:54:00",NULL,"36"
"167896","115784","92822","9581","453394","Complete","2022-08-06 04:48:41","2022-08-06 19:35:00","2022-08-07 16:17:00",NULL,"36"
"168200","115993","92987","10381","454233","Complete","2021-12-28 10:42:09","2021-12-28 03:38:00","2021-12-31 18:11:00",NULL,"36"
"168274","116046","93037","28067","454437","Complete","2022-05-16 14:28:24","2022-05-19 00:52:00","2022-05-19 13:45:00",NULL,"36"
"168384","116124","93108","11709","454730","Complete","2021-06-12 03:25:47","2021-06-13 02:43:00","2021-06-16 11:09:00",NULL,"36"
"168390","116128","93109","9806","454749","Complete","2021-02-11 12:37:51","2021-02-11 22:43:00","2021-02-12 02:23:00",NULL,"36"
"170255","117393","94143","2480","459784","Complete","2022-08-26 04:22:03","2022-08-26 00:49:00","2022-08-27 22:10:00",NULL,"36"
"171798","118458","94981","12133","463987","Complete","2021-12-02 07:33:38","2021-12-01 18:55:00","2021-12-05 05:02:00",NULL,"36"
"171966","118574","95056","17636","464450","Complete","2022-06-20 12:50:16","2022-06-22 19:33:00","2022-06-25 23:52:00",NULL,"36"
"172273","118786","95233","9873","465280","Complete","2020-12-20 18:24:02","2020-12-19 01:26:00","2020-12-23 05:59:00",NULL,"36"
"172969","119294","95619","18891","467178","Complete","2021-08-30 09:00:06","2021-09-01 05:00:00","2021-09-03 22:56:00",NULL,"36"
"173210","119456","95773","26100","467811","Complete","2020-07-29 12:15:18","2020-07-31 08:46:00","2020-08-01 05:14:00",NULL,"36"
"173227","119468","95781","15408","467857","Complete","2022-05-05 00:18:47","2022-05-06 18:40:00","2022-05-07 08:07:00",NULL,"36"
"173655","119777","96046","11302","468964","Complete","2021-09-11 11:32:10","2021-09-13 11:26:00","2021-09-15 22:33:00",NULL,"36"
"174343","120242","96422","25266","470798","Complete","2022-01-14 17:59:40","2022-01-12 12:07:00","2022-01-16 20:02:00",NULL,"36"
"174709","120498","96622","12190","471781","Complete","2022-07-27 01:15:12","2022-07-26 02:28:00","2022-07-29 20:43:00",NULL,"36"
"174710","120498","96622","15268","471783","Complete","2022-07-24 01:20:11","2022-07-26 02:28:00","2022-07-29 20:43:00",NULL,"36"
"175002","120678","96760","26100","472612","Complete","2021-08-09 10:28:41","2021-08-09 15:55:00","2021-08-12 18:05:00",NULL,"36"
"175970","121363","97334","9588","475230","Complete","2020-04-29 00:54:25","2020-05-02 00:36:00","2020-05-03 22:04:00",NULL,"36"
"176897","121999","97841","26402","477755","Complete","2021-08-03 14:53:57","2021-08-04 17:41:00","2021-08-08 08:07:00",NULL,"36"
"177426","122361","98134","22931","479177","Complete","2021-09-21 05:17:25","2021-09-22 12:55:00","2021-09-26 01:26:00",NULL,"36"
"177779","122614","98349","10358","480127","Complete","2021-03-11 12:26:02","2021-03-13 19:45:00","2021-03-18 15:49:00",NULL,"36"
"178328","122997","98655","25400","481584","Complete","2022-04-23 08:16:46","2022-04-25 14:56:00","2022-04-30 12:18:00",NULL,"36"
"178729","123279","98879","27529","482670","Complete","2021-08-23 08:06:52","2021-08-22 06:52:00","2021-08-26 12:09:00",NULL,"36"
"179445","123762","99280","18640","484600","Complete","2022-02-24 07:06:17","2022-02-26 23:12:00","2022-03-02 00:24:00",NULL,"36"
"179916","124079","99517","10439","485853","Complete","2021-12-11 01:53:24","2021-12-11 16:38:00","2021-12-11 23:56:00",NULL,"36"
"180415","124415","99767","10583","487190","Complete","2022-04-06 00:31:40","2022-04-08 18:44:00","2022-04-09 21:54:00",NULL,"36"
"180430","124425","99774","28872","487228","Complete","2021-02-25 23:20:57","2021-03-01 00:46:00","2021-03-01 11:35:00",NULL,"36"
"180815","124712","99998","12112","488288","Complete","2022-04-02 05:28:59","2022-03-30 14:42:00","2022-03-31 01:13:00",NULL,"36"
"1079","747","627","17486","2909","Returned","2021-12-29 21:41:41","2021-12-31 00:55:00","2022-01-03 05:20:00","2022-01-05 20:47:00","36"
"1316","910","762","21010","3572","Returned","2022-02-20 07:38:48","2022-02-19 01:32:00","2022-02-21 04:10:00","2022-02-22 19:05:00","36"
"1944","1349","1089","25392","5266","Returned","2020-11-13 15:32:04","2020-11-14 23:13:00","2020-11-16 03:35:00","2020-11-17 08:20:00","36"
"2137","1466","1189","10700","5791","Returned","2022-04-14 21:58:14","2022-04-14 11:50:00","2022-04-14 18:44:00","2022-04-15 17:23:00","36"
"5706","3887","3166","26879","15452","Returned","2021-03-15 07:34:22","2021-03-13 06:53:00","2021-03-14 08:09:00","2021-03-17 00:41:00","36"
"6086","4151","3367","22964","16460","Returned","2022-04-12 05:15:01","2022-04-10 10:42:00","2022-04-13 22:02:00","2022-04-16 21:09:00","36"
"6339","4325","3514","11709","17148","Returned","2022-01-30 03:47:38","2022-01-30 04:15:00","2022-02-02 19:52:00","2022-02-04 06:06:00","36"
"9712","6684","5422","12190","26355","Returned","2022-05-10 15:44:50","2022-05-10 01:58:00","2022-05-11 06:33:00","2022-05-13 22:02:00","36"
"16041","11017","8839","21010","43413","Returned","2022-08-29 15:04:51","2022-09-01 18:28:00","2022-09-05 18:37:00","2022-09-07 11:31:00","36"
"26696","18391","14689","5111","72162","Returned","2022-06-09 03:48:17","2022-06-10 05:19:00","2022-06-14 22:05:00","2022-06-16 04:43:00","36"
"26733","18416","14703","17636","72263","Returned","2020-07-16 09:25:42","2020-07-18 12:03:00","2020-07-22 04:53:00","2020-07-22 15:22:00","36"
"28006","19308","15437","11340","75701","Returned","2022-05-14 06:59:55","2022-05-14 20:41:00","2022-05-17 18:13:00","2022-05-19 07:34:00","36"
"28575","19672","15730","1191","77242","Returned","2021-12-30 17:53:20","2021-12-28 18:49:00","2022-01-01 13:50:00","2022-01-03 15:43:00","36"
"29004","19973","15946","15599","78417","Returned","2020-12-27 07:58:26","2020-12-29 14:49:00","2021-01-02 10:38:00","2021-01-04 19:53:00","36"
"32610","22446","17946","26533","88127","Returned","2022-06-07 22:21:11","2022-06-09 04:30:00","2022-06-11 11:38:00","2022-06-11 14:16:00","36"
"41252","28374","22633","23027","111373","Returned","2022-09-01 23:48:41.008785","2022-09-03 20:11:00.008785","2022-09-08 16:37:00.008785","2022-09-09 20:14:00.008785","36"
"45682","31452","25103","13562","123355","Returned","2022-01-29 00:38:56","2022-01-30 10:03:00","2022-02-01 04:06:00","2022-02-01 11:02:00","36"
"46156","31774","25356","11919","124628","Returned","2021-11-15 04:04:59","2021-11-14 11:48:00","2021-11-15 18:27:00","2021-11-16 15:44:00","36"
"46358","31905","25469","22964","125187","Returned","2021-09-11 11:15:54","2021-09-13 12:35:00","2021-09-15 12:23:00","2021-09-18 00:13:00","36"
"47457","32694","26101","26270","128097","Returned","2022-05-13 03:54:57","2022-05-15 19:33:00","2022-05-18 12:28:00","2022-05-19 10:55:00","36"
"51572","35553","28408","16950","139203","Returned","2022-09-05 13:37:33.273417","2022-09-03 18:02:31.273417","2022-09-05 07:53:31.273417","2022-09-07 21:35:31.273417","36"
"52760","36368","29060","15306","142366","Returned","2022-04-08 14:41:24","2022-04-07 11:57:00","2022-04-08 15:33:00","2022-04-11 00:29:00","36"
"52762","36368","29060","15875","142370","Returned","2022-04-07 14:39:42","2022-04-07 11:57:00","2022-04-08 15:33:00","2022-04-11 00:29:00","36"
"53428","36827","29424","16389","144175","Returned","2020-07-16 02:43:33","2020-07-15 13:48:00","2020-07-18 23:40:00","2020-07-19 19:10:00","36"
"55095","37984","30347","25371","148662","Returned","2020-11-17 22:31:04","2020-11-19 09:37:00","2020-11-19 10:58:00","2020-11-20 12:58:00","36"
"55458","38222","30542","18640","149636","Returned","2022-06-05 06:04:08","2022-06-06 05:50:00","2022-06-06 16:35:00","2022-06-09 10:51:00","36"
"55464","38227","30550","26602","149650","Returned","2021-02-27 13:28:30","2021-02-28 10:49:00","2021-02-28 12:46:00","2021-02-28 22:40:00","36"
"56141","38702","30944","25768","151498","Returned","2022-08-31 01:07:31","2022-08-28 08:01:00","2022-08-29 07:50:00","2022-08-31 05:54:00","36"
"58003","39975","31948","10096","156532","Returned","2020-06-02 13:03:14","2020-06-04 13:06:00","2020-06-07 11:41:00","2020-06-08 22:36:00","36"
"58636","40417","32286","17486","158256","Returned","2021-09-29 14:26:13","2021-09-28 02:47:00","2021-10-02 07:51:00","2021-10-04 03:20:00","36"
"59683","41125","32858","17841","161110","Returned","2020-11-03 22:55:56","2020-11-02 08:41:00","2020-11-04 22:07:00","2020-11-07 02:11:00","36"
"61157","42109","33660","12190","165106","Returned","2021-07-03 15:15:07","2021-07-04 10:17:00","2021-07-04 22:39:00","2021-07-07 02:45:00","36"
"61672","42473","33960","10452","166480","Returned","2022-07-11 12:01:28","2022-07-13 21:27:00","2022-07-15 08:15:00","2022-07-16 11:33:00","36"
"66287","45617","36464","11683","178999","Returned","2021-02-26 13:09:03","2021-02-28 12:54:00","2021-03-01 17:20:00","2021-03-03 23:51:00","36"
"66671","45869","36684","10541","180016","Returned","2022-08-16 00:49:40","2022-08-15 00:32:00","2022-08-17 02:55:00","2022-08-17 03:06:00","36"
"67509","46450","37152","7203","182285","Returned","2022-06-06 12:49:39","2022-06-06 21:38:00","2022-06-08 22:42:00","2022-06-09 13:52:00","36"
"71103","48952","39165","9716","191954","Returned","2022-09-06 13:03:10","2022-09-04 18:00:00","2022-09-07 19:35:00","2022-09-10 02:59:00","36"
"71470","49216","39391","11822","192967","Returned","2019-06-19 22:35:21","2019-06-21 10:34:00","2019-06-22 22:33:00","2019-06-24 09:33:00","36"
"73411","50565","40463","16479","198219","Returned","2022-09-03 05:11:27.60738","2022-09-04 06:21:50.60738","2022-09-04 23:00:50.60738","2022-09-07 06:09:50.60738","36"
"75720","52180","41777","10549","204437","Returned","2022-02-07 09:27:03","2022-02-09 16:48:00","2022-02-12 13:44:00","2022-02-13 14:13:00","36"
"79997","55163","44125","15599","216007","Returned","2020-06-15 04:17:21","2020-06-16 11:54:00","2020-06-18 23:58:00","2020-06-19 08:47:00","36"
"80032","55189","44143","10705","216097","Returned","2022-05-17 02:24:51","2022-05-15 11:50:00","2022-05-17 15:43:00","2022-05-19 21:41:00","36"
"80398","55451","44338","10349","217095","Returned","2021-07-14 23:43:51","2021-07-16 20:13:00","2021-07-20 10:34:00","2021-07-21 05:52:00","36"
"81129","55957","44735","25573","219101","Returned","2022-05-11 01:02:36","2022-05-12 01:05:00","2022-05-16 13:33:00","2022-05-19 10:39:00","36"
"81730","56386","45077","10549","220718","Returned","2022-07-03 11:38:24","2022-07-05 15:34:00","2022-07-10 11:43:00","2022-07-11 05:59:00","36"
"82248","56760","45390","10450","222100","Returned","2020-10-12 01:34:33","2020-10-12 15:49:00","2020-10-16 14:19:00","2020-10-16 19:25:00","36"
"84153","58128","46474","16950","227296","Returned","2020-03-05 03:14:29","2020-03-05 06:15:00","2020-03-07 22:35:00","2020-03-10 07:44:00","36"
"85127","58826","47032","26533","229942","Returned","2022-07-08 06:12:47","2022-07-11 00:34:00","2022-07-15 18:21:00","2022-07-15 20:14:00","36"
"86370","59680","47749","7203","233310","Returned","2022-07-03 05:54:51","2022-07-04 06:59:00","2022-07-09 04:59:00","2022-07-11 23:43:00","36"
"89095","61580","49300","12133","240695","Returned","2022-09-02 00:38:46.899457","2022-09-03 23:51:46.899457","2022-09-04 11:39:46.899457","2022-09-05 16:20:46.899457","36"
"89408","61795","49474","26740","241517","Returned","2021-12-12 09:12:52","2021-12-13 09:31:00","2021-12-13 11:30:00","2021-12-14 14:42:00","36"
"91796","63427","50781","290","247956","Returned","2020-02-22 08:32:16","2020-02-25 00:46:00","2020-02-28 14:59:00","2020-03-01 03:02:00","36"
"93157","64375","51510","25371","251605","Returned","2021-03-29 13:35:47","2021-03-31 11:53:00","2021-04-03 17:19:00","2021-04-06 00:53:00","36"
"94585","65343","52271","11357","255495","Returned","2021-08-23 08:15:53","2021-08-20 11:22:00","2021-08-23 04:02:00","2021-08-25 01:15:00","36"
"96346","66580","53228","26727","260246","Returned","2021-02-17 13:34:48","2021-02-18 20:21:00","2021-02-20 00:09:00","2021-02-20 05:08:00","36"
"97395","67315","53791","9581","263077","Returned","2022-05-20 14:23:58","2022-05-16 17:48:00","2022-05-19 08:41:00","2022-05-19 16:20:00","36"
"97999","67727","54110","26361","264736","Returned","2022-05-10 00:17:45","2022-05-12 07:55:00","2022-05-12 13:34:00","2022-05-14 00:23:00","36"
"99587","68825","55036","23114","269004","Returned","2021-09-23 06:10:53","2021-09-24 01:37:00","2021-09-24 03:20:00","2021-09-25 04:40:00","36"
"99673","68889","55082","16847","269230","Returned","2022-05-16 21:05:14","2022-05-18 07:47:00","2022-05-23 06:51:00","2022-05-26 00:29:00","36"
"101298","70001","55966","16365","273576","Returned","2022-08-30 12:12:18","2022-09-01 17:08:00","2022-09-04 04:00:00","2022-09-06 10:16:00","36"
"101768","70323","56228","27428","274846","Returned","2019-02-26 06:24:32","2019-02-26 12:08:00","2019-03-03 09:20:00","2019-03-04 14:55:00","36"
"102041","70514","56377","25509","275591","Returned","2021-12-26 07:13:36","2021-12-27 04:22:00","2021-12-28 10:48:00","2021-12-29 22:29:00","36"
"102805","71028","56777","10210","277680","Returned","2022-06-27 00:07:08","2022-06-28 07:02:00","2022-06-29 17:47:00","2022-06-30 18:43:00","36"
"104607","72284","57793","15482","282559","Returned","2022-07-27 06:24:57","2022-07-28 10:10:00","2022-07-29 07:46:00","2022-07-29 12:09:00","36"
"105583","72951","58350","10549","285179","Returned","2022-06-25 09:20:10","2022-06-24 01:36:00","2022-06-28 21:16:00","2022-07-01 13:10:00","36"
"106096","73326","58655","11827","286576","Returned","2022-09-03 22:46:28","2022-09-06 19:33:00","2022-09-07 20:42:00","2022-09-10 06:17:00","36"
"109826","75856","60649","2741","296646","Returned","2019-12-07 23:56:10","2019-12-10 06:23:00","2019-12-11 13:42:00","2019-12-11 17:09:00","36"
"110093","76046","60813","16950","297367","Returned","2019-05-06 23:18:30","2019-05-08 15:48:00","2019-05-11 04:31:00","2019-05-12 16:26:00","36"
"112977","78037","62426","25400","305156","Returned","2022-04-08 07:14:16","2022-04-09 00:19:00","2022-04-09 04:45:00","2022-04-11 22:53:00","36"
"115367","79686","63743","16236","311593","Returned","2021-04-10 05:55:15","2021-04-12 13:45:00","2021-04-16 23:35:00","2021-04-19 07:22:00","36"
"121140","83594","66932","26992","327101","Returned","2022-04-17 08:04:33","2022-04-13 21:48:00","2022-04-17 03:18:00","2022-04-18 08:20:00","36"
"121908","84110","67332","17486","329156","Returned","2019-03-28 17:51:42","2019-03-30 21:27:00","2019-04-02 07:24:00","2019-04-02 21:51:00","36"
"123909","85482","68398","5527","334522","Returned","2022-01-24 10:15:11","2022-01-27 10:21:00","2022-01-30 11:54:00","2022-01-30 12:22:00","36"
"127025","87603","70136","12529","342975","Returned","2020-10-14 12:05:05","2020-10-13 04:11:00","2020-10-16 05:07:00","2020-10-17 03:28:00","36"
"127597","87990","70460","22819","344485","Returned","2022-02-13 14:56:41","2022-02-16 02:33:00","2022-02-16 04:59:00","2022-02-16 11:19:00","36"
"128057","88319","70734","25613","345763","Returned","2022-06-03 14:46:56","2022-06-03 15:54:00","2022-06-04 03:18:00","2022-06-05 20:16:00","36"
"129369","89213","71465","12190","349316","Returned","2022-04-04 12:14:38","2022-04-04 20:20:00","2022-04-07 15:11:00","2022-04-08 07:11:00","36"
"129630","89399","71616","9588","349987","Returned","2021-08-01 01:06:10","2021-08-01 16:18:00","2021-08-03 06:34:00","2021-08-05 08:01:00","36"
"134080","92508","74107","16506","362035","Returned","2022-05-29 00:03:58","2022-05-30 10:20:00","2022-06-02 18:18:00","2022-06-03 10:49:00","36"
"134892","93070","74554","9336","364264","Returned","2022-02-08 09:01:06","2022-02-08 06:38:00","2022-02-12 14:03:00","2022-02-13 16:38:00","36"
"136000","93851","75215","10096","367261","Returned","2022-04-03 14:47:16","2022-04-06 08:28:00","2022-04-07 14:55:00","2022-04-08 03:33:00","36"
"136405","94134","75456","21010","368332","Returned","2022-07-02 11:31:25","2022-07-02 11:07:00","2022-07-07 03:09:00","2022-07-07 05:17:00","36"
"137268","94716","75926","12190","370657","Returned","2021-11-27 11:43:52","2021-11-26 21:51:00","2021-12-01 15:15:00","2021-12-04 10:38:00","36"
"138611","95651","76686","16186","374294","Returned","2020-12-30 12:16:14","2020-12-31 21:53:00","2021-01-03 02:07:00","2021-01-04 12:52:00","36"
"140293","96777","77605","28940","378817","Returned","2022-04-19 05:11:56","2022-04-21 15:30:00","2022-04-26 09:57:00","2022-04-28 03:28:00","36"
"140604","96994","77794","11181","379646","Returned","2022-03-17 13:53:47","2022-03-15 18:59:00","2022-03-18 07:04:00","2022-03-19 18:48:00","36"
"142050","97980","78567","6657","383543","Returned","2019-09-20 11:59:09","2019-09-21 08:36:00","2019-09-25 16:09:00","2019-09-27 09:38:00","36"
"142301","98166","78713","16186","384220","Returned","2022-06-08 18:05:49","2022-06-09 18:50:00","2022-06-12 00:04:00","2022-06-12 15:07:00","36"
"142536","98342","78863","11271","384855","Returned","2022-01-09 04:19:09","2022-01-11 02:14:00","2022-01-12 18:42:00","2022-01-13 16:54:00","36"
"144896","99978","80174","13814","391228","Returned","2019-09-12 05:05:19","2019-09-12 23:30:00","2019-09-17 02:05:00","2019-09-18 22:57:00","36"
"147431","101724","81588","25371","398079","Returned","2021-12-20 03:47:57","2021-12-22 03:54:00","2021-12-26 23:48:00","2021-12-26 23:57:00","36"
"149580","103237","82800","10549","403933","Returned","2021-12-29 15:55:16","2021-12-30 22:21:00","2022-01-01 08:02:00","2022-01-01 14:38:00","36"
"152757","105399","84560","11877","412523","Returned","2022-05-03 04:23:15","2022-05-04 19:40:00","2022-05-05 03:15:00","2022-05-05 05:44:00","36"
"155091","107004","85851","10462","418778","Returned","2022-09-03 13:21:39.524247","2022-09-04 10:19:03.524247","2022-09-05 18:05:03.524247","2022-09-08 07:10:03.524247","36"
"156497","107954","86586","27274","422545","Returned","2021-09-14 05:38:28","2021-09-15 02:13:00","2021-09-17 01:59:00","2021-09-18 19:32:00","36"
"160074","110429","88562","15875","432195","Returned","2022-06-04 13:13:54","2022-06-05 17:03:00","2022-06-07 17:58:00","2022-06-10 11:49:00","36"
"160135","110469","88593","10570","432369","Returned","2022-05-04 06:17:15","2022-05-04 21:42:00","2022-05-08 15:50:00","2022-05-10 22:29:00","36"
"161277","111246","89189","20895","435442","Returned","2019-07-22 01:28:28","2019-07-21 22:36:00","2019-07-24 22:13:00","2019-07-25 04:21:00","36"
"161616","111484","89387","23511","436373","Returned","2022-09-03 15:09:51","2022-09-01 22:37:00","2022-09-03 11:40:00","2022-09-03 13:04:00","36"
"162666","112200","89956","26402","439249","Returned","2022-01-21 13:24:01","2022-01-22 10:32:00","2022-01-24 22:08:00","2022-01-27 17:43:00","36"
"163399","112700","90367","26361","441212","Returned","2022-05-01 10:44:18","2022-04-30 01:14:00","2022-05-01 11:30:00","2022-05-02 11:10:00","36"
"164771","113651","91119","14289","444982","Returned","2020-10-02 02:02:14","2020-09-29 15:50:00","2020-10-02 01:40:00","2020-10-03 15:03:00","36"
"167770","115697","92742","12586","453065","Returned","2020-02-12 02:09:12","2020-02-12 03:27:00","2020-02-13 00:40:00","2020-02-14 10:54:00","36"
"171079","117947","94586","25844","462040","Returned","2022-06-08 14:56:38","2022-06-11 12:15:00","2022-06-13 07:32:00","2022-06-13 14:09:00","36"
"172389","118875","95308","23114","465600","Returned","2021-02-07 08:43:08","2021-02-06 16:34:00","2021-02-07 06:35:00","2021-02-07 11:50:00","36"
"173596","119738","96005","10358","468799","Returned","2022-08-10 09:48:12","2022-08-11 01:58:00","2022-08-13 22:43:00","2022-08-14 11:01:00","36"
"175381","120946","96963","10581","473640","Returned","2021-10-18 12:58:38","2021-10-19 10:36:00","2021-10-21 15:30:00","2021-10-22 17:02:00","36"
"176301","121586","97511","23114","476143","Returned","2022-08-14 06:03:07","2022-08-15 22:36:00","2022-08-18 01:46:00","2022-08-19 08:27:00","36"
"176444","121686","97596","15268","476528","Returned","2019-12-19 03:44:17","2019-12-20 12:09:00","2019-12-23 12:46:00","2019-12-24 15:36:00","36"
"177142","122162","97955","10692","478425","Returned","2021-09-25 09:39:18","2021-09-25 18:02:00","2021-09-27 18:39:00","2021-09-29 13:42:00","36"
"177594","122488","98245","25789","479624","Returned","2020-10-03 07:47:52","2020-10-03 23:15:00","2020-10-08 07:30:00","2020-10-09 22:14:00","36"
"179919","124082","99521","10456","485860","Returned","2022-07-18 07:15:59","2022-07-19 01:37:00","2022-07-23 20:39:00","2022-07-25 23:05:00","36"
"573","411","359","18640","1513","Cancelled","2020-09-27 03:18:05",NULL,NULL,NULL,"36"
"946","665","556","15306","2546","Cancelled","2020-12-17 14:14:43",NULL,NULL,NULL,"36"
"1776","1241","999","25586","4808","Cancelled","2022-08-13 14:00:38",NULL,NULL,NULL,"36"
"2302","1579","1272","25264","6232","Cancelled","2020-08-21 09:48:59",NULL,NULL,NULL,"36"
"2552","1746","1411","27543","6899","Cancelled","2019-12-31 10:52:21",NULL,NULL,NULL,"36"
"3313","2250","1805","11890","8969","Cancelled","2022-01-24 08:15:24",NULL,NULL,NULL,"36"
"3486","2358","1898","17841","9426","Cancelled","2021-08-10 03:55:02",NULL,NULL,NULL,"36"
"7137","4865","3943","11181","19328","Cancelled","2021-07-14 04:52:28",NULL,NULL,NULL,"36"
"7308","4994","4050","12075","19802","Cancelled","2021-07-06 06:22:12",NULL,NULL,NULL,"36"
"9440","6490","5271","26557","25594","Cancelled","2022-04-27 17:16:40",NULL,NULL,NULL,"36"
"10202","7019","5714","16186","27669","Cancelled","2022-08-21 01:02:47",NULL,NULL,NULL,"36"
"14188","9766","7879","10381","38449","Cancelled","2022-08-19 14:56:39",NULL,NULL,NULL,"36"
"15722","10783","8663","11683","42573","Cancelled","2020-11-03 06:33:32",NULL,NULL,NULL,"36"
"15928","10934","8790","11757","43111","Cancelled","2022-08-08 10:29:37",NULL,NULL,NULL,"36"
"16689","11483","9240","27274","45174","Cancelled","2022-09-03 03:16:28.030543",NULL,NULL,NULL,"36"
"18246","12539","10067","15599","49415","Cancelled","2021-12-13 13:09:44",NULL,NULL,NULL,"36"
"19672","13523","10846","25969","53227","Cancelled","2022-07-13 12:52:06",NULL,NULL,NULL,"36"
"19863","13666","10941","23027","53758","Cancelled","2022-07-03 09:45:09",NULL,NULL,NULL,"36"
"20116","13831","11088","11181","54442","Cancelled","2020-03-05 05:34:27",NULL,NULL,NULL,"36"
"20637","14189","11363","26740","55866","Cancelled","2022-06-29 09:56:45",NULL,NULL,NULL,"36"
"21711","14927","11925","15599","58684","Cancelled","2022-07-13 01:49:37",NULL,NULL,NULL,"36"
"21749","14953","11944","16236","58787","Cancelled","2022-07-16 10:34:41",NULL,NULL,NULL,"36"
"21848","15019","11997","25264","59043","Cancelled","2019-10-10 21:29:08",NULL,NULL,NULL,"36"
"21893","15052","12021","16506","59175","Cancelled","2020-05-28 04:53:19",NULL,NULL,NULL,"36"
"22481","15458","12352","26270","60762","Cancelled","2020-04-03 12:20:42",NULL,NULL,NULL,"36"
"22541","15501","12390","11181","60923","Cancelled","2021-11-18 02:21:30",NULL,NULL,NULL,"36"
"23292","16021","12793","10096","62956","Cancelled","2022-02-10 01:09:29",NULL,NULL,NULL,"36"
"24230","16665","13325","12875","65491","Cancelled","2022-06-22 22:30:36",NULL,NULL,NULL,"36"
"24619","16942","13528","18184","66534","Cancelled","2020-07-29 16:03:49",NULL,NULL,NULL,"36"
"24962","17195","13740","27274","67476","Cancelled","2022-06-10 00:25:06",NULL,NULL,NULL,"36"
"34302","23613","18841","25392","92665","Cancelled","2022-07-29 14:24:26",NULL,NULL,NULL,"36"
"34494","23749","18953","23264","93186","Cancelled","2022-02-19 02:58:50",NULL,NULL,NULL,"36"
"36459","25106","20072","24178","98434","Cancelled","2022-05-06 17:26:00",NULL,NULL,NULL,"36"
"36604","25190","20138","8933","98818","Cancelled","2022-03-14 15:04:32",NULL,NULL,NULL,"36"
"36695","25254","20184","9025","99057","Cancelled","2021-01-14 11:04:29",NULL,NULL,NULL,"36"
"37609","25895","20682","25371","101553","Cancelled","2020-06-02 14:47:01",NULL,NULL,NULL,"36"
"38594","26582","21241","10409","104190","Cancelled","2022-06-11 00:00:51",NULL,NULL,NULL,"36"
"38953","26823","21427","10595","105159","Cancelled","2022-05-26 22:31:47",NULL,NULL,NULL,"36"
"39216","26999","21563","9716","105885","Cancelled","2021-08-11 13:39:00",NULL,NULL,NULL,"36"
"39995","27526","21981","20690","107954","Cancelled","2022-06-19 11:38:11",NULL,NULL,NULL,"36"
"40447","27834","22230","8933","109187","Cancelled","2020-08-08 00:56:41",NULL,NULL,NULL,"36"
"40785","28054","22377","10409","110138","Cancelled","2022-05-01 01:37:35",NULL,NULL,NULL,"36"
"41407","28479","22721","11357","111779","Cancelled","2022-06-24 13:28:31",NULL,NULL,NULL,"36"
"41892","28821","22997","22964","113091","Cancelled","2022-07-17 03:34:27",NULL,NULL,NULL,"36"
"42660","29357","23400","17841","115189","Cancelled","2022-04-08 02:36:46",NULL,NULL,NULL,"36"
"44664","30743","24533","9450","120637","Cancelled","2022-01-04 12:08:44",NULL,NULL,NULL,"36"
"49840","34328","27403","22819","134542","Cancelled","2022-09-03 07:34:35.584705",NULL,NULL,NULL,"36"
"50296","34645","27654","3027","135773","Cancelled","2021-12-12 15:09:49",NULL,NULL,NULL,"36"
"50781","34999","27931","9873","137059","Cancelled","2022-09-05 03:59:15.882532",NULL,NULL,NULL,"36"
"50828","35030","27953","13814","137193","Cancelled","2021-08-28 03:19:50",NULL,NULL,NULL,"36"
"51128","35247","28137","10363","138006","Cancelled","2021-02-24 01:55:09",NULL,NULL,NULL,"36"
"51614","35581","28433","26265","139323","Cancelled","2021-05-07 11:23:20",NULL,NULL,NULL,"36"
"51653","35601","28446","25573","139427","Cancelled","2021-02-26 15:28:42",NULL,NULL,NULL,"36"
"52855","36434","29114","18891","142627","Cancelled","2022-07-05 23:04:11",NULL,NULL,NULL,"36"
"53110","36615","29260","9576","143308","Cancelled","2020-09-03 00:22:55",NULL,NULL,NULL,"36"
"54039","37237","29748","12555","145833","Cancelled","2022-06-27 09:57:11",NULL,NULL,NULL,"36"
"57562","39670","31698","10352","155350","Cancelled","2020-02-23 00:02:05",NULL,NULL,NULL,"36"
"58743","40484","32332","11357","158547","Cancelled","2020-01-07 02:52:26",NULL,NULL,NULL,"36"
"58783","40517","32354","9928","158648","Cancelled","2022-03-19 10:53:59",NULL,NULL,NULL,"36"
"59947","41301","32990","16847","161835","Cancelled","2021-02-22 07:58:31",NULL,NULL,NULL,"36"
"63928","44006","35199","15696","172577","Cancelled","2022-04-16 14:56:30",NULL,NULL,NULL,"36"
"64078","44101","35277","28872","172986","Cancelled","2022-04-28 14:58:26",NULL,NULL,NULL,"36"
"64191","44177","35333","2480","173290","Cancelled","2022-03-30 09:28:15",NULL,NULL,NULL,"36"
"65278","44947","35936","15344","176263","Cancelled","2022-09-04 11:20:26.484967",NULL,NULL,NULL,"36"
"65366","45013","35982","13562","176505","Cancelled","2021-08-10 11:24:04",NULL,NULL,NULL,"36"
"66655","45856","36673","14895","179970","Cancelled","2022-07-02 04:15:42",NULL,NULL,NULL,"36"
"68989","47488","37981","25509","186240","Cancelled","2022-07-04 14:00:12",NULL,NULL,NULL,"36"
"70703","48688","38948","11827","190878","Cancelled","2022-08-01 03:13:20",NULL,NULL,NULL,"36"
"71497","49233","39400","10358","193037","Cancelled","2022-08-30 06:11:42",NULL,NULL,NULL,"36"
"71812","49465","39599","15482","193874","Cancelled","2022-06-20 15:21:00",NULL,NULL,NULL,"36"
"73207","50426","40364","15514","197677","Cancelled","2020-06-25 06:28:05",NULL,NULL,NULL,"36"
"73721","50772","40624","25266","199047","Cancelled","2021-10-26 16:29:34",NULL,NULL,NULL,"36"
"75437","51982","41595","10699","203671","Cancelled","2021-09-15 10:34:23",NULL,NULL,NULL,"36"
"76160","52486","42003","10363","205659","Cancelled","2022-01-03 00:03:13",NULL,NULL,NULL,"36"
"77232","53247","42607","15408","208518","Cancelled","2020-02-25 04:27:55",NULL,NULL,NULL,"36"
"77678","53564","42857","26727","209678","Cancelled","2021-06-05 13:57:11",NULL,NULL,NULL,"36"
"80835","55748","44563","26557","218320","Cancelled","2022-06-20 16:51:50",NULL,NULL,NULL,"36"
"82622","57029","45598","16186","223129","Cancelled","2022-06-07 01:59:47",NULL,NULL,NULL,"36"
"82694","57086","45631","12875","223334","Cancelled","2020-01-08 04:02:00",NULL,NULL,NULL,"36"
"82951","57271","45785","27488","224024","Cancelled","2022-03-24 12:28:22",NULL,NULL,NULL,"36"
"83122","57392","45874","9588","224505","Cancelled","2022-07-29 00:26:42",NULL,NULL,NULL,"36"
"85577","59134","47280","9576","231152","Cancelled","2022-07-22 10:45:32",NULL,NULL,NULL,"36"
"88412","61102","48928","23566","238853","Cancelled","2022-02-21 15:04:06",NULL,NULL,NULL,"36"
"90258","62391","49945","18640","243834","Cancelled","2020-10-19 02:51:19",NULL,NULL,NULL,"36"
"90842","62773","50251","11218","245400","Cancelled","2021-04-04 17:05:27",NULL,NULL,NULL,"36"
"91475","63204","50609","26992","247100","Cancelled","2022-06-15 13:16:19",NULL,NULL,NULL,"36"
"92537","63939","51185","25769","249934","Cancelled","2022-06-17 23:59:45",NULL,NULL,NULL,"36"
"94437","65249","52201","22933","255098","Cancelled","2022-08-11 11:15:14",NULL,NULL,NULL,"36"
"95366","65912","52723","20690","257603","Cancelled","2021-02-11 16:50:43",NULL,NULL,NULL,"36"
"96222","66498","53171","25789","259918","Cancelled","2021-04-05 23:56:37",NULL,NULL,NULL,"36"
"97509","67386","53846","11822","263401","Cancelled","2021-10-09 06:31:28",NULL,NULL,NULL,"36"
"98230","67880","54244","11890","265367","Cancelled","2022-07-28 11:48:08",NULL,NULL,NULL,"36"
"100273","69305","55414","2480","270810","Cancelled","2021-12-02 11:21:22",NULL,NULL,NULL,"36"
"101350","70039","55990","638","273720","Cancelled","2021-10-15 12:47:49",NULL,NULL,NULL,"36"
"101576","70186","56114","21010","274336","Cancelled","2022-09-05 04:09:09",NULL,NULL,NULL,"36"
"106358","73502","58776","10358","287287","Cancelled","2020-05-29 11:53:09",NULL,NULL,NULL,"36"
"106824","73812","59021","290","288532","Cancelled","2022-04-01 07:28:11",NULL,NULL,NULL,"36"
"107337","74154","59286","7203","289925","Cancelled","2022-04-27 00:00:09",NULL,NULL,NULL,"36"
"107580","74326","59420","12555","290582","Cancelled","2022-06-26 13:57:03",NULL,NULL,NULL,"36"
"108469","74936","59923","23566","293002","Cancelled","2022-01-10 10:22:47",NULL,NULL,NULL,"36"
"109991","75977","60751","16479","297086","Cancelled","2020-10-19 22:24:22",NULL,NULL,NULL,"36"
"111205","76830","61467","11822","300333","Cancelled","2022-08-03 21:05:49",NULL,NULL,NULL,"36"
"111789","77223","61791","25769","301912","Cancelled","2022-01-30 03:52:24",NULL,NULL,NULL,"36"
"113692","78540","62807","10358","307060","Cancelled","2022-08-15 02:52:40",NULL,NULL,NULL,"36"
"113915","78685","62928","3085","307671","Cancelled","2022-04-26 10:08:33",NULL,NULL,NULL,"36"
"115849","79999","64023","13135","312878","Cancelled","2021-10-09 04:21:28",NULL,NULL,NULL,"36"
"118089","81515","65275","14895","318867","Cancelled","2020-02-02 05:26:04",NULL,NULL,NULL,"36"
"118403","81730","65440","10346","319706","Cancelled","2021-10-27 18:38:19",NULL,NULL,NULL,"36"
"119049","82180","65800","10381","321428","Cancelled","2022-08-06 14:16:42",NULL,NULL,NULL,"36"
"119412","82428","65991","25768","322401","Cancelled","2022-08-26 15:15:10",NULL,NULL,NULL,"36"
"120660","83273","66681","26602","325796","Cancelled","2022-06-22 22:47:12",NULL,NULL,NULL,"36"
"121778","84023","67271","22070","328811","Cancelled","2020-06-26 17:19:55",NULL,NULL,NULL,"36"
"125707","86713","69383","27529","339379","Cancelled","2022-08-24 00:45:13",NULL,NULL,NULL,"36"
"128572","88671","71028","15408","347165","Cancelled","2021-02-28 10:26:56",NULL,NULL,NULL,"36"
"129426","89257","71500","25769","349465","Cancelled","2022-01-03 23:34:56",NULL,NULL,NULL,"36"
"129618","89394","71611","23264","349960","Cancelled","2020-12-10 04:08:30",NULL,NULL,NULL,"36"
"130323","89887","72006","11890","351874","Cancelled","2022-03-30 22:45:40",NULL,NULL,NULL,"36"
"131440","90666","72638","26100","354895","Cancelled","2022-07-04 08:26:41",NULL,NULL,NULL,"36"
"132239","91225","73051","10363","357065","Cancelled","2020-03-25 14:49:23",NULL,NULL,NULL,"36"
"135066","93183","74655","22933","364727","Cancelled","2022-08-09 01:29:41",NULL,NULL,NULL,"36"
"137093","94611","75827","10583","370186","Cancelled","2022-09-03 22:51:01.092328",NULL,NULL,NULL,"36"
"138164","95339","76427","10358","373074","Cancelled","2022-02-21 05:53:13",NULL,NULL,NULL,"36"
"139310","96112","77077","8933","376184","Cancelled","2020-11-08 08:22:20",NULL,NULL,NULL,"36"
"139434","96196","77147","9716","376531","Cancelled","2022-04-25 11:32:42",NULL,NULL,NULL,"36"
"139924","96522","77402","23514","377824","Cancelled","2020-06-29 07:09:54",NULL,NULL,NULL,"36"
"141540","97626","78286","25613","382176","Cancelled","2021-12-03 03:09:34",NULL,NULL,NULL,"36"
"142513","98322","78843","11890","384792","Cancelled","2020-07-27 11:24:40",NULL,NULL,NULL,"36"
"144581","99756","79983","12112","390357","Cancelled","2021-08-09 10:53:46",NULL,NULL,NULL,"36"
"148124","102212","81994","12555","399954","Cancelled","2022-05-05 16:44:31",NULL,NULL,NULL,"36"
"148872","102726","82407","27274","402000","Cancelled","2022-05-01 03:36:55",NULL,NULL,NULL,"36"
"151627","104607","83927","23264","409509","Cancelled","2022-03-10 04:16:30",NULL,NULL,NULL,"36"
"151850","104768","84067","11683","410113","Cancelled","2021-04-28 06:11:08",NULL,NULL,NULL,"36"
"153176","105673","84780","5527","413664","Cancelled","2020-12-06 23:49:43",NULL,NULL,NULL,"36"
"153405","105833","84894","28940","414294","Cancelled","2021-10-29 05:26:34",NULL,NULL,NULL,"36"
"156305","107820","86486","21302","422038","Cancelled","2021-12-19 05:46:07",NULL,NULL,NULL,"36"
"156329","107839","86501","25789","422099","Cancelled","2021-03-09 02:21:59",NULL,NULL,NULL,"36"
"156650","108054","86658","23566","422957","Cancelled","2022-06-27 00:28:07",NULL,NULL,NULL,"36"
"157811","108843","87299","10346","426098","Cancelled","2022-05-24 06:21:51",NULL,NULL,NULL,"36"
"159739","110204","88375","25400","431293","Cancelled","2021-09-13 17:13:57",NULL,NULL,NULL,"36"
"159757","110214","88381","15875","431341","Cancelled","2020-08-24 15:24:31",NULL,NULL,NULL,"36"
"160398","110661","88739","6657","433082","Cancelled","2021-04-16 11:04:41",NULL,NULL,NULL,"36"
"160580","110787","88839","15268","433575","Cancelled","2022-01-23 23:47:37",NULL,NULL,NULL,"36"
"160776","110907","88921","17486","434096","Cancelled","2021-07-15 22:42:41",NULL,NULL,NULL,"36"
"162043","111752","89591","6671","437545","Cancelled","2022-08-07 13:08:03",NULL,NULL,NULL,"36"
"163216","112576","90275","16389","440722","Cancelled","2021-06-21 15:41:46",NULL,NULL,NULL,"36"
"163331","112657","90331","28940","441025","Cancelled","2020-11-25 06:25:15",NULL,NULL,NULL,"36"
"163385","112693","90363","26361","441178","Cancelled","2022-08-12 01:07:53",NULL,NULL,NULL,"36"
"164189","113250","90815","9588","443391","Cancelled","2022-09-05 09:29:22.672036",NULL,NULL,NULL,"36"
"165386","114065","91448","10699","446679","Cancelled","2020-07-02 21:45:52",NULL,NULL,NULL,"36"
"166498","114822","92045","10210","449684","Cancelled","2021-01-08 22:59:52",NULL,NULL,NULL,"36"
"167025","115185","92322","25800","451100","Cancelled","2022-04-18 12:38:44",NULL,NULL,NULL,"36"
"167422","115452","92539","22766","452150","Cancelled","2019-10-06 22:32:00",NULL,NULL,NULL,"36"
"168308","116068","93060","26361","454529","Cancelled","2022-04-01 22:29:46",NULL,NULL,NULL,"36"
"169030","116583","93469","20690","456463","Cancelled","2020-05-06 06:22:34",NULL,NULL,NULL,"36"
"169475","116879","93706","26727","457648","Cancelled","2021-10-16 07:11:24",NULL,NULL,NULL,"36"
"171723","118401","94936","290","463777","Cancelled","2022-07-10 04:33:05",NULL,NULL,NULL,"36"
"172431","118910","95332","17486","465709","Cancelled","2022-08-10 20:40:05",NULL,NULL,NULL,"36"
"173806","119880","96132","10699","469349","Cancelled","2022-09-03 17:52:35",NULL,NULL,NULL,"36"
"176793","121923","97783","11683","477483","Cancelled","2022-05-18 01:37:43",NULL,NULL,NULL,"36"
"178216","122918","98592","25916","481273","Cancelled","2021-05-13 13:47:40",NULL,NULL,NULL,"36"
"178927","123413","98989","25613","483198","Cancelled","2022-06-30 13:39:25",NULL,NULL,NULL,"36"
"179267","123644","99182","11302","484114","Cancelled","2022-05-13 08:41:51",NULL,NULL,NULL,"36"
"180166","124253","99655","16847","486525","Cancelled","2022-02-11 17:40:46",NULL,NULL,NULL,"36"
"379","267","232","26562","1003","Processing","2021-03-17 09:27:01",NULL,NULL,NULL,"36"
"2446","1680","1356","11181","6622","Processing","2020-06-28 16:10:18",NULL,NULL,NULL,"36"
"2530","1731","1398","18640","6839","Processing","2021-12-18 01:24:04",NULL,NULL,NULL,"36"
"2995","2041","1648","25789","8104","Processing","2019-06-09 01:00:22",NULL,NULL,NULL,"36"
"3052","2078","1672","11819","8252","Processing","2022-04-01 07:12:32",NULL,NULL,NULL,"36"
"3723","2524","2040","10381","10073","Processing","2022-07-28 15:58:45",NULL,NULL,NULL,"36"
"3782","2566","2080","28872","10234","Processing","2022-02-23 15:36:40",NULL,NULL,NULL,"36"
"3904","2660","2150","11302","10569","Processing","2021-03-05 14:07:07",NULL,NULL,NULL,"36"
"4456","3048","2458","22931","12087","Processing","2022-09-04 06:29:00.181403",NULL,NULL,NULL,"36"
"5029","3427","2798","22766","13603","Processing","2022-09-04 06:42:16.476527",NULL,NULL,NULL,"36"
"5392","3680","3006","22964","14600","Processing","2021-01-17 04:50:38",NULL,NULL,NULL,"36"
"5740","3905","3177","26602","15543","Processing","2022-09-03 11:45:17.41132",NULL,NULL,NULL,"36"
"6601","4494","3645","22933","17871","Processing","2022-08-21 13:55:52",NULL,NULL,NULL,"36"
"9388","6450","5235","15514","25460","Processing","2021-09-11 04:56:12",NULL,NULL,NULL,"36"
"9533","6560","5317","13814","25857","Processing","2020-12-21 14:32:54",NULL,NULL,NULL,"36"
"9884","6801","5516","15696","26820","Processing","2022-03-27 21:59:49",NULL,NULL,NULL,"36"
"10405","7157","5828","11218","28204","Processing","2022-04-16 09:04:34",NULL,NULL,NULL,"36"
"10434","7176","5842","2741","28283","Processing","2022-05-13 23:19:56",NULL,NULL,NULL,"36"
"10769","7404","6024","17486","29185","Processing","2022-02-24 09:11:22",NULL,NULL,NULL,"36"
"12341","8505","6870","26533","33455","Processing","2021-05-09 02:54:27",NULL,NULL,NULL,"36"
"12550","8652","6983","12133","34003","Processing","2020-09-08 10:58:03",NULL,NULL,NULL,"36"
"13084","9032","7285","10661","35442","Processing","2021-08-16 14:20:35",NULL,NULL,NULL,"36"
"13464","9281","7483","14895","36491","Processing","2021-10-29 01:19:01",NULL,NULL,NULL,"36"
"13657","9406","7575","10359","37010","Processing","2022-05-01 13:52:39",NULL,NULL,NULL,"36"
"13909","9583","7729","16479","37694","Processing","2020-11-05 00:25:19",NULL,NULL,NULL,"36"
"14078","9692","7825","25969","38146","Processing","2022-01-06 01:49:36",NULL,NULL,NULL,"36"
"15304","10511","8459","27428","41450","Processing","2021-01-14 03:47:25",NULL,NULL,NULL,"36"
"15383","10565","8495","25366","41671","Processing","2022-07-19 13:31:36",NULL,NULL,NULL,"36"
"15471","10621","8539","5111","41911","Processing","2022-01-04 00:14:03",NULL,NULL,NULL,"36"
"15690","10758","8642","20690","42492","Processing","2021-01-16 01:39:59",NULL,NULL,NULL,"36"
"15729","10788","8668","9600","42593","Processing","2021-01-14 11:26:47",NULL,NULL,NULL,"36"
"17078","11753","9454","27428","46241","Processing","2021-11-02 13:57:08",NULL,NULL,NULL,"36"
"17631","12129","9753","11271","47756","Processing","2022-08-26 22:19:41",NULL,NULL,NULL,"36"
"18000","12378","9953","10210","48767","Processing","2019-08-01 12:15:23",NULL,NULL,NULL,"36"
"18945","13022","10445","11181","51273","Processing","2021-12-18 07:08:49",NULL,NULL,NULL,"36"
"19144","13159","10549","15514","51798","Processing","2021-11-14 03:16:59",NULL,NULL,NULL,"36"
"19621","13485","10819","10346","53096","Processing","2019-07-16 02:51:57",NULL,NULL,NULL,"36"
"19943","13722","11001","15344","53973","Processing","2021-02-02 15:33:14",NULL,NULL,NULL,"36"
"20625","14184","11359","11890","55837","Processing","2020-06-30 07:53:11",NULL,NULL,NULL,"36"
"21762","14962","11949","7203","58820","Processing","2020-03-23 10:38:41",NULL,NULL,NULL,"36"
"23750","16344","13073","10657","64204","Processing","2020-08-14 15:04:33",NULL,NULL,NULL,"36"
"24030","16530","13215","10352","64960","Processing","2022-03-16 07:58:31",NULL,NULL,NULL,"36"
"24101","16576","13251","7247","65150","Processing","2022-05-10 02:51:37",NULL,NULL,NULL,"36"
"25332","17453","13936","27488","68450","Processing","2022-09-01 03:13:00",NULL,NULL,NULL,"36"
"27200","18730","14972","10462","73538","Processing","2022-03-08 05:56:22",NULL,NULL,NULL,"36"
"27749","19119","15289","9806","75014","Processing","2022-06-13 01:40:47",NULL,NULL,NULL,"36"
"28147","19401","15519","10363","76083","Processing","2021-10-18 10:52:17",NULL,NULL,NULL,"36"
"28769","19798","15818","10705","77768","Processing","2022-03-25 03:29:16",NULL,NULL,NULL,"36"
"29580","20367","16268","21302","79965","Processing","2022-09-03 08:55:43",NULL,NULL,NULL,"36"
"30260","20841","16677","10462","81818","Processing","2021-08-17 12:44:26",NULL,NULL,NULL,"36"
"30916","21280","17042","10210","83583","Processing","2021-09-25 16:45:18",NULL,NULL,NULL,"36"
"31524","21689","17355","10583","85201","Processing","2022-07-27 21:33:06",NULL,NULL,NULL,"36"
"33264","22896","18266","10210","89849","Processing","2022-09-07 14:01:42.927583",NULL,NULL,NULL,"36"
"33648","23166","18495","27274","90900","Processing","2022-05-27 02:50:37",NULL,NULL,NULL,"36"
"33685","23196","18523","12104","91014","Processing","2021-02-22 03:08:13",NULL,NULL,NULL,"36"
"33827","23299","18597","15875","91384","Processing","2019-12-13 07:46:33",NULL,NULL,NULL,"36"
"34482","23738","18943","10496","93154","Processing","2022-05-04 02:54:56",NULL,NULL,NULL,"36"
"34725","23902","19086","12131","93803","Processing","2021-06-29 03:02:20",NULL,NULL,NULL,"36"
"36127","24876","19886","19064","97562","Processing","2022-07-02 16:18:12",NULL,NULL,NULL,"36"
"36621","25203","20153","10409","98860","Processing","2022-03-06 08:07:58",NULL,NULL,NULL,"36"
"37178","25607","20459","12131","100388","Processing","2022-08-03 11:34:53",NULL,NULL,NULL,"36"
"37994","26160","20910","10701","102579","Processing","2022-09-04 03:03:17",NULL,NULL,NULL,"36"
"38121","26243","20967","290","102918","Processing","2022-03-25 00:51:43",NULL,NULL,NULL,"36"
"38598","26585","21243","24178","104204","Processing","2022-07-07 08:27:44",NULL,NULL,NULL,"36"
"38786","26717","21349","1191","104724","Processing","2021-07-31 13:58:54",NULL,NULL,NULL,"36"
"38990","26852","21446","16236","105253","Processing","2020-08-11 08:08:31",NULL,NULL,NULL,"36"
"39705","27342","21834","26602","107178","Processing","2022-03-20 12:12:31",NULL,NULL,NULL,"36"
"40431","27822","22219","9025","109145","Processing","2022-07-30 01:20:57",NULL,NULL,NULL,"36"
"41842","28786","22960","1191","112959","Processing","2022-06-09 08:29:08",NULL,NULL,NULL,"36"
"41847","28791","22966","11357","112974","Processing","2022-06-20 12:56:50",NULL,NULL,NULL,"36"
"42062","28942","23085","25789","113546","Processing","2022-07-20 14:14:24",NULL,NULL,NULL,"36"
"42282","29087","23194","16847","114163","Processing","2022-08-01 05:27:11",NULL,NULL,NULL,"36"
"43075","29637","23639","23114","116311","Processing","2020-11-14 03:21:37",NULL,NULL,NULL,"36"
"43619","30010","23921","10496","117803","Processing","2020-06-22 14:10:06",NULL,NULL,NULL,"36"
"44091","30332","24194","26992","119086","Processing","2022-05-11 17:52:41",NULL,NULL,NULL,"36"
"44610","30704","24504","22933","120491","Processing","2020-01-22 21:51:42",NULL,NULL,NULL,"36"
"45822","31548","25177","26740","123724","Processing","2022-05-29 18:25:41",NULL,NULL,NULL,"36"
"45986","31653","25245","6671","124167","Processing","2020-09-16 23:14:25",NULL,NULL,NULL,"36"
"47749","32896","26274","27428","128874","Processing","2022-07-17 05:54:48",NULL,NULL,NULL,"36"
"47822","32955","26330","10549","129076","Processing","2019-11-12 18:37:43",NULL,NULL,NULL,"36"
"48060","33099","26445","26270","129732","Processing","2022-06-16 12:49:49",NULL,NULL,NULL,"36"
"49685","34227","27325","23027","134128","Processing","2021-09-11 03:09:06",NULL,NULL,NULL,"36"
"50452","34751","27737","7203","136187","Processing","2022-08-25 08:10:10",NULL,NULL,NULL,"36"
"50554","34830","27795","9025","136459","Processing","2020-08-04 03:50:38",NULL,NULL,NULL,"36"
"52287","36035","28784","21010","141098","Processing","2021-07-15 10:15:30",NULL,NULL,NULL,"36"
"53722","37021","29579","26879","144978","Processing","2021-03-23 01:24:02",NULL,NULL,NULL,"36"
"53959","37184","29708","5527","145626","Processing","2022-04-14 01:40:08",NULL,NULL,NULL,"36"
"54607","37647","30085","16186","147341","Processing","2022-04-23 21:50:11",NULL,NULL,NULL,"36"
"56177","38724","30967","10409","151598","Processing","2021-12-18 15:41:27",NULL,NULL,NULL,"36"
"56545","38978","31165","12131","152613","Processing","2022-09-05 04:33:55.085385",NULL,NULL,NULL,"36"
"57064","39331","31438","7135","154017","Processing","2021-06-04 07:22:36",NULL,NULL,NULL,"36"
"57094","39351","31454","18984","154098","Processing","2021-07-08 03:21:17",NULL,NULL,NULL,"36"
"58633","40415","32286","17841","158247","Processing","2022-08-26 14:30:28",NULL,NULL,NULL,"36"
"58725","40472","32325","19064","158493","Processing","2022-03-22 05:00:23",NULL,NULL,NULL,"36"
"59576","41052","32793","15344","160806","Processing","2022-07-11 10:00:58",NULL,NULL,NULL,"36"
"60764","41850","33450","13562","164049","Processing","2021-06-07 17:32:09",NULL,NULL,NULL,"36"
"63262","43558","34829","25916","170815","Processing","2021-03-10 16:30:10",NULL,NULL,NULL,"36"
"63696","43855","35075","11276","171958","Processing","2022-05-15 05:40:54",NULL,NULL,NULL,"36"
"65932","45385","36285","10208","178033","Processing","2020-09-30 08:22:56",NULL,NULL,NULL,"36"
"66103","45494","36376","26701","178501","Processing","2022-05-05 05:34:56",NULL,NULL,NULL,"36"
"67964","46765","37412","26701","183506","Processing","2020-10-25 09:28:33",NULL,NULL,NULL,"36"
"68530","47165","37724","15306","185001","Processing","2021-07-23 13:31:02",NULL,NULL,NULL,"36"
"69665","47964","38348","27274","188048","Processing","2021-09-20 08:26:40",NULL,NULL,NULL,"36"
"70118","48280","38607","10439","189291","Processing","2021-03-19 15:06:57",NULL,NULL,NULL,"36"
"71251","49059","39262","12555","192365","Processing","2020-11-01 03:04:57",NULL,NULL,NULL,"36"
"72577","49988","40009","18984","195975","Processing","2021-05-25 10:47:47",NULL,NULL,NULL,"36"
"72618","50019","40027","26265","196089","Processing","2022-06-08 10:03:14",NULL,NULL,NULL,"36"
"72728","50094","40092","2741","196385","Processing","2021-02-25 21:35:44",NULL,NULL,NULL,"36"
"73088","50350","40306","10352","197356","Processing","2022-01-07 12:30:15",NULL,NULL,NULL,"36"
"75516","52034","41648","12131","203884","Processing","2022-08-29 05:32:46",NULL,NULL,NULL,"36"
"75947","52336","41896","14289","205084","Processing","2022-01-04 13:25:22",NULL,NULL,NULL,"36"
"76019","52387","41939","15233","205282","Processing","2021-11-12 13:45:05",NULL,NULL,NULL,"36"
"76529","52752","42208","11340","206653","Processing","2022-02-06 02:53:31",NULL,NULL,NULL,"36"
"77399","53367","42700","25264","208944","Processing","2022-03-07 13:07:16",NULL,NULL,NULL,"36"
"77841","53671","42944","11890","210141","Processing","2022-07-02 11:39:54",NULL,NULL,NULL,"36"
"79022","54483","43601","26740","213345","Processing","2022-07-04 09:48:22",NULL,NULL,NULL,"36"
"80878","55773","44585","11757","218432","Processing","2022-08-11 06:05:15",NULL,NULL,NULL,"36"
"81388","56142","44872","11819","219802","Processing","2020-08-08 15:30:47",NULL,NULL,NULL,"36"
"81951","56538","45193","26749","221304","Processing","2022-06-21 00:20:54",NULL,NULL,NULL,"36"
"82400","56869","45478","7203","222518","Processing","2022-02-18 14:54:32",NULL,NULL,NULL,"36"
"82416","56882","45489","18891","222560","Processing","2021-11-28 17:11:27",NULL,NULL,NULL,"36"
"83178","57436","45913","18519","224652","Processing","2022-04-20 15:27:50",NULL,NULL,NULL,"36"
"83233","57480","45950","10352","224798","Processing","2022-03-16 04:11:00",NULL,NULL,NULL,"36"
"83433","57617","46061","10583","225328","Processing","2021-05-21 06:29:05",NULL,NULL,NULL,"36"
"84154","58129","46474","16506","227298","Processing","2021-04-19 00:43:10",NULL,NULL,NULL,"36"
"84222","58179","46520","15447","227482","Processing","2021-05-04 05:41:44",NULL,NULL,NULL,"36"
"84845","58613","46872","20690","229174","Processing","2022-01-09 01:59:33",NULL,NULL,NULL,"36"
"85206","58883","47075","23264","230154","Processing","2020-10-19 08:02:46",NULL,NULL,NULL,"36"
"85544","59113","47256","20690","231065","Processing","2021-06-09 10:47:10",NULL,NULL,NULL,"36"
"87011","60134","48123","26992","235056","Processing","2022-05-03 02:35:43",NULL,NULL,NULL,"36"
"87423","60411","48366","27543","236174","Processing","2021-10-26 13:48:44",NULL,NULL,NULL,"36"
"87950","60786","48665","11824","237588","Processing","2019-10-08 15:52:56",NULL,NULL,NULL,"36"
"88210","60964","48806","25371","238294","Processing","2022-08-09 08:42:27",NULL,NULL,NULL,"36"
"88425","61114","48935","11331","238889","Processing","2020-05-19 14:22:43",NULL,NULL,NULL,"36"
"89336","61747","49438","15696","241340","Processing","2020-02-03 23:24:02",NULL,NULL,NULL,"36"
"91431","63174","50581","10701","246976","Processing","2022-02-26 11:14:25",NULL,NULL,NULL,"36"
"91621","63307","50690","26562","247490","Processing","2022-08-24 10:59:58",NULL,NULL,NULL,"36"
"91756","63401","50757","17841","247844","Processing","2022-02-01 00:28:08",NULL,NULL,NULL,"36"
"93133","64358","51496","25969","251546","Processing","2022-07-29 07:17:22",NULL,NULL,NULL,"36"
"93511","64609","51696","11755","252547","Processing","2021-04-09 02:43:20",NULL,NULL,NULL,"36"
"94544","65317","52256","27543","255387","Processing","2022-08-29 14:11:07",NULL,NULL,NULL,"36"
"94606","65359","52284","10363","255545","Processing","2021-09-11 07:03:43",NULL,NULL,NULL,"36"
"96297","66550","53202","10699","260118","Processing","2020-04-03 10:42:04",NULL,NULL,NULL,"36"
"96959","67000","53541","20895","261897","Processing","2022-08-20 07:53:18",NULL,NULL,NULL,"36"
"97240","67207","53701","16389","262672","Processing","2022-07-18 00:22:47",NULL,NULL,NULL,"36"
"98161","67828","54197","10541","265168","Processing","2021-04-30 00:09:49",NULL,NULL,NULL,"36"
"98384","67984","54337","26018","265773","Processing","2021-11-22 18:36:33",NULL,NULL,NULL,"36"
"99639","68863","55065","23514","269144","Processing","2022-07-14 14:55:47",NULL,NULL,NULL,"36"
"99691","68903","55095","10596","269272","Processing","2021-09-17 16:56:10",NULL,NULL,NULL,"36"
"100668","69565","55635","15599","271872","Processing","2022-07-29 00:09:36",NULL,NULL,NULL,"36"
"101038","69826","55843","28067","272883","Processing","2022-01-05 04:09:32",NULL,NULL,NULL,"36"
"101396","70067","56013","16950","273846","Processing","2022-03-23 08:24:45",NULL,NULL,NULL,"36"
"102262","70661","56495","14289","276210","Processing","2021-08-15 08:44:43",NULL,NULL,NULL,"36"
"102566","70871","56653","10349","277046","Processing","2020-09-15 11:53:57",NULL,NULL,NULL,"36"
"103374","71432","57104","16847","279230","Processing","2022-01-21 09:23:38",NULL,NULL,NULL,"36"
"103406","71451","57122","27584","279316","Processing","2022-08-31 08:50:03",NULL,NULL,NULL,"36"
"103437","71477","57145","10705","279398","Processing","2021-01-18 14:19:34",NULL,NULL,NULL,"36"
"104679","72334","57835","25768","282752","Processing","2020-03-11 15:07:24",NULL,NULL,NULL,"36"
"105538","72921","58329","26749","285054","Processing","2020-11-11 02:45:17",NULL,NULL,NULL,"36"
"105676","73022","58403","16950","285441","Processing","2022-09-05 06:21:38",NULL,NULL,NULL,"36"
"105747","73072","58440","12075","285637","Processing","2021-11-23 15:21:44",NULL,NULL,NULL,"36"
"106351","73495","58771","28940","287268","Processing","2020-08-30 07:45:33",NULL,NULL,NULL,"36"
"106394","73522","58793","10462","287374","Processing","2021-04-07 22:24:54",NULL,NULL,NULL,"36"
"107254","74100","59241","25586","289699","Processing","2021-10-14 06:16:19",NULL,NULL,NULL,"36"
"107748","74434","59503","26727","291039","Processing","2020-09-07 23:33:10",NULL,NULL,NULL,"36"
"108066","74652","59690","26491","291926","Processing","2021-11-03 11:59:22",NULL,NULL,NULL,"36"
"109964","75961","60736","21010","297013","Processing","2022-07-23 03:50:35",NULL,NULL,NULL,"36"
"110937","76641","61303","26593","299610","Processing","2021-08-20 08:08:01",NULL,NULL,NULL,"36"
"111241","76852","61484","25586","300421","Processing","2022-03-04 06:31:10",NULL,NULL,NULL,"36"
"112753","77878","62292","10346","304547","Processing","2021-12-13 13:35:06",NULL,NULL,NULL,"36"
"113042","78085","62464","10496","305331","Processing","2020-12-14 08:07:25",NULL,NULL,NULL,"36"
"114195","78875","63092","25264","308424","Processing","2019-03-15 13:07:06",NULL,NULL,NULL,"36"
"115096","79490","63607","16365","310869","Processing","2022-09-03 07:34:14",NULL,NULL,NULL,"36"
"116540","80469","64418","11810","314757","Processing","2022-09-02 11:18:20.136389",NULL,NULL,NULL,"36"
"117409","81045","64906","10210","317044","Processing","2022-08-04 07:21:13",NULL,NULL,NULL,"36"
"117630","81203","65041","25400","317638","Processing","2021-05-29 10:23:08",NULL,NULL,NULL,"36"
"118534","81827","65518","10657","320055","Processing","2020-01-21 10:50:42",NULL,NULL,NULL,"36"
"118806","82017","65655","10581","320797","Processing","2022-08-03 03:02:54",NULL,NULL,NULL,"36"
"120104","82900","66368","12133","324271","Processing","2022-05-04 02:50:54",NULL,NULL,NULL,"36"
"120504","83169","66595","9600","325387","Processing","2020-08-31 03:31:25",NULL,NULL,NULL,"36"
"121323","83732","67039","10595","327587","Processing","2022-04-20 23:02:28",NULL,NULL,NULL,"36"
"123149","84957","67984","10359","332509","Processing","2022-04-21 07:27:39",NULL,NULL,NULL,"36"
"123378","85125","68129","22819","333116","Processing","2021-12-19 17:02:22",NULL,NULL,NULL,"36"
"124186","85673","68561","17636","335260","Processing","2022-02-25 03:37:17",NULL,NULL,NULL,"36"
"124429","85841","68705","25366","335904","Processing","2022-03-12 09:21:27",NULL,NULL,NULL,"36"
"124492","85882","68741","25769","336072","Processing","2022-06-14 12:28:51",NULL,NULL,NULL,"36"
"126304","87125","69720","11827","341016","Processing","2022-04-07 13:12:19",NULL,NULL,NULL,"36"
"126449","87224","69807","5527","341408","Processing","2019-05-20 13:18:18",NULL,NULL,NULL,"36"
"126478","87245","69826","13814","341487","Processing","2021-08-18 13:42:53",NULL,NULL,NULL,"36"
"126944","87554","70093","25844","342755","Processing","2022-07-20 07:33:48",NULL,NULL,NULL,"36"
"128005","88278","70690","26602","345616","Processing","2020-04-28 04:15:07",NULL,NULL,NULL,"36"
"130418","89954","72055","15408","352128","Processing","2021-02-16 16:30:48",NULL,NULL,NULL,"36"
"132326","91286","73100","22766","357303","Processing","2021-12-15 20:43:33",NULL,NULL,NULL,"36"
"133277","91963","73658","9450","359873","Processing","2019-08-19 15:07:52",NULL,NULL,NULL,"36"
"133511","92111","73776","290","360514","Processing","2022-08-20 08:56:05",NULL,NULL,NULL,"36"
"135141","93238","74697","10452","364937","Processing","2021-09-03 14:53:38",NULL,NULL,NULL,"36"
"135188","93268","74716","25916","365064","Processing","2021-05-18 03:57:34",NULL,NULL,NULL,"36"
"136329","94082","75405","9450","368135","Processing","2022-01-31 13:08:21",NULL,NULL,NULL,"36"
"136395","94130","75455","16479","368307","Processing","2020-09-03 03:20:46",NULL,NULL,NULL,"36"
"137254","94706","75917","12586","370620","Processing","2019-11-22 14:09:54",NULL,NULL,NULL,"36"
"137971","95211","76321","11276","372544","Processing","2021-07-25 06:10:57",NULL,NULL,NULL,"36"
"139085","95970","76951","23514","375582","Processing","2021-11-26 02:15:32",NULL,NULL,NULL,"36"
"141283","97445","78147","11302","381487","Processing","2022-08-30 02:08:10",NULL,NULL,NULL,"36"
"141292","97453","78152","14895","381516","Processing","2021-07-27 07:30:15",NULL,NULL,NULL,"36"
"141340","97487","78179","10705","381639","Processing","2022-03-12 09:43:29",NULL,NULL,NULL,"36"
"141649","97704","78337","22931","382475","Processing","2020-06-17 13:19:03",NULL,NULL,NULL,"36"
"141944","97904","78505","26361","383253","Processing","2022-05-17 09:53:11",NULL,NULL,NULL,"36"
"142268","98141","78693","10210","384133","Processing","2021-12-17 16:44:16",NULL,NULL,NULL,"36"
"144115","99436","79727","28067","389109","Processing","2022-07-11 01:40:59",NULL,NULL,NULL,"36"
"144200","99491","79770","16356","389345","Processing","2021-08-15 03:11:33",NULL,NULL,NULL,"36"
"145235","100204","80348","10657","392161","Processing","2022-06-14 12:42:59",NULL,NULL,NULL,"36"
"146281","100931","80986","25371","395005","Processing","2022-06-11 15:03:17",NULL,NULL,NULL,"36"
"146366","100988","81028","10575","395237","Processing","2021-10-31 23:32:14",NULL,NULL,NULL,"36"
"147032","101440","81371","9336","397025","Processing","2022-08-08 14:37:55",NULL,NULL,NULL,"36"
"147506","101784","81641","7135","398282","Processing","2021-10-01 16:43:22",NULL,NULL,NULL,"36"
"147610","101864","81701","7247","398558","Processing","2022-02-01 17:33:12",NULL,NULL,NULL,"36"
"148199","102266","82041","5111","400152","Processing","2020-08-02 12:53:55",NULL,NULL,NULL,"36"
"148813","102683","82372","11824","401854","Processing","2022-08-29 14:48:18",NULL,NULL,NULL,"36"
"150327","103727","83212","25264","406006","Processing","2022-02-03 10:08:41",NULL,NULL,NULL,"36"
"150390","103777","83251","10496","406174","Processing","2022-06-10 01:14:32",NULL,NULL,NULL,"36"
"150918","104145","83544","9873","407607","Processing","2022-08-21 09:49:38",NULL,NULL,NULL,"36"
"151336","104414","83774","2741","408709","Processing","2022-05-13 06:18:38",NULL,NULL,NULL,"36"
"151820","104745","84048","11697","410028","Processing","2022-06-04 02:03:28",NULL,NULL,NULL,"36"
"152234","105035","84292","26505","411133","Processing","2020-12-28 04:31:25",NULL,NULL,NULL,"36"
"156122","107698","86400","18640","421525","Processing","2021-11-07 02:31:18",NULL,NULL,NULL,"36"
"156167","107724","86415","26701","421658","Processing","2021-11-14 16:38:25",NULL,NULL,NULL,"36"
"156588","108009","86626","26557","422788","Processing","2020-05-10 10:45:05",NULL,NULL,NULL,"36"
"157556","108664","87140","10622","425406","Processing","2021-07-14 16:14:54",NULL,NULL,NULL,"36"
"158706","109468","87784","982","428498","Processing","2021-07-01 15:33:33",NULL,NULL,NULL,"36"
"158893","109603","87896","10496","429005","Processing","2022-05-12 01:15:32",NULL,NULL,NULL,"36"
"159318","109910","88143","6671","430153","Processing","2021-09-26 07:31:45",NULL,NULL,NULL,"36"
"160162","110490","88608","9405","432444","Processing","2020-09-18 03:25:05",NULL,NULL,NULL,"36"
"161071","111101","89069","7203","434875","Processing","2020-07-04 06:31:16",NULL,NULL,NULL,"36"
"163445","112737","90401","9576","441339","Processing","2022-06-20 17:47:14",NULL,NULL,NULL,"36"
"163884","113049","90656","3027","442542","Processing","2022-06-18 04:22:43",NULL,NULL,NULL,"36"
"164031","113145","90734","10622","442956","Processing","2022-04-04 02:11:42",NULL,NULL,NULL,"36"
"166296","114688","91944","25877","449133","Processing","2021-02-23 21:32:36",NULL,NULL,NULL,"36"
"167247","115335","92446","11827","451690","Processing","2022-06-18 15:55:09",NULL,NULL,NULL,"36"
"168325","116081","93072","24740","454570","Processing","2021-02-04 22:40:36",NULL,NULL,NULL,"36"
"169873","117146","93933","15344","458728","Processing","2022-07-12 10:25:15",NULL,NULL,NULL,"36"
"169925","117180","93956","10349","458867","Processing","2021-11-03 14:25:34",NULL,NULL,NULL,"36"
"171155","117995","94625","27428","462244","Processing","2021-05-01 07:11:13",NULL,NULL,NULL,"36"
"171286","118086","94698","26270","462600","Processing","2022-07-07 17:39:36",NULL,NULL,NULL,"36"
"172837","119200","95550","23027","466810","Processing","2022-07-23 02:23:01",NULL,NULL,NULL,"36"
"173732","119826","96085","12529","469162","Processing","2022-04-22 04:21:31",NULL,NULL,NULL,"36"
"174149","120111","96320","13814","470273","Processing","2019-12-29 02:54:36",NULL,NULL,NULL,"36"
"174238","120170","96371","10700","470516","Processing","2021-05-22 22:19:22",NULL,NULL,NULL,"36"
"175520","121042","97043","15599","474025","Processing","2021-05-29 11:41:59",NULL,NULL,NULL,"36"
"175857","121281","97261","26265","474926","Processing","2020-06-20 15:17:06",NULL,NULL,NULL,"36"
"175886","121304","97281","18640","475001","Processing","2021-06-19 22:15:18",NULL,NULL,NULL,"36"
"177673","122538","98281","26361","479835","Processing","2020-02-09 03:38:35",NULL,NULL,NULL,"36"
"178755","123296","98892","10208","482737","Processing","2020-05-08 03:53:22",NULL,NULL,NULL,"36"
"178922","123408","98986","10595","483183","Processing","2022-04-07 12:54:39",NULL,NULL,NULL,"36"
"179234","123620","99165","16950","484024","Processing","2021-11-17 12:37:23",NULL,NULL,NULL,"36"
"180417","124417","99769","10596","487195","Processing","2022-09-03 08:50:08.771921",NULL,NULL,NULL,"36"
"180559","124517","99848","6671","487586","Processing","2022-08-27 23:59:36",NULL,NULL,NULL,"36"
"651","465","399","13504","1741","Shipped","2022-08-15 08:41:58","2022-08-16 23:30:00",NULL,NULL,"38"
"718","505","429","13571","1914","Shipped","2022-04-13 07:48:25","2022-04-14 23:48:00",NULL,NULL,"38"
"926","655","546","2622","2488","Shipped","2021-04-21 07:29:37","2021-04-17 18:26:00",NULL,NULL,"38"
"2032","1404","1130","28039","5497","Shipped","2020-12-05 08:26:44","2020-12-07 04:49:00",NULL,NULL,"38"
"3734","2531","2047","26208","10098","Shipped","2022-09-05 05:23:31","2022-09-02 20:05:00",NULL,NULL,"38"
"4812","3289","2678","16247","13041","Shipped","2022-06-09 08:24:24","2022-06-07 13:14:00",NULL,NULL,"38"
"4853","3313","2698","26409","13150","Shipped","2021-10-07 11:42:06","2021-10-05 14:54:00",NULL,NULL,"38"
"4988","3402","2771","28276","13499","Shipped","2022-05-18 22:50:36","2022-05-20 11:13:00",NULL,NULL,"38"
"5525","3772","3073","11323","14965","Shipped","2021-07-26 03:04:27","2021-07-25 23:23:00",NULL,NULL,"38"
"5635","3839","3126","16939","15252","Shipped","2022-08-16 02:24:31","2022-08-17 11:13:00",NULL,NULL,"38"
"5664","3859","3142","11323","15330","Shipped","2022-07-10 23:37:32","2022-07-11 22:59:00",NULL,NULL,"38"
"5676","3868","3151","11124","15363","Shipped","2020-12-02 09:23:43","2020-12-05 01:45:00",NULL,NULL,"38"
"6291","4291","3489","14234","17020","Shipped","2021-12-21 06:34:09","2021-12-22 13:24:00",NULL,NULL,"38"
"6446","4396","3565","18004","17450","Shipped","2022-08-31 02:28:05","2022-08-31 16:30:00",NULL,NULL,"38"
"6604","4497","3645","18588","17878","Shipped","2022-08-14 12:05:42","2022-08-15 08:19:00",NULL,NULL,"38"
"6699","4565","3705","6463","18146","Shipped","2021-09-01 01:13:52","2021-09-03 23:55:00",NULL,NULL,"38"
"6917","4717","3830","15811","18731","Shipped","2021-05-09 14:04:16","2021-05-10 23:49:00",NULL,NULL,"38"
"7130","4860","3938","13903","19311","Shipped","2022-01-22 20:21:20","2022-01-23 07:58:00",NULL,NULL,"38"
"7583","5192","4214","18294","20555","Shipped","2020-06-15 13:51:41","2020-06-14 23:06:00",NULL,NULL,"38"
"7692","5273","4271","9866","20861","Shipped","2022-08-30 22:00:43","2022-09-02 13:24:00",NULL,NULL,"38"
"7993","5483","4437","19042","21680","Shipped","2022-06-26 03:17:04","2022-06-29 02:40:00",NULL,NULL,"38"
"8005","5491","4443","27054","21714","Shipped","2020-11-18 03:46:20","2020-11-18 00:08:00",NULL,NULL,"38"
"8280","5675","4593","11206","22453","Shipped","2022-02-25 11:52:09","2022-02-27 06:19:00",NULL,NULL,"38"
"9609","6613","5368","26092","26077","Shipped","2021-10-26 05:57:10","2021-10-25 09:24:00",NULL,NULL,"38"
"10205","7022","5716","15427","27679","Shipped","2022-08-21 12:28:22","2022-08-22 00:28:00",NULL,NULL,"38"
"11341","7799","6326","27973","30725","Shipped","2022-03-29 00:05:32","2022-03-29 22:30:00",NULL,NULL,"38"
"12741","8799","7107","27652","34524","Shipped","2022-08-10 10:18:32","2022-08-10 21:37:00",NULL,NULL,"38"
"12742","8800","7107","28756","34528","Shipped","2022-08-22 11:20:20","2022-08-24 19:33:00",NULL,NULL,"38"
"13965","9614","7760","27558","37850","Shipped","2021-08-31 08:38:09","2021-08-31 20:51:00",NULL,NULL,"38"
"14257","9813","7910","16276","38638","Shipped","2020-08-27 15:23:47","2020-08-28 07:46:00",NULL,NULL,"38"
"15649","10733","8624","27421","42383","Shipped","2020-12-21 23:15:13","2020-12-21 22:45:00",NULL,NULL,"38"
"16712","11502","9256","17280","45242","Shipped","2022-08-30 09:07:10","2022-08-29 04:13:00",NULL,NULL,"38"
"16792","11557","9306","11936","45478","Shipped","2022-08-28 04:40:40","2022-08-28 12:51:00",NULL,NULL,"38"
"18164","12484","10034","26249","49204","Shipped","2022-03-17 22:50:34","2022-03-19 03:37:00",NULL,NULL,"38"
"18488","12702","10194","16621","50058","Shipped","2021-11-14 08:05:00","2021-11-14 17:44:00",NULL,NULL,"38"
"18789","12912","10362","9523","50858","Shipped","2020-11-06 03:41:02","2020-11-05 01:37:00",NULL,NULL,"38"
"19519","13418","10766","5780","52816","Shipped","2021-01-15 01:05:06","2021-01-14 23:07:00",NULL,NULL,"38"
"20598","14170","11350","28358","55762","Shipped","2022-03-11 00:35:09","2022-03-09 11:54:00",NULL,NULL,"38"
"20914","14383","11518","12705","56602","Shipped","2020-12-31 05:20:10","2020-12-28 20:21:00",NULL,NULL,"38"
"20949","14404","11526","2247","56696","Shipped","2021-06-12 03:08:18","2021-06-12 08:54:00",NULL,NULL,"38"
"21485","14777","11803","11206","58077","Shipped","2022-06-16 21:50:57","2022-06-18 09:59:00",NULL,NULL,"38"
"21743","14950","11941","10137","58769","Shipped","2020-12-25 05:35:04","2020-12-24 16:33:00",NULL,NULL,"38"
"22319","15351","12266","27098","60313","Shipped","2021-12-14 13:39:31","2021-12-14 06:56:00",NULL,NULL,"38"
"22899","15747","12590","6463","61905","Shipped","2021-07-31 09:02:49","2021-07-31 18:06:00",NULL,NULL,"38"
"24372","16768","13402","27932","65870","Shipped","2022-08-18 10:50:20","2022-08-18 16:54:00",NULL,NULL,"38"
"24545","16885","13493","10506","66340","Shipped","2020-10-08 23:08:48","2020-10-09 11:27:00",NULL,NULL,"38"
"24677","16986","13564","22768","66698","Shipped","2022-05-23 08:42:36","2022-05-21 04:33:00",NULL,NULL,"38"
"24713","17015","13585","11858","66794","Shipped","2022-01-30 09:51:14","2022-01-30 08:58:00",NULL,NULL,"38"
"25802","17784","14212","11858","69730","Shipped","2020-05-20 09:46:32","2020-05-16 12:37:00",NULL,NULL,"38"
"25935","17874","14290","12110","70078","Shipped","2022-07-07 22:31:04","2022-07-10 08:08:00",NULL,NULL,"38"
"27155","18707","14956","2391","73417","Shipped","2020-11-09 16:14:42","2020-11-09 21:55:00",NULL,NULL,"38"
"27397","18873","15092","18178","74060","Shipped","2021-04-05 15:35:02","2021-04-08 12:51:00",NULL,NULL,"38"
"28224","19452","15558","11936","76299","Shipped","2022-02-20 06:38:52","2022-02-21 02:05:00",NULL,NULL,"38"
"28312","19512","15605","16247","76536","Shipped","2022-05-05 05:51:45","2022-05-06 12:07:00",NULL,NULL,"38"
"29330","20194","16149","27107","79285","Shipped","2021-12-14 15:17:52","2021-12-12 12:06:00",NULL,NULL,"38"
"29508","20319","16226","18178","79763","Shipped","2022-01-08 04:28:37","2022-01-07 16:33:00",NULL,NULL,"38"
"30899","21269","17035","16819","83534","Shipped","2022-06-21 11:15:28","2022-06-21 19:06:00",NULL,NULL,"38"
"32344","22259","17797","14234","87382","Shipped","2021-09-13 05:29:45","2021-09-14 15:33:00",NULL,NULL,"38"
"32494","22362","17878","12891","87801","Shipped","2021-07-21 15:45:55","2021-07-23 17:48:00",NULL,NULL,"38"
"34307","23617","18844","13762","92680","Shipped","2020-10-11 11:47:53","2020-10-09 19:00:00",NULL,NULL,"38"
"34949","24060","19210","13249","94413","Shipped","2021-09-27 08:11:58","2021-09-28 09:18:00",NULL,NULL,"38"
"35155","24196","19318","18851","94973","Shipped","2022-08-27 22:13:27","2022-08-28 19:38:00",NULL,NULL,"38"
"35612","24508","19584","14828","96174","Shipped","2021-08-10 17:22:22","2021-08-08 18:04:00",NULL,NULL,"38"
"36254","24964","19954","27098","97885","Shipped","2022-05-18 12:35:49","2022-05-17 01:46:00",NULL,NULL,"38"
"36510","25133","20092","16276","98565","Shipped","2020-07-16 06:30:35","2020-07-14 13:15:00",NULL,NULL,"38"
"36808","25334","20254","17131","99358","Shipped","2021-08-26 15:35:55","2021-08-27 10:18:00",NULL,NULL,"38"
"37725","25973","20750","13792","101843","Shipped","2020-05-03 10:12:23","2020-05-04 02:12:00",NULL,NULL,"38"
"38207","26305","21015","19764","103144","Shipped","2020-09-26 16:14:26","2020-09-28 15:27:00",NULL,NULL,"38"
"39206","26993","21557","7129","105856","Shipped","2021-05-12 11:17:09","2021-05-13 21:08:00",NULL,NULL,"38"
"39293","27046","21603","18588","106094","Shipped","2022-08-08 04:26:14","2022-08-11 01:21:00",NULL,NULL,"38"
"39345","27082","21635","11323","106231","Shipped","2022-08-25 08:12:45","2022-08-26 03:26:00",NULL,NULL,"38"
"40164","27647","22083","15779","108414","Shipped","2022-07-17 16:58:49","2022-07-19 01:40:00",NULL,NULL,"38"
"40545","27895","22265","11946","109461","Shipped","2021-03-28 01:46:30","2021-03-27 14:28:00",NULL,NULL,"38"
"42416","29179","23270","27558","114533","Shipped","2021-08-13 16:01:38","2021-08-11 05:50:00",NULL,NULL,"38"
"43092","29644","23645","18735","116360","Shipped","2022-03-06 02:00:14","2022-03-07 01:53:00",NULL,NULL,"38"
"43908","30208","24082","16239","118590","Shipped","2022-06-17 12:15:48","2022-06-19 21:49:00",NULL,NULL,"38"
"44190","30405","24259","11292","119351","Shipped","2022-06-25 12:43:22","2022-06-28 02:47:00",NULL,NULL,"38"
"45786","31522","25158","27054","123630","Shipped","2022-05-11 05:56:37","2022-05-10 01:48:00",NULL,NULL,"38"
"46538","32044","25582","9735","125663","Shipped","2022-07-26 13:07:18","2022-07-24 07:48:00",NULL,NULL,"38"
"46907","32307","25801","5780","126630","Shipped","2020-08-18 10:03:33","2020-08-19 12:31:00",NULL,NULL,"38"
"47317","32600","26033","16892","127719","Shipped","2021-04-24 14:43:52","2021-04-24 23:44:00",NULL,NULL,"38"
"47424","32675","26086","16247","128008","Shipped","2021-12-11 14:04:44","2021-12-10 12:58:00",NULL,NULL,"38"
"49745","34266","27362","27107","134276","Shipped","2022-08-31 02:35:42","2022-08-30 16:59:00",NULL,NULL,"38"
"51610","35577","28429","701","139313","Shipped","2022-04-10 02:25:39","2022-04-08 10:08:00",NULL,NULL,"38"
"52992","36531","29190","16892","142995","Shipped","2022-04-27 00:27:01","2022-04-26 23:13:00",NULL,NULL,"38"
"55171","38028","30383","18969","148857","Shipped","2019-07-17 12:42:59","2019-07-20 01:10:00",NULL,NULL,"38"
"55575","38310","30615","22768","149952","Shipped","2021-07-02 03:25:36","2021-07-04 13:59:00",NULL,NULL,"38"
"55579","38313","30619","17823","149963","Shipped","2021-05-23 13:17:59","2021-05-21 04:56:00",NULL,NULL,"38"
"55990","38592","30847","19042","151098","Shipped","2021-11-06 23:58:52","2021-11-04 15:01:00",NULL,NULL,"38"
"57403","39565","31615","10579","154938","Shipped","2022-08-07 17:20:20","2022-08-09 17:27:00",NULL,NULL,"38"
"57623","39711","31730","13249","155510","Shipped","2022-06-13 11:28:42","2022-06-11 16:06:00",NULL,NULL,"38"
"58070","40021","31979","15811","156717","Shipped","2022-07-08 11:23:47","2022-07-06 12:53:00",NULL,NULL,"38"
"58453","40292","32179","2854","157765","Shipped","2021-06-06 02:16:13","2021-06-05 09:55:00",NULL,NULL,"38"
"58695","40451","32313","27558","158412","Shipped","2022-08-16 16:22:33","2022-08-17 09:03:00",NULL,NULL,"38"
"59043","40690","32501","11124","159343","Shipped","2021-11-27 01:39:52","2021-11-29 12:39:00",NULL,NULL,"38"
"59434","40950","32703","7158","160424","Shipped","2021-12-20 10:49:16","2021-12-22 08:55:00",NULL,NULL,"38"
"60684","41794","33407","13246","163833","Shipped","2022-03-21 05:46:36","2022-03-21 18:19:00",NULL,NULL,"38"
"62470","43019","34396","2391","168638","Shipped","2022-03-27 03:24:41","2022-03-26 02:54:00",NULL,NULL,"38"
"64722","44550","35644","16946","174751","Shipped","2022-09-01 00:41:08.397224","2022-09-01 16:12:42.397224",NULL,NULL,"38"
"64906","44677","35734","14828","175278","Shipped","2021-02-04 13:47:41","2021-02-03 02:50:00",NULL,NULL,"38"
"65609","45182","36113","18004","177168","Shipped","2021-07-28 06:44:24","2021-07-27 04:06:00",NULL,NULL,"38"
"66906","46027","36809","19042","180649","Shipped","2021-02-03 10:05:12","2021-02-03 21:21:00",NULL,NULL,"38"
"67602","46511","37204","11491","182534","Shipped","2021-09-19 02:42:08","2021-09-19 03:06:00",NULL,NULL,"38"
"67954","46759","37406","16939","183480","Shipped","2022-09-02 03:59:12","2022-09-04 10:58:00",NULL,NULL,"38"
"68072","46839","37472","11124","183787","Shipped","2021-02-22 12:43:20","2021-02-22 15:11:00",NULL,NULL,"38"
"68250","46972","37576","16939","184270","Shipped","2022-01-11 00:52:09","2022-01-10 16:32:00",NULL,NULL,"38"
"68401","47074","37659","22029","184666","Shipped","2022-08-29 15:13:39","2022-09-01 15:23:00",NULL,NULL,"38"
"69627","47939","38326","11491","187951","Shipped","2021-05-05 08:40:42","2021-05-05 20:58:00",NULL,NULL,"38"
"69827","48072","38435","11324","188496","Shipped","2021-01-30 08:25:50","2021-01-31 06:07:00",NULL,NULL,"38"
"72155","49698","39780","28039","194794","Shipped","2021-06-27 01:32:15","2021-06-25 01:55:00",NULL,NULL,"38"
"74093","51039","40844","11104","200058","Shipped","2021-11-16 00:43:26","2021-11-18 15:46:00",NULL,NULL,"38"
"74228","51135","40927","12109","200434","Shipped","2022-05-12 15:35:36","2022-05-13 07:07:00",NULL,NULL,"38"
"74576","51395","41117","17823","201346","Shipped","2020-11-15 00:38:03","2020-11-16 03:21:00",NULL,NULL,"38"
"74647","51440","41158","27367","201545","Shipped","2020-11-24 09:39:50","2020-11-25 05:23:00",NULL,NULL,"38"
"75189","51808","41442","16946","203000","Shipped","2022-01-29 06:32:10","2022-01-27 03:27:00",NULL,NULL,"38"
"75201","51817","41452","27652","203035","Shipped","2021-11-22 22:13:19","2021-11-25 15:17:00",NULL,NULL,"38"
"76632","52821","42264","28193","206924","Shipped","2022-07-29 05:26:35","2022-07-29 09:23:00",NULL,NULL,"38"
"77262","53267","42621","12110","208591","Shipped","2022-08-17 09:53:08","2022-08-19 17:02:00",NULL,NULL,"38"
"77606","53511","42815","23095","209498","Shipped","2022-06-09 05:20:13","2022-06-11 13:57:00",NULL,NULL,"38"
"78832","54358","43504","29041","212820","Shipped","2022-07-18 23:31:26","2022-07-20 00:01:00",NULL,NULL,"38"
"79125","54556","43646","17811","213639","Shipped","2020-09-16 06:23:20","2020-09-15 16:30:00",NULL,NULL,"38"
"79501","54828","43847","18294","214664","Shipped","2022-07-14 16:33:30","2022-07-12 21:03:00",NULL,NULL,"38"
"79845","55063","44037","21121","215614","Shipped","2022-01-12 07:11:54","2022-01-09 08:49:00",NULL,NULL,"38"
"81101","55938","44722","16187","219025","Shipped","2020-11-20 04:47:38","2020-11-22 15:13:00",NULL,NULL,"38"
"81528","56248","44951","18969","220178","Shipped","2021-10-18 18:16:16","2021-10-21 13:10:00",NULL,NULL,"38"
"82628","57035","45600","28358","223146","Shipped","2022-05-24 04:58:20","2022-05-20 10:20:00",NULL,NULL,"38"
"82709","57095","45647","9573","223377","Shipped","2022-02-24 10:04:33","2022-02-23 16:36:00",NULL,NULL,"38"
"82975","57287","45795","11225","224092","Shipped","2019-06-04 11:31:03","2019-06-04 02:32:00",NULL,NULL,"38"
"83206","57457","45929","5871","224725","Shipped","2021-08-28 12:23:03","2021-08-29 20:06:00",NULL,NULL,"38"
"83661","57779","46193","13762","225946","Shipped","2020-07-03 01:51:22","2020-07-05 00:49:00",NULL,NULL,"38"
"83745","57840","46246","10506","226177","Shipped","2022-05-02 05:45:16","2022-04-29 04:02:00",NULL,NULL,"38"
"85168","58857","47056","11104","230047","Shipped","2021-12-11 05:11:55","2021-12-09 23:16:00",NULL,NULL,"38"
"85442","59041","47202","18851","230791","Shipped","2020-02-25 16:48:50","2020-02-22 03:15:00",NULL,NULL,"38"
"86639","59861","47894","16239","234040","Shipped","2021-01-06 05:00:40","2021-01-06 07:11:00",NULL,NULL,"38"
"87781","60665","48576","11104","237129","Shipped","2022-06-09 11:14:05","2022-06-09 22:44:00",NULL,NULL,"38"
"88602","61239","49043","10667","239372","Shipped","2021-09-21 21:41:34","2021-09-24 04:18:00",NULL,NULL,"38"
"91798","63428","50781","11861","247962","Shipped","2021-01-27 11:01:39","2021-01-24 02:36:00",NULL,NULL,"38"
"92596","63978","51214","18588","250093","Shipped","2022-05-18 04:31:24","2022-05-21 04:50:00",NULL,NULL,"38"
"92770","64100","51301","6463","250564","Shipped","2022-08-28 12:37:50","2022-08-25 19:40:00",NULL,NULL,"38"
"93956","64914","51950","28276","253773","Shipped","2021-08-18 00:54:33","2021-08-20 07:42:00",NULL,NULL,"38"
"95027","65668","52541","7332","256694","Shipped","2021-02-13 07:28:06","2021-02-15 20:19:00",NULL,NULL,"38"
"95909","66288","53006","11946","259089","Shipped","2022-07-14 11:36:44","2022-07-14 02:01:00",NULL,NULL,"38"
"96162","66463","53134","11230","259752","Shipped","2022-02-11 14:47:22","2022-02-14 17:41:00",NULL,NULL,"38"
"96537","66712","53328","11992","260751","Shipped","2022-05-30 13:11:56","2022-06-02 10:15:00",NULL,NULL,"38"
"97179","67155","53659","13762","262500","Shipped","2022-08-03 01:11:26","2022-08-05 10:44:00",NULL,NULL,"38"
"97270","67225","53712","12705","262751","Shipped","2022-05-21 00:12:56","2022-05-22 03:47:00",NULL,NULL,"38"
"97943","67686","54081","14842","264584","Shipped","2020-09-17 23:40:51","2020-09-19 18:02:00",NULL,NULL,"38"
"98069","67772","54149","17811","264928","Shipped","2022-04-10 06:17:06","2022-04-10 08:30:00",NULL,NULL,"38"
"98292","67922","54277","18171","265533","Shipped","2021-10-07 00:44:48","2021-10-06 00:44:00",NULL,NULL,"38"
"98550","68090","54423","1718","266226","Shipped","2022-01-19 17:06:22","2022-01-20 11:40:00",NULL,NULL,"38"
"98862","68312","54617","2854","267053","Shipped","2022-03-16 18:35:51","2022-03-12 21:13:00",NULL,NULL,"38"
"98956","68374","54663","11861","267307","Shipped","2022-04-16 12:07:59","2022-04-15 06:58:00",NULL,NULL,"38"
"100127","69200","55333","14234","270430","Shipped","2020-06-27 10:44:06","2020-06-25 23:54:00",NULL,NULL,"38"
"100957","69771","55789","1718","272667","Shipped","2021-10-10 11:30:47","2021-10-10 15:25:00",NULL,NULL,"38"
"101251","69968","55943","11861","273442","Shipped","2022-09-06 09:39:29.277632","2022-09-04 21:54:40.277632",NULL,NULL,"38"
"101329","70024","55982","11491","273658","Shipped","2021-09-02 18:20:58","2021-09-03 00:57:00",NULL,NULL,"38"
"101636","70229","56153","11225","274491","Shipped","2021-10-22 11:00:31","2021-10-24 20:54:00",NULL,NULL,"38"
"101929","70441","56314","13812","275295","Shipped","2019-10-04 23:07:58","2019-10-05 12:59:00",NULL,NULL,"38"
"103292","71372","57054","11274","279007","Shipped","2021-12-29 14:59:32","2022-01-01 06:37:00",NULL,NULL,"38"
"103699","71663","57301","28039","280125","Shipped","2020-09-17 07:28:23","2020-09-17 18:24:00",NULL,NULL,"38"
"104483","72194","57716","18294","282240","Shipped","2020-11-14 05:38:42","2020-11-16 07:56:00",NULL,NULL,"38"
"105032","72582","58031","16247","283716","Shipped","2020-09-24 00:39:59","2020-09-26 15:00:00",NULL,NULL,"38"
"105547","72928","58332","11792","285076","Shipped","2021-12-01 10:36:33","2021-11-28 13:54:00",NULL,NULL,"38"
"106215","73401","58714","29041","286898","Shipped","2022-05-05 06:07:35","2022-05-05 03:07:00",NULL,NULL,"38"
"107834","74495","59557","10506","291276","Shipped","2022-08-10 09:27:14","2022-08-12 13:30:00",NULL,NULL,"38"
"109390","75568","60410","7235","295479","Shipped","2021-07-29 07:15:18","2021-07-31 00:23:00",NULL,NULL,"38"
"109638","75736","60548","12705","296154","Shipped","2019-09-08 08:26:18","2019-09-08 17:49:00",NULL,NULL,"38"
"109641","75738","60550","9573","296166","Shipped","2022-05-05 12:21:12","2022-05-05 23:09:00",NULL,NULL,"38"
"110730","76490","61177","4330","299036","Shipped","2021-05-02 17:43:25","2021-05-03 20:57:00",NULL,NULL,"38"
"113326","78285","62615","28756","306098","Shipped","2022-02-08 10:58:25","2022-02-06 16:51:00",NULL,NULL,"38"
"114751","79262","63407","23095","309938","Shipped","2021-04-27 06:53:43","2021-04-25 21:56:00",NULL,NULL,"38"
"117292","80966","64839","12109","316744","Shipped","2020-08-29 22:49:59","2020-08-31 18:41:00",NULL,NULL,"38"
"117531","81134","64983","13504","317370","Shipped","2021-10-05 05:00:45","2021-10-03 17:50:00",NULL,NULL,"38"
"117611","81189","65030","13762","317589","Shipped","2022-08-26 23:40:34","2022-08-26 20:58:00",NULL,NULL,"38"
"117687","81238","65067","15427","317796","Shipped","2022-05-29 12:08:09","2022-05-31 15:53:00",NULL,NULL,"38"
"118052","81485","65249","14667","318770","Shipped","2020-02-14 08:47:36","2020-02-16 13:37:00",NULL,NULL,"38"
"118106","81526","65290","9733","318913","Shipped","2019-03-11 06:52:18","2019-03-11 11:47:00",NULL,NULL,"38"
"118273","81646","65376","15627","319360","Shipped","2021-07-18 05:45:30","2021-07-20 00:02:00",NULL,NULL,"38"
"118499","81799","65498","2854","319960","Shipped","2022-03-05 09:05:48","2022-03-07 23:16:00",NULL,NULL,"38"
"118908","82093","65726","10451","321058","Shipped","2022-03-18 15:58:15","2022-03-16 09:58:00",NULL,NULL,"38"
"120107","82903","66373","10637","324281","Shipped","2019-11-18 14:28:29","2019-11-20 22:12:00",NULL,NULL,"38"
"120548","83195","66614","11230","325505","Shipped","2019-11-12 12:48:14","2019-11-13 01:11:00",NULL,NULL,"38"
"124361","85791","68660","6721","335719","Shipped","2020-01-18 23:50:21","2020-01-21 00:33:00",NULL,NULL,"38"
"124899","86165","68947","13249","337204","Shipped","2022-05-18 04:43:21","2022-05-19 08:18:00",NULL,NULL,"38"
"126571","87304","69872","15811","341745","Shipped","2021-05-29 01:57:12","2021-05-27 17:50:00",NULL,NULL,"38"
"128588","88682","71035","27439","347206","Shipped","2022-07-19 16:39:49","2022-07-17 05:33:00",NULL,NULL,"38"
"129011","88971","71272","16939","348346","Shipped","2021-07-09 12:17:33","2021-07-09 20:46:00",NULL,NULL,"38"
"129257","89143","71414","28193","349023","Shipped","2022-09-04 23:15:33","2022-09-04 17:23:00",NULL,NULL,"38"
"130285","89856","71974","27558","351762","Shipped","2022-02-03 15:45:32","2022-02-05 12:03:00",NULL,NULL,"38"
"130703","90161","72205","13903","352909","Shipped","2022-07-25 04:35:09","2022-07-25 05:33:00",NULL,NULL,"38"
"130761","90200","72234","27098","353064","Shipped","2019-07-09 06:21:05","2019-07-09 15:58:00",NULL,NULL,"38"
"131496","90702","72669","11323","355037","Shipped","2021-11-06 21:02:56","2021-11-03 10:09:00",NULL,NULL,"38"
"131798","90914","72828","18004","355850","Shipped","2021-11-08 04:10:14","2021-11-11 01:06:00",NULL,NULL,"38"
"131822","90931","72840","13903","355910","Shipped","2022-03-08 15:02:46","2022-03-09 02:56:00",NULL,NULL,"38"
"132007","91065","72947","16621","356418","Shipped","2022-09-03 11:22:32.79932","2022-09-03 16:18:18.79932",NULL,NULL,"38"
"133665","92226","73864","22768","360927","Shipped","2022-06-01 02:07:58","2022-05-31 21:49:00",NULL,NULL,"38"
"133674","92232","73872","11654","360953","Shipped","2021-06-18 14:04:38","2021-06-18 18:27:00",NULL,NULL,"38"
"133688","92242","73883","26092","360991","Shipped","2019-11-06 09:44:20","2019-11-04 10:44:00",NULL,NULL,"38"
"133932","92407","74019","19042","361636","Shipped","2022-04-04 15:54:14","2022-04-06 18:52:00",NULL,NULL,"38"
"134318","92676","74244","20652","362691","Shipped","2022-08-19 13:03:40","2022-08-20 00:43:00",NULL,NULL,"38"
"135044","93166","74643","9735","364670","Shipped","2022-02-10 12:14:49","2022-02-12 17:26:00",NULL,NULL,"38"
"136156","93957","75299","27973","367675","Shipped","2022-05-31 03:10:49","2022-06-01 16:59:00",NULL,NULL,"38"
"136242","94018","75354","12725","367902","Shipped","2022-07-12 05:22:17","2022-07-12 21:35:00",NULL,NULL,"38"
"137010","94557","75787","10579","369967","Shipped","2022-03-11 15:39:50","2022-03-10 21:33:00",NULL,NULL,"38"
"137464","94847","76024","17222","371170","Shipped","2021-02-15 10:01:09","2021-02-16 21:27:00",NULL,NULL,"38"
"137839","95117","76244","11274","372178","Shipped","2022-06-18 06:34:09","2022-06-15 08:15:00",NULL,NULL,"38"
"137944","95190","76303","27558","372467","Shipped","2022-07-17 21:23:41","2022-07-15 15:10:00",NULL,NULL,"38"
"138688","95703","76726","28276","374500","Shipped","2020-11-22 10:16:50","2020-11-22 18:42:00",NULL,NULL,"38"
"139981","96562","77433","1955","377987","Shipped","2021-10-20 16:36:58","2021-10-20 18:08:00",NULL,NULL,"38"
"141419","97551","78239","13322","381855","Shipped","2022-08-29 08:17:00","2022-08-30 16:39:00",NULL,NULL,"38"
"141823","97825","78434","22029","382921","Shipped","2019-08-20 16:16:49","2019-08-19 07:56:00",NULL,NULL,"38"
"143030","98692","79122","16819","386184","Shipped","2021-06-11 01:03:50","2021-06-13 09:22:00",NULL,NULL,"38"
"143884","99281","79605","12705","388479","Shipped","2022-07-21 05:15:38","2022-07-22 01:53:00",NULL,NULL,"38"
"144260","99534","79804","11958","389511","Shipped","2022-06-13 11:33:24","2022-06-16 04:01:00",NULL,NULL,"38"
"144539","99723","79956","11230","390248","Shipped","2022-08-16 02:04:27","2022-08-17 08:52:00",NULL,NULL,"38"
"144621","99782","80011","14606","390467","Shipped","2022-06-22 04:24:00","2022-06-22 13:48:00",NULL,NULL,"38"
"144822","99926","80132","26409","391028","Shipped","2022-04-09 07:19:53","2022-04-11 06:04:00",NULL,NULL,"38"
"145288","100245","80386","15811","392304","Shipped","2021-02-11 01:08:43","2021-02-09 18:42:00",NULL,NULL,"38"
"145448","100351","80466","16276","392748","Shipped","2022-09-05 06:23:24.098947","2022-09-07 22:53:37.098947",NULL,NULL,"38"
"145966","100720","80809","26693","394144","Shipped","2022-08-14 01:46:32","2022-08-16 03:52:00",NULL,NULL,"38"
"147861","102035","81839","9733","399237","Shipped","2021-01-13 01:54:30","2021-01-13 03:54:00",NULL,NULL,"38"
"149293","103038","82646","6452","403149","Shipped","2022-03-16 08:44:28","2022-03-16 22:50:00",NULL,NULL,"38"
"149722","103331","82884","10667","404318","Shipped","2021-12-30 05:46:51","2022-01-02 00:30:00",NULL,NULL,"38"
"151462","104498","83844","11163","409056","Shipped","2022-06-10 11:32:20","2022-06-09 17:08:00",NULL,NULL,"38"
"152058","104918","84193","17811","410669","Shipped","2022-09-06 14:46:50","2022-09-03 19:37:00",NULL,NULL,"38"
"154296","106462","85392","11958","416644","Shipped","2019-05-02 02:31:38","2019-05-01 00:40:00",NULL,NULL,"38"
"155983","107602","86315","27367","421149","Shipped","2020-12-28 03:05:46","2020-12-29 12:25:00",NULL,NULL,"38"
"156553","107985","86608","19268","422699","Shipped","2021-06-23 06:03:34","2021-06-23 18:06:00",NULL,NULL,"38"
"159120","109764","88028","16946","429609","Shipped","2021-07-30 08:27:43","2021-07-30 15:20:00",NULL,NULL,"38"
"159301","109898","88131","27973","430108","Shipped","2022-06-15 15:03:38","2022-06-18 02:08:00",NULL,NULL,"38"
"159559","110073","88271","11274","430810","Shipped","2022-04-21 07:16:17","2022-04-21 12:06:00",NULL,NULL,"38"
"159574","110079","88275","1955","430848","Shipped","2022-07-08 22:24:26","2022-07-09 02:54:00",NULL,NULL,"38"
"160155","110485","88605","19268","432426","Shipped","2022-07-23 08:09:59","2022-07-21 01:49:00",NULL,NULL,"38"
"160371","110640","88718","11104","433009","Shipped","2020-08-14 16:34:07","2020-08-17 05:16:00",NULL,NULL,"38"
"160592","110796","88845","11230","433608","Shipped","2020-04-23 04:04:20","2020-04-23 09:33:00",NULL,NULL,"38"
"162168","111844","89667","13504","437890","Shipped","2022-07-04 04:35:43","2022-07-04 17:40:00",NULL,NULL,"38"
"162519","112092","89865","19268","438842","Shipped","2022-05-16 05:44:43","2022-05-15 22:39:00",NULL,NULL,"38"
"162580","112137","89896","15811","439006","Shipped","2020-03-29 08:31:13","2020-04-01 09:22:00",NULL,NULL,"38"
"163592","112846","90482","2391","441748","Shipped","2022-08-04 11:16:48","2022-08-05 02:38:00",NULL,NULL,"38"
"163737","112953","90570","18851","442130","Shipped","2021-11-20 06:36:34","2021-11-21 06:49:00",NULL,NULL,"38"
"163921","113074","90677","27098","442654","Shipped","2022-07-11 22:50:39","2022-07-13 06:47:00",NULL,NULL,"38"
"164382","113390","90920","6463","443918","Shipped","2021-03-28 11:02:50","2021-03-29 21:50:00",NULL,NULL,"38"
"164974","113777","91216","18588","445545","Shipped","2020-07-02 08:16:27","2020-07-03 13:53:00",NULL,NULL,"38"
"165703","114284","91621","701","447528","Shipped","2022-06-26 03:34:52","2022-06-26 19:16:00",NULL,NULL,"38"
"167010","115173","92311","11206","451060","Shipped","2021-09-24 16:33:53","2021-09-24 18:59:00",NULL,NULL,"38"
"169534","116920","93747","10667","457808","Shipped","2022-02-20 12:15:03","2022-02-18 17:54:00",NULL,NULL,"38"
"170266","117399","94149","14606","459814","Shipped","2020-05-20 01:20:21","2020-05-22 12:28:00",NULL,NULL,"38"
"170479","117545","94268","18178","460385","Shipped","2021-11-24 05:38:49","2021-11-25 22:09:00",NULL,NULL,"38"
"170928","117844","94501","16239","461642","Shipped","2021-12-20 06:13:06","2021-12-22 08:12:00",NULL,NULL,"38"
"171423","118189","94787","9523","462967","Shipped","2020-05-29 22:28:16","2020-05-30 01:44:00",NULL,NULL,"38"
"172436","118914","95334","2242","465726","Shipped","2021-05-04 09:00:00","2021-05-07 09:20:00",NULL,NULL,"38"
"173832","119899","96144","2247","469424","Shipped","2022-01-29 05:22:45","2022-01-29 18:51:00",NULL,NULL,"38"
"174430","120297","96464","16276","471030","Shipped","2022-01-02 15:01:29","2022-01-03 07:26:00",NULL,NULL,"38"
"174881","120599","96694","6721","472273","Shipped","2019-10-28 09:23:00","2019-10-30 07:53:00",NULL,NULL,"38"
"175501","121030","97034","10667","473974","Shipped","2022-06-15 04:29:50","2022-06-15 06:08:00",NULL,NULL,"38"
"176455","121693","97603","10637","476561","Shipped","2021-01-26 22:17:07","2021-01-24 09:51:00",NULL,NULL,"38"
"176688","121846","97715","29041","477208","Shipped","2022-08-12 15:23:50","2022-08-14 02:18:00",NULL,NULL,"38"
"177030","122091","97906","22029","478126","Shipped","2022-03-14 09:17:29","2022-03-16 05:09:00",NULL,NULL,"38"
"177134","122156","97950","19042","478407","Shipped","2021-11-22 09:04:15","2021-11-23 18:30:00",NULL,NULL,"38"
"177979","122758","98464","13903","480652","Shipped","2021-11-25 04:47:41","2021-11-24 04:19:00",NULL,NULL,"38"
"178064","122809","98506","27421","480878","Shipped","2022-06-30 08:15:59","2022-06-29 01:36:00",NULL,NULL,"38"
"178403","123051","98703","16819","481779","Shipped","2022-01-23 05:01:09","2022-01-22 19:56:00",NULL,NULL,"38"
"178556","123167","98795","27652","482207","Shipped","2022-07-09 23:38:59","2022-07-10 16:49:00",NULL,NULL,"38"
"178803","123331","98918","11792","482860","Shipped","2020-02-28 16:31:18","2020-02-28 22:51:00",NULL,NULL,"38"
"179240","123624","99167","13571","484039","Shipped","2022-07-29 08:29:37","2022-07-31 21:26:00",NULL,NULL,"38"
"179275","123649","99187","2247","484134","Shipped","2022-09-02 03:36:58","2022-09-03 17:18:00",NULL,NULL,"38"
"180271","124310","99703","5727","486812","Shipped","2021-11-14 18:16:01","2021-11-14 10:39:00",NULL,NULL,"38"
"722","509","433","16819","1927","Complete","2022-08-30 01:50:24","2022-08-30 12:47:00","2022-08-30 17:13:00",NULL,"38"
"1824","1273","1023","12708","4937","Complete","2021-12-16 02:22:55","2021-12-17 09:30:00","2021-12-18 04:15:00",NULL,"38"
"1874","1308","1051","10579","5074","Complete","2022-07-30 11:02:27","2022-07-29 13:12:00","2022-07-29 22:51:00",NULL,"38"
"3610","2444","1975","28756","9759","Complete","2022-08-22 03:06:25","2022-08-24 10:37:00","2022-08-24 11:41:00",NULL,"38"
"4046","2747","2204","16819","10953","Complete","2022-04-13 08:04:13","2022-04-13 00:07:00","2022-04-16 15:21:00",NULL,"38"
"4538","3112","2521","11274","12305","Complete","2022-08-12 06:55:34","2022-08-13 04:24:00","2022-08-14 09:16:00",NULL,"38"
"5284","3605","2947","11491","14300","Complete","2022-01-07 13:56:46","2022-01-07 17:04:00","2022-01-10 03:50:00",NULL,"38"
"5385","3675","3001","11324","14584","Complete","2021-03-23 06:18:12","2021-03-23 00:36:00","2021-03-23 12:00:00",NULL,"38"
"6249","4263","3466","7332","16907","Complete","2021-04-11 00:23:25","2021-04-13 07:06:00","2021-04-15 00:57:00",NULL,"38"
"6448","4397","3565","27973","17456","Complete","2022-01-28 06:15:28","2022-01-26 03:08:00","2022-01-26 09:54:00",NULL,"38"
"7015","4784","3880","27054","18991","Complete","2022-06-01 04:46:49","2022-06-01 16:28:00","2022-06-04 15:13:00",NULL,"38"
"7485","5125","4158","16834","20281","Complete","2022-06-18 07:25:52","2022-06-19 06:48:00","2022-06-20 08:38:00",NULL,"38"
"8434","5781","4670","7235","22883","Complete","2021-11-18 18:54:07","2021-11-15 23:18:00","2021-11-20 13:56:00",NULL,"38"
"9040","6197","5007","19042","24507","Complete","2022-04-16 06:22:42","2022-04-17 16:57:00","2022-04-22 07:35:00",NULL,"38"
"9746","6707","5435","19042","26449","Complete","2022-03-19 07:33:04","2022-03-21 09:05:00","2022-03-23 01:01:00",NULL,"38"
"10245","7054","5744","13792","27784","Complete","2022-04-13 13:05:10","2022-04-13 04:38:00","2022-04-18 02:12:00",NULL,"38"
"11561","7956","6453","18004","31327","Complete","2021-05-16 07:26:30","2021-05-18 16:40:00","2021-05-19 01:28:00",NULL,"38"
"12658","8735","7053","22768","34298","Complete","2022-07-07 03:54:47","2022-07-05 17:24:00","2022-07-09 13:46:00",NULL,"38"
"13038","8999","7259","13792","35321","Complete","2021-01-19 09:23:01","2021-01-16 03:13:00","2021-01-18 11:56:00",NULL,"38"
"15448","10604","8524","11097","41845","Complete","2022-09-04 06:12:02","2022-09-06 10:53:00","2022-09-06 13:51:00",NULL,"38"
"15967","10963","8807","18294","43214","Complete","2022-09-02 03:26:27","2022-09-03 05:35:00","2022-09-05 00:36:00",NULL,"38"
"16135","11089","8906","26208","43673","Complete","2019-11-10 00:44:42","2019-11-12 09:34:00","2019-11-16 15:59:00",NULL,"38"
"16645","11452","9214","6721","45053","Complete","2019-07-22 13:59:50","2019-07-19 17:46:00","2019-07-22 08:34:00",NULL,"38"
"17777","12221","9827","11355","48152","Complete","2021-04-11 16:22:40","2021-04-11 18:45:00","2021-04-14 08:56:00",NULL,"38"
"19533","13426","10773","14606","52856","Complete","2022-01-17 03:46:31","2022-01-19 23:35:00","2022-01-22 01:43:00",NULL,"38"
"19535","13428","10778","11123","52863","Complete","2022-04-16 01:56:37","2022-04-17 03:17:00","2022-04-18 02:16:00",NULL,"38"
"19991","13757","11026","10507","54105","Complete","2022-08-08 14:23:58","2022-08-10 10:22:00","2022-08-14 05:13:00",NULL,"38"
"21415","14731","11772","5780","57888","Complete","2020-07-30 01:00:39","2020-08-01 05:25:00","2020-08-04 20:24:00",NULL,"38"
"21660","14892","11896","28756","58554","Complete","2020-12-22 02:35:23","2020-12-25 01:39:00","2020-12-29 00:59:00",NULL,"38"
"23645","16272","13023","16834","63925","Complete","2022-03-21 01:03:37","2022-03-23 04:38:00","2022-03-24 18:38:00",NULL,"38"
"25121","17310","13826","16276","67899","Complete","2020-10-27 05:47:40","2020-10-28 13:23:00","2020-11-01 01:55:00",NULL,"38"
"27456","18917","15131","701","74231","Complete","2022-06-19 00:02:33","2022-06-21 00:02:00","2022-06-22 00:12:00",NULL,"38"
"28004","19307","15436","17280","75694","Complete","2021-09-29 10:04:42","2021-09-29 00:14:00","2021-10-03 09:40:00",NULL,"38"
"28749","19787","15813","12705","77714","Complete","2021-02-19 13:13:18","2021-02-21 07:45:00","2021-02-22 04:11:00",NULL,"38"
"30216","20810","16651","27652","81701","Complete","2020-02-27 08:06:46","2020-03-01 04:40:00","2020-03-05 07:41:00",NULL,"38"
"31581","21730","17388","28358","85358","Complete","2022-04-20 09:25:42","2022-04-21 09:48:00","2022-04-23 07:04:00",NULL,"38"
"32172","22144","17712","13903","86915","Complete","2022-01-28 11:06:09","2022-01-25 18:21:00","2022-01-27 10:19:00",NULL,"38"
"33132","22813","18209","11324","89500","Complete","2022-08-23 11:50:04","2022-08-19 20:48:00","2022-08-21 22:09:00",NULL,"38"
"33823","23296","18595","27107","91370","Complete","2021-03-06 06:52:50","2021-03-08 13:17:00","2021-03-12 03:07:00",NULL,"38"
"34086","23470","18724","18851","92095","Complete","2022-09-03 02:33:35.094223","2022-09-03 05:54:15.094223","2022-09-04 20:02:15.094223",NULL,"38"
"34808","23955","19127","26208","94037","Complete","2020-12-15 00:17:42","2020-12-13 00:28:00","2020-12-17 01:03:00",NULL,"38"
"35054","24125","19259","11359","94699","Complete","2019-01-18 11:54:42","2019-01-20 16:15:00","2019-01-23 16:33:00",NULL,"38"
"35281","24282","19396","14606","95305","Complete","2020-07-10 17:19:27","2020-07-12 12:46:00","2020-07-15 05:40:00",NULL,"38"
"37547","25844","20650","11324","101384","Complete","2019-10-21 23:39:25","2019-10-24 08:00:00","2019-10-27 00:30:00",NULL,"38"
"38313","26379","21080","19764","103422","Complete","2021-11-10 23:50:22","2021-11-13 02:44:00","2021-11-13 16:18:00",NULL,"38"
"39620","27286","21797","6591","106948","Complete","2021-04-11 15:57:16","2021-04-13 01:57:00","2021-04-14 23:23:00",NULL,"38"
"39642","27303","21805","14667","107010","Complete","2022-03-18 09:22:52","2022-03-18 14:56:00","2022-03-21 18:33:00",NULL,"38"
"40371","27780","22185","18851","108983","Complete","2020-02-18 23:16:48","2020-02-18 19:21:00","2020-02-20 09:52:00",NULL,"38"
"41978","28884","23041","11958","113324","Complete","2020-08-25 03:51:34","2020-08-22 15:08:00","2020-08-22 22:00:00",NULL,"38"
"43576","29976","23898","11163","117682","Complete","2022-09-05 15:45:20.617407","2022-09-05 11:52:32.617407","2022-09-09 23:25:32.617407",NULL,"38"
"46634","32114","25641","7332","125914","Complete","2021-07-30 00:41:03","2021-08-01 09:38:00","2021-08-04 22:38:00",NULL,"38"
"46866","32280","25783","9573","126530","Complete","2022-03-05 02:17:19","2022-03-07 23:01:00","2022-03-08 08:55:00",NULL,"38"
"47413","32668","26080","18178","127980","Complete","2021-02-28 06:13:50","2021-02-27 23:20:00","2021-03-01 12:54:00",NULL,"38"
"47592","32792","26183","2247","128455","Complete","2022-03-26 07:20:50","2022-03-22 08:49:00","2022-03-22 22:09:00",NULL,"38"
"48419","33367","26645","11946","130673","Complete","2022-08-30 22:24:32","2022-08-30 12:36:00","2022-09-02 16:46:00",NULL,"38"
"48840","33644","26868","12725","131799","Complete","2022-08-25 14:38:17","2022-08-26 09:36:00","2022-08-27 15:37:00",NULL,"38"
"51351","35394","28270","18588","138600","Complete","2021-07-13 23:07:21","2021-07-15 12:20:00","2021-07-16 16:48:00",NULL,"38"
"52004","35843","28633","28276","140378","Complete","2020-12-06 22:49:26","2020-12-08 23:38:00","2020-12-09 23:33:00",NULL,"38"
"52793","36390","29078","27098","142458","Complete","2020-03-23 11:22:29","2020-03-20 20:47:00","2020-03-24 17:28:00",NULL,"38"
"53383","36794","29403","12708","144056","Complete","2020-09-24 12:57:46","2020-09-26 20:57:00","2020-10-01 00:08:00",NULL,"38"
"53702","37005","29566","7129","144921","Complete","2021-01-15 16:13:56","2021-01-16 07:55:00","2021-01-18 21:52:00",NULL,"38"
"54931","37865","30243","6721","148234","Complete","2020-06-12 11:29:42","2020-06-14 13:17:00","2020-06-17 04:39:00",NULL,"38"
"55767","38439","30720","10579","150487","Complete","2020-05-11 01:10:47","2020-05-08 10:37:00","2020-05-10 04:18:00",NULL,"38"
"56175","38722","30964","15779","151592","Complete","2021-09-05 03:54:11","2021-09-07 16:37:00","2021-09-10 10:56:00",NULL,"38"
"56193","38735","30972","23095","151640","Complete","2021-11-11 16:36:19","2021-11-10 14:33:00","2021-11-11 05:11:00",NULL,"38"
"56763","39125","31282","18004","153211","Complete","2020-08-23 01:37:53","2020-08-21 16:36:00","2020-08-25 00:50:00",NULL,"38"
"56867","39192","31330","27054","153487","Complete","2022-09-01 13:00:31.644337","2022-09-04 12:07:48.644337","2022-09-05 23:52:48.644337",NULL,"38"
"58172","40098","32037","28756","156984","Complete","2022-07-02 23:28:08","2022-07-05 19:04:00","2022-07-05 20:54:00",NULL,"38"
"58534","40350","32221","18851","157981","Complete","2020-11-26 08:10:53","2020-11-24 15:43:00","2020-11-27 18:05:00",NULL,"38"
"59218","40805","32593","26693","159822","Complete","2022-08-14 11:18:50","2022-08-16 07:43:00","2022-08-18 06:47:00",NULL,"38"
"60759","41847","33447","27054","164035","Complete","2022-07-03 06:13:51","2022-07-03 10:57:00","2022-07-08 08:19:00",NULL,"38"
"61003","42012","33580","26092","164684","Complete","2021-05-04 15:17:21","2021-05-05 04:18:00","2021-05-06 07:58:00",NULL,"38"
"61305","42213","33748","29041","165494","Complete","2021-12-09 22:01:37","2021-12-10 23:37:00","2021-12-13 19:25:00",NULL,"38"
"61849","42587","34053","11359","166974","Complete","2022-08-14 05:47:33","2022-08-12 06:08:00","2022-08-14 16:11:00",NULL,"38"
"62410","42982","34357","18588","168472","Complete","2021-12-09 07:18:56","2021-12-09 18:34:00","2021-12-10 23:03:00",NULL,"38"
"63273","43567","34835","14842","170844","Complete","2021-12-04 11:44:36","2021-12-06 01:49:00","2021-12-10 11:19:00",NULL,"38"
"64843","44635","35706","11163","175101","Complete","2020-09-19 05:03:37","2020-09-19 14:38:00","2020-09-19 21:57:00",NULL,"38"
"65503","45110","36059","16939","176883","Complete","2022-06-14 01:36:40","2022-06-15 04:25:00","2022-06-17 01:17:00",NULL,"38"
"65592","45170","36101","13812","177123","Complete","2022-02-07 05:30:41","2022-02-08 02:09:00","2022-02-11 06:01:00",NULL,"38"
"67139","46189","36937","11124","181295","Complete","2022-05-31 13:38:32","2022-05-31 21:14:00","2022-06-04 07:50:00",NULL,"38"
"67271","46288","37016","22029","181658","Complete","2022-07-31 09:30:14","2022-08-01 17:37:00","2022-08-06 02:36:00",NULL,"38"
"67914","46733","37388","10637","183369","Complete","2021-12-28 06:18:43","2021-12-24 22:57:00","2021-12-27 11:26:00",NULL,"38"
"68798","47352","37870","22029","185729","Complete","2021-02-06 07:19:58","2021-02-07 17:57:00","2021-02-08 10:17:00",NULL,"38"
"68803","47355","37874","7332","185744","Complete","2021-10-01 13:20:19","2021-10-03 14:41:00","2021-10-06 13:07:00",NULL,"38"
"69569","47907","38303","22768","187785","Complete","2022-03-23 12:33:49","2022-03-20 18:35:00","2022-03-21 04:16:00",NULL,"38"
"69677","47973","38355","701","188083","Complete","2022-03-05 14:17:14","2022-03-06 01:15:00","2022-03-07 13:29:00",NULL,"38"
"69759","48027","38401","18294","188311","Complete","2022-09-05 06:35:24.962664","2022-09-03 08:07:55.962664","2022-09-06 12:26:55.962664",NULL,"38"
"72326","49810","39867","11936","195258","Complete","2022-07-03 06:38:53","2022-07-06 07:48:00","2022-07-07 14:02:00",NULL,"38"
"72507","49939","39969","12705","195786","Complete","2020-05-27 21:31:35","2020-05-28 21:53:00","2020-06-02 16:34:00",NULL,"38"
"72797","50143","40134","18294","196569","Complete","2022-03-12 14:47:02","2022-03-14 06:48:00","2022-03-15 02:48:00",NULL,"38"
"74125","51059","40865","28756","200147","Complete","2020-02-07 12:37:31","2020-02-07 13:29:00","2020-02-11 19:03:00",NULL,"38"
"74259","51160","40947","28193","200514","Complete","2021-01-04 11:14:20","2021-01-02 01:06:00","2021-01-06 12:39:00",NULL,"38"
"75038","51705","41367","16892","202596","Complete","2021-10-04 12:54:33","2021-10-05 16:30:00","2021-10-06 23:11:00",NULL,"38"
"75642","52127","41738","14828","204228","Complete","2022-02-27 03:36:38","2022-02-25 21:35:00","2022-03-02 15:10:00",NULL,"38"
"77448","53400","42733","13571","209073","Complete","2021-11-03 00:21:25","2021-11-03 13:28:00","2021-11-05 16:36:00",NULL,"38"
"77746","53605","42893","11491","209863","Complete","2021-04-02 15:50:36","2021-04-01 15:18:00","2021-04-01 19:16:00",NULL,"38"
"79681","54951","43948","13249","215153","Complete","2021-11-07 13:33:22","2021-11-08 01:32:00","2021-11-11 21:17:00",NULL,"38"
"79966","55141","44104","9797","215929","Complete","2021-07-22 12:34:58","2021-07-22 06:23:00","2021-07-23 05:05:00",NULL,"38"
"79998","55164","44126","16239","216009","Complete","2021-05-27 11:48:26","2021-05-29 18:58:00","2021-05-31 01:36:00",NULL,"38"
"80315","55390","44286","14828","216870","Complete","2022-07-19 15:51:47","2022-07-20 21:06:00","2022-07-23 05:47:00",NULL,"38"
"80427","55472","44355","9523","217187","Complete","2022-08-21 22:31:15","2022-08-23 07:44:00","2022-08-27 00:11:00",NULL,"38"
"81589","56288","44981","13762","220341","Complete","2020-07-03 05:33:01","2020-06-30 22:21:00","2020-07-02 21:38:00",NULL,"38"
"81624","56308","45003","11123","220432","Complete","2022-08-07 15:20:46","2022-08-10 00:20:00","2022-08-13 04:00:00",NULL,"38"
"83045","57342","45839","2622","224273","Complete","2022-08-10 13:24:13","2022-08-13 03:56:00","2022-08-14 05:03:00",NULL,"38"
"84542","58405","46718","28276","228343","Complete","2021-07-06 14:34:49","2021-07-08 07:36:00","2021-07-09 02:36:00",NULL,"38"
"85950","59395","47514","10451","232165","Complete","2021-05-22 00:06:11","2021-05-23 21:20:00","2021-05-26 00:57:00",NULL,"38"
"85966","59404","47519","6721","232205","Complete","2022-09-02 22:59:59.497149","2022-09-01 12:00:58.497149","2022-09-04 20:41:58.497149",NULL,"38"
"88920","61458","49204","14667","240237","Complete","2022-08-24 11:53:20","2022-08-26 22:30:00","2022-08-30 04:37:00",NULL,"38"
"89182","61644","49352","9523","240920","Complete","2021-06-26 03:53:37","2021-06-25 02:07:00","2021-06-27 14:43:00",NULL,"38"
"89418","61800","49478","2247","241545","Complete","2021-02-28 18:44:25","2021-03-02 03:02:00","2021-03-03 16:48:00",NULL,"38"
"89738","62032","49654","6721","242428","Complete","2021-02-17 15:15:54","2021-02-16 03:28:00","2021-02-21 01:32:00",NULL,"38"
"93670","64723","51791","28193","252987","Complete","2020-05-27 08:29:53","2020-05-26 11:02:00","2020-05-28 14:02:00",NULL,"38"
"93792","64804","51870","9797","253317","Complete","2022-05-14 21:11:45","2022-05-15 04:41:00","2022-05-18 08:29:00",NULL,"38"
"95877","66268","52989","1955","259002","Complete","2021-11-29 22:20:44","2021-11-30 23:54:00","2021-12-02 04:34:00",NULL,"38"
"96909","66963","53515","16187","261755","Complete","2021-11-28 15:59:01","2021-11-29 16:36:00","2021-12-01 20:53:00",NULL,"38"
"97497","67381","53844","18178","263366","Complete","2019-12-01 13:15:53","2019-11-30 07:47:00","2019-12-01 14:32:00",NULL,"38"
"98814","68277","54587","13571","266925","Complete","2020-05-17 15:35:43","2020-05-17 21:49:00","2020-05-20 16:00:00",NULL,"38"
"99124","68490","54762","13903","267761","Complete","2021-07-15 14:43:35","2021-07-17 04:25:00","2021-07-20 04:13:00",NULL,"38"
"101789","70341","56246","10667","274901","Complete","2022-01-22 04:45:27","2022-01-24 00:42:00","2022-01-24 08:28:00",NULL,"38"
"103224","71324","57013","18171","278813","Complete","2022-02-08 04:14:50","2022-02-06 23:27:00","2022-02-08 07:19:00",NULL,"38"
"103607","71604","57247","17222","279868","Complete","2021-04-04 01:13:47","2021-04-06 12:49:00","2021-04-07 20:37:00",NULL,"38"
"104506","72212","57733","2391","282303","Complete","2021-08-17 15:04:54","2021-08-19 05:04:00","2021-08-20 22:10:00",NULL,"38"
"106347","73492","58769","11654","287257","Complete","2022-02-05 02:35:07","2022-02-05 14:37:00","2022-02-06 00:54:00",NULL,"38"
"106976","73914","59108","19764","288936","Complete","2022-08-15 23:20:05","2022-08-17 20:30:00","2022-08-20 09:15:00",NULL,"38"
"109141","75394","60277","27098","294807","Complete","2020-11-19 08:33:12","2020-11-20 07:57:00","2020-11-21 14:21:00",NULL,"38"
"109559","75684","60495","19042","295933","Complete","2022-07-29 12:36:45","2022-08-01 01:14:00","2022-08-01 03:28:00",NULL,"38"
"110983","76676","61336","13504","299734","Complete","2021-08-22 10:25:47","2021-08-19 04:56:00","2021-08-21 10:25:00",NULL,"38"
"111400","76958","61581","18735","300867","Complete","2021-12-18 09:30:02","2021-12-19 02:31:00","2021-12-24 02:28:00",NULL,"38"
"113011","78065","62450","9573","305248","Complete","2021-10-11 13:19:38","2021-10-14 02:02:00","2021-10-16 19:37:00",NULL,"38"
"113287","78255","62592","16621","305986","Complete","2021-02-26 11:08:59","2021-02-27 02:04:00","2021-03-01 19:17:00",NULL,"38"
"115280","79620","63699","11123","311354","Complete","2022-09-05 14:01:33.478498","2022-09-06 07:20:13.478498","2022-09-09 08:59:13.478498",NULL,"38"
"116544","80472","64425","17823","314769","Complete","2021-06-02 10:55:29","2021-06-04 04:00:00","2021-06-04 21:28:00",NULL,"38"
"116805","80641","64566","26092","315459","Complete","2021-10-29 22:06:57","2021-10-28 03:13:00","2021-10-30 20:59:00",NULL,"38"
"117310","80974","64850","16239","316786","Complete","2021-11-24 03:31:38","2021-11-26 04:20:00","2021-11-26 12:38:00",NULL,"38"
"120863","83411","66788","11163","326333","Complete","2022-07-05 02:32:20","2022-07-04 02:21:00","2022-07-07 03:32:00",NULL,"38"
"121095","83564","66909","12725","326978","Complete","2022-06-21 15:24:25","2022-06-20 16:45:00","2022-06-22 14:30:00",NULL,"38"
"121155","83606","66942","17131","327140","Complete","2020-02-16 15:12:23","2020-02-16 22:05:00","2020-02-17 05:25:00",NULL,"38"
"121681","83966","67224","11491","328544","Complete","2022-05-31 22:29:39","2022-06-01 22:34:00","2022-06-03 13:05:00",NULL,"38"
"122073","84209","67403","18851","329592","Complete","2021-12-31 01:31:21","2022-01-01 21:57:00","2022-01-03 05:31:00",NULL,"38"
"122395","84437","67586","7129","330475","Complete","2020-05-27 12:36:22","2020-05-30 11:32:00","2020-06-04 05:44:00",NULL,"38"
"123435","85166","68161","19764","333272","Complete","2021-03-13 00:33:24","2021-03-14 02:07:00","2021-03-18 03:09:00",NULL,"38"
"124557","85925","68772","18735","336245","Complete","2022-04-02 15:04:05","2022-03-30 17:44:00","2022-04-01 12:23:00",NULL,"38"
"124677","86018","68842","11323","336577","Complete","2022-02-02 09:13:09","2022-02-01 09:15:00","2022-02-05 12:57:00",NULL,"38"
"125022","86251","69014","10579","337542","Complete","2020-01-14 10:44:51","2020-01-16 17:09:00","2020-01-20 05:44:00",NULL,"38"
"127265","87767","70270","16247","343583","Complete","2022-05-28 15:41:50","2022-05-28 23:42:00","2022-05-30 15:16:00",NULL,"38"
"127844","88167","70608","14234","345172","Complete","2021-10-07 01:43:17","2021-10-07 09:27:00","2021-10-11 17:00:00",NULL,"38"
"128249","88454","70852","6452","346289","Complete","2022-03-30 00:25:26","2022-04-01 08:41:00","2022-04-04 14:51:00",NULL,"38"
"130778","90212","72244","16187","353109","Complete","2019-12-10 14:02:17","2019-12-13 15:54:00","2019-12-18 10:55:00",NULL,"38"
"131200","90496","72493","27054","354241","Complete","2022-03-02 21:55:37","2022-03-04 18:34:00","2022-03-05 00:16:00",NULL,"38"
"132051","91097","72966","11491","356531","Complete","2022-03-30 12:13:26","2022-03-31 08:57:00","2022-04-02 06:03:00",NULL,"38"
"132502","91399","73192","4330","357783","Complete","2022-06-05 06:23:33","2022-06-07 13:41:00","2022-06-11 04:42:00",NULL,"38"
"132535","91422","73215","701","357879","Complete","2022-07-09 03:15:31","2022-07-09 06:08:00","2022-07-14 01:20:00",NULL,"38"
"133520","92117","73780","11654","360543","Complete","2022-08-28 15:47:06","2022-08-31 01:56:00","2022-08-31 15:42:00",NULL,"38"
"134438","92756","74317","7312","363016","Complete","2022-05-08 12:48:13","2022-05-10 06:27:00","2022-05-13 02:25:00",NULL,"38"
"134679","92915","74439","9573","363690","Complete","2022-03-01 21:06:29","2022-03-03 09:25:00","2022-03-07 17:20:00",NULL,"38"
"135127","93227","74688","11355","364902","Complete","2021-02-10 16:08:56","2021-02-13 01:50:00","2021-02-18 00:31:00",NULL,"38"
"135849","93744","75120","28039","366839","Complete","2021-06-02 04:55:15","2021-06-01 00:40:00","2021-06-01 13:56:00",NULL,"38"
"136675","94314","75591","16819","369063","Complete","2021-01-16 09:36:23","2021-01-16 06:56:00","2021-01-16 22:41:00",NULL,"38"
"136863","94448","75697","19042","369584","Complete","2021-11-12 04:16:41","2021-11-13 23:23:00","2021-11-16 00:21:00",NULL,"38"
"137460","94845","76020","13762","371159","Complete","2021-10-16 10:32:29","2021-10-13 17:52:00","2021-10-13 22:13:00",NULL,"38"
"138698","95711","76731","28276","374529","Complete","2020-06-29 17:22:38","2020-06-29 22:22:00","2020-06-30 05:34:00",NULL,"38"
"139107","95987","76966","14828","375641","Complete","2020-02-21 17:40:36","2020-02-20 03:25:00","2020-02-21 16:47:00",NULL,"38"
"139590","96295","77229","19764","376941","Complete","2020-11-19 04:50:44","2020-11-20 03:26:00","2020-11-22 02:25:00",NULL,"38"
"142709","98462","78943","18171","385317","Complete","2020-08-28 12:27:38","2020-08-29 13:17:00","2020-09-03 01:53:00",NULL,"38"
"142968","98644","79080","15779","386014","Complete","2022-08-27 09:19:41","2022-08-29 09:11:00","2022-08-30 07:24:00",NULL,"38"
"143315","98892","79297","10667","386960","Complete","2022-03-07 22:25:08","2022-03-10 00:52:00","2022-03-11 15:23:00",NULL,"38"
"143782","99207","79537","18735","388193","Complete","2022-06-30 23:36:57","2022-07-03 17:02:00","2022-07-08 00:43:00",NULL,"38"
"143921","99310","79632","5727","388582","Complete","2021-09-16 22:35:36","2021-09-17 18:55:00","2021-09-19 16:02:00",NULL,"38"
"145973","100725","80817","12725","394163","Complete","2021-11-14 04:29:41","2021-11-14 23:14:00","2021-11-14 23:31:00",NULL,"38"
"146270","100923","80980","11323","394976","Complete","2022-05-11 04:41:08","2022-05-13 04:37:00","2022-05-17 22:45:00",NULL,"38"
"147157","101528","81440","18969","397337","Complete","2022-04-27 10:56:02","2022-04-28 18:19:00","2022-05-01 12:32:00",NULL,"38"
"147338","101656","81530","16247","397826","Complete","2021-03-02 07:34:32","2021-03-05 08:44:00","2021-03-10 05:53:00",NULL,"38"
"147815","102001","81810","18735","399116","Complete","2022-04-21 18:00:40","2022-04-23 16:26:00","2022-04-25 07:01:00",NULL,"38"
"149911","103458","82986","1612","404838","Complete","2022-08-17 02:03:40","2022-08-15 18:44:00","2022-08-17 01:03:00",NULL,"38"
"149977","103500","83022","26249","405029","Complete","2022-04-08 15:01:55","2022-04-11 16:32:00","2022-04-16 14:19:00",NULL,"38"
"150383","103770","83245","22768","406155","Complete","2020-12-06 00:29:38","2020-12-07 17:58:00","2020-12-12 11:35:00",NULL,"38"
"152485","105212","84415","26208","411808","Complete","2021-11-10 05:59:32","2021-11-10 08:49:00","2021-11-12 13:08:00",NULL,"38"
"154052","106294","85257","16939","416002","Complete","2022-04-27 02:08:22","2022-04-27 04:03:00","2022-04-28 04:11:00",NULL,"38"
"154739","106767","85669","11104","417842","Complete","2020-03-23 23:36:57","2020-03-26 13:52:00","2020-03-29 05:10:00",NULL,"38"
"155072","106991","85842","14828","418728","Complete","2022-06-27 16:13:57","2022-06-25 10:17:00","2022-06-27 14:48:00",NULL,"38"
"155655","107377","86154","18851","420292","Complete","2022-01-28 15:46:09","2022-01-30 06:14:00","2022-02-02 07:24:00",NULL,"38"
"156418","107895","86546","27098","422342","Complete","2022-01-08 23:32:37","2022-01-09 23:41:00","2022-01-13 11:50:00",NULL,"38"
"157693","108760","87223","16239","425778","Complete","2022-01-08 14:28:47","2022-01-10 21:44:00","2022-01-11 19:20:00",NULL,"38"
"159256","109868","88112","7235","429984","Complete","2021-07-16 09:59:00","2021-07-15 11:35:00","2021-07-18 10:56:00",NULL,"38"
"159288","109890","88129","19042","430070","Complete","2021-08-08 10:01:47","2021-08-09 05:31:00","2021-08-13 10:05:00",NULL,"38"
"160258","110557","88652","18178","432706","Complete","2022-05-03 12:00:18","2022-05-03 19:26:00","2022-05-04 00:46:00",NULL,"38"
"160425","110676","88751","2622","433156","Complete","2022-05-21 11:04:34","2022-05-22 14:50:00","2022-05-26 18:50:00",NULL,"38"
"163321","112654","90329","16621","440995","Complete","2022-08-26 07:17:21","2022-08-24 17:24:00","2022-08-26 18:29:00",NULL,"38"
"164474","113454","90968","16834","444173","Complete","2020-09-25 09:11:34","2020-09-27 05:47:00","2020-09-30 02:00:00",NULL,"38"
"164839","113693","91145","22768","445180","Complete","2021-05-11 11:11:49","2021-05-10 07:57:00","2021-05-10 21:28:00",NULL,"38"
"164973","113776","91214","26693","445543","Complete","2021-08-19 05:11:10","2021-08-18 04:41:00","2021-08-20 00:06:00",NULL,"38"
"165019","113810","91248","18178","445662","Complete","2021-08-09 02:57:54","2021-08-09 09:11:00","2021-08-09 22:46:00",NULL,"38"
"165237","113952","91363","10137","446272","Complete","2022-02-11 07:23:06","2022-02-14 04:58:00","2022-02-17 20:38:00",NULL,"38"
"57139","39382","31485","10544","154220","Cancelled","2020-02-21 20:42:34",NULL,NULL,NULL,"38"
"165460","114113","91485","26693","446873","Complete","2020-10-11 08:45:40","2020-10-12 09:41:00","2020-10-15 14:34:00",NULL,"38"
"165682","114268","91610","26409","447479","Complete","2020-10-31 09:05:00","2020-11-02 08:05:00","2020-11-05 23:34:00",NULL,"38"
"165901","114418","91723","16819","448069","Complete","2022-06-10 15:42:26","2022-06-11 17:05:00","2022-06-16 10:38:00",NULL,"38"
"166049","114516","91803","18969","448458","Complete","2022-06-03 10:37:54","2022-06-02 20:12:00","2022-06-05 12:40:00",NULL,"38"
"167255","115340","92449","11875","451712","Complete","2022-02-19 09:52:41","2022-02-19 06:03:00","2022-02-21 08:28:00",NULL,"38"
"168296","116059","93051","11323","454495","Complete","2020-08-27 11:29:40","2020-08-27 07:13:00","2020-08-29 22:16:00",NULL,"38"
"168502","116207","93173","2622","455043","Complete","2022-06-06 10:09:18","2022-06-08 09:43:00","2022-06-11 13:09:00",NULL,"38"
"169181","116684","93555","12708","456861","Complete","2022-05-01 06:37:36","2022-05-02 23:46:00","2022-05-05 16:20:00",NULL,"38"
"169685","117009","93824","18178","458218","Complete","2021-05-01 16:48:26","2021-04-30 04:13:00","2021-05-04 07:31:00",NULL,"38"
"169847","117131","93915","19042","458662","Complete","2022-06-25 09:25:35","2022-06-24 16:10:00","2022-06-27 22:07:00",NULL,"38"
"172123","118687","95154","11097","464880","Complete","2022-08-30 03:19:02","2022-08-30 14:24:00","2022-09-01 18:59:00",NULL,"38"
"172191","118734","95193","21121","465060","Complete","2022-06-27 17:03:16","2022-06-26 23:00:00","2022-07-01 09:28:00",NULL,"38"
"173189","119443","95764","11292","467758","Complete","2021-09-23 01:28:53","2021-09-21 19:10:00","2021-09-25 13:50:00",NULL,"38"
"173797","119873","96125","15811","469323","Complete","2022-09-05 13:20:07.749445","2022-09-05 02:57:41.749445","2022-09-07 15:36:41.749445",NULL,"38"
"175162","120791","96840","16939","473040","Complete","2022-04-19 04:45:18","2022-04-21 05:47:00","2022-04-21 23:39:00",NULL,"38"
"175603","121103","97098","701","474246","Complete","2022-05-02 01:10:59","2022-05-02 15:31:00","2022-05-03 19:58:00",NULL,"38"
"175983","121371","97342","10507","475265","Complete","2022-06-27 05:22:17","2022-06-28 17:18:00","2022-07-02 23:23:00",NULL,"38"
"176109","121453","97401","27098","475620","Complete","2022-04-03 23:39:26","2022-04-02 13:42:00","2022-04-02 20:47:00",NULL,"38"
"177150","122167","97958","12109","478449","Complete","2021-06-26 06:41:48","2021-06-28 12:07:00","2021-07-02 23:22:00",NULL,"38"
"178045","122800","98499","16834","480830","Complete","2021-10-24 03:05:13","2021-10-25 01:48:00","2021-10-27 17:45:00",NULL,"38"
"178483","123111","98749","22029","482008","Complete","2022-02-04 11:41:35","2022-02-05 04:19:00","2022-02-05 13:19:00",NULL,"38"
"180213","124280","99678","27973","486665","Complete","2019-09-23 18:36:14","2019-09-24 08:17:00","2019-09-25 11:00:00",NULL,"38"
"192","140","114","11861","502","Returned","2019-12-18 01:46:01","2019-12-16 14:29:00","2019-12-21 03:11:00","2019-12-21 17:24:00","38"
"5408","3690","3013","11958","14646","Returned","2020-02-11 11:33:13","2020-02-11 19:26:00","2020-02-12 04:13:00","2020-02-13 22:50:00","38"
"5761","3918","3181","13812","15602","Returned","2021-02-02 04:32:00","2021-02-02 08:01:00","2021-02-04 18:30:00","2021-02-06 01:33:00","38"
"11373","7823","6344","11992","30809","Returned","2021-05-22 03:18:37","2021-05-21 04:01:00","2021-05-23 12:45:00","2021-05-25 21:26:00","38"
"11709","8057","6533","7158","31724","Returned","2022-08-06 09:54:06","2022-08-07 14:52:00","2022-08-12 12:27:00","2022-08-13 01:12:00","38"
"12949","8933","7209","13903","35083","Returned","2022-07-30 16:03:30","2022-07-31 00:31:00","2022-08-01 11:40:00","2022-08-01 13:28:00","38"
"13333","9190","7407","16834","36117","Returned","2022-05-17 03:13:02","2022-05-19 10:07:00","2022-05-20 04:54:00","2022-05-23 03:53:00","38"
"14641","10079","8110","6452","39660","Returned","2022-08-04 15:32:24","2022-08-06 10:10:00","2022-08-09 23:24:00","2022-08-12 21:54:00","38"
"15446","10603","8524","10506","41840","Returned","2022-09-04 06:27:04","2022-09-06 09:16:00","2022-09-07 03:06:00","2022-09-08 17:08:00","38"
"16727","11514","9268","4330","45286","Returned","2020-10-18 23:54:11","2020-10-18 17:20:00","2020-10-22 19:32:00","2020-10-23 02:11:00","38"
"17640","12136","9756","6463","47783","Returned","2022-08-21 13:06:24","2022-08-17 13:57:00","2022-08-22 11:36:00","2022-08-24 16:19:00","38"
"20340","13985","11211","14606","55057","Returned","2019-03-16 08:18:37","2019-03-18 04:00:00","2019-03-20 10:21:00","2019-03-20 10:29:00","38"
"21098","14509","11607","19042","57073","Returned","2021-09-21 15:22:40","2021-09-21 16:38:00","2021-09-26 15:57:00","2021-09-29 00:37:00","38"
"22538","15498","12384","11958","60915","Returned","2022-08-11 22:03:09","2022-08-12 19:15:00","2022-08-15 22:44:00","2022-08-15 23:14:00","38"
"22710","15623","12485","564","61384","Returned","2020-02-18 12:57:19","2020-02-21 07:08:00","2020-02-23 03:17:00","2020-02-24 14:13:00","38"
"23756","16350","13077","11858","64222","Returned","2022-07-29 06:43:20","2022-07-30 08:43:00","2022-08-03 06:59:00","2022-08-04 17:37:00","38"
"26158","18020","14399","17131","70698","Returned","2022-06-18 11:50:58","2022-06-19 16:21:00","2022-06-20 14:13:00","2022-06-23 09:33:00","38"
"27991","19297","15430","6463","75662","Returned","2022-09-03 07:31:33","2022-09-02 23:03:00","2022-09-04 15:54:00","2022-09-07 12:53:00","38"
"28008","19308","15437","14234","75707","Returned","2022-05-15 06:42:33","2022-05-14 20:41:00","2022-05-17 18:13:00","2022-05-19 07:34:00","38"
"28903","19903","15900","27054","78140","Returned","2019-11-17 10:00:14","2019-11-18 16:44:00","2019-11-23 00:03:00","2019-11-25 12:45:00","38"
"30501","21012","16825","15811","82473","Returned","2022-08-10 11:14:37","2022-08-12 09:23:00","2022-08-15 10:16:00","2022-08-17 01:57:00","38"
"39096","26919","21502","17823","105555","Returned","2020-11-10 10:37:54","2020-11-09 21:11:00","2020-11-13 18:34:00","2020-11-15 14:42:00","38"
"40839","28090","22409","18171","110275","Returned","2022-04-23 10:43:22","2022-04-24 12:29:00","2022-04-24 19:36:00","2022-04-25 09:14:00","38"
"41657","28651","22848","11324","112446","Returned","2022-07-09 08:06:16","2022-07-10 09:13:00","2022-07-11 04:09:00","2022-07-11 17:36:00","38"
"44733","30790","24579","6463","120818","Returned","2020-03-30 22:32:34","2020-03-30 22:12:00","2020-04-02 08:33:00","2020-04-03 16:18:00","38"
"47650","32835","26219","27421","128610","Returned","2021-10-02 11:12:27","2021-10-03 09:38:00","2021-10-07 23:31:00","2021-10-10 12:16:00","38"
"49455","34055","27189","11292","133489","Returned","2020-06-01 08:24:39","2020-06-02 16:41:00","2020-06-02 19:22:00","2020-06-03 02:53:00","38"
"51335","35384","28259","701","138552","Returned","2020-04-22 15:01:20","2020-04-19 11:20:00","2020-04-22 09:11:00","2020-04-24 02:42:00","38"
"53104","36610","29255","11292","143294","Returned","2021-03-13 20:54:31","2021-03-14 15:36:00","2021-03-16 20:34:00","2021-03-18 02:24:00","38"
"53214","36679","29313","16939","143593","Returned","2020-03-07 05:34:26","2020-03-07 20:33:00","2020-03-10 03:01:00","2020-03-11 01:21:00","38"
"57168","39401","31497","19042","154300","Returned","2022-05-15 09:27:05","2022-05-16 02:09:00","2022-05-17 07:22:00","2022-05-17 07:44:00","38"
"60718","41817","33427","7235","163925","Returned","2021-09-10 02:49:07","2021-09-10 09:37:00","2021-09-13 23:39:00","2021-09-15 09:40:00","38"
"66441","45713","36552","27367","179412","Returned","2021-02-15 02:54:21","2021-02-13 09:25:00","2021-02-13 16:31:00","2021-02-16 15:54:00","38"
"69087","47562","38031","11104","186498","Returned","2021-06-13 11:54:28","2021-06-14 03:14:00","2021-06-16 18:35:00","2021-06-19 01:52:00","38"
"70251","48377","38685","21121","189657","Returned","2022-04-13 07:02:14","2022-04-12 16:04:00","2022-04-14 19:17:00","2022-04-17 04:22:00","38"
"72813","50152","40148","5871","196609","Returned","2021-07-15 14:42:05","2021-07-12 16:45:00","2021-07-15 20:00:00","2021-07-16 11:01:00","38"
"78299","53993","43195","14234","211380","Returned","2020-09-20 13:01:11","2020-09-22 15:48:00","2020-09-26 23:37:00","2020-09-28 13:17:00","38"
"78846","54367","43512","11946","212856","Returned","2021-08-17 13:58:56","2021-08-13 21:52:00","2021-08-15 09:21:00","2021-08-17 11:31:00","38"
"78919","54413","43543","27054","213056","Returned","2021-12-26 03:38:49","2021-12-27 06:42:00","2021-12-27 21:45:00","2021-12-28 10:55:00","38"
"80424","55470","44351","27932","217177","Returned","2021-08-13 17:26:04","2021-08-11 12:02:00","2021-08-15 02:12:00","2021-08-15 15:52:00","38"
"83009","57313","45814","13762","224183","Returned","2020-05-02 10:49:43","2020-05-03 20:22:00","2020-05-04 11:04:00","2020-05-07 04:36:00","38"
"83288","57512","45981","15427","224951","Returned","2022-07-05 06:06:01","2022-07-01 16:56:00","2022-07-05 15:21:00","2022-07-07 07:25:00","38"
"84612","58455","46758","5780","228536","Returned","2022-07-30 11:07:25","2022-08-01 02:48:00","2022-08-02 02:23:00","2022-08-02 12:29:00","38"
"85958","59399","47515","16247","232185","Returned","2022-03-29 01:34:36","2022-03-31 19:03:00","2022-04-01 08:03:00","2022-04-02 00:59:00","38"
"88009","60828","48692","9592","237754","Returned","2022-03-08 06:19:20","2022-03-05 15:41:00","2022-03-07 00:05:00","2022-03-07 21:22:00","38"
"90456","62525","50056","12891","244362","Returned","2021-05-31 01:13:34","2021-06-02 21:13:00","2021-06-06 16:41:00","2021-06-07 12:29:00","38"
"93140","64362","51501","19764","251562","Returned","2020-06-04 22:32:38","2020-06-04 12:12:00","2020-06-08 09:55:00","2020-06-11 04:42:00","38"
"95110","65729","52581","11324","256912","Returned","2019-03-23 11:49:11","2019-03-25 20:41:00","2019-03-28 11:58:00","2019-03-28 18:47:00","38"
"97677","67508","53952","9866","263864","Returned","2021-01-31 17:55:35","2021-02-03 11:38:00","2021-02-06 17:58:00","2021-02-07 08:16:00","38"
"98082","67780","54158","11225","264960","Returned","2020-09-15 04:27:50","2020-09-13 09:30:00","2020-09-16 01:39:00","2020-09-17 07:15:00","38"
"98610","68133","54453","2854","266387","Returned","2022-03-28 04:32:13","2022-03-30 22:43:00","2022-03-31 10:05:00","2022-04-01 06:36:00","38"
"98666","68169","54486","26208","266539","Returned","2022-02-13 02:13:34","2022-02-15 12:01:00","2022-02-17 22:38:00","2022-02-19 10:13:00","38"
"99762","68958","55134","28358","269462","Returned","2021-10-02 16:43:58","2021-10-01 01:00:00","2021-10-05 17:14:00","2021-10-07 02:39:00","38"
"102958","71139","56865","11230","278089","Returned","2021-06-09 07:20:49","2021-06-07 13:20:00","2021-06-07 14:49:00","2021-06-10 12:08:00","38"
"103366","71425","57095","27558","279209","Returned","2022-01-15 06:43:49","2022-01-15 17:22:00","2022-01-19 11:49:00","2022-01-20 09:20:00","38"
"106931","73888","59084","2247","288820","Returned","2022-01-18 11:37:13","2022-01-19 12:30:00","2022-01-19 18:10:00","2022-01-20 17:47:00","38"
"113938","78698","62938","17222","307739","Returned","2020-08-11 06:38:54","2020-08-10 18:50:00","2020-08-14 11:58:00","2020-08-14 19:04:00","38"
"115321","79652","63718","28756","311470","Returned","2021-05-03 12:38:32","2021-05-03 16:41:00","2021-05-06 21:07:00","2021-05-07 19:20:00","38"
"115622","79851","63893","18294","312261","Returned","2022-05-03 06:19:44","2022-05-03 12:58:00","2022-05-04 00:15:00","2022-05-05 19:12:00","38"
"117242","80932","64803","13322","316612","Returned","2020-09-18 12:17:00","2020-09-14 15:54:00","2020-09-16 13:02:00","2020-09-18 23:46:00","38"
"118228","81610","65353","12110","319236","Returned","2022-08-14 15:53:45","2022-08-16 16:34:00","2022-08-16 23:37:00","2022-08-17 02:52:00","38"
"118946","82118","65743","22029","321152","Returned","2022-03-26 05:11:25","2022-03-24 11:20:00","2022-03-26 00:53:00","2022-03-26 17:40:00","38"
"118947","82118","65743","17823","321154","Returned","2022-03-27 03:43:16","2022-03-24 11:20:00","2022-03-26 00:53:00","2022-03-26 17:40:00","38"
"120002","82839","66315","13504","324008","Returned","2022-03-04 22:41:16","2022-03-05 18:45:00","2022-03-07 23:15:00","2022-03-09 23:14:00","38"
"122324","84387","67552","28193","330274","Returned","2021-10-21 15:24:13","2021-10-22 06:28:00","2021-10-25 19:09:00","2021-10-27 03:47:00","38"
"126364","87165","69747","26208","341177","Returned","2021-11-03 00:23:34","2021-11-03 15:55:00","2021-11-07 04:32:00","2021-11-08 13:08:00","38"
"128371","88537","70918","15779","346622","Returned","2020-10-20 00:17:27","2020-10-19 18:38:00","2020-10-22 00:17:00","2020-10-24 15:08:00","38"
"129463","89285","71529","6463","349566","Returned","2021-10-17 12:23:43","2021-10-19 12:53:00","2021-10-24 11:11:00","2021-10-25 14:51:00","38"
"129796","89523","71707","27973","350442","Returned","2021-09-16 23:07:44","2021-09-19 02:13:00","2021-09-19 03:24:00","2021-09-22 01:19:00","38"
"130274","89847","71967","27421","351728","Returned","2020-05-06 06:43:10","2020-05-05 12:54:00","2020-05-09 21:09:00","2020-05-11 12:28:00","38"
"130333","89895","72014","11491","351896","Returned","2022-08-29 10:20:26","2022-08-29 00:36:00","2022-08-31 06:33:00","2022-09-02 02:41:00","38"
"131789","90908","72821","14234","355825","Returned","2021-07-20 06:50:16","2021-07-22 16:03:00","2021-07-26 20:55:00","2021-07-28 22:28:00","38"
"138742","95744","76760","1612","374645","Returned","2019-10-24 08:22:35","2019-10-20 23:52:00","2019-10-21 06:18:00","2019-10-21 09:18:00","38"
"138801","95781","76790","13571","374799","Returned","2021-01-15 14:29:15","2021-01-13 14:51:00","2021-01-17 09:59:00","2021-01-18 20:02:00","38"
"142532","98338","78860","13903","384847","Returned","2022-04-17 15:58:12","2022-04-19 17:51:00","2022-04-24 08:30:00","2022-04-27 03:00:00","38"
"142808","98530","78995","28193","385588","Returned","2022-06-17 10:31:13","2022-06-18 00:33:00","2022-06-19 21:38:00","2022-06-22 07:12:00","38"
"144895","99978","80174","7158","391226","Returned","2019-09-13 04:25:15","2019-09-12 23:30:00","2019-09-17 02:05:00","2019-09-18 22:57:00","38"
"148003","102135","81921","701","399622","Returned","2021-06-19 07:07:19","2021-06-20 05:46:00","2021-06-22 19:42:00","2021-06-24 18:15:00","38"
"148859","102715","82401","16834","401965","Returned","2022-02-09 07:30:25","2022-02-07 11:33:00","2022-02-12 07:26:00","2022-02-13 23:36:00","38"
"152503","105226","84428","22029","411858","Returned","2022-08-27 07:17:16","2022-08-27 21:24:00","2022-08-30 06:04:00","2022-08-31 10:07:00","38"
"154866","106856","85740","13762","418185","Returned","2022-03-30 12:07:54","2022-03-31 14:50:00","2022-04-01 03:11:00","2022-04-02 19:06:00","38"
"157520","108642","87122","26208","425315","Returned","2022-05-28 01:17:25","2022-05-28 01:17:00","2022-05-30 22:12:00","2022-06-02 07:46:00","38"
"160704","110868","88898","11163","433903","Returned","2022-07-22 05:34:14","2022-07-24 12:32:00","2022-07-27 17:49:00","2022-07-28 08:44:00","38"
"165016","113808","91245","26208","445653","Returned","2021-05-31 01:10:28","2021-05-31 10:25:00","2021-06-02 11:44:00","2021-06-03 08:33:00","38"
"165735","114304","91634","11654","447617","Returned","2021-10-18 21:11:34","2021-10-18 16:52:00","2021-10-19 14:55:00","2021-10-20 08:23:00","38"
"168522","116220","93187","13246","455098","Returned","2020-10-16 12:43:00","2020-10-17 09:39:00","2020-10-18 13:49:00","2020-10-21 06:19:00","38"
"168598","116268","93223","11123","455300","Returned","2022-06-06 06:10:34","2022-06-04 03:54:00","2022-06-08 18:42:00","2022-06-10 06:48:00","38"
"169720","117039","93849","11491","458320","Returned","2019-10-04 14:35:01","2019-10-05 02:17:00","2019-10-07 22:13:00","2019-10-10 15:26:00","38"
"171347","118129","94734","6452","462775","Returned","2022-08-08 15:02:01","2022-08-10 23:46:00","2022-08-13 05:59:00","2022-08-13 20:20:00","38"
"171538","118274","94856","13812","463273","Returned","2020-08-07 04:22:07","2020-08-06 11:21:00","2020-08-06 12:48:00","2020-08-07 12:03:00","38"
"172492","118954","95367","6452","465871","Returned","2020-04-29 09:23:50","2020-04-29 20:28:00","2020-04-30 05:19:00","2020-05-01 06:49:00","38"
"172939","119273","95602","11124","467093","Returned","2022-01-05 07:32:16","2022-01-04 04:06:00","2022-01-04 09:03:00","2022-01-07 03:20:00","38"
"175034","120698","96774","13571","472696","Returned","2022-08-07 12:28:20","2022-08-05 12:26:00","2022-08-07 03:27:00","2022-08-08 13:02:00","38"
"177104","122136","97939","11359","478323","Returned","2021-09-02 04:47:05","2021-08-30 06:09:00","2021-08-31 06:00:00","2021-08-31 21:15:00","38"
"180207","124276","99673","18171","486647","Returned","2022-08-28 09:00:28","2022-08-30 17:44:00","2022-09-01 23:45:00","2022-09-04 13:15:00","38"
"2034","1405","1130","16621","5501","Cancelled","2021-01-31 07:48:22",NULL,NULL,NULL,"38"
"2253","1543","1250","11124","6104","Cancelled","2021-07-09 09:09:50",NULL,NULL,NULL,"38"
"2740","1870","1518","18969","7420","Cancelled","2019-10-04 11:53:58",NULL,NULL,NULL,"38"
"3046","2073","1670","11946","8234","Cancelled","2019-12-11 14:50:06",NULL,NULL,NULL,"38"
"3939","2683","2159","6591","10658","Cancelled","2022-08-15 01:57:11",NULL,NULL,NULL,"38"
"4466","3054","2465","11936","12114","Cancelled","2021-04-27 08:30:10",NULL,NULL,NULL,"38"
"4834","3303","2689","10507","13097","Cancelled","2022-04-06 23:27:07",NULL,NULL,NULL,"38"
"5215","3554","2907","17811","14109","Cancelled","2020-07-25 23:31:17",NULL,NULL,NULL,"38"
"10610","7296","5940","16247","28753","Cancelled","2019-09-26 05:51:52",NULL,NULL,NULL,"38"
"14023","9654","7792","11936","38002","Cancelled","2020-08-25 14:34:58",NULL,NULL,NULL,"38"
"17085","11759","9460","19764","46258","Cancelled","2019-07-21 03:37:45",NULL,NULL,NULL,"38"
"18518","12723","10205","20652","50143","Cancelled","2022-05-08 09:53:04",NULL,NULL,NULL,"38"
"23202","15967","12760","1815","62708","Cancelled","2019-03-22 03:39:49",NULL,NULL,NULL,"38"
"23926","16459","13154","16834","64676","Cancelled","2022-08-26 23:51:16",NULL,NULL,NULL,"38"
"24226","16662","13319","11792","65481","Cancelled","2022-08-29 04:13:30",NULL,NULL,NULL,"38"
"26764","18438","14720","16834","72344","Cancelled","2022-07-19 14:10:01",NULL,NULL,NULL,"38"
"26973","18581","14840","28193","72904","Cancelled","2021-08-01 14:30:55",NULL,NULL,NULL,"38"
"27652","19047","15230","13246","74753","Cancelled","2021-11-04 12:24:18",NULL,NULL,NULL,"38"
"28444","19587","15661","11355","76892","Cancelled","2022-09-06 11:27:39.543909",NULL,NULL,NULL,"38"
"29445","20272","16199","13504","79595","Cancelled","2022-05-04 05:44:38",NULL,NULL,NULL,"38"
"31131","21418","17142","9735","84155","Cancelled","2021-06-17 23:32:23",NULL,NULL,NULL,"38"
"33510","23064","18411","11946","90534","Cancelled","2022-04-08 00:02:32",NULL,NULL,NULL,"38"
"34155","23523","18776","11097","92274","Cancelled","2022-08-15 10:51:01",NULL,NULL,NULL,"38"
"35490","24431","19523","1612","95853","Cancelled","2022-04-14 03:21:02",NULL,NULL,NULL,"38"
"36568","25167","20118","10137","98727","Cancelled","2022-07-05 16:04:34",NULL,NULL,NULL,"38"
"38809","26732","21361","18735","104784","Cancelled","2022-07-27 04:52:38",NULL,NULL,NULL,"38"
"40778","28051","22374","11292","110117","Cancelled","2022-04-27 01:47:10",NULL,NULL,NULL,"38"
"42879","29504","23521","19764","115802","Cancelled","2022-08-24 14:36:53",NULL,NULL,NULL,"38"
"45400","31262","24954","16819","122599","Cancelled","2022-04-17 20:38:25",NULL,NULL,NULL,"38"
"45866","31575","25190","27054","123832","Cancelled","2022-09-03 02:36:24",NULL,NULL,NULL,"38"
"46633","32113","25640","22029","125911","Cancelled","2022-05-21 14:22:22",NULL,NULL,NULL,"38"
"47601","32797","26186","17280","128479","Cancelled","2020-10-30 08:10:32",NULL,NULL,NULL,"38"
"47671","32848","26228","11875","128667","Cancelled","2020-06-10 08:29:53",NULL,NULL,NULL,"38"
"51243","35321","28198","11230","138311","Cancelled","2022-04-18 07:14:51",NULL,NULL,NULL,"38"
"58305","40198","32115","11124","157352","Cancelled","2022-08-18 00:31:25",NULL,NULL,NULL,"38"
"62314","42918","34309","17823","168212","Cancelled","2022-05-01 12:58:06",NULL,NULL,NULL,"38"
"62321","42922","34312","21121","168228","Cancelled","2020-02-29 05:28:25",NULL,NULL,NULL,"38"
"62587","43106","34472","6452","168960","Cancelled","2022-02-24 21:57:15",NULL,NULL,NULL,"38"
"64881","44661","35723","12110","175214","Cancelled","2021-08-17 12:29:45",NULL,NULL,NULL,"38"
"66367","45668","36505","13504","179210","Cancelled","2021-03-31 16:28:44",NULL,NULL,NULL,"38"
"66844","45984","36777","27367","180482","Cancelled","2022-05-30 14:36:19",NULL,NULL,NULL,"38"
"72825","50162","40156","27652","196642","Cancelled","2021-07-22 21:22:19",NULL,NULL,NULL,"38"
"78202","53929","43141","11292","211127","Cancelled","2021-04-03 17:14:44",NULL,NULL,NULL,"38"
"80524","55539","44399","9733","217446","Cancelled","2021-08-12 14:20:28",NULL,NULL,NULL,"38"
"81617","56304","44999","11323","220413","Cancelled","2021-02-17 05:55:52",NULL,NULL,NULL,"38"
"82177","56707","45352","26092","221895","Cancelled","2022-06-06 02:20:41",NULL,NULL,NULL,"38"
"83101","57381","45867","11858","224441","Cancelled","2021-08-07 22:09:55",NULL,NULL,NULL,"38"
"84435","58333","46657","17811","228043","Cancelled","2020-10-30 10:51:14",NULL,NULL,NULL,"38"
"85807","59299","47430","20652","231782","Cancelled","2022-06-15 05:59:59",NULL,NULL,NULL,"38"
"88446","61127","48945","11274","238945","Cancelled","2020-08-16 10:58:10",NULL,NULL,NULL,"38"
"89941","62169","49765","10637","242953","Cancelled","2020-06-10 14:46:47",NULL,NULL,NULL,"38"
"90504","62555","50076","28358","244492","Cancelled","2022-05-14 02:04:59",NULL,NULL,NULL,"38"
"91034","62910","50372","564","245912","Cancelled","2022-06-25 01:03:02",NULL,NULL,NULL,"38"
"94217","65090","52071","28756","254479","Cancelled","2022-03-08 09:31:57",NULL,NULL,NULL,"38"
"95022","65663","52536","10137","256678","Cancelled","2022-06-06 21:56:33",NULL,NULL,NULL,"38"
"97698","67522","53960","1612","263919","Cancelled","2022-02-28 15:01:07",NULL,NULL,NULL,"38"
"97860","67628","54040","11274","264356","Cancelled","2022-03-14 00:03:30",NULL,NULL,NULL,"38"
"100509","69457","55554","18588","271444","Cancelled","2020-09-15 16:23:59",NULL,NULL,NULL,"38"
"101075","69852","55859","17280","272975","Cancelled","2021-02-24 07:31:22",NULL,NULL,NULL,"38"
"105754","73078","58446","10137","285654","Cancelled","2022-06-23 10:44:34",NULL,NULL,NULL,"38"
"106114","73335","58662","22768","286626","Cancelled","2021-11-25 13:04:19",NULL,NULL,NULL,"38"
"106418","73539","58806","16187","287441","Cancelled","2021-03-24 08:15:51",NULL,NULL,NULL,"38"
"107151","74034","59192","15811","289413","Cancelled","2021-10-22 15:06:42",NULL,NULL,NULL,"38"
"107919","74555","59603","17823","291515","Cancelled","2021-06-02 12:19:36",NULL,NULL,NULL,"38"
"108766","75136","60078","18588","293803","Cancelled","2022-08-07 17:12:53",NULL,NULL,NULL,"38"
"110085","76041","60808","26208","297346","Cancelled","2021-11-23 12:12:53",NULL,NULL,NULL,"38"
"110124","76068","60829","18004","297446","Cancelled","2021-02-21 15:06:46",NULL,NULL,NULL,"38"
"110549","76364","61074","11792","298566","Cancelled","2022-08-18 04:58:50",NULL,NULL,NULL,"38"
"111245","76855","61488","13762","300430","Cancelled","2020-09-30 09:28:12",NULL,NULL,NULL,"38"
"111344","76916","61539","18178","300713","Cancelled","2022-04-18 17:51:42",NULL,NULL,NULL,"38"
"112347","77598","62072","14828","303442","Cancelled","2021-07-21 10:38:34",NULL,NULL,NULL,"38"
"114804","79295","63435","20652","310088","Cancelled","2020-08-23 07:36:38",NULL,NULL,NULL,"38"
"115516","79784","63836","16247","311973","Cancelled","2021-06-16 04:54:30",NULL,NULL,NULL,"38"
"117320","80981","64858","16239","316811","Cancelled","2022-02-08 06:42:57",NULL,NULL,NULL,"38"
"117991","81443","65220","15811","318613","Cancelled","2020-12-05 12:54:17",NULL,NULL,NULL,"38"
"118845","82047","65685","9735","320902","Cancelled","2021-12-17 13:29:20",NULL,NULL,NULL,"38"
"119135","82241","65852","9733","321660","Cancelled","2022-04-19 12:53:53",NULL,NULL,NULL,"38"
"120844","83399","66780","27098","326285","Cancelled","2021-02-06 05:11:17",NULL,NULL,NULL,"38"
"121507","83855","67135","17823","328080","Cancelled","2021-07-18 02:13:10",NULL,NULL,NULL,"38"
"121508","83855","67135","17823","328082","Cancelled","2021-07-18 03:20:30",NULL,NULL,NULL,"38"
"123269","85044","68057","19042","332830","Cancelled","2021-10-13 08:21:06",NULL,NULL,NULL,"38"
"124266","85725","68602","28193","335469","Cancelled","2021-07-26 17:31:31",NULL,NULL,NULL,"38"
"128743","88791","71122","16939","347624","Cancelled","2022-08-31 12:31:30.48684",NULL,NULL,NULL,"38"
"130105","89735","71871","27098","351289","Cancelled","2022-03-16 05:01:32",NULL,NULL,NULL,"38"
"132611","91474","73255","28193","358084","Cancelled","2020-02-02 00:22:54",NULL,NULL,NULL,"38"
"134358","92702","74265","6721","362801","Cancelled","2020-04-10 02:46:04",NULL,NULL,NULL,"38"
"134483","92789","74340","5780","363147","Cancelled","2019-10-19 01:37:24",NULL,NULL,NULL,"38"
"134803","92994","74489","17811","364030","Cancelled","2020-12-24 15:21:17",NULL,NULL,NULL,"38"
"136939","94509","75750","13571","369787","Cancelled","2022-08-04 11:22:18",NULL,NULL,NULL,"38"
"137180","94659","75876","16247","370416","Cancelled","2022-05-22 01:19:31",NULL,NULL,NULL,"38"
"138031","95250","76359","11861","372699","Cancelled","2020-03-06 13:35:00",NULL,NULL,NULL,"38"
"138372","95487","76561","14606","373649","Cancelled","2020-09-29 07:41:42",NULL,NULL,NULL,"38"
"138937","95876","76878","7312","375177","Cancelled","2020-05-23 23:14:27",NULL,NULL,NULL,"38"
"139936","96528","77406","26409","377858","Cancelled","2020-02-26 13:48:17",NULL,NULL,NULL,"38"
"140235","96742","77577","10667","378661","Cancelled","2021-10-08 17:19:15",NULL,NULL,NULL,"38"
"141255","97425","78130","6452","381412","Cancelled","2021-07-22 06:34:22",NULL,NULL,NULL,"38"
"143542","99049","79426","10579","387568","Cancelled","2022-07-15 15:12:47",NULL,NULL,NULL,"38"
"144032","99385","79685","26208","388892","Cancelled","2022-02-03 09:48:50",NULL,NULL,NULL,"38"
"144410","99636","79886","13249","389904","Cancelled","2022-01-12 11:51:15",NULL,NULL,NULL,"38"
"145498","100387","80497","13571","392874","Cancelled","2022-05-09 23:35:55",NULL,NULL,NULL,"38"
"147012","101430","81366","11124","396973","Cancelled","2022-07-09 17:19:41",NULL,NULL,NULL,"38"
"147503","101782","81639","12705","398275","Cancelled","2022-06-15 05:41:38",NULL,NULL,NULL,"38"
"150027","103529","83039","2854","405164","Cancelled","2021-08-25 05:34:09",NULL,NULL,NULL,"38"
"150867","104107","83516","26409","407462","Cancelled","2022-03-14 12:39:54",NULL,NULL,NULL,"38"
"151555","104555","83890","27098","409314","Cancelled","2020-04-15 01:15:22",NULL,NULL,NULL,"38"
"152446","105184","84389","2391","411709","Cancelled","2022-06-17 08:08:54",NULL,NULL,NULL,"38"
"152697","105360","84526","27652","412366","Cancelled","2022-02-17 22:10:17",NULL,NULL,NULL,"38"
"155965","107587","86303","11274","421102","Cancelled","2020-08-24 04:52:28",NULL,NULL,NULL,"38"
"156237","107770","86455","10507","421854","Cancelled","2021-06-20 22:58:43",NULL,NULL,NULL,"38"
"159620","110112","88299","27439","430974","Cancelled","2022-04-06 15:39:05",NULL,NULL,NULL,"38"
"159783","110233","88394","11992","431413","Cancelled","2021-12-16 05:45:00",NULL,NULL,NULL,"38"
"163304","112642","90318","26693","440951","Cancelled","2021-06-29 05:23:12",NULL,NULL,NULL,"38"
"163314","112648","90325","11946","440974","Cancelled","2022-01-10 01:44:43",NULL,NULL,NULL,"38"
"163346","112669","90341","7332","441065","Cancelled","2019-11-18 01:24:26",NULL,NULL,NULL,"38"
"164433","113425","90945","13762","444063","Cancelled","2019-06-04 23:23:23",NULL,NULL,NULL,"38"
"165779","114332","91656","14606","447741","Cancelled","2022-07-20 14:29:08",NULL,NULL,NULL,"38"
"166967","115146","92291","11858","450942","Cancelled","2021-04-09 04:04:37",NULL,NULL,NULL,"38"
"167374","115426","92520","11225","452026","Cancelled","2022-02-25 08:37:51",NULL,NULL,NULL,"38"
"168580","116255","93214","18735","455252","Cancelled","2022-05-20 02:34:09",NULL,NULL,NULL,"38"
"169984","117213","93986","11097","459030","Cancelled","2020-01-22 03:28:52",NULL,NULL,NULL,"38"
"176239","121541","97474","14234","475976","Cancelled","2021-09-03 03:33:06",NULL,NULL,NULL,"38"
"176306","121589","97512","16834","476157","Cancelled","2021-11-26 01:01:59",NULL,NULL,NULL,"38"
"176487","121715","97622","15627","476651","Cancelled","2022-07-11 05:40:22",NULL,NULL,NULL,"38"
"178135","122862","98547","26208","481066","Cancelled","2022-08-31 12:56:58.15931",NULL,NULL,NULL,"38"
"178558","123168","98795","18588","482214","Cancelled","2022-03-21 23:25:06",NULL,NULL,NULL,"38"
"179950","124104","99546","11992","485949","Cancelled","2022-08-18 22:56:10",NULL,NULL,NULL,"38"
"180591","124541","99868","12891","487673","Cancelled","2020-06-22 14:18:41",NULL,NULL,NULL,"38"
"1050","729","610","13249","2819","Processing","2020-03-16 10:48:06",NULL,NULL,NULL,"38"
"2596","1778","1435","6591","7024","Processing","2022-01-03 14:02:12",NULL,NULL,NULL,"38"
"5171","3523","2877","10544","13995","Processing","2022-02-05 06:38:32",NULL,NULL,NULL,"38"
"11228","7718","6269","5871","30422","Processing","2022-08-29 02:13:52",NULL,NULL,NULL,"38"
"13498","9304","7501","6721","36583","Processing","2021-02-06 09:28:13",NULL,NULL,NULL,"38"
"14919","10261","8250","2622","40404","Processing","2022-01-12 09:31:45",NULL,NULL,NULL,"38"
"16291","11200","9003","18735","44103","Processing","2022-07-28 08:08:35",NULL,NULL,NULL,"38"
"16403","11277","9062","2622","44401","Processing","2021-09-13 05:52:59",NULL,NULL,NULL,"38"
"16904","11634","9366","11654","45789","Processing","2020-08-23 03:44:05",NULL,NULL,NULL,"38"
"18177","12494","10040","27421","49239","Processing","2022-03-02 22:27:27",NULL,NULL,NULL,"38"
"19415","13345","10707","18171","52530","Processing","2022-04-17 09:56:17",NULL,NULL,NULL,"38"
"21824","15001","11982","28756","58980","Processing","2022-04-10 12:53:13",NULL,NULL,NULL,"38"
"22163","15238","12177","16247","59899","Processing","2020-03-22 03:13:24",NULL,NULL,NULL,"38"
"23717","16325","13060","2247","64116","Processing","2022-08-16 05:21:14",NULL,NULL,NULL,"38"
"25460","17543","14014","7332","68796","Processing","2022-06-21 15:03:34",NULL,NULL,NULL,"38"
"25615","17646","14093","12109","69219","Processing","2022-08-25 11:56:48",NULL,NULL,NULL,"38"
"26448","18228","14570","11936","71486","Processing","2021-03-26 07:05:36",NULL,NULL,NULL,"38"
"26774","18447","14730","7312","72369","Processing","2022-08-19 04:46:35",NULL,NULL,NULL,"38"
"28582","19678","15732","27107","77263","Processing","2021-10-16 05:16:51",NULL,NULL,NULL,"38"
"28631","19710","15760","15811","77388","Processing","2022-08-06 22:37:43",NULL,NULL,NULL,"38"
"29184","20088","16054","27558","78898","Processing","2021-05-21 02:54:58",NULL,NULL,NULL,"38"
"29407","20246","16185","11355","79497","Processing","2021-09-20 05:58:36",NULL,NULL,NULL,"38"
"30767","21184","16971","11875","83174","Processing","2022-07-22 08:29:20",NULL,NULL,NULL,"38"
"30913","21277","17041","11359","83574","Processing","2022-01-01 09:57:19",NULL,NULL,NULL,"38"
"31969","22002","17602","5727","86386","Processing","2020-08-01 12:49:35",NULL,NULL,NULL,"38"
"32307","22230","17770","28358","87287","Processing","2022-08-24 10:16:09",NULL,NULL,NULL,"38"
"36955","25444","20345","11946","99782","Processing","2022-02-17 08:47:58",NULL,NULL,NULL,"38"
"37568","25862","20661","27973","101442","Processing","2022-08-18 06:02:58",NULL,NULL,NULL,"38"
"37588","25880","20672","11225","101498","Processing","2021-09-26 01:12:52",NULL,NULL,NULL,"38"
"39658","27311","21810","13249","107051","Processing","2021-06-18 09:27:20",NULL,NULL,NULL,"38"
"40155","27641","22078","16892","108388","Processing","2021-10-19 05:34:58",NULL,NULL,NULL,"38"
"40219","27682","22113","18851","108562","Processing","2022-05-10 12:46:13",NULL,NULL,NULL,"38"
"41265","28382","22643","20652","111408","Processing","2022-07-31 23:44:59",NULL,NULL,NULL,"38"
"41361","28445","22692","12891","111660","Processing","2022-07-10 08:42:40",NULL,NULL,NULL,"38"
"41835","28780","22953","18851","112941","Processing","2020-12-03 05:04:12",NULL,NULL,NULL,"38"
"42053","28935","23080","11992","113520","Processing","2020-06-12 08:56:06",NULL,NULL,NULL,"38"
"42489","29227","23302","18735","114748","Processing","2022-02-12 22:16:30",NULL,NULL,NULL,"38"
"43542","29954","23883","6721","117591","Processing","2021-10-26 15:33:42",NULL,NULL,NULL,"38"
"45241","31149","24864","11359","122173","Processing","2020-05-01 15:31:26",NULL,NULL,NULL,"38"
"45341","31223","24921","6463","122439","Processing","2022-06-24 16:21:08",NULL,NULL,NULL,"38"
"50945","35121","28027","9592","137508","Processing","2021-10-27 03:08:02",NULL,NULL,NULL,"38"
"53507","36871","29458","18004","144387","Processing","2021-11-17 21:49:16",NULL,NULL,NULL,"38"
"56121","38686","30929","13249","151451","Processing","2021-04-29 15:09:37",NULL,NULL,NULL,"38"
"58088","40034","31986","18851","156763","Processing","2019-07-17 02:56:23",NULL,NULL,NULL,"38"
"58458","40294","32180","18178","157779","Processing","2019-12-15 18:39:50",NULL,NULL,NULL,"38"
"58866","40570","32399","11946","158874","Processing","2020-12-14 06:43:23",NULL,NULL,NULL,"38"
"60707","41809","33420","11654","163895","Processing","2022-01-29 07:17:01",NULL,NULL,NULL,"38"
"61713","42500","33986","27652","166595","Processing","2022-02-28 08:37:17",NULL,NULL,NULL,"38"
"62043","42730","34165","10507","167486","Processing","2022-07-31 22:47:01",NULL,NULL,NULL,"38"
"62507","43047","34417","6452","168737","Processing","2021-12-05 12:43:08",NULL,NULL,NULL,"38"
"64617","44481","35592","12708","174460","Processing","2022-07-03 07:47:58",NULL,NULL,NULL,"38"
"66356","45659","36499","19042","179175","Processing","2022-07-10 00:52:15",NULL,NULL,NULL,"38"
"68218","46947","37552","19268","184187","Processing","2021-07-31 23:44:49",NULL,NULL,NULL,"38"
"68295","47005","37604","11936","184384","Processing","2021-10-29 12:29:23",NULL,NULL,NULL,"38"
"68618","47226","37770","7312","185234","Processing","2021-10-01 08:46:40",NULL,NULL,NULL,"38"
"69069","47552","38021","16946","186448","Processing","2020-04-05 02:39:43",NULL,NULL,NULL,"38"
"69460","47829","38242","26208","187488","Processing","2022-02-25 07:04:59",NULL,NULL,NULL,"38"
"70847","48780","39027","11124","191260","Processing","2022-09-04 04:06:09.374269",NULL,NULL,NULL,"38"
"72619","50019","40027","17280","196091","Processing","2022-06-11 13:14:25",NULL,NULL,NULL,"38"
"73396","50558","40459","29041","198183","Processing","2020-04-13 14:54:27",NULL,NULL,NULL,"38"
"74582","51398","41119","18735","201365","Processing","2022-04-18 13:39:43",NULL,NULL,NULL,"38"
"76152","52480","42000","10667","205641","Processing","2021-10-04 03:57:47",NULL,NULL,NULL,"38"
"76221","52527","42032","7332","205830","Processing","2021-05-27 11:13:00",NULL,NULL,NULL,"38"
"76698","52872","42305","19268","207121","Processing","2020-04-16 09:34:45",NULL,NULL,NULL,"38"
"77092","53155","42527","21121","208145","Processing","2022-01-23 03:54:39",NULL,NULL,NULL,"38"
"77227","53245","42607","1955","208507","Processing","2020-02-03 05:22:03",NULL,NULL,NULL,"38"
"77430","53387","42724","13792","209024","Processing","2022-05-05 03:07:19",NULL,NULL,NULL,"38"
"77623","53521","42820","7332","209545","Processing","2022-05-18 03:43:04",NULL,NULL,NULL,"38"
"78049","53820","43051","22029","210707","Processing","2020-04-09 08:33:39",NULL,NULL,NULL,"38"
"78642","54216","43403","16247","212303","Processing","2021-01-01 10:22:58",NULL,NULL,NULL,"38"
"79071","54517","43622","18588","213492","Processing","2021-11-30 22:56:21",NULL,NULL,NULL,"38"
"79373","54737","43778","14842","214305","Processing","2021-11-04 11:25:05",NULL,NULL,NULL,"38"
"79550","54859","43869","16187","214797","Processing","2022-06-06 01:19:09",NULL,NULL,NULL,"38"
"81686","56356","45052","12705","220595","Processing","2022-05-13 01:40:00",NULL,NULL,NULL,"38"
"82127","56674","45324","11861","221770","Processing","2021-07-17 10:37:34",NULL,NULL,NULL,"38"
"82231","56749","45386","11323","222047","Processing","2022-05-05 06:20:38",NULL,NULL,NULL,"38"
"82381","56858","45468","16939","222464","Processing","2021-08-26 07:46:25",NULL,NULL,NULL,"38"
"83375","57572","46019","17823","225179","Processing","2022-01-09 22:10:46",NULL,NULL,NULL,"38"
"84624","58463","46764","16946","228564","Processing","2022-03-12 13:57:07",NULL,NULL,NULL,"38"
"87796","60674","48584","15627","237171","Processing","2021-02-27 23:38:43",NULL,NULL,NULL,"38"
"88114","60901","48744","28193","238031","Processing","2022-05-22 12:26:05",NULL,NULL,NULL,"38"
"88231","60973","48813","28358","238351","Processing","2020-04-26 03:53:31",NULL,NULL,NULL,"38"
"88411","61101","48927","12708","238851","Processing","2022-09-01 13:46:31",NULL,NULL,NULL,"38"
"89185","61646","49355","564","240930","Processing","2021-04-26 16:03:19",NULL,NULL,NULL,"38"
"91052","62923","50384","9735","245961","Processing","2022-04-11 14:19:13",NULL,NULL,NULL,"38"
"91304","63088","50505","5780","246648","Processing","2022-08-31 00:43:05",NULL,NULL,NULL,"38"
"91453","63190","50595","13812","247038","Processing","2020-09-12 03:55:38",NULL,NULL,NULL,"38"
"93616","64684","51750","14842","252840","Processing","2022-03-08 13:53:50",NULL,NULL,NULL,"38"
"93943","64905","51943","11958","253736","Processing","2022-08-26 05:01:46",NULL,NULL,NULL,"38"
"94309","65157","52123","19268","254739","Processing","2021-11-17 04:06:23",NULL,NULL,NULL,"38"
"94478","65272","52222","2622","255208","Processing","2022-04-24 00:26:28",NULL,NULL,NULL,"38"
"95276","65851","52676","2622","257356","Processing","2022-07-31 13:59:20",NULL,NULL,NULL,"38"
"95761","66189","52928","11946","258688","Processing","2022-01-24 23:45:26",NULL,NULL,NULL,"38"
"99467","68734","54954","16247","268679","Processing","2022-04-21 07:06:19",NULL,NULL,NULL,"38"
"99604","68834","55045","16819","269047","Processing","2021-01-14 04:04:37",NULL,NULL,NULL,"38"
"100618","69531","55613","23095","271731","Processing","2021-11-20 12:48:48",NULL,NULL,NULL,"38"
"100831","69684","55724","11324","272327","Processing","2022-08-30 02:17:03",NULL,NULL,NULL,"38"
"101200","69931","55919","13571","273307","Processing","2022-07-25 05:42:52",NULL,NULL,NULL,"38"
"101480","70119","56056","16939","274078","Processing","2022-08-31 05:24:48",NULL,NULL,NULL,"38"
"101500","70133","56067","10137","274139","Processing","2020-08-19 11:31:13",NULL,NULL,NULL,"38"
"103417","71462","57131","18969","279348","Processing","2020-01-08 23:30:18",NULL,NULL,NULL,"38"
"103961","71840","57447","16247","280826","Processing","2020-11-12 09:26:04",NULL,NULL,NULL,"38"
"105421","72840","58261","13504","284734","Processing","2020-12-22 13:42:54",NULL,NULL,NULL,"38"
"105909","73188","58545","11861","286082","Processing","2022-09-06 15:40:30.973673",NULL,NULL,NULL,"38"
"106485","73586","58842","19042","287623","Processing","2021-11-08 22:22:39",NULL,NULL,NULL,"38"
"107240","74092","59236","16946","289661","Processing","2021-10-22 12:23:39",NULL,NULL,NULL,"38"
"107437","74226","59346","11858","290190","Processing","2022-07-25 03:24:08",NULL,NULL,NULL,"38"
"108485","74947","59930","18735","293045","Processing","2022-09-02 15:05:42.466132",NULL,NULL,NULL,"38"
"110108","76058","60822","17131","297403","Processing","2021-03-24 14:27:53",NULL,NULL,NULL,"38"
"110223","76143","60886","2622","297700","Processing","2021-04-10 11:27:00",NULL,NULL,NULL,"38"
"111143","76790","61432","11792","300167","Processing","2021-07-16 09:00:57",NULL,NULL,NULL,"38"
"111291","76883","61511","26693","300567","Processing","2022-05-06 00:05:29",NULL,NULL,NULL,"38"
"112377","77621","62091","14828","303531","Processing","2020-08-24 12:54:45",NULL,NULL,NULL,"38"
"112804","77914","62318","27367","304681","Processing","2021-01-07 13:05:42",NULL,NULL,NULL,"38"
"115737","79925","63962","18171","312573","Processing","2021-08-23 10:23:00",NULL,NULL,NULL,"38"
"117671","81230","65062","9573","317750","Processing","2020-10-09 13:24:45",NULL,NULL,NULL,"38"
"119643","82593","66124","26092","323024","Processing","2020-08-09 15:25:19",NULL,NULL,NULL,"38"
"121747","84004","67252","23095","328731","Processing","2020-03-20 16:45:57",NULL,NULL,NULL,"38"
"122942","84814","67878","22768","331970","Processing","2022-02-11 05:18:39",NULL,NULL,NULL,"38"
"123412","85149","68147","18171","333205","Processing","2022-03-28 06:01:18",NULL,NULL,NULL,"38"
"124739","86062","68877","15627","336756","Processing","2022-09-04 08:36:58",NULL,NULL,NULL,"38"
"124883","86157","68942","28276","337159","Processing","2022-09-04 11:54:30.81602",NULL,NULL,NULL,"38"
"125075","86286","69043","22768","337684","Processing","2020-11-19 21:47:14",NULL,NULL,NULL,"38"
"125515","86587","69288","11206","338878","Processing","2021-05-01 05:34:55",NULL,NULL,NULL,"38"
"125860","86807","69461","11654","339787","Processing","2022-05-18 01:13:41",NULL,NULL,NULL,"38"
"126937","87551","70090","27652","342734","Processing","2022-08-13 15:48:02",NULL,NULL,NULL,"38"
"127381","87839","70326","20652","343899","Processing","2022-03-17 14:00:39",NULL,NULL,NULL,"38"
"127827","88155","70597","10451","345122","Processing","2022-02-22 12:10:02",NULL,NULL,NULL,"38"
"131936","91017","72907","701","356224","Processing","2022-06-28 10:16:33",NULL,NULL,NULL,"38"
"133676","92233","73873","17280","360957","Processing","2019-08-22 08:21:28",NULL,NULL,NULL,"38"
"134191","92590","74175","18851","362349","Processing","2022-07-04 14:43:31",NULL,NULL,NULL,"38"
"136768","94376","75634","26208","369309","Processing","2020-11-19 10:09:41",NULL,NULL,NULL,"38"
"137293","94732","75937","2242","370720","Processing","2022-03-24 06:21:28",NULL,NULL,NULL,"38"
"137594","94943","76104","12891","371514","Processing","2022-04-11 13:23:39",NULL,NULL,NULL,"38"
"141811","97820","78429","11958","382890","Processing","2020-02-29 06:29:09",NULL,NULL,NULL,"38"
"142786","98517","78986","18588","385525","Processing","2021-01-24 07:13:12",NULL,NULL,NULL,"38"
"143014","98680","79111","18588","386142","Processing","2021-08-13 05:20:32",NULL,NULL,NULL,"38"
"144186","99481","79763","26409","389306","Processing","2022-04-17 12:42:49",NULL,NULL,NULL,"38"
"144206","99496","79774","27558","389361","Processing","2019-09-13 04:43:15",NULL,NULL,NULL,"38"
"144368","99611","79866","11323","389802","Processing","2020-03-22 15:08:58",NULL,NULL,NULL,"38"
"145992","100737","80826","13903","394212","Processing","2022-05-14 17:01:09",NULL,NULL,NULL,"38"
"147544","101812","81663","11792","398379","Processing","2019-10-31 03:52:56",NULL,NULL,NULL,"38"
"149442","103136","82724","28193","403549","Processing","2022-04-26 16:34:11",NULL,NULL,NULL,"38"
"152272","105065","84311","17222","411236","Processing","2022-06-10 13:27:44",NULL,NULL,NULL,"38"
"154883","106871","85747","27421","418227","Processing","2022-07-07 23:45:15",NULL,NULL,NULL,"38"
"155741","107438","86199","15811","420521","Processing","2022-06-02 01:51:37",NULL,NULL,NULL,"38"
"156063","107657","86365","11324","421374","Processing","2021-12-06 02:04:38",NULL,NULL,NULL,"38"
"156226","107765","86452","9866","421821","Processing","2022-06-07 23:48:08",NULL,NULL,NULL,"38"
"158657","109435","87762","19268","428358","Processing","2021-09-09 06:19:20",NULL,NULL,NULL,"38"
"159833","110268","88423","27421","431557","Processing","2022-08-18 08:13:31",NULL,NULL,NULL,"38"
"162343","111970","89770","12705","438361","Processing","2022-05-24 03:56:56",NULL,NULL,NULL,"38"
"163704","112929","90549","9573","442048","Processing","2021-11-06 04:22:09",NULL,NULL,NULL,"38"
"165269","113973","91379","17811","446356","Processing","2022-02-09 15:05:53",NULL,NULL,NULL,"38"
"165772","114329","91651","27652","447720","Processing","2022-06-14 23:38:49",NULL,NULL,NULL,"38"
"166776","115016","92195","28276","450420","Processing","2022-06-19 01:11:46",NULL,NULL,NULL,"38"
"167052","115206","92338","7332","451168","Processing","2019-09-01 05:10:52",NULL,NULL,NULL,"38"
"167783","115707","92753","27054","453101","Processing","2022-03-12 10:59:03",NULL,NULL,NULL,"38"
"168116","115945","92955","28358","453998","Processing","2021-09-18 15:19:52",NULL,NULL,NULL,"38"
"169197","116693","93565","5727","456902","Processing","2022-05-16 14:32:38",NULL,NULL,NULL,"38"
"173570","119718","95989","14667","468734","Processing","2022-05-25 17:20:50",NULL,NULL,NULL,"38"
"174326","120229","96415","13571","470754","Processing","2022-04-17 14:57:52",NULL,NULL,NULL,"38"
"174385","120265","96437","11104","470910","Processing","2020-06-28 02:40:06",NULL,NULL,NULL,"38"
"176453","121691","97601","701","476553","Processing","2022-01-22 23:19:30",NULL,NULL,NULL,"38"
"178169","122886","98568","17811","481156","Processing","2022-08-01 23:05:41",NULL,NULL,NULL,"38"
"178825","123345","98934","9523","482917","Processing","2022-09-01 15:34:48",NULL,NULL,NULL,"38"
"178911","123402","98982","2854","483151","Processing","2022-05-09 02:56:38",NULL,NULL,NULL,"38"
"179214","123606","99156","22029","483977","Processing","2022-06-17 06:00:04",NULL,NULL,NULL,"38"
"179380","123720","99252","9523","484422","Processing","2022-07-31 01:56:23",NULL,NULL,NULL,"38"
"179656","123906","99383","28756","485161","Processing","2021-08-01 02:05:16",NULL,NULL,NULL,"38"
"240","175","141","18546","636","Shipped","2022-05-01 22:32:18","2022-05-05 00:04:00",NULL,NULL,"40"
"571","409","359","23398","1505","Shipped","2021-11-14 03:52:28","2021-11-15 01:19:00",NULL,NULL,"40"
"731","516","435","12106","1951","Shipped","2022-02-27 02:38:24","2022-02-28 04:54:00",NULL,NULL,"40"
"2074","1432","1155","11306","5616","Shipped","2021-07-16 13:01:04","2021-07-17 13:27:00",NULL,NULL,"40"
"2166","1484","1197","11101","5866","Shipped","2022-03-28 02:43:52","2022-03-26 09:32:00",NULL,NULL,"40"
"3433","2323","1866","28167","9282","Shipped","2021-12-08 17:29:32","2021-12-08 20:16:00",NULL,NULL,"40"
"4619","3165","2573","11098","12522","Shipped","2022-09-03 13:23:55.984219","2022-09-04 08:50:57.984219",NULL,NULL,"40"
"4865","3318","2700","20699","13183","Shipped","2022-01-15 07:05:46","2022-01-14 09:30:00",NULL,NULL,"40"
"5571","3798","3100","16042","15084","Shipped","2021-01-15 07:08:31","2021-01-13 20:48:00",NULL,NULL,"40"
"5950","4048","3283","2787","16100","Shipped","2021-12-30 10:00:54","2021-12-27 06:43:00",NULL,NULL,"40"
"6097","4160","3375","18492","16495","Shipped","2021-03-25 01:19:47","2021-03-26 03:23:00",NULL,NULL,"40"
"6216","4241","3441","17474","16812","Shipped","2022-03-21 15:36:12","2022-03-22 06:07:00",NULL,NULL,"40"
"7030","4791","3883","18563","19034","Shipped","2022-02-18 00:24:14","2022-02-18 02:18:00",NULL,NULL,"40"
"8411","5765","4660","2977","22823","Shipped","2022-03-20 15:03:48","2022-03-22 02:29:00",NULL,NULL,"40"
"8591","5887","4767","2787","23310","Shipped","2021-10-25 16:31:11","2021-10-28 05:16:00",NULL,NULL,"40"
"10237","7049","5741","10636","27766","Shipped","2022-04-21 05:05:46","2022-04-19 03:46:00",NULL,NULL,"40"
"10238","7049","5741","2977","27768","Shipped","2022-04-17 05:53:38","2022-04-19 03:46:00",NULL,NULL,"40"
"10546","7254","5908","5152","28593","Shipped","2020-09-16 09:17:13","2020-09-13 21:23:00",NULL,NULL,"40"
"11649","8018","6504","20565","31567","Shipped","2022-05-30 00:46:48","2022-06-01 11:31:00",NULL,NULL,"40"
"13036","8998","7257","23367","35315","Shipped","2022-07-16 22:37:16","2022-07-13 23:37:00",NULL,NULL,"40"
"13482","9293","7489","26961","36541","Shipped","2021-01-16 12:40:30","2021-01-19 02:51:00",NULL,NULL,"40"
"13938","9598","7749","2420","37769","Shipped","2022-06-08 09:37:52","2022-06-07 03:48:00",NULL,NULL,"40"
"14122","9717","7840","18466","38272","Shipped","2021-08-22 12:11:56","2021-08-24 03:37:00",NULL,NULL,"40"
"14391","9901","7978","18307","39001","Shipped","2022-06-21 17:36:12","2022-06-24 03:29:00",NULL,NULL,"40"
"14498","9978","8034","23744","39294","Shipped","2021-12-18 05:29:16","2021-12-19 23:39:00",NULL,NULL,"40"
"14775","10163","8175","2385","40025","Shipped","2022-09-04 12:12:15","2022-09-03 04:12:00",NULL,NULL,"40"
"14830","10204","8208","21046","40169","Shipped","2020-08-04 11:09:53","2020-08-03 00:45:00",NULL,NULL,"40"
"15567","10683","8588","2420","42167","Shipped","2022-07-22 10:21:28","2022-07-24 15:56:00",NULL,NULL,"40"
"15657","10736","8627","11797","42404","Shipped","2020-11-24 11:45:14","2020-11-26 08:21:00",NULL,NULL,"40"
"16390","11267","9055","26842","44366","Shipped","2019-05-24 12:12:04","2019-05-24 00:47:00",NULL,NULL,"40"
"16496","11345","9123","14006","44652","Shipped","2022-08-06 07:11:00","2022-08-04 11:16:00",NULL,NULL,"40"
"16573","11399","9170","18520","44852","Shipped","2022-08-16 22:32:49","2022-08-17 04:21:00",NULL,NULL,"40"
"16702","11494","9248","25941","45213","Shipped","2022-08-24 03:31:01","2022-08-25 13:30:00",NULL,NULL,"40"
"16840","11588","9330","28388","45614","Shipped","2022-07-14 11:37:19","2022-07-14 16:28:00",NULL,NULL,"40"
"17062","11740","9446","5242","46203","Shipped","2022-08-23 08:54:56","2022-08-21 01:16:00",NULL,NULL,"40"
"17136","11800","9487","27357","46397","Shipped","2022-06-05 23:02:46","2022-06-07 16:59:00",NULL,NULL,"40"
"17645","12139","9757","195","47797","Shipped","2022-07-27 21:14:13","2022-07-26 01:12:00",NULL,NULL,"40"
"19755","13588","10889","1446","53458","Shipped","2022-08-15 09:07:45","2022-08-13 14:53:00",NULL,NULL,"40"
"20632","14187","11362","13073","55854","Shipped","2021-06-11 05:20:50","2021-06-09 22:39:00",NULL,NULL,"40"
"21471","14769","11801","6646","58040","Shipped","2021-07-19 12:42:11","2021-07-16 08:37:00",NULL,NULL,"40"
"21651","14885","11890","27315","58524","Shipped","2019-11-23 03:23:43","2019-11-22 14:42:00",NULL,NULL,"40"
"22310","15343","12260","25417","60289","Shipped","2022-02-24 22:55:01","2022-02-23 03:40:00",NULL,NULL,"40"
"22451","15436","12335","11289","60671","Shipped","2022-02-12 02:32:35","2022-02-13 00:51:00",NULL,NULL,"40"
"23275","16011","12786","9187","62911","Shipped","2022-06-02 04:45:22","2022-05-30 13:35:00",NULL,NULL,"40"
"24999","17219","13759","1125","67574","Shipped","2021-05-01 09:43:24","2021-05-01 15:11:00",NULL,NULL,"40"
"25477","17554","14023","11335","68846","Shipped","2022-01-08 02:25:12","2022-01-08 23:48:00",NULL,NULL,"40"
"25988","17908","14311","23037","70226","Shipped","2021-02-14 11:58:19","2021-02-12 10:10:00",NULL,NULL,"40"
"26422","18211","14557","18492","71419","Shipped","2022-06-03 01:38:00","2022-06-03 09:57:00",NULL,NULL,"40"
"26677","18379","14683","26987","72115","Shipped","2021-09-26 05:57:54","2021-09-28 15:14:00",NULL,NULL,"40"
"27115","18680","14928","28382","73312","Shipped","2021-12-30 01:07:35","2021-12-31 22:12:00",NULL,NULL,"40"
"27745","19115","15284","20741","75002","Shipped","2022-07-27 10:35:25","2022-07-30 02:10:00",NULL,NULL,"40"
"28415","19573","15651","5511","76818","Shipped","2022-07-03 07:51:22","2022-07-04 07:48:00",NULL,NULL,"40"
"29176","20081","16045","19752","78876","Shipped","2022-08-29 08:39:38","2022-08-30 12:04:00",NULL,NULL,"40"
"29761","20502","16383","10629","80451","Shipped","2022-07-16 22:23:51","2022-07-16 21:45:00",NULL,NULL,"40"
"30140","20753","16598","28388","81482","Shipped","2022-02-14 13:58:27","2022-02-15 18:53:00",NULL,NULL,"40"
"30221","20815","16653","22887","81714","Shipped","2021-10-03 06:34:31","2021-10-03 10:36:00",NULL,NULL,"40"
"30582","21064","16863","3014","82697","Shipped","2021-12-13 01:58:36","2021-12-09 10:47:00",NULL,NULL,"40"
"31082","21382","17115","28686","84029","Shipped","2022-08-05 12:10:55","2022-08-06 03:21:00",NULL,NULL,"40"
"31453","21639","17302","27703","85012","Shipped","2022-07-08 02:34:45","2022-07-08 23:56:00",NULL,NULL,"40"
"31540","21700","17363","11409","85247","Shipped","2020-07-21 13:58:20","2020-07-23 23:57:00",NULL,NULL,"40"
"31920","21967","17571","18520","86249","Shipped","2022-09-09 15:48:14.99165","2022-09-06 10:09:42.99165",NULL,NULL,"40"
"33539","23085","18427","5217","90612","Shipped","2022-06-24 10:57:51","2022-06-20 12:04:00",NULL,NULL,"40"
"33760","23248","18558","20695","91204","Shipped","2021-10-21 16:21:09","2021-10-22 20:22:00",NULL,NULL,"40"
"34274","23595","18829","11289","92595","Shipped","2022-01-31 03:56:08","2022-01-31 18:40:00",NULL,NULL,"40"
"36711","25264","20191","10629","99106","Shipped","2022-08-21 02:30:00","2022-08-20 08:22:00",NULL,NULL,"40"
"38237","26326","21034","14136","103227","Shipped","2021-07-08 08:18:05","2021-07-08 11:06:00",NULL,NULL,"40"
"39543","27229","21758","5511","106748","Shipped","2022-04-11 09:49:32","2022-04-13 15:10:00",NULL,NULL,"40"
"40344","27763","22171","10670","108907","Shipped","2022-06-07 13:40:23","2022-06-06 11:31:00",NULL,NULL,"40"
"40380","27783","22188","11644","109007","Shipped","2019-10-24 08:13:31","2019-10-24 22:19:00",NULL,NULL,"40"
"41489","28535","22761","2989","111995","Shipped","2022-06-26 02:14:56","2022-06-26 20:04:00",NULL,NULL,"40"
"42903","29520","23539","15793","115860","Shipped","2021-07-10 06:20:00","2021-07-08 03:48:00",NULL,NULL,"40"
"43948","30233","24108","9779","118699","Shipped","2022-03-27 00:14:33","2022-03-29 06:59:00",NULL,NULL,"40"
"44526","30649","24466","14295","120255","Shipped","2021-10-25 13:21:38","2021-10-25 21:49:00",NULL,NULL,"40"
"45067","31030","24775","23744","121710","Shipped","2022-07-01 11:09:52","2022-07-04 02:56:00",NULL,NULL,"40"
"45265","31169","24879","2933","122242","Shipped","2020-12-29 14:35:21","2020-12-31 02:23:00",NULL,NULL,"40"
"45730","31484","25124","2385","123479","Shipped","2019-10-16 12:24:15","2019-10-17 02:58:00",NULL,NULL,"40"
"46570","32068","25603","27627","125746","Shipped","2021-04-22 11:46:17","2021-04-24 15:32:00",NULL,NULL,"40"
"46611","32096","25625","22887","125851","Shipped","2021-12-20 10:24:25","2021-12-16 16:20:00",NULL,NULL,"40"
"47364","32634","26057","23240","127847","Shipped","2022-03-22 04:35:32","2022-03-22 12:43:00",NULL,NULL,"40"
"47687","32859","26239","20565","128711","Shipped","2021-02-15 15:55:00","2021-02-16 17:03:00",NULL,NULL,"40"
"47957","33041","26395","1487","129445","Shipped","2020-07-10 12:50:15","2020-07-12 14:39:00",NULL,NULL,"40"
"49400","34019","27162","27315","133334","Shipped","2022-03-25 11:05:24","2022-03-27 11:01:00",NULL,NULL,"40"
"50078","34483","27536","20741","135190","Shipped","2021-02-14 22:44:17","2021-02-13 07:08:00",NULL,NULL,"40"
"50496","34786","27770","11856","136304","Shipped","2021-11-27 17:18:30","2021-11-29 23:52:00",NULL,NULL,"40"
"50597","34860","27816","11797","136569","Shipped","2019-10-28 13:20:01","2019-10-30 06:22:00",NULL,NULL,"40"
"50971","35140","28046","26535","137587","Shipped","2022-03-21 11:27:51","2022-03-20 13:17:00",NULL,NULL,"40"
"51060","35198","28097","18307","137830","Shipped","2021-07-27 13:45:53","2021-07-28 06:30:00",NULL,NULL,"40"
"51312","35364","28237","3601","138493","Shipped","2019-11-06 15:23:38","2019-11-09 04:58:00",NULL,NULL,"40"
"51960","35809","28605","23092","140261","Shipped","2022-05-30 01:03:55","2022-05-31 17:19:00",NULL,NULL,"40"
"52204","35975","28739","18351","140883","Shipped","2022-07-12 14:39:47","2022-07-13 01:07:00",NULL,NULL,"40"
"52317","36055","28794","27368","141176","Shipped","2022-05-02 23:33:37","2022-05-05 01:47:00",NULL,NULL,"40"
"52329","36063","28800","23744","141207","Shipped","2021-10-03 12:13:59","2021-10-03 22:25:00",NULL,NULL,"40"
"52676","36304","28995","11205","142143","Shipped","2022-07-03 07:38:27","2022-07-01 17:02:00",NULL,NULL,"40"
"55819","38471","30748","23078","150635","Shipped","2022-04-22 12:38:59","2022-04-25 05:17:00",NULL,NULL,"40"
"56842","39175","31319","27315","153425","Shipped","2022-07-21 11:42:15","2022-07-20 04:25:00",NULL,NULL,"40"
"57146","39387","31490","11800","154239","Shipped","2022-02-27 01:44:17","2022-02-27 17:13:00",NULL,NULL,"40"
"57709","39773","31785","14136","155741","Shipped","2020-07-09 09:52:19","2020-07-12 11:53:00",NULL,NULL,"40"
"57725","39783","31798","28388","155781","Shipped","2022-02-12 23:29:29","2022-02-13 06:00:00",NULL,NULL,"40"
"58663","40432","32298","10425","158327","Shipped","2022-08-21 16:43:29","2022-08-22 16:21:00",NULL,NULL,"40"
"59931","41292","32983","21151","161791","Shipped","2022-04-28 07:00:12","2022-04-30 19:29:00",NULL,NULL,"40"
"59964","41311","33000","16023","161881","Shipped","2022-02-16 03:16:18","2022-02-14 20:46:00",NULL,NULL,"40"
"60068","41377","33051","11289","162178","Shipped","2022-05-03 10:56:15","2022-05-04 19:16:00",NULL,NULL,"40"
"61074","42055","33611","2933","164883","Shipped","2022-08-20 11:02:06","2022-08-17 20:36:00",NULL,NULL,"40"
"62220","42853","34259","21119","167954","Shipped","2022-03-05 11:12:15","2022-03-07 17:00:00",NULL,NULL,"40"
"64545","44429","35536","11409","174272","Shipped","2022-06-25 21:31:36","2022-06-27 03:40:00",NULL,NULL,"40"
"66528","45772","36601","2420","179634","Shipped","2022-07-12 06:42:32","2022-07-09 12:34:00",NULL,NULL,"40"
"66730","45911","36713","26479","180173","Shipped","2022-08-06 05:12:46","2022-08-07 10:58:00",NULL,NULL,"40"
"67187","46224","36964","5152","181431","Shipped","2021-12-04 00:45:13","2021-12-06 02:38:00",NULL,NULL,"40"
"67206","46239","36978","2977","181481","Shipped","2022-08-31 22:19:05.170108","2022-09-01 14:00:18.170108",NULL,NULL,"40"
"68643","47242","37783","26479","185304","Shipped","2022-02-11 09:26:05","2022-02-11 17:25:00",NULL,NULL,"40"
"68727","47302","37831","12456","185538","Shipped","2020-02-01 23:48:37","2020-02-02 09:49:00",NULL,NULL,"40"
"68763","47329","37856","20596","185632","Shipped","2020-05-31 00:04:31","2020-06-01 16:09:00",NULL,NULL,"40"
"68851","47389","37898","17474","185875","Shipped","2022-04-27 14:13:40","2022-04-29 15:51:00",NULL,NULL,"40"
"69420","47802","38221","18563","187377","Shipped","2022-05-28 08:32:51","2022-05-26 16:31:00",NULL,NULL,"40"
"69853","48088","38450","27315","188566","Shipped","2022-06-15 22:19:12","2022-06-18 14:26:00",NULL,NULL,"40"
"70411","48490","38780","26354","190097","Shipped","2022-08-31 07:44:32","2022-09-02 07:52:00",NULL,NULL,"40"
"71324","49111","39300","22887","192568","Shipped","2022-09-05 01:08:16.621144","2022-09-08 01:04:19.621144",NULL,NULL,"40"
"71875","49508","39632","26222","194038","Shipped","2022-07-06 03:16:33","2022-07-08 20:31:00",NULL,NULL,"40"
"72143","49688","39774","11373","194761","Shipped","2021-12-13 06:59:57","2021-12-13 23:36:00",NULL,NULL,"40"
"73462","50601","40492","20695","198358","Shipped","2021-08-08 14:13:40","2021-08-10 09:21:00",NULL,NULL,"40"
"73470","50605","40495","9779","198380","Shipped","2022-05-08 22:05:14","2022-05-07 05:37:00",NULL,NULL,"40"
"74072","51023","40829","11335","199999","Shipped","2022-07-24 13:09:34","2022-07-24 13:52:00",NULL,NULL,"40"
"74744","51505","41226","23557","201803","Shipped","2020-10-25 10:41:07","2020-10-24 04:11:00",NULL,NULL,"40"
"74882","51598","41290","19752","202175","Shipped","2022-07-08 13:36:21","2022-07-08 21:48:00",NULL,NULL,"40"
"75497","52022","41627","16042","203830","Shipped","2020-06-06 17:46:13","2020-06-09 03:41:00",NULL,NULL,"40"
"75914","52317","41882","6843","204992","Shipped","2020-04-21 10:14:11","2020-04-22 21:53:00",NULL,NULL,"40"
"76137","52471","41996","14136","205595","Shipped","2021-04-02 06:14:51","2021-04-02 17:11:00",NULL,NULL,"40"
"76919","53040","42438","11800","207715","Shipped","2020-11-18 04:44:09","2020-11-18 07:21:00",NULL,NULL,"40"
"77122","53175","42545","195","208228","Shipped","2022-05-23 08:34:08","2022-05-24 23:57:00",NULL,NULL,"40"
"77339","53330","42668","6902","208788","Shipped","2021-10-19 22:14:56","2021-10-21 18:15:00",NULL,NULL,"40"
"77367","53346","42679","2458","208857","Shipped","2021-10-18 00:42:57","2021-10-16 17:14:00",NULL,NULL,"40"
"77869","53687","42950","26250","210224","Shipped","2022-02-17 15:06:07","2022-02-17 06:41:00",NULL,NULL,"40"
"78588","54180","43377","5540","212153","Shipped","2022-04-07 02:54:16","2022-04-09 08:42:00",NULL,NULL,"40"
"79176","54589","43673","23240","213776","Shipped","2022-08-10 12:14:30","2022-08-08 13:07:00",NULL,NULL,"40"
"80525","55540","44400","11813","217449","Shipped","2021-11-23 00:53:02","2021-11-25 01:50:00",NULL,NULL,"40"
"80893","55784","44594","27357","218471","Shipped","2021-02-24 16:27:30","2021-02-26 11:06:00",NULL,NULL,"40"
"81181","56000","44769","23367","219235","Shipped","2021-04-25 00:40:45","2021-04-22 07:37:00",NULL,NULL,"40"
"82253","56764","45394","21046","222110","Shipped","2020-12-26 11:28:36","2020-12-27 00:08:00",NULL,NULL,"40"
"82597","57011","45578","2977","223062","Shipped","2021-09-23 23:18:01","2021-09-24 17:56:00",NULL,NULL,"40"
"82994","57298","45804","18520","224144","Shipped","2022-01-22 08:20:48","2022-01-25 09:27:00",NULL,NULL,"40"
"83050","57345","45841","24676","224288","Shipped","2021-11-18 06:44:05","2021-11-20 09:01:00",NULL,NULL,"40"
"83506","57665","46101","4756","225522","Shipped","2021-10-05 11:37:55","2021-10-04 01:27:00",NULL,NULL,"40"
"85492","59076","47235","23390","230922","Shipped","2022-08-08 22:03:47","2022-08-10 06:30:00",NULL,NULL,"40"
"85531","59103","47250","5511","231031","Shipped","2022-01-26 00:25:49","2022-01-26 05:36:00",NULL,NULL,"40"
"86369","59679","47749","6897","233308","Shipped","2022-08-10 03:32:56","2022-08-10 18:29:00",NULL,NULL,"40"
"88982","61498","49237","28686","240400","Shipped","2022-08-13 14:31:38","2022-08-13 03:06:00",NULL,NULL,"40"
"89141","61614","49323","11199","240815","Shipped","2022-08-25 07:33:32","2022-08-25 16:59:00",NULL,NULL,"40"
"89187","61648","49359","23398","240935","Shipped","2022-05-07 04:59:12","2022-05-09 00:32:00",NULL,NULL,"40"
"89362","61764","49451","2989","241400","Shipped","2022-03-12 22:57:04","2022-03-13 23:03:00",NULL,NULL,"40"
"89436","61812","49487","10670","241590","Shipped","2022-07-12 02:47:37","2022-07-11 06:02:00",NULL,NULL,"40"
"89801","62075","49694","4324","242588","Shipped","2022-07-14 12:20:17","2022-07-12 10:29:00",NULL,NULL,"40"
"90824","62763","50242","10425","245354","Shipped","2021-10-30 23:09:23","2021-10-29 05:34:00",NULL,NULL,"40"
"91454","63191","50596","13073","247042","Shipped","2021-12-11 06:51:52","2021-12-10 04:19:00",NULL,NULL,"40"
"92125","63653","50959","6843","248829","Shipped","2022-07-20 01:56:09","2022-07-19 16:16:00",NULL,NULL,"40"
"92629","64002","51235","5217","250191","Shipped","2022-06-08 05:45:42","2022-06-09 21:46:00",NULL,NULL,"40"
"93679","64727","51795","11306","253014","Shipped","2021-07-24 11:58:36","2021-07-21 07:42:00",NULL,NULL,"40"
"94873","65551","52435","17474","256274","Shipped","2022-07-05 15:21:03","2022-07-08 04:53:00",NULL,NULL,"40"
"95436","65966","52769","23390","257801","Shipped","2022-08-20 03:38:41","2022-08-19 00:02:00",NULL,NULL,"40"
"95466","65987","52783","27794","257883","Shipped","2021-01-22 08:36:13","2021-01-25 05:50:00",NULL,NULL,"40"
"95592","66074","52847","27368","258223","Shipped","2021-07-17 22:09:45","2021-07-18 08:34:00",NULL,NULL,"40"
"95728","66166","52912","11800","258595","Shipped","2022-02-15 14:49:58","2022-02-17 00:13:00",NULL,NULL,"40"
"95933","66303","53016","12105","259147","Shipped","2022-05-01 02:20:15","2022-05-01 08:49:00",NULL,NULL,"40"
"95991","66346","53050","17474","259302","Shipped","2021-11-08 14:26:11","2021-11-08 22:36:00",NULL,NULL,"40"
"67265","46282","37008","21820","181643","Cancelled","2022-05-30 15:43:02",NULL,NULL,NULL,"52"
"68367","47050","37641","6457","184580","Cancelled","2021-08-27 08:43:48",NULL,NULL,NULL,"52"
"69475","47842","38253","27952","187529","Cancelled","2020-09-08 01:41:20",NULL,NULL,NULL,"52"
"69919","48134","38490","27554","188751","Cancelled","2022-09-06 06:19:41.361569",NULL,NULL,NULL,"52"
"71353","49131","39318","10545","192647","Cancelled","2022-04-14 04:11:47",NULL,NULL,NULL,"52"
"72526","49953","39977","17782","195839","Cancelled","2021-08-21 16:20:55",NULL,NULL,NULL,"52"
"72784","50133","40123","25775","196532","Cancelled","2020-05-22 07:22:03",NULL,NULL,NULL,"52"
"74521","51350","41080","27853","201207","Cancelled","2021-11-29 11:43:54",NULL,NULL,NULL,"52"
"74755","51509","41230","20611","201829","Cancelled","2022-06-02 00:16:16",NULL,NULL,NULL,"52"
"87211","60260","48234","23489","235599","Cancelled","2022-05-27 04:09:09",NULL,NULL,NULL,"52"
"90444","62517","50050","17801","244327","Cancelled","2021-10-10 03:53:32",NULL,NULL,NULL,"52"
"91969","63546","50873","20611","248414","Cancelled","2020-09-30 15:35:50",NULL,NULL,NULL,"52"
"94015","64950","51975","22867","253930","Cancelled","2022-07-03 14:03:49",NULL,NULL,NULL,"52"
"95350","65903","52715","19191","257561","Cancelled","2022-05-14 04:44:38",NULL,NULL,NULL,"52"
"95435","65965","52769","27554","257798","Cancelled","2022-08-06 00:00:38",NULL,NULL,NULL,"52"
"95629","66102","52864","14555","258324","Cancelled","2022-02-20 04:49:34",NULL,NULL,NULL,"52"
"96571","66734","53345","22919","260843","Cancelled","2021-09-27 06:14:33",NULL,NULL,NULL,"52"
"98306","67932","54287","2194","265566","Cancelled","2021-12-09 09:13:25",NULL,NULL,NULL,"52"
"100662","69561","55631","28147","271854","Cancelled","2022-02-21 09:45:36",NULL,NULL,NULL,"52"
"101085","69858","55863","1788","272999","Cancelled","2022-08-19 11:26:19",NULL,NULL,NULL,"52"
"101462","70108","56046","17498","274024","Cancelled","2022-09-03 02:31:41",NULL,NULL,NULL,"52"
"103099","71237","56946","10545","278477","Cancelled","2021-12-01 14:45:52",NULL,NULL,NULL,"52"
"105574","72945","58347","17303","285154","Cancelled","2021-09-28 14:42:31",NULL,NULL,NULL,"52"
"105734","73061","58432","7325","285604","Cancelled","2020-07-28 00:00:08",NULL,NULL,NULL,"52"
"110183","76114","60866","11118","297589","Cancelled","2021-08-01 02:46:27",NULL,NULL,NULL,"52"
"111188","76818","61456","23544","300287","Cancelled","2022-04-13 01:38:24",NULL,NULL,NULL,"52"
"112131","77452","61962","1962","302862","Cancelled","2022-05-01 01:06:27",NULL,NULL,NULL,"52"
"114165","78854","63077","11786","308341","Cancelled","2022-08-01 15:21:40",NULL,NULL,NULL,"52"
"118121","81538","65299","9982","318957","Cancelled","2022-03-16 07:49:23",NULL,NULL,NULL,"52"
"119074","82197","65814","27670","321500","Cancelled","2022-07-15 17:47:52",NULL,NULL,NULL,"52"
"121552","83881","67151","17801","328197","Cancelled","2021-07-12 00:36:49",NULL,NULL,NULL,"52"
"124659","86004","68834","15011","336534","Cancelled","2021-11-03 11:34:37",NULL,NULL,NULL,"52"
"125730","86727","69392","585","339437","Cancelled","2020-03-20 12:49:29",NULL,NULL,NULL,"52"
"126293","87115","69716","27692","340988","Cancelled","2022-08-09 16:31:29",NULL,NULL,NULL,"52"
"126311","87131","69729","2193","341037","Cancelled","2022-06-12 02:43:35",NULL,NULL,NULL,"52"
"127807","88140","70584","28158","345068","Cancelled","2021-07-25 12:08:11",NULL,NULL,NULL,"52"
"127963","88253","70674","13483","345499","Cancelled","2022-03-28 11:21:53",NULL,NULL,NULL,"52"
"135135","93234","74695","11794","364922","Cancelled","2022-06-06 22:58:36",NULL,NULL,NULL,"52"
"136422","94147","75468","2710","368373","Cancelled","2022-07-09 11:40:10",NULL,NULL,NULL,"52"
"136723","94345","75615","3031","369193","Cancelled","2022-09-03 12:51:38.850987",NULL,NULL,NULL,"52"
"139117","95993","76972","1962","375669","Cancelled","2022-04-14 01:43:56",NULL,NULL,NULL,"52"
"140302","96784","77614","1260","378843","Cancelled","2022-08-27 04:58:17",NULL,NULL,NULL,"52"
"145802","100608","80706","16525","393703","Cancelled","2022-08-31 02:34:04",NULL,NULL,NULL,"52"
"152640","105322","84495","12250","412218","Cancelled","2022-08-23 16:48:14",NULL,NULL,NULL,"52"
"157945","108947","87379","2194","426449","Cancelled","2021-02-15 05:01:48",NULL,NULL,NULL,"52"
"158984","109667","87950","22846","429249","Cancelled","2022-02-28 11:40:24",NULL,NULL,NULL,"52"
"162564","112123","89882","27469","438959","Cancelled","2020-07-20 07:10:34",NULL,NULL,NULL,"52"
"164285","113320","90861","22837","443652","Cancelled","2022-01-11 01:50:40",NULL,NULL,NULL,"52"
"167167","115279","92399","17647","451477","Cancelled","2021-12-11 10:00:21",NULL,NULL,NULL,"52"
"168163","115973","92973","13483","454128","Cancelled","2021-12-13 07:20:42",NULL,NULL,NULL,"52"
"169008","116566","93448","14555","456402","Cancelled","2022-08-07 09:02:59",NULL,NULL,NULL,"52"
"172830","119195","95548","10819","466791","Cancelled","2022-07-26 17:43:41",NULL,NULL,NULL,"52"
"173147","119413","95729","11159","467649","Cancelled","2022-02-27 22:03:24",NULL,NULL,NULL,"52"
"175706","121180","97173","12965","474525","Cancelled","2021-09-11 15:56:26",NULL,NULL,NULL,"52"
"177146","122164","97957","11794","478436","Cancelled","2022-06-09 14:29:09",NULL,NULL,NULL,"52"
"178124","122855","98541","9942","481035","Cancelled","2020-08-09 03:56:26",NULL,NULL,NULL,"52"
"180228","124286","99685","11159","486705","Cancelled","2021-05-02 05:55:23",NULL,NULL,NULL,"52"
"1980","1374","1107","11105","5366","Processing","2021-04-30 14:23:33",NULL,NULL,NULL,"52"
"3151","2137","1713","17303","8523","Processing","2021-01-06 06:36:03",NULL,NULL,NULL,"52"
"3596","2434","1971","27833","9721","Processing","2022-07-18 21:58:17",NULL,NULL,NULL,"52"
"7045","4800","3890","22867","19076","Processing","2020-12-23 01:52:32",NULL,NULL,NULL,"52"
"8322","5702","4606","13002","22558","Processing","2020-12-05 03:17:22",NULL,NULL,NULL,"52"
"10627","7310","5953","17885","28802","Processing","2021-06-29 06:10:36",NULL,NULL,NULL,"52"
"10685","7350","5980","17374","28957","Processing","2021-05-06 05:43:09",NULL,NULL,NULL,"52"
"12856","8874","7159","27620","34833","Processing","2021-06-18 00:35:20",NULL,NULL,NULL,"52"
"14459","9946","8013","20611","39194","Processing","2021-10-26 12:26:07",NULL,NULL,NULL,"52"
"14865","10223","8224","23011","40261","Processing","2022-06-03 08:45:32",NULL,NULL,NULL,"52"
"17009","11700","9423","17259","46066","Processing","2021-05-03 02:05:08",NULL,NULL,NULL,"52"
"20224","13906","11148","27853","54728","Processing","2022-07-10 15:50:16",NULL,NULL,NULL,"52"
"20826","14321","11457","12965","56370","Processing","2022-08-21 01:07:43",NULL,NULL,NULL,"52"
"22201","15263","12191","16525","59997","Processing","2020-11-03 09:23:04",NULL,NULL,NULL,"52"
"24029","16529","13214","28125","64957","Processing","2021-11-13 16:52:07",NULL,NULL,NULL,"52"
"25606","17640","14090","23111","69192","Processing","2022-05-26 23:18:34",NULL,NULL,NULL,"52"
"26005","17921","14323","15026","70271","Processing","2021-12-13 03:20:28",NULL,NULL,NULL,"52"
"26576","18313","14632","14778","71826","Processing","2020-08-05 13:50:13",NULL,NULL,NULL,"52"
"28795","19822","15839","15026","77839","Processing","2021-01-31 20:11:38",NULL,NULL,NULL,"52"
"29346","20206","16156","2030","79331","Processing","2021-07-16 13:35:10",NULL,NULL,NULL,"52"
"29932","20620","16492","27692","80916","Processing","2022-04-23 01:36:42",NULL,NULL,NULL,"52"
"32244","22184","17742","15751","87115","Processing","2022-08-23 11:28:09",NULL,NULL,NULL,"52"
"33469","23041","18391","11794","90423","Processing","2021-10-03 14:52:13",NULL,NULL,NULL,"52"
"33807","23285","18588","2203","91329","Processing","2022-01-03 07:09:22",NULL,NULL,NULL,"52"
"35589","24492","19573","6319","96113","Processing","2021-09-13 01:41:39",NULL,NULL,NULL,"52"
"35801","24637","19702","23198","96673","Processing","2022-04-13 03:32:58",NULL,NULL,NULL,"52"
"36537","25149","20103","17259","98642","Processing","2020-05-11 15:15:59",NULL,NULL,NULL,"52"
"40609","27936","22296","15011","109641","Processing","2022-01-18 07:45:04",NULL,NULL,NULL,"52"
"40648","27960","22311","23111","109752","Processing","2020-09-27 02:47:41",NULL,NULL,NULL,"52"
"41777","28739","22926","15026","112777","Processing","2019-07-11 10:48:00",NULL,NULL,NULL,"52"
"43173","29697","23686","22837","116587","Processing","2021-06-15 08:09:17",NULL,NULL,NULL,"52"
"45627","31416","25073","17118","123205","Processing","2021-11-25 09:35:15",NULL,NULL,NULL,"52"
"47066","32423","25901","22837","127037","Processing","2022-03-18 15:14:24",NULL,NULL,NULL,"52"
"50362","34691","27695","7324","135947","Processing","2022-05-19 11:37:36",NULL,NULL,NULL,"52"
"52735","36352","29043","12816","142302","Processing","2020-03-24 03:18:33",NULL,NULL,NULL,"52"
"52918","36477","29152","28001","142787","Processing","2022-08-25 22:48:22",NULL,NULL,NULL,"52"
"53366","36785","29398","14908","144007","Processing","2022-04-24 09:27:58",NULL,NULL,NULL,"52"
"53674","36983","29544","14908","144844","Processing","2019-05-19 22:51:18",NULL,NULL,NULL,"52"
"53871","37123","29659","11105","145394","Processing","2021-04-20 13:02:32",NULL,NULL,NULL,"52"
"54752","37747","30160","23081","147758","Processing","2020-09-02 23:51:01",NULL,NULL,NULL,"52"
"56249","38773","31002","12250","151802","Processing","2020-01-24 12:26:21",NULL,NULL,NULL,"52"
"57973","39951","31928","11734","156452","Processing","2022-02-21 07:06:38",NULL,NULL,NULL,"52"
"59021","40676","32491","17374","159286","Processing","2022-03-11 05:50:56",NULL,NULL,NULL,"52"
"59275","40848","32623","1922","159981","Processing","2022-04-23 00:00:52",NULL,NULL,NULL,"52"
"59311","40870","32639","27469","160084","Processing","2022-08-25 07:25:38",NULL,NULL,NULL,"52"
"62645","43140","34496","12965","169116","Processing","2022-06-04 15:34:43",NULL,NULL,NULL,"52"
"63527","43742","34977","17885","171508","Processing","2022-06-13 15:59:55",NULL,NULL,NULL,"52"
"68882","47412","37915","21820","185957","Processing","2022-07-22 00:17:33",NULL,NULL,NULL,"52"
"70538","48582","38858","17226","190427","Processing","2022-09-07 07:36:18",NULL,NULL,NULL,"52"
"70566","48600","38877","22782","190500","Processing","2021-04-11 06:40:31",NULL,NULL,NULL,"52"
"71051","48913","39130","12250","191814","Processing","2022-09-05 07:48:35.097444",NULL,NULL,NULL,"52"
"72115","49668","39757","23544","194688","Processing","2022-08-21 04:07:20",NULL,NULL,NULL,"52"
"72684","50064","40071","17647","196272","Processing","2022-06-20 14:25:19",NULL,NULL,NULL,"52"
"72990","50281","40251","5098","197087","Processing","2022-05-24 13:29:19",NULL,NULL,NULL,"52"
"75480","52008","41612","2195","203783","Processing","2022-05-26 02:24:48",NULL,NULL,NULL,"52"
"80074","55221","44168","9942","216205","Processing","2021-01-11 12:21:30",NULL,NULL,NULL,"52"
"80475","55503","44374","11105","217311","Processing","2022-08-23 21:25:13",NULL,NULL,NULL,"52"
"83579","57720","46141","19129","225724","Processing","2021-10-21 13:11:11",NULL,NULL,NULL,"52"
"85286","58937","47119","17259","230376","Processing","2022-08-05 01:29:05",NULL,NULL,NULL,"52"
"87166","60231","48204","27670","235481","Processing","2021-05-18 22:23:26",NULL,NULL,NULL,"52"
"88182","60946","48789","10200","238221","Processing","2022-08-04 03:22:49",NULL,NULL,NULL,"52"
"88228","60973","48813","22817","238344","Processing","2020-04-30 03:44:39",NULL,NULL,NULL,"52"
"88320","61033","48863","27670","238595","Processing","2021-09-24 18:29:39",NULL,NULL,NULL,"52"
"88881","61434","49188","28125","240131","Processing","2021-08-03 10:41:37",NULL,NULL,NULL,"52"
"89037","61540","49267","5114","240541","Processing","2021-07-18 02:44:34",NULL,NULL,NULL,"52"
"89370","61768","49455","10819","241422","Processing","2022-08-27 18:13:55",NULL,NULL,NULL,"52"
"89628","61960","49598","27670","242112","Processing","2022-05-02 16:29:43",NULL,NULL,NULL,"52"
"91639","63318","50699","585","247537","Processing","2019-12-24 22:34:20",NULL,NULL,NULL,"52"
"92438","63867","51125","6457","249676","Processing","2022-05-17 06:15:48",NULL,NULL,NULL,"52"
"93189","64398","51522","17863","251687","Processing","2020-04-24 14:51:12",NULL,NULL,NULL,"52"
"96897","66952","53509","2195","261723","Processing","2021-04-22 10:06:07",NULL,NULL,NULL,"52"
"97324","67266","53745","28125","262891","Processing","2022-06-20 09:44:45",NULL,NULL,NULL,"52"
"100239","69279","55399","1788","270724","Processing","2021-01-12 08:09:35",NULL,NULL,NULL,"52"
"102940","71126","56852","9942","278043","Processing","2021-12-04 12:32:18",NULL,NULL,NULL,"52"
"103270","71358","57037","27833","278948","Processing","2022-09-02 05:56:39.553762",NULL,NULL,NULL,"52"
"105495","72890","58305","22837","284942","Processing","2020-10-31 07:23:56",NULL,NULL,NULL,"52"
"106375","73510","58784","16525","287329","Processing","2021-12-02 11:37:32",NULL,NULL,NULL,"52"
"106633","73682","58927","2030","288022","Processing","2022-08-22 02:13:56",NULL,NULL,NULL,"52"
"107340","74157","59288","23489","289931","Processing","2022-07-17 12:10:55",NULL,NULL,NULL,"52"
"107506","74281","59385","15011","290377","Processing","2022-05-18 23:50:31",NULL,NULL,NULL,"52"
"109094","75362","60251","27692","294688","Processing","2022-01-16 08:12:05",NULL,NULL,NULL,"52"
"109344","75535","60383","939","295355","Processing","2021-12-30 12:10:26",NULL,NULL,NULL,"52"
"109550","75679","60491","17498","295911","Processing","2020-10-25 04:59:03",NULL,NULL,NULL,"52"
"110047","76012","60781","1260","297238","Processing","2020-09-27 18:22:35",NULL,NULL,NULL,"52"
"110905","76617","61284","22919","299521","Processing","2022-01-27 15:25:57",NULL,NULL,NULL,"52"
"111157","76800","61439","21726","300205","Processing","2022-09-03 16:42:40.173761",NULL,NULL,NULL,"52"
"111386","76945","61568","27853","300826","Processing","2022-07-22 06:09:43",NULL,NULL,NULL,"52"
"112389","77628","62096","21726","303563","Processing","2022-09-01 22:34:40",NULL,NULL,NULL,"52"
"112448","77669","62130","17374","303718","Processing","2019-12-17 09:41:57",NULL,NULL,NULL,"52"
"112540","77732","62177","22837","303962","Processing","2020-04-20 11:15:40",NULL,NULL,NULL,"52"
"113514","78416","62709","23489","306587","Processing","2022-08-06 06:11:12",NULL,NULL,NULL,"52"
"113614","78488","62768","1294","306853","Processing","2021-11-12 13:37:00",NULL,NULL,NULL,"52"
"114049","78778","63010","939","308021","Processing","2021-04-25 03:15:45",NULL,NULL,NULL,"52"
"115562","79809","63856","13361","312101","Processing","2020-06-10 16:49:56",NULL,NULL,NULL,"52"
"115717","79914","63954","22846","312515","Processing","2022-06-08 05:16:24",NULL,NULL,NULL,"52"
"116941","80738","64640","12547","315804","Processing","2022-06-04 07:10:54",NULL,NULL,NULL,"52"
"124081","85600","68503","14908","334978","Processing","2020-04-30 02:57:49",NULL,NULL,NULL,"52"
"124985","86226","68993","17498","337435","Processing","2019-11-17 03:08:21",NULL,NULL,NULL,"52"
"125629","86661","69340","19188","339172","Processing","2022-07-23 21:41:30",NULL,NULL,NULL,"52"
"126068","86952","69594","12547","340393","Processing","2022-09-01 00:49:50",NULL,NULL,NULL,"52"
"126634","87340","69907","27952","341918","Processing","2022-08-28 13:11:22",NULL,NULL,NULL,"52"
"126945","87555","70094","13002","342758","Processing","2022-02-15 16:22:24",NULL,NULL,NULL,"52"
"127400","87851","70335","13483","343950","Processing","2022-05-11 02:07:51",NULL,NULL,NULL,"52"
"130287","89857","71976","5098","351767","Processing","2022-08-01 03:31:34",NULL,NULL,NULL,"52"
"131059","90405","72412","13002","353855","Processing","2021-04-29 13:29:04",NULL,NULL,NULL,"52"
"131960","91034","72921","16525","356289","Processing","2022-01-26 10:43:05",NULL,NULL,NULL,"52"
"132366","91311","73118","21726","357416","Processing","2022-09-06 11:05:37",NULL,NULL,NULL,"52"
"135160","93249","74704","9919","364990","Processing","2019-08-24 20:43:40",NULL,NULL,NULL,"52"
"135398","93427","74849","3117","365630","Processing","2019-09-16 11:44:37",NULL,NULL,NULL,"52"
"135766","93691","75070","10819","366624","Processing","2022-05-30 13:16:58",NULL,NULL,NULL,"52"
"136540","94225","75521","529","368685","Processing","2022-06-24 02:16:56",NULL,NULL,NULL,"52"
"138578","95628","76669","27952","374208","Processing","2022-06-30 02:34:00",NULL,NULL,NULL,"52"
"140830","97142","77909","1945","380246","Processing","2020-12-29 01:26:36",NULL,NULL,NULL,"52"
"145818","100621","80724","22919","393747","Processing","2020-09-07 08:46:15",NULL,NULL,NULL,"52"
"147612","101865","81702","23111","398563","Processing","2022-03-17 14:53:16",NULL,NULL,NULL,"52"
"147825","102007","81813","17259","399147","Processing","2022-05-03 17:15:27",NULL,NULL,NULL,"52"
"149752","103352","82903","15825","404400","Processing","2021-12-17 10:42:37",NULL,NULL,NULL,"52"
"150265","103688","83175","6319","405832","Processing","2021-12-21 00:31:11",NULL,NULL,NULL,"52"
"150310","103720","83202","1922","405959","Processing","2021-04-15 05:43:35",NULL,NULL,NULL,"52"
"152274","105065","84311","19699","411243","Processing","2022-06-11 14:26:44",NULL,NULL,NULL,"52"
"152349","105116","84343","10545","411443","Processing","2020-07-01 08:38:42",NULL,NULL,NULL,"52"
"152986","105544","84678","6319","413131","Processing","2022-01-11 11:59:00",NULL,NULL,NULL,"52"
"153275","105740","84826","11844","413938","Processing","2022-05-07 15:43:38",NULL,NULL,NULL,"52"
"154466","106582","85498","19188","417101","Processing","2021-12-19 17:58:38",NULL,NULL,NULL,"52"
"155684","107393","86168","19191","420370","Processing","2022-02-05 21:41:37",NULL,NULL,NULL,"52"
"155926","107563","86287","27952","420998","Processing","2022-09-06 03:29:35",NULL,NULL,NULL,"52"
"156360","107861","86520","15026","422181","Processing","2020-11-28 11:43:16",NULL,NULL,NULL,"52"
"158678","109450","87773","6457","428419","Processing","2021-01-01 07:49:01",NULL,NULL,NULL,"52"
"159194","109815","88067","20611","429816","Processing","2022-04-26 02:23:30",NULL,NULL,NULL,"52"
"161129","111139","89102","7325","435035","Processing","2022-07-25 08:31:18",NULL,NULL,NULL,"52"
"162009","111735","89581","11118","437458","Processing","2022-08-09 17:53:10",NULL,NULL,NULL,"52"
"162498","112078","89856","12250","438787","Processing","2021-04-08 17:32:48",NULL,NULL,NULL,"52"
"163147","112526","90232","13002","440539","Processing","2022-06-04 16:55:28",NULL,NULL,NULL,"52"
"164365","113378","90910","27924","443877","Processing","2021-07-22 23:20:26",NULL,NULL,NULL,"52"
"164750","113638","91112","27469","444930","Processing","2022-01-12 07:02:02",NULL,NULL,NULL,"52"
"165206","113932","91350","16525","446182","Processing","2022-01-11 16:46:51",NULL,NULL,NULL,"52"
"165719","114295","91627","19426","447571","Processing","2021-11-23 11:43:15",NULL,NULL,NULL,"52"
"167136","115260","92385","15751","451391","Processing","2021-09-02 07:57:33",NULL,NULL,NULL,"52"
"169487","116888","93712","17498","457677","Processing","2022-02-07 01:16:11",NULL,NULL,NULL,"52"
"169941","117187","93962","11159","458912","Processing","2022-04-11 05:59:04",NULL,NULL,NULL,"52"
"173130","119404","95723","28001","467609","Processing","2021-01-13 12:16:23",NULL,NULL,NULL,"52"
"174089","120073","96295","9919","470110","Processing","2019-05-26 09:29:57",NULL,NULL,NULL,"52"
"175724","121191","97190","22919","474580","Processing","2021-09-28 10:35:43",NULL,NULL,NULL,"52"
"175992","121378","97349","17782","475293","Processing","2021-11-19 15:22:18",NULL,NULL,NULL,"52"
"178266","122954","98615","28001","481420","Processing","2022-02-19 03:19:51",NULL,NULL,NULL,"52"
"178400","123049","98702","23874","481769","Processing","2022-07-19 13:41:36",NULL,NULL,NULL,"52"
"178652","123226","98843","15011","482468","Processing","2020-08-11 10:53:53",NULL,NULL,NULL,"52"
"179742","123968","99433","1294","485386","Processing","2022-06-21 14:56:52",NULL,NULL,NULL,"52"
"180035","124164","99592","5098","486185","Processing","2022-09-03 08:57:37",NULL,NULL,NULL,"52"
"2678","1829","1481","80","7249","Shipped","2021-04-17 13:12:42","2021-04-18 04:46:00",NULL,NULL,"54"
"3222","2192","1755","17658","8718","Shipped","2021-09-30 10:50:45","2021-10-03 02:15:00",NULL,NULL,"54"
"4706","3222","2629","1749","12763","Shipped","2021-09-30 12:49:20","2021-10-02 14:25:00",NULL,NULL,"54"
"8304","5690","4600","11606","22512","Shipped","2021-04-20 03:55:51","2021-04-23 05:42:00",NULL,NULL,"54"
"8499","5823","4714","23194","23060","Shipped","2022-03-29 12:12:03","2022-03-30 02:50:00",NULL,NULL,"54"
"8807","6039","4884","28235","23885","Shipped","2021-01-17 03:11:17","2021-01-16 16:45:00",NULL,NULL,"54"
"8953","6136","4958","22723","24281","Shipped","2022-01-23 20:56:03","2022-01-23 12:55:00",NULL,NULL,"54"
"9311","6388","5183","17542","25246","Shipped","2021-04-12 03:27:28","2021-04-12 22:22:00",NULL,NULL,"54"
"10615","7300","5943","22530","28769","Shipped","2019-04-08 02:51:00","2019-04-08 13:20:00",NULL,NULL,"54"
"11569","7960","6455","2703","31345","Shipped","2022-03-06 15:36:22","2022-03-02 21:45:00",NULL,NULL,"54"
"13647","9398","7571","7314","36987","Shipped","2022-03-05 15:06:10","2022-03-03 18:44:00",NULL,NULL,"54"
"13689","9431","7596","571","37100","Shipped","2020-09-15 20:37:35","2020-09-16 17:05:00",NULL,NULL,"54"
"13815","9521","7672","17654","37443","Shipped","2022-08-29 16:49:49","2022-08-30 08:44:00",NULL,NULL,"54"
"15699","10766","8648","27852","42513","Shipped","2022-09-05 14:48:50.983551","2022-09-07 17:24:35.983551",NULL,NULL,"54"
"16082","11049","8871","10388","43527","Shipped","2022-06-22 06:41:13","2022-06-22 15:46:00",NULL,NULL,"54"
"16664","11466","9226","8381","45105","Shipped","2021-02-04 06:17:31","2021-02-04 18:38:00",NULL,NULL,"54"
"18010","12387","9963","12898","48794","Shipped","2022-08-24 07:08:10","2022-08-25 04:04:00",NULL,NULL,"54"
"18705","12857","10320","11572","50634","Shipped","2020-11-18 12:55:53","2020-11-21 11:35:00",NULL,NULL,"54"
"19423","13350","10712","26003","52552","Shipped","2021-11-25 13:37:47","2021-11-25 21:13:00",NULL,NULL,"54"
"23079","15876","12688","17020","62379","Shipped","2021-08-15 13:42:40","2021-08-17 23:36:00",NULL,NULL,"54"
"23428","16124","12889","103","63327","Shipped","2021-01-13 18:07:23","2021-01-14 05:43:00",NULL,NULL,"54"
"24073","16559","13236","21263","65084","Shipped","2021-04-10 04:43:48","2021-04-09 17:46:00",NULL,NULL,"54"
"25426","17518","13993","27527","68703","Shipped","2022-04-18 14:32:09","2022-04-19 02:42:00",NULL,NULL,"54"
"25506","17575","14042","22462","68923","Shipped","2022-06-15 02:20:12","2022-06-15 08:46:00",NULL,NULL,"54"
"25626","17655","14097","15442","69249","Shipped","2022-06-14 22:46:43","2022-06-13 15:26:00",NULL,NULL,"54"
"25824","17798","14224","11333","69787","Shipped","2022-04-01 01:50:20","2022-04-01 08:35:00",NULL,NULL,"54"
"27045","18630","14879","26447","73123","Shipped","2022-01-16 05:53:30","2022-01-16 14:03:00",NULL,NULL,"54"
"27677","19060","15239","11964","74819","Shipped","2022-08-21 06:22:42","2022-08-21 14:36:00",NULL,NULL,"54"
"27970","19282","15420","11150","75610","Shipped","2021-06-26 11:37:40","2021-06-25 21:22:00",NULL,NULL,"54"
"28783","19811","15830","4281","77803","Shipped","2022-06-23 00:49:52","2022-06-22 18:12:00",NULL,NULL,"54"
"29113","20037","16006","9449","78708","Shipped","2021-12-04 00:52:33","2021-12-04 13:56:00",NULL,NULL,"54"
"29869","20577","16456","11150","80746","Shipped","2022-04-18 08:36:24","2022-04-17 12:30:00",NULL,NULL,"54"
"29960","20642","16507","21263","80993","Shipped","2020-06-27 06:44:01","2020-06-28 20:17:00",NULL,NULL,"54"
"30371","20917","16744","28235","82124","Shipped","2020-10-17 01:18:39","2020-10-18 12:38:00",NULL,NULL,"54"
"30856","21242","17016","22723","83413","Shipped","2021-09-06 22:43:41","2021-09-08 22:07:00",NULL,NULL,"54"
"30967","21308","17061","22530","83715","Shipped","2022-07-02 14:55:21","2022-07-03 06:42:00",NULL,NULL,"54"
"31601","21743","17395","4267","85416","Shipped","2022-02-07 00:59:52","2022-02-07 13:58:00",NULL,NULL,"54"
"32524","22385","17894","26225","87883","Shipped","2021-02-09 07:14:30","2021-02-12 04:13:00",NULL,NULL,"54"
"33376","22981","18338","13708","90175","Shipped","2021-01-18 01:00:59","2021-01-15 14:54:00",NULL,NULL,"54"
"35031","24108","19249","22569","94639","Shipped","2022-04-18 23:23:58","2022-04-17 20:25:00",NULL,NULL,"54"
"36470","25112","20077","4267","98461","Shipped","2021-04-27 22:37:09","2021-04-27 11:38:00",NULL,NULL,"54"
"37620","25903","20688","23194","101582","Shipped","2022-05-24 08:23:16","2022-05-26 02:29:00",NULL,NULL,"54"
"41232","28361","22624","22723","111323","Shipped","2022-09-05 12:14:24.769159","2022-09-05 15:28:59.769159",NULL,NULL,"54"
"41633","28632","22835","13532","112382","Shipped","2021-02-04 21:16:25","2021-02-04 13:34:00",NULL,NULL,"54"
"42784","29441","23468","27527","115543","Shipped","2021-06-23 16:29:42","2021-06-22 10:34:00",NULL,NULL,"54"
"43178","29702","23688","27901","116601","Shipped","2021-01-07 13:04:48","2021-01-09 18:07:00",NULL,NULL,"54"
"43231","29738","23718","28122","116743","Shipped","2021-03-17 13:59:32","2021-03-17 23:21:00",NULL,NULL,"54"
"43407","29861","23813","27505","117207","Shipped","2021-12-07 13:15:54","2021-12-09 17:16:00",NULL,NULL,"54"
"44264","30455","24310","23173","119553","Shipped","2022-02-05 12:27:30","2022-02-05 04:43:00",NULL,NULL,"54"
"44397","30560","24392","17654","119911","Shipped","2021-09-05 02:47:40","2021-09-05 09:21:00",NULL,NULL,"54"
"45747","31498","25137","28122","123524","Shipped","2021-02-01 15:23:36","2021-01-31 04:23:00",NULL,NULL,"54"
"45807","31537","25168","5085","123685","Shipped","2022-09-04 23:09:17.704503","2022-09-04 03:22:05.704503",NULL,NULL,"54"
"45964","31638","25231","13390","124104","Shipped","2019-12-26 10:11:23","2019-12-25 22:21:00",NULL,NULL,"54"
"46215","31816","25390","7456","124786","Shipped","2022-09-02 00:49:51","2022-08-31 10:01:00",NULL,NULL,"54"
"46282","31855","25417","20671","124969","Shipped","2022-09-04 01:01:48.402267","2022-09-05 14:47:12.402267",NULL,NULL,"54"
"46908","32308","25802","27890","126632","Shipped","2022-07-31 23:41:11","2022-08-03 06:46:00",NULL,NULL,"54"
"47110","32458","25929","22723","127158","Shipped","2020-08-02 22:48:28","2020-08-04 13:41:00",NULL,NULL,"54"
"47449","32689","26097","23247","128077","Shipped","2022-08-12 17:41:30","2022-08-13 09:54:00",NULL,NULL,"54"
"49313","33959","27118","7252","133102","Shipped","2021-11-18 21:18:16","2021-11-20 13:48:00",NULL,NULL,"54"
"50014","34445","27507","26003","135011","Shipped","2022-06-22 05:42:59","2022-06-23 18:54:00",NULL,NULL,"54"
"50767","34990","27924","26003","137013","Shipped","2022-06-13 14:32:00","2022-06-15 14:35:00",NULL,NULL,"54"
"50885","35078","27990","22704","137342","Shipped","2021-10-01 03:32:08","2021-10-02 22:16:00",NULL,NULL,"54"
"50905","35094","28004","27916","137397","Shipped","2021-12-03 10:20:26","2021-12-06 01:44:00",NULL,NULL,"54"
"51714","35638","28476","27580","139594","Shipped","2021-05-21 12:15:38","2021-05-22 21:38:00",NULL,NULL,"54"
"51778","35680","28507","13325","139764","Shipped","2021-05-20 22:36:57","2021-05-23 00:15:00",NULL,NULL,"54"
"52622","36265","28968","21263","142006","Shipped","2022-01-13 09:01:46","2022-01-13 05:45:00",NULL,NULL,"54"
"53160","36648","29285","8116","143439","Shipped","2021-04-10 23:34:40","2021-04-13 01:44:00",NULL,NULL,"54"
"55115","37992","30353","2377","148710","Shipped","2019-11-20 06:02:33","2019-11-21 19:09:00",NULL,NULL,"54"
"56227","38758","30992","13390","151743","Shipped","2021-01-13 11:27:01","2021-01-14 23:29:00",NULL,NULL,"54"
"58987","40651","32470","7314","159196","Shipped","2022-07-06 07:48:14","2022-07-05 03:40:00",NULL,NULL,"54"
"60150","41429","33104","11964","162400","Shipped","2022-07-13 01:47:25","2022-07-14 08:51:00",NULL,NULL,"54"
"60347","41564","33211","14448","162920","Shipped","2020-11-22 01:24:36","2020-11-18 21:13:00",NULL,NULL,"54"
"61520","42363","33862","22530","166066","Shipped","2021-06-11 13:49:22","2021-06-13 12:24:00",NULL,NULL,"54"
"62560","43086","34451","26381","168889","Shipped","2021-12-25 22:15:00","2021-12-28 19:36:00",NULL,NULL,"54"
"63270","43565","34834","27916","170838","Shipped","2019-12-25 14:14:04","2019-12-27 09:25:00",NULL,NULL,"54"
"63978","44039","35226","28966","172722","Shipped","2021-06-17 04:58:29","2021-06-17 18:29:00",NULL,NULL,"54"
"64715","44546","35641","28122","174732","Shipped","2022-05-09 18:08:04","2022-05-11 10:45:00",NULL,NULL,"54"
"64807","44608","35689","28235","174996","Shipped","2022-01-02 22:49:01","2021-12-31 11:18:00",NULL,NULL,"54"
"67673","46564","37250","20774","182722","Shipped","2022-01-30 10:44:31","2022-02-02 02:04:00",NULL,NULL,"54"
"68310","47016","37612","16466","184422","Shipped","2020-02-20 06:26:17","2020-02-19 20:51:00",NULL,NULL,"54"
"70089","48258","38588","27901","189207","Shipped","2022-03-02 02:16:44","2022-03-04 17:53:00",NULL,NULL,"54"
"70917","48825","39063","22462","191455","Shipped","2021-04-21 23:49:41","2021-04-23 05:15:00",NULL,NULL,"54"
"71123","48968","39176","4281","192016","Shipped","2021-02-16 02:00:44","2021-02-15 05:42:00",NULL,NULL,"54"
"71626","49324","39478","27958","193368","Shipped","2021-12-06 20:12:36","2021-12-07 20:55:00",NULL,NULL,"54"
"74722","51490","41205","13351","201742","Shipped","2020-10-27 06:10:02","2020-10-28 09:26:00",NULL,NULL,"54"
"78624","54204","43394","27901","212258","Shipped","2022-08-17 10:19:34","2022-08-17 19:35:00",NULL,NULL,"54"
"78871","54384","43521","20671","212920","Shipped","2022-06-07 01:39:11","2022-06-06 19:15:00",NULL,NULL,"54"
"80114","55253","44189","23173","216319","Shipped","2022-04-10 12:25:28","2022-04-09 11:52:00",NULL,NULL,"54"
"81536","56251","44952","17339","220199","Shipped","2022-04-29 05:32:06","2022-04-30 19:31:00",NULL,NULL,"54"
"82258","56767","45396","17008","222125","Shipped","2022-06-24 05:06:32","2022-06-25 07:22:00",NULL,NULL,"54"
"83526","57680","46114","11784","225577","Shipped","2022-01-31 18:04:02","2022-01-29 22:00:00",NULL,NULL,"54"
"84509","58387","46701","13166","228247","Shipped","2022-07-30 09:55:50","2022-07-30 23:11:00",NULL,NULL,"54"
"86562","59800","47840","27714","233829","Shipped","2022-06-28 11:08:13","2022-06-26 16:29:00",NULL,NULL,"54"
"86657","59877","47906","8116","234087","Shipped","2022-07-28 13:40:09","2022-07-28 20:51:00",NULL,NULL,"54"
"86909","60059","48055","22569","234783","Shipped","2021-01-05 05:16:58","2021-01-04 23:16:00",NULL,NULL,"54"
"87682","60592","48520","20774","236876","Shipped","2022-02-18 02:19:35","2022-02-18 05:55:00",NULL,NULL,"54"
"88149","60922","48766","22462","238131","Shipped","2021-11-30 09:57:31","2021-12-03 00:29:00",NULL,NULL,"54"
"92047","63603","50921","28966","248619","Shipped","2022-02-25 04:20:26","2022-02-26 13:23:00",NULL,NULL,"54"
"92960","64232","51408","12730","251083","Shipped","2021-05-13 05:14:45","2021-05-14 05:29:00",NULL,NULL,"54"
"92970","64239","51414","17008","251109","Shipped","2022-09-03 00:12:52","2022-09-04 18:21:00",NULL,NULL,"54"
"93018","64272","51437","9449","251235","Shipped","2021-08-17 07:23:40","2021-08-15 13:20:00",NULL,NULL,"54"
"93323","64492","51607","27852","252035","Shipped","2022-05-14 01:46:55","2022-05-13 22:49:00",NULL,NULL,"54"
"94331","65173","52140","27958","254803","Shipped","2022-07-03 08:45:25","2022-06-29 16:57:00",NULL,NULL,"54"
"97856","67626","54038","4279","264347","Shipped","2022-04-12 03:54:57","2022-04-13 04:22:00",NULL,NULL,"54"
"97894","67651","54057","14504","264457","Shipped","2022-08-20 15:15:17","2022-08-18 02:04:00",NULL,NULL,"54"
"98643","68156","54475","13390","266474","Shipped","2021-12-22 13:53:43","2021-12-23 08:49:00",NULL,NULL,"54"
"99384","68680","54911","27901","268453","Shipped","2022-03-04 00:43:33","2022-03-06 07:48:00",NULL,NULL,"54"
"101002","69801","55814","12898","272783","Shipped","2022-06-10 11:59:44","2022-06-10 14:39:00",NULL,NULL,"54"
"101302","70005","55969","11964","273585","Shipped","2021-08-07 01:22:12","2021-08-09 02:13:00",NULL,NULL,"54"
"101589","70192","56119","22791","274370","Shipped","2020-12-14 03:46:34","2020-12-15 16:26:00",NULL,NULL,"54"
"102651","70919","56689","22965","277271","Shipped","2020-08-23 04:14:09","2020-08-22 06:05:00",NULL,NULL,"54"
"103253","71342","57027","13325","278896","Shipped","2019-09-29 11:08:05","2019-09-29 18:47:00",NULL,NULL,"54"
"103665","71642","57282","27606","280033","Shipped","2020-10-12 16:14:26","2020-10-15 11:46:00",NULL,NULL,"54"
"107224","74081","59228","8381","289618","Shipped","2022-09-03 08:03:06.993332","2022-09-05 02:34:11.993332",NULL,NULL,"54"
"107427","74221","59343","80","290162","Shipped","2022-02-25 05:16:57","2022-02-22 10:44:00",NULL,NULL,"54"
"108075","74657","59694","21914","291956","Shipped","2022-08-19 11:57:22","2022-08-21 22:29:00",NULL,NULL,"54"
"108158","74719","59748","17020","292178","Shipped","2021-10-27 09:27:52","2021-10-28 01:26:00",NULL,NULL,"54"
"109487","75632","60455","28671","295746","Shipped","2022-05-28 03:47:41","2022-05-28 13:43:00",NULL,NULL,"54"
"109961","75958","60734","28966","297006","Shipped","2022-05-10 14:27:37","2022-05-12 06:02:00",NULL,NULL,"54"
"110072","76031","60798","22704","297308","Shipped","2021-02-09 07:32:14","2021-02-08 12:05:00",NULL,NULL,"54"
"111836","77256","61813","27890","302039","Shipped","2022-06-07 07:26:50","2022-06-06 11:04:00",NULL,NULL,"54"
"113399","78340","62654","10388","306286","Shipped","2022-07-26 10:16:13","2022-07-25 20:37:00",NULL,NULL,"54"
"114598","79150","63305","22791","309510","Shipped","2022-03-01 02:53:33","2022-03-01 10:21:00",NULL,NULL,"54"
"115306","79640","63709","17658","311426","Shipped","2022-07-18 17:06:44","2022-07-18 13:43:00",NULL,NULL,"54"
"115808","79975","64005","17658","312767","Shipped","2022-05-29 15:41:30","2022-05-29 03:16:00",NULL,NULL,"54"
"116172","80216","64211","21263","313764","Shipped","2021-07-29 01:53:26","2021-07-31 06:56:00",NULL,NULL,"54"
"116470","80428","64384","20774","314571","Shipped","2022-07-28 23:39:24","2022-07-29 05:29:00",NULL,NULL,"54"
"118361","81701","65419","27890","319592","Shipped","2022-04-25 12:30:34","2022-04-24 20:39:00",NULL,NULL,"54"
"118738","81971","65623","8116","320620","Shipped","2021-04-25 23:38:17","2021-04-27 09:38:00",NULL,NULL,"54"
"119084","82205","65817","23630","321527","Shipped","2022-07-12 03:05:06","2022-07-09 14:18:00",NULL,NULL,"54"
"120272","83007","66458","5248","324735","Shipped","2020-11-02 06:05:53","2020-11-01 13:23:00",NULL,NULL,"54"
"121744","84003","67252","28671","328722","Shipped","2019-08-12 16:54:20","2019-08-11 19:02:00",NULL,NULL,"54"
"122557","84557","67682","28235","330914","Shipped","2020-07-07 01:42:07","2020-07-09 23:18:00",NULL,NULL,"54"
"123974","85522","68430","12040","334701","Shipped","2022-07-06 05:16:04","2022-07-08 10:37:00",NULL,NULL,"54"
"124115","85621","68517","28235","335074","Shipped","2021-12-02 04:43:47","2021-12-04 03:39:00",NULL,NULL,"54"
"124591","85943","68785","24347","336336","Shipped","2021-05-04 13:57:02","2021-05-06 05:49:00",NULL,NULL,"54"
"125138","86329","69085","11660","337863","Shipped","2022-09-03 11:36:12","2022-09-05 12:49:00",NULL,NULL,"54"
"125199","86372","69119","27890","338025","Shipped","2022-08-22 08:12:04","2022-08-23 14:58:00",NULL,NULL,"54"
"126443","87220","69804","16466","341394","Shipped","2022-02-07 02:01:17","2022-02-08 15:02:00",NULL,NULL,"54"
"126680","87370","69930","11712","342038","Shipped","2020-10-08 23:46:09","2020-10-08 12:41:00",NULL,NULL,"54"
"128504","88624","70986","11784","346984","Shipped","2022-08-10 23:11:01","2022-08-08 23:13:00",NULL,NULL,"54"
"128585","88682","71035","26447","347199","Shipped","2022-07-19 18:10:34","2022-07-17 05:33:00",NULL,NULL,"54"
"129521","89326","71559","103","349709","Shipped","2021-12-20 05:14:20","2021-12-22 07:53:00",NULL,NULL,"54"
"130182","89789","71915","5248","351486","Shipped","2022-08-02 22:05:33","2022-08-04 16:03:00",NULL,NULL,"54"
"130692","90151","72197","6755","352878","Shipped","2020-09-23 12:33:14","2020-09-24 15:41:00",NULL,NULL,"54"
"130830","90247","72278","2096","353254","Shipped","2021-05-18 10:01:05","2021-05-20 09:00:00",NULL,NULL,"54"
"131065","90408","72414","27527","353873","Shipped","2022-04-17 01:57:17","2022-04-13 16:22:00",NULL,NULL,"54"
"133193","91906","73617","9","359649","Shipped","2020-12-11 14:27:06","2020-12-10 14:25:00",NULL,NULL,"54"
"133689","92242","73883","22530","360993","Shipped","2019-11-06 08:05:15","2019-11-04 10:44:00",NULL,NULL,"54"
"133876","92366","73989","5248","361498","Shipped","2021-05-26 14:48:11","2021-05-27 16:53:00",NULL,NULL,"54"
"134273","92645","74217","26225","362577","Shipped","2022-01-24 07:23:09","2022-01-27 01:02:00",NULL,NULL,"54"
"134720","92942","74462","17008","363808","Shipped","2022-06-28 03:15:47","2022-06-30 10:58:00",NULL,NULL,"54"
"135007","93139","74621","17556","364564","Shipped","2021-12-02 04:03:39","2021-11-29 17:19:00",NULL,NULL,"54"
"135991","93844","75211","27827","367235","Shipped","2021-12-29 11:07:19","2021-12-29 20:03:00",NULL,NULL,"54"
"136154","93955","75298","11150","367670","Shipped","2022-08-24 00:18:24","2022-08-26 22:37:00",NULL,NULL,"54"
"136575","94250","75537","10388","368780","Shipped","2020-02-09 14:22:27","2020-02-07 16:01:00",NULL,NULL,"54"
"137061","94588","75816","22742","370100","Shipped","2021-10-07 02:52:27","2021-10-09 20:24:00",NULL,NULL,"54"
"137840","95117","76244","4279","372182","Shipped","2022-06-19 04:54:38","2022-06-15 08:15:00",NULL,NULL,"54"
"140141","96680","77531","17654","378404","Shipped","2022-04-11 06:55:02","2022-04-11 17:45:00",NULL,NULL,"54"
"141613","97674","78318","7456","382373","Shipped","2022-08-14 08:31:32","2022-08-15 13:20:00",NULL,NULL,"54"
"142406","98241","78773","27465","384502","Shipped","2022-08-10 10:00:13","2022-08-12 01:49:00",NULL,NULL,"54"
"142594","98383","78891","9774","385007","Shipped","2022-07-20 13:53:51","2022-07-23 06:32:00",NULL,NULL,"54"
"142613","98395","78901","20703","385059","Shipped","2021-12-25 11:41:43","2021-12-27 08:06:00",NULL,NULL,"54"
"142799","98526","78990","7252","385561","Shipped","2022-06-14 01:07:55","2022-06-14 04:00:00",NULL,NULL,"54"
"143764","99198","79531","11176","388146","Shipped","2021-03-12 17:56:42","2021-03-11 19:56:00",NULL,NULL,"54"
"144329","99581","79847","3942","389701","Shipped","2020-08-11 09:20:50","2020-08-12 14:24:00",NULL,NULL,"54"
"144424","99643","79892","15025","389941","Shipped","2021-05-02 13:35:44","2021-05-02 09:16:00",NULL,NULL,"54"
"144511","99705","79944","27465","390176","Shipped","2022-07-07 14:00:26","2022-07-04 23:43:00",NULL,NULL,"54"
"148247","102306","82064","27958","400284","Shipped","2022-04-13 05:18:20","2022-04-15 04:57:00",NULL,NULL,"54"
"148782","102665","82357","27901","401773","Shipped","2022-04-18 05:44:29","2022-04-19 00:15:00",NULL,NULL,"54"
"150779","104046","83470","80","407215","Shipped","2021-04-11 14:08:44","2021-04-11 09:29:00",NULL,NULL,"54"
"150785","104049","83472","2096","407234","Shipped","2021-05-17 06:09:17","2021-05-18 06:39:00",NULL,NULL,"54"
"151256","104363","83729","22569","408501","Shipped","2022-05-15 14:37:38","2022-05-15 07:17:00",NULL,NULL,"54"
"151453","104494","83842","8381","409034","Shipped","2022-04-10 14:57:11","2022-04-11 05:09:00",NULL,NULL,"54"
"151912","104813","84111","27958","410277","Shipped","2020-08-10 01:20:15","2020-08-11 07:33:00",NULL,NULL,"54"
"152690","105357","84525","17658","412348","Shipped","2020-07-22 05:34:33","2020-07-22 14:09:00",NULL,NULL,"54"
"153366","105806","84875","103","414187","Shipped","2020-07-15 03:29:57","2020-07-15 08:10:00",NULL,NULL,"54"
"154061","106299","85260","27527","416025","Shipped","2021-08-29 06:01:20","2021-08-29 18:46:00",NULL,NULL,"54"
"154359","106503","85430","27714","416801","Shipped","2020-03-09 11:23:05","2020-03-09 14:41:00",NULL,NULL,"54"
"155779","107468","86221","28966","420615","Shipped","2022-03-04 14:37:55","2022-03-03 22:41:00",NULL,NULL,"54"
"156764","108131","86728","4281","423262","Shipped","2019-10-01 06:32:52","2019-10-03 01:02:00",NULL,NULL,"54"
"157844","108870","87317","27808","426185","Shipped","2021-01-17 14:16:38","2021-01-17 18:23:00",NULL,NULL,"54"
"157853","108877","87321","5891","426208","Shipped","2021-06-06 00:02:09","2021-06-06 08:11:00",NULL,NULL,"54"
"158187","109106","87501","22921","427092","Shipped","2021-04-26 04:26:22","2021-04-25 19:44:00",NULL,NULL,"54"
"158822","109549","87855","21263","428815","Shipped","2021-04-30 11:43:27","2021-05-03 04:38:00",NULL,NULL,"54"
"159810","110254","88411","11964","431492","Shipped","2021-09-04 07:34:19","2021-09-05 02:52:00",NULL,NULL,"54"
"160553","110765","88820","28235","433504","Shipped","2021-09-01 11:27:10","2021-09-01 18:03:00",NULL,NULL,"54"
"161398","111331","89265","22742","435769","Shipped","2021-11-26 05:03:34","2021-11-26 06:11:00",NULL,NULL,"54"
"162344","111971","89771","5764","438364","Shipped","2022-07-20 23:09:25","2022-07-21 16:27:00",NULL,NULL,"54"
"162397","112003","89796","11712","438511","Shipped","2022-04-13 16:49:19","2022-04-12 17:03:00",NULL,NULL,"54"
"162436","112030","89819","17556","438615","Shipped","2021-08-15 14:11:28","2021-08-13 15:46:00",NULL,NULL,"54"
"165302","113997","91396","22530","446448","Shipped","2022-01-16 15:05:25","2022-01-19 01:10:00",NULL,NULL,"54"
"165573","114194","91554","4281","447172","Shipped","2021-06-18 13:03:23","2021-06-20 21:31:00",NULL,NULL,"54"
"165954","114453","91747","22723","448217","Shipped","2021-07-02 03:13:28","2021-06-29 05:25:00",NULL,NULL,"54"
"167045","115201","92332","8116","451151","Shipped","2022-05-18 08:36:04","2022-05-19 14:59:00",NULL,NULL,"54"
"167223","115318","92430","28235","451623","Shipped","2022-04-13 15:25:18","2022-04-16 01:40:00",NULL,NULL,"54"
"168241","116021","93010","27808","454342","Shipped","2020-05-31 00:19:43","2020-06-02 12:03:00",NULL,NULL,"54"
"168794","116405","93324","13325","455819","Shipped","2021-04-20 10:05:00","2021-04-21 21:35:00",NULL,NULL,"54"
"169300","116762","93616","10388","457180","Shipped","2022-01-25 10:53:57","2022-01-24 08:33:00",NULL,NULL,"54"
"169962","117201","93973","17654","458969","Shipped","2020-11-21 08:23:47","2020-11-24 07:11:00",NULL,NULL,"54"
"170917","117837","94496","7433","461614","Shipped","2019-09-21 14:00:56","2019-09-18 23:35:00",NULL,NULL,"54"
"171296","118095","94705","571","462634","Shipped","2021-02-18 02:20:04","2021-02-20 10:51:00",NULL,NULL,"54"
"171553","118285","94861","11606","463311","Shipped","2021-11-06 23:55:20","2021-11-08 02:48:00",NULL,NULL,"54"
"171747","118420","94952","6755","463840","Shipped","2022-07-17 13:05:11","2022-07-16 20:14:00",NULL,NULL,"54"
"173424","119611","95901","9","468360","Shipped","2021-03-03 01:13:45","2021-03-05 14:19:00",NULL,NULL,"54"
"173449","119627","95913","2703","468423","Shipped","2022-02-02 06:10:46","2022-02-03 02:13:00",NULL,NULL,"54"
"173669","119785","96053","7252","469002","Shipped","2021-11-23 20:36:00","2021-11-24 19:50:00",NULL,NULL,"54"
"174484","120343","96497","22462","471176","Shipped","2022-08-06 16:32:01","2022-08-09 08:18:00",NULL,NULL,"54"
"174512","120363","96512","23003","471250","Shipped","2021-06-26 10:10:09","2021-06-27 04:57:00",NULL,NULL,"54"
"174702","120495","96620","7456","471762","Shipped","2022-08-16 05:39:47","2022-08-16 08:49:00",NULL,NULL,"54"
"175408","120966","96980","4267","473718","Shipped","2021-08-10 09:34:47","2021-08-13 00:19:00",NULL,NULL,"54"
"176796","121926","97785","13532","477490","Shipped","2021-11-02 14:38:49","2021-11-02 21:38:00",NULL,NULL,"54"
"177539","122445","98212","16466","479472","Shipped","2022-02-14 04:19:06","2022-02-15 14:15:00",NULL,NULL,"54"
"177746","122587","98322","27527","480042","Shipped","2022-08-12 11:45:17","2022-08-13 04:37:00",NULL,NULL,"54"
"13","10","7","23173","38","Complete","2022-07-31 23:00:42","2022-08-03 00:48:00","2022-08-06 22:05:00",NULL,"54"
"3095","2102","1688","17654","8366","Complete","2021-11-05 01:05:00","2021-11-06 18:10:00","2021-11-08 09:06:00",NULL,"54"
"3276","2229","1788","22791","8870","Complete","2022-08-13 17:43:21","2022-08-14 00:01:00","2022-08-18 07:37:00",NULL,"54"
"4079","2768","2223","11572","11038","Complete","2021-11-20 23:53:12","2021-11-17 09:45:00","2021-11-21 10:13:00",NULL,"54"
"4375","2987","2408","23003","11870","Complete","2022-04-22 07:38:11","2022-04-22 14:53:00","2022-04-26 19:01:00",NULL,"54"
"4479","3065","2476","27527","12147","Complete","2022-02-08 13:39:17","2022-02-08 04:33:00","2022-02-10 09:11:00",NULL,"54"
"6977","4761","3864","5248","18893","Complete","2021-06-26 16:01:40","2021-06-28 13:22:00","2021-07-02 01:12:00",NULL,"54"
"7276","4970","4029","80","19712","Complete","2022-08-14 04:08:35","2022-08-12 03:37:00","2022-08-12 04:30:00",NULL,"54"
"9180","6294","5101","22742","24890","Complete","2022-01-25 08:13:31","2022-01-25 20:46:00","2022-01-29 18:23:00",NULL,"54"
"11216","7709","6261","26447","30391","Complete","2022-01-29 13:50:39","2022-01-30 19:39:00","2022-01-31 22:36:00",NULL,"54"
"11381","7828","6349","14599","30833","Complete","2022-07-16 02:58:45","2022-07-16 22:52:00","2022-07-21 22:38:00",NULL,"54"
"12694","8763","7077","27606","34400","Complete","2022-04-01 08:08:11","2022-04-02 06:48:00","2022-04-03 09:51:00",NULL,"54"
"13200","9113","7350","23247","35760","Complete","2022-08-16 16:26:07","2022-08-18 15:51:00","2022-08-23 09:29:00",NULL,"54"
"13695","9435","7599","13390","37116","Complete","2022-04-08 08:51:45","2022-04-08 10:34:00","2022-04-12 03:12:00",NULL,"54"
"13903","9580","7726","15442","37681","Complete","2020-05-16 05:19:42","2020-05-16 05:46:00","2020-05-17 22:54:00",NULL,"54"
"15450","10606","8526","17542","41850","Complete","2022-08-26 17:29:16","2022-08-27 13:51:00","2022-08-30 22:44:00",NULL,"54"
"15565","10681","8586","8381","42163","Complete","2022-09-07 22:07:11.342633","2022-09-06 17:11:34.342633","2022-09-08 10:06:34.342633",NULL,"54"
"16901","11632","9365","27890","45782","Complete","2022-03-23 23:40:14","2022-03-25 22:29:00","2022-03-26 11:59:00",NULL,"54"
"17899","12310","9907","22742","48489","Complete","2022-08-04 01:13:11","2022-08-02 03:24:00","2022-08-05 19:04:00",NULL,"54"
"18302","12577","10087","22723","49571","Complete","2021-01-23 14:06:21","2021-01-24 04:05:00","2021-01-26 22:35:00",NULL,"54"
"18833","12942","10381","13532","50971","Complete","2022-07-22 00:41:39","2022-07-23 03:50:00","2022-07-23 13:53:00",NULL,"54"
"18888","12981","10405","22569","51113","Complete","2022-02-06 00:20:39","2022-02-07 18:06:00","2022-02-09 18:02:00",NULL,"54"
"20336","13983","11209","80","55045","Complete","2020-07-24 01:38:58","2020-07-24 20:25:00","2020-07-27 12:27:00",NULL,"54"
"20883","14360","11498","17301","56519","Complete","2021-12-30 22:35:10","2021-12-27 02:30:00","2021-12-31 06:20:00",NULL,"54"
"21307","14650","11706","28671","57621","Complete","2022-08-19 15:58:57","2022-08-20 15:06:00","2022-08-24 09:16:00",NULL,"54"
"22689","15607","12471","11176","61329","Complete","2022-03-19 11:03:34","2022-03-22 09:51:00","2022-03-26 20:13:00",NULL,"54"
"22898","15746","12589","12040","61903","Complete","2022-07-21 14:51:02","2022-07-20 23:57:00","2022-07-23 11:25:00",NULL,"54"
"23691","16309","13047","2703","64049","Complete","2021-10-15 01:49:00","2021-10-15 20:42:00","2021-10-19 05:28:00",NULL,"54"
"23835","16404","13113","11964","64435","Complete","2021-10-01 07:14:38","2021-09-28 02:08:00","2021-10-01 02:56:00",NULL,"54"
"24090","16568","13245","23247","65123","Complete","2020-01-03 06:21:27","2020-01-03 02:04:00","2020-01-04 09:50:00",NULL,"54"
"24789","17070","13635","11150","66991","Complete","2022-02-27 11:22:09","2022-02-28 16:33:00","2022-03-02 11:25:00",NULL,"54"
"25359","17472","13956","11150","68525","Complete","2019-04-15 08:43:20","2019-04-15 23:11:00","2019-04-17 00:58:00",NULL,"54"
"28051","19341","15468","22921","75818","Complete","2021-09-11 09:37:04","2021-09-12 03:28:00","2021-09-15 21:42:00",NULL,"54"
"30246","20829","16664","22530","81785","Complete","2022-02-28 14:27:18","2022-03-02 16:38:00","2022-03-06 21:55:00",NULL,"54"
"31808","21883","17508","13351","85964","Complete","2021-08-22 14:38:53","2021-08-24 06:11:00","2021-08-25 01:19:00",NULL,"54"
"31987","22017","17608","9","86433","Complete","2020-06-14 11:51:48","2020-06-15 14:04:00","2020-06-20 08:57:00",NULL,"54"
"33119","22803","18201","20703","89468","Complete","2022-06-05 10:43:58","2022-06-04 19:47:00","2022-06-05 10:29:00",NULL,"54"
"33634","23155","18488","17658","90862","Complete","2022-03-17 13:37:06","2022-03-19 08:27:00","2022-03-19 10:56:00",NULL,"54"
"34234","23571","18812","15442","92491","Complete","2022-06-16 14:22:16","2022-06-13 23:35:00","2022-06-15 21:58:00",NULL,"54"
"35075","24140","19271","6755","94753","Complete","2022-06-05 10:54:21","2022-06-05 06:37:00","2022-06-06 11:11:00",NULL,"54"
"38613","26596","21253","14504","104245","Complete","2022-09-02 07:52:08.38047","2022-09-04 15:40:22.38047","2022-09-08 15:53:22.38047",NULL,"54"
"40061","27571","22019","3797","108129","Complete","2021-12-22 21:31:53","2021-12-21 08:33:00","2021-12-24 18:55:00",NULL,"54"
"40624","27945","22304","17339","109686","Complete","2020-04-04 05:15:49","2020-04-03 06:56:00","2020-04-05 14:01:00",NULL,"54"
"40721","28009","22340","11793","109955","Complete","2022-09-09 06:13:05.453154","2022-09-06 05:13:52.453154","2022-09-06 17:55:52.453154",NULL,"54"
"42081","28952","23094","27901","113599","Complete","2021-05-27 05:59:12","2021-05-28 23:51:00","2021-05-30 22:53:00",NULL,"54"
"45317","31208","24909","23506","122374","Complete","2022-06-02 15:41:45","2022-06-01 09:16:00","2022-06-03 15:52:00",NULL,"54"
"47107","32456","25927","20774","127151","Complete","2019-08-11 12:00:25","2019-08-13 06:21:00","2019-08-18 01:58:00",NULL,"54"
"48030","33085","26434","28735","129647","Complete","2021-02-28 04:45:53","2021-02-26 23:44:00","2021-02-28 01:57:00",NULL,"54"
"48954","33727","26930","15442","132115","Complete","2020-01-07 22:33:38","2020-01-09 02:54:00","2020-01-13 12:34:00",NULL,"54"
"49473","34071","27200","27852","133536","Complete","2021-03-30 14:59:36","2021-03-31 02:36:00","2021-03-31 06:15:00",NULL,"54"
"50342","34678","27683","13351","135896","Complete","2022-04-14 08:24:09","2022-04-10 23:25:00","2022-04-13 22:49:00",NULL,"54"
"50926","35108","28018","27465","137461","Complete","2021-03-22 00:16:45","2021-03-20 19:36:00","2021-03-21 06:45:00",NULL,"54"
"51356","35398","28273","4278","138614","Complete","2021-12-26 03:04:45","2021-12-28 20:44:00","2022-01-02 16:23:00",NULL,"54"
"51457","35469","28338","11333","138897","Complete","2021-08-01 04:44:35","2021-08-03 11:26:00","2021-08-03 17:26:00",NULL,"54"
"51619","35583","28435","28735","139336","Complete","2022-08-01 22:54:14","2022-07-31 17:47:00","2022-08-03 08:00:00",NULL,"54"
"52200","35971","28737","11150","140873","Complete","2022-07-23 11:23:27","2022-07-25 06:25:00","2022-07-27 17:58:00",NULL,"54"
"53001","36537","29195","17658","143021","Complete","2021-09-30 11:59:15","2021-09-29 21:46:00","2021-10-01 16:29:00",NULL,"54"
"54533","37593","30039","80","147144","Complete","2022-09-05 08:01:32","2022-09-04 23:12:00","2022-09-05 14:03:00",NULL,"54"
"59375","40912","32679","11964","160261","Complete","2021-07-24 10:26:09","2021-07-26 20:42:00","2021-07-30 07:34:00",NULL,"54"
"62629","43131","34487","22704","169072","Complete","2021-04-07 11:07:40","2021-04-08 16:08:00","2021-04-12 23:20:00",NULL,"54"
"63099","43443","34733","24347","170365","Complete","2022-06-24 06:23:43","2022-06-24 13:52:00","2022-06-25 04:48:00",NULL,"54"
"63418","43664","34922","571","171229","Complete","2020-08-19 01:26:20","2020-08-19 15:35:00","2020-08-24 07:12:00",NULL,"54"
"63710","43863","35081","11660","171994","Complete","2022-06-10 23:58:01","2022-06-12 04:48:00","2022-06-16 10:38:00",NULL,"54"
"63972","44036","35221","11964","172707","Complete","2020-11-30 01:50:34","2020-12-01 23:28:00","2020-12-06 17:30:00",NULL,"54"
"64643","44497","35600","27890","174530","Complete","2022-06-30 23:59:54","2022-07-01 13:08:00","2022-07-02 22:52:00",NULL,"54"
"65391","45030","35991","3942","176576","Complete","2021-07-26 13:35:40","2021-07-29 12:21:00","2021-07-31 16:10:00",NULL,"54"
"67840","46685","37350","17658","183169","Complete","2021-01-15 14:36:46","2021-01-16 21:17:00","2021-01-19 03:21:00",NULL,"54"
"67966","46766","37412","17658","183510","Complete","2022-06-14 10:22:55","2022-06-16 18:21:00","2022-06-18 03:52:00",NULL,"54"
"69023","47513","37996","28735","186329","Complete","2022-05-16 07:05:36","2022-05-13 09:15:00","2022-05-15 05:06:00",NULL,"54"
"69116","47584","38047","24347","186575","Complete","2021-11-24 00:45:44","2021-11-24 22:48:00","2021-11-25 19:49:00",NULL,"54"
"71971","49573","39687","1605","194293","Complete","2021-09-18 14:28:53","2021-09-17 18:21:00","2021-09-22 13:56:00",NULL,"54"
"73212","50427","40366","26447","197689","Complete","2021-07-22 11:24:27","2021-07-22 23:25:00","2021-07-25 14:54:00",NULL,"54"
"73773","50804","40645","7456","199187","Complete","2022-01-07 06:28:44","2022-01-08 08:09:00","2022-01-11 09:38:00",NULL,"54"
"74537","51365","41093","13325","201252","Complete","2021-08-26 03:24:00","2021-08-27 00:27:00","2021-08-30 23:18:00",NULL,"54"
"75068","51728","41385","12898","202682","Complete","2021-05-15 09:11:04","2021-05-15 11:47:00","2021-05-15 18:12:00",NULL,"54"
"82137","56680","45329","27827","221796","Complete","2021-03-29 07:03:32","2021-03-31 00:58:00","2021-04-02 11:45:00",NULL,"54"
"83428","57613","46058","571","225317","Complete","2022-07-03 05:18:21","2022-07-04 08:26:00","2022-07-07 09:40:00",NULL,"54"
"83561","57708","46133","17339","225672","Complete","2022-06-02 15:40:20","2022-06-04 12:39:00","2022-06-06 01:48:00",NULL,"54"
"83934","57965","46353","7433","226706","Complete","2022-08-27 11:54:56","2022-08-27 19:07:00","2022-08-29 02:56:00",NULL,"54"
"83986","58005","46383","5085","226842","Complete","2022-05-18 10:24:16","2022-05-20 09:23:00","2022-05-22 13:55:00",NULL,"54"
"84288","58235","46567","27606","227650","Complete","2022-07-17 07:19:28","2022-07-20 10:41:00","2022-07-22 12:31:00",NULL,"54"
"84825","58601","46862","13166","229114","Complete","2019-05-30 08:39:56","2019-05-30 14:41:00","2019-06-03 16:59:00",NULL,"54"
"85720","59241","47379","28966","231545","Complete","2020-10-18 02:24:26","2020-10-20 04:25:00","2020-10-23 00:42:00",NULL,"54"
"87010","60133","48122","16466","235054","Complete","2020-09-14 02:54:09","2020-09-17 01:23:00","2020-09-17 04:53:00",NULL,"54"
"87415","60405","48356","27714","236154","Complete","2022-09-04 08:07:20.006437","2022-09-05 03:54:21.006437","2022-09-06 00:52:21.006437",NULL,"54"
"88748","61348","49125","9449","239776","Complete","2022-03-06 03:32:48","2022-03-06 21:40:00","2022-03-09 23:29:00",NULL,"54"
"91120","62967","50415","80","246147","Complete","2022-01-10 19:02:18","2022-01-11 16:50:00","2022-01-12 16:59:00",NULL,"54"
"92251","63742","51035","27958","249166","Complete","2021-12-04 12:35:16","2021-12-05 11:41:00","2021-12-06 03:30:00",NULL,"54"
"92362","63817","51088","23247","249471","Complete","2022-08-26 04:00:50","2022-08-28 01:51:00","2022-08-30 21:43:00",NULL,"54"
"93613","64682","51749","12898","252834","Complete","2021-12-17 05:34:28","2021-12-19 03:07:00","2021-12-23 04:05:00",NULL,"54"
"93851","64848","51898","288","253488","Complete","2022-05-29 02:53:15","2022-05-31 05:50:00","2022-06-05 05:47:00",NULL,"54"
"94742","65450","52365","26381","255936","Complete","2021-07-29 22:19:29","2021-07-27 00:07:00","2021-07-31 22:25:00",NULL,"54"
"95424","65958","52764","13351","257770","Complete","2021-03-13 12:59:48","2021-03-13 15:31:00","2021-03-15 03:29:00",NULL,"54"
"95633","66103","52865","28117","258333","Complete","2022-07-26 13:56:25","2022-07-28 23:39:00","2022-07-29 12:35:00",NULL,"54"
"97338","67275","53753","23247","262926","Complete","2022-07-14 01:53:10","2022-07-12 01:03:00","2022-07-15 07:19:00",NULL,"54"
"97432","67336","53802","11333","263172","Complete","2022-04-01 02:30:04","2022-03-29 21:55:00","2022-04-01 10:06:00",NULL,"54"
"97496","67380","53844","27505","263362","Complete","2020-01-15 15:38:02","2020-01-12 10:49:00","2020-01-16 14:40:00",NULL,"54"
"99573","68815","55027","28235","268965","Complete","2021-05-26 12:46:18","2021-05-29 03:17:00","2021-06-01 04:40:00",NULL,"54"
"99599","68831","55045","27714","269035","Complete","2020-03-31 04:04:21","2020-03-30 16:16:00","2020-04-02 11:43:00",NULL,"54"
"99921","69064","55223","5085","269895","Complete","2022-08-08 10:18:39","2022-08-07 19:19:00","2022-08-08 01:59:00",NULL,"54"
"100424","69401","55498","14504","271222","Complete","2022-09-02 16:47:57.140031","2022-09-03 15:09:29.140031","2022-09-07 09:02:29.140031",NULL,"54"
"102981","71154","56879","11784","278150","Complete","2022-07-28 15:17:13","2022-07-25 00:02:00","2022-07-28 02:29:00",NULL,"54"
"105072","72614","58056","2377","283816","Complete","2022-07-09 03:11:02","2022-07-11 02:44:00","2022-07-14 22:10:00",NULL,"54"
"105119","72646","58091","23003","283942","Complete","2022-05-26 14:58:08","2022-05-26 03:28:00","2022-05-29 12:14:00",NULL,"54"
"106810","73801","59014","17339","288498","Complete","2022-08-18 20:18:46","2022-08-20 16:49:00","2022-08-23 08:26:00",NULL,"54"
"108521","74972","59950","4267","293145","Complete","2022-07-04 03:31:36","2022-06-30 18:26:00","2022-07-05 10:29:00",NULL,"54"
"108672","75080","60029","21914","293547","Complete","2021-04-23 09:55:01","2021-04-22 17:16:00","2021-04-26 20:43:00",NULL,"54"
"111250","76858","61490","27606","300442","Complete","2021-05-04 08:52:32","2021-05-05 07:59:00","2021-05-06 14:09:00",NULL,"54"
"111407","76960","61582","28122","300882","Complete","2022-03-06 12:27:50","2022-03-07 09:18:00","2022-03-09 11:49:00",NULL,"54"
"113005","78062","62449","5764","305232","Complete","2021-07-07 06:59:44","2021-07-07 07:51:00","2021-07-08 06:26:00",NULL,"54"
"115686","79890","63934","7456","312431","Complete","2020-01-28 00:58:15","2020-01-28 06:49:00","2020-01-29 07:43:00",NULL,"54"
"116108","80176","64176","103","313581","Complete","2021-04-18 04:10:07","2021-04-18 04:59:00","2021-04-21 12:59:00",NULL,"54"
"118481","81785","65489","27465","319910","Complete","2022-08-11 09:36:00","2022-08-08 20:57:00","2022-08-11 10:20:00",NULL,"54"
"119034","82174","65794","27916","321391","Complete","2022-08-04 09:12:35","2022-08-04 19:50:00","2022-08-09 00:09:00",NULL,"54"
"119058","82188","65807","6755","321453","Complete","2022-01-16 03:46:28","2022-01-16 07:44:00","2022-01-18 08:22:00",NULL,"54"
"119489","82481","66035","23247","322606","Complete","2021-10-24 02:58:47","2021-10-22 18:52:00","2021-10-23 23:45:00",NULL,"54"
"119850","82737","66232","2703","323581","Complete","2022-04-09 16:49:07","2022-04-09 03:04:00","2022-04-12 21:48:00",NULL,"54"
"119949","82805","66289","17020","323860","Complete","2022-05-15 02:27:31","2022-05-14 22:22:00","2022-05-15 21:16:00",NULL,"54"
"121498","83849","67130","2096","328057","Complete","2022-06-11 09:06:18","2022-06-10 06:18:00","2022-06-13 22:41:00",NULL,"54"
"122680","84638","67743","28735","331250","Complete","2021-06-06 08:05:53","2021-06-08 20:56:00","2021-06-13 06:07:00",NULL,"54"
"123223","85014","68028","22921","332710","Complete","2019-12-14 16:56:04","2019-12-11 23:59:00","2019-12-16 13:44:00",NULL,"54"
"126135","86999","69633","27714","340568","Complete","2021-05-09 05:07:43","2021-05-09 17:21:00","2021-05-14 14:09:00",NULL,"54"
"126232","87069","69686","12040","340824","Complete","2022-08-31 04:59:13","2022-09-01 21:08:00","2022-09-03 14:55:00",NULL,"54"
"127047","87617","70148","11572","343037","Complete","2021-01-19 12:29:58","2021-01-21 05:22:00","2021-01-25 10:32:00",NULL,"54"
"127703","88067","70535","11784","344785","Complete","2022-07-27 03:27:05","2022-07-27 04:24:00","2022-07-27 06:56:00",NULL,"54"
"128871","88882","71198","5764","347956","Complete","2022-04-22 02:54:26","2022-04-24 00:43:00","2022-04-28 06:13:00",NULL,"54"
"129446","89274","71520","571","349521","Complete","2021-03-30 14:49:12","2021-04-02 13:57:00","2021-04-07 10:32:00",NULL,"54"
"132431","91354","73157","27901","357591","Complete","2021-12-15 03:56:21","2021-12-13 07:48:00","2021-12-13 14:06:00",NULL,"54"
"132455","91367","73168","4279","357651","Complete","2021-09-13 04:10:42","2021-09-13 21:17:00","2021-09-17 13:06:00",NULL,"54"
"134035","92473","74077","27827","361913","Complete","2020-06-04 04:06:27","2020-06-05 20:08:00","2020-06-07 05:39:00",NULL,"54"
"136795","94396","75651","11176","369389","Complete","2022-05-09 08:13:22","2022-05-08 07:58:00","2022-05-12 16:36:00",NULL,"54"
"137588","94939","76101","13166","371498","Complete","2022-03-19 03:16:17","2022-03-20 13:10:00","2022-03-23 16:22:00",NULL,"54"
"137866","95137","76259","80","372254","Complete","2019-10-14 04:49:16","2019-10-12 15:51:00","2019-10-16 16:32:00",NULL,"54"
"139080","95968","76950","7433","375571","Complete","2020-09-16 03:01:04","2020-09-17 08:52:00","2020-09-18 02:30:00",NULL,"54"
"139253","96078","77044","9449","376033","Complete","2021-07-15 02:34:50","2021-07-14 13:32:00","2021-07-14 19:05:00",NULL,"54"
"139491","96235","77183","3942","376686","Complete","2021-07-25 11:42:03","2021-07-25 16:04:00","2021-07-29 13:07:00",NULL,"54"
"141056","97293","78027","27852","380852","Complete","2021-07-06 06:14:46","2021-07-06 09:41:00","2021-07-07 07:16:00",NULL,"54"
"142697","98456","78940","17339","385287","Complete","2022-08-06 14:26:24","2022-08-06 02:44:00","2022-08-08 22:32:00",NULL,"54"
"144025","99381","79681","22530","388873","Complete","2022-08-18 10:32:34","2022-08-17 23:55:00","2022-08-20 18:59:00",NULL,"54"
"145852","100644","80746","11572","393851","Complete","2022-03-15 12:39:32","2022-03-17 19:06:00","2022-03-21 08:38:00",NULL,"54"
"147714","101930","81756","27465","398838","Complete","2022-01-07 05:46:45","2022-01-08 06:41:00","2022-01-08 12:03:00",NULL,"54"
"150060","103553","83056","28122","405262","Complete","2022-02-17 04:37:30","2022-02-13 18:01:00","2022-02-18 03:48:00",NULL,"54"
"150566","103898","83350","27580","406644","Complete","2021-06-18 15:29:49","2021-06-19 15:43:00","2021-06-22 18:49:00",NULL,"54"
"151153","104297","83675","15442","408222","Complete","2022-07-21 02:12:30","2022-07-22 15:25:00","2022-07-24 14:00:00",NULL,"54"
"151944","104835","84132","8116","410359","Complete","2022-06-18 22:49:01","2022-06-19 05:14:00","2022-06-21 03:11:00",NULL,"54"
"153411","105836","84897","23003","414310","Complete","2021-06-23 12:13:01","2021-06-23 07:53:00","2021-06-25 07:13:00",NULL,"54"
"154867","106857","85741","27465","418187","Complete","2021-02-20 01:55:24","2021-02-20 16:56:00","2021-02-21 04:34:00",NULL,"54"
"154889","106874","85751","1749","418243","Complete","2021-12-31 05:00:09","2022-01-02 02:27:00","2022-01-06 03:29:00",NULL,"54"
"156547","107981","86603","14599","422683","Complete","2022-07-04 14:40:25","2022-07-06 11:26:00","2022-07-07 07:17:00",NULL,"54"
"157604","108696","87164","28822","425532","Complete","2021-06-23 08:57:02","2021-06-20 12:04:00","2021-06-21 06:18:00",NULL,"54"
"159486","110022","88234","13708","430611","Complete","2022-07-10 03:58:05","2022-07-08 13:43:00","2022-07-13 03:05:00",NULL,"54"
"159911","110324","88473","28117","431767","Complete","2020-09-22 03:18:22","2020-09-18 19:25:00","2020-09-20 03:53:00",NULL,"54"
"161223","111205","89163","27580","435297","Complete","2020-07-24 13:59:11","2020-07-26 05:19:00","2020-07-27 20:18:00",NULL,"54"
"161733","111565","89448","22965","436699","Complete","2022-03-25 03:05:15","2022-03-24 04:01:00","2022-03-28 17:56:00",NULL,"54"
"164703","113605","91089","20703","444799","Complete","2021-10-17 09:32:52","2021-10-16 06:50:00","2021-10-16 08:31:00",NULL,"54"
"165788","114339","91662","22742","447763","Complete","2022-06-02 15:18:19","2022-06-02 02:14:00","2022-06-03 00:29:00",NULL,"54"
"166595","114884","92099","27901","449941","Complete","2021-11-20 14:11:32","2021-11-20 21:27:00","2021-11-24 19:27:00",NULL,"54"
"166728","114983","92168","26003","450295","Complete","2022-01-13 05:08:24","2022-01-09 07:37:00","2022-01-13 21:11:00",NULL,"54"
"168574","116253","93213","5891","455236","Complete","2020-11-06 16:36:28","2020-11-05 10:28:00","2020-11-09 02:52:00",NULL,"54"
"168600","116270","93224","27827","455304","Complete","2021-11-24 06:24:44","2021-11-20 18:25:00","2021-11-23 09:27:00",NULL,"54"
"168722","116358","93285","17658","455631","Complete","2020-10-23 17:24:40","2020-10-24 07:01:00","2020-10-25 15:12:00",NULL,"54"
"170093","117287","94056","16466","459334","Complete","2022-05-31 07:45:09","2022-05-31 07:17:00","2022-05-31 18:23:00",NULL,"54"
"170430","117510","94248","22742","460256","Complete","2022-03-26 07:11:14","2022-03-24 02:19:00","2022-03-26 08:30:00",NULL,"54"
"172944","119275","95603","2377","467109","Complete","2021-07-28 07:11:58","2021-07-26 20:02:00","2021-07-31 13:24:00",NULL,"54"
"173076","119363","95680","22921","467471","Complete","2022-05-24 14:51:17","2022-05-25 00:40:00","2022-05-25 15:50:00",NULL,"54"
"175849","121275","97259","8381","474905","Complete","2022-05-11 14:42:52","2022-05-10 04:47:00","2022-05-12 07:45:00",NULL,"54"
"176676","121839","97712","17654","477172","Complete","2022-02-18 08:13:53","2022-02-19 13:02:00","2022-02-20 16:16:00",NULL,"54"
"177405","122347","98120","5891","479124","Complete","2022-05-16 08:06:29","2022-05-16 09:40:00","2022-05-18 05:32:00",NULL,"54"
"177521","122431","98203","27958","479422","Complete","2021-02-10 23:54:43","2021-02-11 11:48:00","2021-02-12 18:49:00",NULL,"54"
"178489","123115","98751","26381","482025","Complete","2021-07-09 09:21:59","2021-07-11 00:55:00","2021-07-13 20:33:00",NULL,"54"
"1840","1287","1035","15025","4980","Returned","2022-06-07 07:22:29","2022-06-06 14:22:00","2022-06-07 15:30:00","2022-06-08 14:41:00","54"
"3511","2374","1910","22921","9492","Returned","2020-06-27 09:53:57","2020-06-29 09:05:00","2020-07-02 06:56:00","2020-07-03 13:51:00","54"
"4217","2869","2302","22699","11437","Returned","2022-07-28 03:37:39","2022-07-28 21:29:00","2022-07-29 14:24:00","2022-07-31 09:13:00","54"
"5645","3847","3131","15442","15282","Returned","2021-04-07 15:54:04","2021-04-10 17:32:00","2021-04-13 18:50:00","2021-04-15 11:02:00","54"
"9349","6417","5210","22530","25357","Returned","2020-05-07 02:45:44","2020-05-04 01:33:00","2020-05-07 08:43:00","2020-05-09 04:08:00","54"
"10485","7217","5870","11572","28422","Returned","2022-09-05 12:45:46.613814","2022-09-03 21:28:22.613814","2022-09-08 10:33:22.613814","2022-09-09 10:58:22.613814","54"
"13076","9028","7283","6755","35421","Returned","2022-07-15 06:43:26","2022-07-17 07:37:00","2022-07-20 03:21:00","2022-07-22 09:38:00","54"
"13477","9291","7488","11712","36527","Returned","2021-07-06 09:04:17","2021-07-04 14:49:00","2021-07-06 23:23:00","2021-07-07 15:05:00","54"
"13511","9314","7507","11572","36614","Returned","2021-01-29 16:40:38","2021-01-31 12:10:00","2021-01-31 14:55:00","2021-02-01 20:37:00","54"
"15059","10352","8327","11964","40799","Returned","2021-07-28 13:30:42","2021-07-30 13:31:00","2021-08-04 10:38:00","2021-08-06 20:44:00","54"
"15425","10589","8518","21263","41782","Returned","2021-07-15 04:19:34","2021-07-13 18:53:00","2021-07-18 02:08:00","2021-07-18 17:03:00","54"
"16396","11271","9059","13390","44382","Returned","2022-09-03 17:46:07","2022-09-03 19:58:00","2022-09-05 03:09:00","2022-09-08 01:01:00","54"
"19526","13421","10769","10388","52837","Returned","2021-11-10 06:55:28","2021-11-11 17:31:00","2021-11-11 22:29:00","2021-11-13 22:22:00","54"
"22064","15168","12111","17556","59639","Returned","2022-05-04 09:44:00","2022-05-06 08:40:00","2022-05-06 12:09:00","2022-05-08 13:08:00","54"
"23378","16084","12859","27580","63185","Returned","2020-06-15 03:55:07","2020-06-17 09:34:00","2020-06-20 08:55:00","2020-06-21 00:54:00","54"
"26960","18572","14831","23506","72867","Returned","2020-01-11 00:48:12","2020-01-11 01:31:00","2020-01-13 22:46:00","2020-01-15 10:21:00","54"
"30116","20737","16578","27527","81411","Returned","2022-01-04 10:32:08","2022-01-01 15:04:00","2022-01-04 05:30:00","2022-01-05 16:39:00","54"
"30498","21011","16824","2703","82467","Returned","2022-06-13 12:26:24","2022-06-12 17:32:00","2022-06-13 06:06:00","2022-06-15 11:58:00","54"
"31911","21961","17566","11784","86230","Returned","2022-08-01 01:30:27","2022-08-01 09:05:00","2022-08-04 10:34:00","2022-08-05 07:54:00","54"
"32870","22630","18069","22704","88812","Returned","2020-11-29 05:53:30","2020-11-30 18:20:00","2020-12-04 06:02:00","2020-12-04 22:32:00","54"
"33381","22982","18339","2377","90187","Returned","2020-05-31 12:21:28","2020-06-03 01:58:00","2020-06-07 15:22:00","2020-06-09 14:51:00","54"
"36931","25424","20329","27958","99723","Returned","2022-06-05 06:22:32","2022-06-07 12:48:00","2022-06-10 22:43:00","2022-06-13 10:30:00","54"
"37623","25906","20691","22791","101590","Returned","2022-06-21 02:49:57","2022-06-23 00:39:00","2022-06-23 07:28:00","2022-06-24 09:37:00","54"
"39892","27463","21925","11333","107687","Returned","2021-11-09 18:07:48","2021-11-12 12:03:00","2021-11-15 20:56:00","2021-11-18 14:45:00","54"
"43640","30021","23934","28966","117864","Returned","2020-08-14 22:53:37","2020-08-16 04:14:00","2020-08-19 18:35:00","2020-08-21 05:52:00","54"
"44153","30379","24236","10388","119258","Returned","2021-04-14 02:59:40","2021-04-13 09:24:00","2021-04-18 04:02:00","2021-04-18 19:08:00","54"
"44211","30421","24275","11333","119408","Returned","2021-05-10 15:48:59","2021-05-06 22:47:00","2021-05-10 04:04:00","2021-05-11 23:39:00","54"
"49004","33755","26953","24347","132248","Returned","2021-07-27 21:52:44","2021-07-30 17:29:00","2021-08-03 00:17:00","2021-08-04 08:34:00","54"
"49949","34397","27471","15025","134844","Returned","2021-04-20 15:04:43","2021-04-17 06:09:00","2021-04-21 15:51:00","2021-04-24 04:03:00","54"
"52122","35923","28698","4278","140672","Returned","2022-05-06 11:07:28","2022-05-06 20:31:00","2022-05-11 08:48:00","2022-05-14 01:21:00","54"
"53004","36540","29198","27580","143028","Returned","2022-09-01 02:44:13","2022-09-03 20:47:00","2022-09-08 00:55:00","2022-09-08 07:36:00","54"
"54014","37219","29737","17020","145773","Returned","2022-07-08 17:17:24","2022-07-10 18:01:00","2022-07-12 16:24:00","2022-07-14 01:26:00","54"
"62429","42994","34372","4278","168528","Returned","2022-03-17 22:50:22","2022-03-16 08:46:00","2022-03-21 01:29:00","2022-03-23 13:42:00","54"
"63664","43834","35057","11333","171866","Returned","2022-03-23 11:17:08","2022-03-22 20:55:00","2022-03-23 05:51:00","2022-03-24 09:41:00","54"
"70072","48244","38579","13532","189161","Returned","2021-08-25 14:09:15","2021-08-28 06:10:00","2021-09-01 06:48:00","2021-09-02 19:53:00","54"
"72059","49632","39727","7252","194530","Returned","2022-05-24 07:41:34","2022-05-26 17:06:00","2022-05-29 02:05:00","2022-05-29 04:22:00","54"
"75741","52193","41795","27916","204495","Returned","2020-04-15 09:07:31","2020-04-16 18:36:00","2020-04-17 12:02:00","2020-04-20 09:20:00","54"
"77272","53274","42629","17658","208617","Returned","2022-08-10 16:22:57","2022-08-11 01:50:00","2022-08-15 11:17:00","2022-08-17 19:26:00","54"
"90031","62229","49809","7433","243213","Returned","2020-01-20 11:47:18","2020-01-21 16:10:00","2020-01-25 14:52:00","2020-01-25 18:40:00","54"
"96071","66402","53088","9774","259510","Returned","2021-03-19 08:12:19","2021-03-20 18:34:00","2021-03-21 10:42:00","2021-03-24 05:54:00","54"
"96523","66702","53321","27606","260716","Returned","2022-06-08 04:21:18","2022-06-09 09:12:00","2022-06-11 00:08:00","2022-06-12 04:54:00","54"
"99149","68509","54776","28822","267830","Returned","2022-08-27 23:01:44","2022-08-28 18:19:00","2022-09-02 06:02:00","2022-09-04 12:23:00","54"
"101585","70191","56119","27901","274361","Returned","2020-04-25 06:41:48","2020-04-23 03:50:00","2020-04-24 19:35:00","2020-04-27 10:42:00","54"
"114077","78799","63032","9","308098","Returned","2022-03-25 14:04:59","2022-03-28 02:40:00","2022-03-28 07:44:00","2022-03-29 08:56:00","54"
"116964","80757","64652","23173","315859","Returned","2022-07-02 01:29:39","2022-07-04 23:45:00","2022-07-05 08:58:00","2022-07-05 17:35:00","54"
"123285","85058","68070","1749","332871","Returned","2022-07-14 11:14:37","2022-07-15 07:46:00","2022-07-17 22:38:00","2022-07-20 21:15:00","54"
"123393","85137","68137","20703","333153","Returned","2022-03-11 01:36:32","2022-03-13 18:30:00","2022-03-17 11:13:00","2022-03-18 19:28:00","54"
"123820","85421","68356","5764","334288","Returned","2019-05-14 11:08:39","2019-05-13 17:29:00","2019-05-14 07:52:00","2019-05-15 12:54:00","54"
"126029","86922","69566","27958","340271","Returned","2022-02-14 08:13:41","2022-02-16 23:39:00","2022-02-20 09:54:00","2022-02-21 06:00:00","54"
"129662","89424","71637","7314","350077","Returned","2021-07-01 13:33:10","2021-07-02 01:42:00","2021-07-03 06:50:00","2021-07-03 08:34:00","54"
"131476","90690","72661","23003","354986","Returned","2022-05-07 03:12:01","2022-05-09 15:37:00","2022-05-12 20:20:00","2022-05-15 01:36:00","54"
"131883","90979","72876","27958","356075","Returned","2021-03-31 23:03:12","2021-04-01 19:06:00","2021-04-06 10:48:00","2021-04-08 00:45:00","54"
"133811","92328","73951","27852","361328","Returned","2021-11-22 00:51:07","2021-11-20 14:22:00","2021-11-23 17:43:00","2021-11-24 10:03:00","54"
"135834","93737","75111","12730","366798","Returned","2020-08-27 08:44:35","2020-08-29 05:11:00","2020-08-30 01:57:00","2020-08-31 12:43:00","54"
"136988","94542","75774","17008","369912","Returned","2022-06-17 02:08:58","2022-06-18 14:15:00","2022-06-21 18:53:00","2022-06-22 14:17:00","54"
"141115","97327","78048","11660","381014","Returned","2021-04-28 15:18:13","2021-04-28 22:09:00","2021-04-30 14:42:00","2021-05-03 07:47:00","54"
"144742","99873","80085","20703","390813","Returned","2022-08-07 18:23:32","2022-08-06 08:31:00","2022-08-09 00:01:00","2022-08-10 07:49:00","54"
"148377","102390","82134","16466","400645","Returned","2022-05-25 23:53:34","2022-05-25 02:43:00","2022-05-25 16:00:00","2022-05-26 22:04:00","54"
"148379","102390","82134","22742","400650","Returned","2022-05-26 03:16:37","2022-05-25 02:43:00","2022-05-25 16:00:00","2022-05-26 22:04:00","54"
"149692","103313","82874","27580","404235","Returned","2022-05-29 22:27:10","2022-06-01 22:42:00","2022-06-03 23:12:00","2022-06-06 10:48:00","54"
"149991","103508","83025","2377","405062","Returned","2021-11-21 06:58:55","2021-11-20 16:44:00","2021-11-25 07:00:00","2021-11-27 01:45:00","54"
"150677","103977","83418","27465","406942","Returned","2022-08-12 14:54:13","2022-08-14 06:12:00","2022-08-16 12:47:00","2022-08-17 08:15:00","54"
"151033","104218","83606","13166","407900","Returned","2021-04-29 10:08:06","2021-04-29 06:06:00","2021-05-02 14:19:00","2021-05-03 07:49:00","54"
"154459","106576","85493","26381","417079","Returned","2021-10-14 22:55:06","2021-10-16 05:23:00","2021-10-20 13:04:00","2021-10-20 13:33:00","54"
"155245","107105","85929","8381","419201","Returned","2020-04-13 03:44:59","2020-04-10 20:07:00","2020-04-12 18:47:00","2020-04-13 18:16:00","54"
"157361","108533","87038","28117","424893","Returned","2022-02-20 11:18:48","2022-02-21 02:15:00","2022-02-21 20:48:00","2022-02-22 09:53:00","54"
"157689","108757","87218","3942","425765","Returned","2021-09-12 00:57:23","2021-09-08 11:36:00","2021-09-12 03:21:00","2021-09-15 01:56:00","54"
"158890","109602","87895","17654","428999","Returned","2020-03-04 08:20:29","2020-03-04 00:43:00","2020-03-05 11:18:00","2020-03-07 09:26:00","54"
"160572","110782","88833","27827","433553","Returned","2022-02-10 06:00:16","2022-02-13 01:13:00","2022-02-16 11:47:00","2022-02-18 13:56:00","54"
"161045","111085","89061","23194","434812","Returned","2021-10-20 15:09:34","2021-10-21 04:58:00","2021-10-24 23:41:00","2021-10-27 01:45:00","54"
"161461","111374","89295","28671","435946","Returned","2021-10-29 06:47:29","2021-10-27 00:30:00","2021-10-30 22:44:00","2021-10-31 05:58:00","54"
"163166","112543","90247","7314","440589","Returned","2022-03-06 13:16:04","2022-03-09 06:23:00","2022-03-09 07:40:00","2022-03-11 22:04:00","54"
"165158","113898","91318","28122","446047","Returned","2021-08-17 14:48:45","2021-08-17 23:39:00","2021-08-18 20:18:00","2021-08-20 09:21:00","54"
"166697","114961","92152","23630","450206","Returned","2021-02-02 03:21:19","2021-02-03 11:43:00","2021-02-08 04:26:00","2021-02-09 00:52:00","54"
"172623","119044","95421","9449","466221","Returned","2022-05-10 17:59:32","2022-05-10 19:33:00","2022-05-12 03:41:00","2022-05-12 11:14:00","54"
"175110","120751","96814","22791","472902","Returned","2022-05-15 18:10:27","2022-05-18 10:38:00","2022-05-18 11:42:00","2022-05-19 22:59:00","54"
"175893","121310","97286","7252","475023","Returned","2022-07-25 11:06:38","2022-07-26 03:52:00","2022-07-26 11:21:00","2022-07-29 10:25:00","54"
"176940","122033","97866","5764","477872","Returned","2022-04-21 21:01:54","2022-04-20 15:43:00","2022-04-22 23:54:00","2022-04-25 20:15:00","54"
"177127","122150","97948","27852","478389","Returned","2021-07-11 23:48:42","2021-07-12 01:29:00","2021-07-12 15:08:00","2021-07-14 20:19:00","54"
"179733","123960","99428","14599","485360","Returned","2022-08-15 08:47:23","2022-08-15 21:56:00","2022-08-17 11:58:00","2022-08-19 19:56:00","54"
"438","312","271","13166","1160","Cancelled","2019-07-13 10:36:22",NULL,NULL,NULL,"54"
"1385","961","807","13166","3763","Cancelled","2021-07-24 22:18:10",NULL,NULL,NULL,"54"
"2124","1460","1183","9774","5752","Cancelled","2022-06-27 04:36:42",NULL,NULL,NULL,"54"
"10377","7137","5811","26003","28129","Cancelled","2022-02-25 22:48:11",NULL,NULL,NULL,"54"
"14646","10083","8112","16466","39673","Cancelled","2020-10-18 02:06:08",NULL,NULL,NULL,"54"
"15952","10950","8799","23506","43178","Cancelled","2022-03-23 12:59:08",NULL,NULL,NULL,"54"
"16977","11680","9402","571","45968","Cancelled","2022-08-10 00:51:16",NULL,NULL,NULL,"54"
"18086","12439","10005","17301","49005","Cancelled","2021-01-07 06:51:39",NULL,NULL,NULL,"54"
"19446","13369","10723","23630","52613","Cancelled","2022-05-02 14:11:54",NULL,NULL,NULL,"54"
"19777","13602","10896","23506","53515","Cancelled","2022-07-14 05:20:43",NULL,NULL,NULL,"54"
"21156","14543","11623","27527","57227","Cancelled","2022-08-16 23:56:37",NULL,NULL,NULL,"54"
"21964","15103","12055","17301","59373","Cancelled","2020-08-23 13:47:18",NULL,NULL,NULL,"54"
"23409","16110","12878","17020","63270","Cancelled","2020-05-11 15:25:19",NULL,NULL,NULL,"54"
"24828","17101","13655","22569","67098","Cancelled","2022-06-29 11:37:38",NULL,NULL,NULL,"54"
"25975","17898","14304","23476","70184","Cancelled","2021-11-27 00:27:12",NULL,NULL,NULL,"54"
"26603","18330","14642","5085","71905","Cancelled","2020-02-02 03:25:52",NULL,NULL,NULL,"54"
"30879","21258","17027","9774","83476","Cancelled","2022-03-07 06:10:46",NULL,NULL,NULL,"54"
"32851","22615","18058","14772","88764","Cancelled","2022-08-22 14:07:51",NULL,NULL,NULL,"54"
"34126","23501","18757","8381","92204","Cancelled","2022-08-11 05:56:05",NULL,NULL,NULL,"54"
"34413","23689","18902","27505","92963","Cancelled","2022-04-15 23:47:02",NULL,NULL,NULL,"54"
"34588","23810","19006","13532","93440","Cancelled","2022-02-23 11:13:40",NULL,NULL,NULL,"54"
"39241","27016","21578","23003","105952","Cancelled","2021-05-20 02:30:29",NULL,NULL,NULL,"54"
"40667","27971","22317","11572","109809","Cancelled","2022-07-12 23:39:01",NULL,NULL,NULL,"54"
"40679","27978","22323","11712","109840","Cancelled","2022-07-19 18:33:39",NULL,NULL,NULL,"54"
"40779","28051","22374","9449","110121","Cancelled","2022-04-28 23:55:08",NULL,NULL,NULL,"54"
"42283","29088","23194","17008","114165","Cancelled","2022-06-12 04:38:24",NULL,NULL,NULL,"54"
"43431","29881","23824","23194","117274","Cancelled","2022-08-26 03:53:24",NULL,NULL,NULL,"54"
"43627","30013","23924","26003","117826","Cancelled","2021-10-29 04:56:05",NULL,NULL,NULL,"54"
"43712","30066","23968","22569","118055","Cancelled","2021-12-14 02:33:19",NULL,NULL,NULL,"54"
"45874","31579","25193","28117","123855","Cancelled","2022-04-30 03:02:26",NULL,NULL,NULL,"54"
"46210","31811","25387","13390","124773","Cancelled","2022-02-01 06:40:47",NULL,NULL,NULL,"54"
"47522","32743","26145","11333","128266","Cancelled","2021-11-26 10:07:41",NULL,NULL,NULL,"54"
"49748","34267","27363","1443","134284","Cancelled","2022-01-15 01:36:13",NULL,NULL,NULL,"54"
"50203","34581","27607","23003","135514","Cancelled","2022-05-08 11:14:51",NULL,NULL,NULL,"54"
"50512","34799","27781","22723","136348","Cancelled","2022-08-14 23:28:46",NULL,NULL,NULL,"54"
"51170","35276","28162","27916","138110","Cancelled","2020-03-04 10:19:52",NULL,NULL,NULL,"54"
"55267","38091","30434","21263","149116","Cancelled","2021-06-05 03:48:39",NULL,NULL,NULL,"54"
"56180","38727","30967","11150","151607","Cancelled","2020-10-27 12:03:15",NULL,NULL,NULL,"54"
"56761","39124","31281","13532","153204","Cancelled","2022-09-05 21:54:07.26139",NULL,NULL,NULL,"54"
"57116","39364","31468","28822","154161","Cancelled","2022-06-07 09:50:40",NULL,NULL,NULL,"54"
"63026","43387","34685","11660","170163","Cancelled","2022-09-05 00:24:01",NULL,NULL,NULL,"54"
"63035","43393","34689","20774","170184","Cancelled","2022-08-03 03:04:29",NULL,NULL,NULL,"54"
"67608","46515","37208","13708","182552","Cancelled","2020-10-28 08:40:42",NULL,NULL,NULL,"54"
"69432","47811","38228","14448","187411","Cancelled","2022-04-26 12:32:15",NULL,NULL,NULL,"54"
"69846","48084","38447","20671","188547","Cancelled","2021-06-01 10:43:18",NULL,NULL,NULL,"54"
"70836","48773","39021","2096","191230","Cancelled","2022-08-06 04:30:36",NULL,NULL,NULL,"54"
"71509","49244","39410","20703","193067","Cancelled","2022-02-21 03:38:21",NULL,NULL,NULL,"54"
"75041","51707","41369","12040","202603","Cancelled","2020-11-21 13:30:50",NULL,NULL,NULL,"54"
"77006","53098","42478","20774","207938","Cancelled","2021-08-20 05:54:03",NULL,NULL,NULL,"54"
"78778","54319","43480","17301","212677","Cancelled","2022-08-14 07:33:05",NULL,NULL,NULL,"54"
"80614","55599","44444","3797","217707","Cancelled","2022-04-17 00:08:31",NULL,NULL,NULL,"54"
"82705","57093","45638","22791","223366","Cancelled","2022-05-03 09:35:58",NULL,NULL,NULL,"54"
"87348","60357","48312","27890","235972","Cancelled","2022-07-03 14:02:11",NULL,NULL,NULL,"54"
"87447","60425","48376","27852","236237","Cancelled","2021-03-30 22:31:10",NULL,NULL,NULL,"54"
"90886","62803","50286","27958","245515","Cancelled","2022-05-28 12:03:01",NULL,NULL,NULL,"54"
"91953","63536","50867","5764","248374","Cancelled","2021-12-27 22:10:16",NULL,NULL,NULL,"54"
"94397","65220","52181","27916","254990","Cancelled","2021-05-14 14:18:36",NULL,NULL,NULL,"54"
"96706","66820","53413","8116","261207","Cancelled","2022-07-24 02:35:16",NULL,NULL,NULL,"54"
"101884","70414","56299","15442","275165","Cancelled","2022-07-24 16:24:35",NULL,NULL,NULL,"54"
"102903","71100","56835","11660","277943","Cancelled","2019-08-06 23:20:30",NULL,NULL,NULL,"54"
"102905","71101","56835","14599","277948","Cancelled","2021-10-26 22:56:57",NULL,NULL,NULL,"54"
"104340","72094","57637","28966","281850","Cancelled","2020-11-18 08:27:40",NULL,NULL,NULL,"54"
"105588","72955","58354","14504","285196","Cancelled","2020-09-24 15:53:03",NULL,NULL,NULL,"54"
"107854","74510","59568","9724","291330","Cancelled","2022-07-23 01:12:42",NULL,NULL,NULL,"54"
"107890","74537","59588","27465","291431","Cancelled","2022-05-13 12:18:38",NULL,NULL,NULL,"54"
"108531","74981","59959","28117","293173","Cancelled","2021-12-17 10:56:14",NULL,NULL,NULL,"54"
"108960","75269","60180","10388","294330","Cancelled","2022-01-29 22:22:46",NULL,NULL,NULL,"54"
"109515","75655","60472","13351","295817","Cancelled","2022-09-04 14:11:25",NULL,NULL,NULL,"54"
"112351","77600","62075","20671","303456","Cancelled","2021-06-26 04:56:13",NULL,NULL,NULL,"54"
"112439","77663","62123","23247","303696","Cancelled","2021-07-20 15:02:15",NULL,NULL,NULL,"54"
"112995","78052","62438","14504","305209","Cancelled","2019-05-13 22:23:50",NULL,NULL,NULL,"54"
"113704","78550","62815","1605","307097","Cancelled","2022-08-31 13:04:29",NULL,NULL,NULL,"54"
"114275","78929","63136","17020","308638","Cancelled","2022-01-06 04:56:13",NULL,NULL,NULL,"54"
"117191","80898","64773","103","316467","Cancelled","2022-05-21 06:38:19",NULL,NULL,NULL,"54"
"119824","82723","66223","13390","323508","Cancelled","2020-02-11 07:15:41",NULL,NULL,NULL,"54"
"119841","82732","66229","17339","323555","Cancelled","2020-11-05 09:12:02",NULL,NULL,NULL,"54"
"119977","82824","66304","16466","323939","Cancelled","2022-08-22 11:53:46",NULL,NULL,NULL,"54"
"120620","83246","66664","28822","325692","Cancelled","2021-06-23 02:04:38",NULL,NULL,NULL,"54"
"120831","83392","66774","6755","326252","Cancelled","2021-08-09 21:29:56",NULL,NULL,NULL,"54"
"122063","84202","67400","4281","329567","Cancelled","2019-09-07 01:47:01",NULL,NULL,NULL,"54"
"122417","84454","67598","27827","330532","Cancelled","2022-01-28 15:54:59",NULL,NULL,NULL,"54"
"123009","84857","67917","2096","332157","Cancelled","2022-01-20 04:53:44",NULL,NULL,NULL,"54"
"123871","85459","68385","26225","334428","Cancelled","2020-04-27 05:06:27",NULL,NULL,NULL,"54"
"126356","87158","69743","24347","341159","Cancelled","2022-05-12 04:57:56",NULL,NULL,NULL,"54"
"126889","87518","70062","14504","342605","Cancelled","2021-11-15 14:11:01",NULL,NULL,NULL,"54"
"127195","87715","70220","23476","343414","Cancelled","2022-02-28 08:50:34",NULL,NULL,NULL,"54"
"129744","89484","71681","27465","350296","Cancelled","2022-07-05 07:49:02",NULL,NULL,NULL,"54"
"131770","90896","72809","23247","355776","Cancelled","2022-06-23 05:00:56",NULL,NULL,NULL,"54"
"136550","94233","75527","27958","368713","Cancelled","2022-08-11 01:29:17",NULL,NULL,NULL,"54"
"137507","94877","76043","28671","371289","Cancelled","2019-06-26 23:35:44",NULL,NULL,NULL,"54"
"142488","98301","78824","13390","384724","Cancelled","2022-05-12 05:05:04",NULL,NULL,NULL,"54"
"143720","99169","79507","13532","388030","Cancelled","2021-07-18 09:45:29",NULL,NULL,NULL,"54"
"144722","99857","80066","26003","390755","Cancelled","2022-08-10 02:54:44",NULL,NULL,NULL,"54"
"144930","100001","80193","11964","391321","Cancelled","2021-05-20 16:48:13",NULL,NULL,NULL,"54"
"147888","102055","81855","2703","399308","Cancelled","2022-08-24 17:59:42",NULL,NULL,NULL,"54"
"148012","102142","81928","13351","399644","Cancelled","2021-10-26 04:35:16",NULL,NULL,NULL,"54"
"150991","104192","83584","22965","407793","Cancelled","2022-07-27 22:39:01",NULL,NULL,NULL,"54"
"151289","104382","83742","22791","408585","Cancelled","2022-08-25 04:38:59",NULL,NULL,NULL,"54"
"151495","104519","83862","26381","409155","Cancelled","2021-11-14 15:44:16",NULL,NULL,NULL,"54"
"151549","104552","83888","5764","409297","Cancelled","2021-11-05 03:04:31",NULL,NULL,NULL,"54"
"152445","105184","84389","14599","411707","Cancelled","2022-06-15 08:13:47",NULL,NULL,NULL,"54"
"154120","106343","85298","11572","416184","Cancelled","2020-01-30 12:56:44",NULL,NULL,NULL,"54"
"158073","109034","87442","13325","426793","Cancelled","2022-07-19 05:39:36",NULL,NULL,NULL,"54"
"158377","109242","87612","14599","427606","Cancelled","2020-06-07 12:17:30",NULL,NULL,NULL,"54"
"160538","110754","88812","22530","433460","Cancelled","2021-08-11 01:53:51",NULL,NULL,NULL,"54"
"161494","111395","89317","16466","436035","Cancelled","2022-05-26 11:13:22",NULL,NULL,NULL,"54"
"162073","111768","89599","9774","437621","Cancelled","2022-08-11 08:50:49",NULL,NULL,NULL,"54"
"162708","112228","89981","5891","439363","Cancelled","2022-06-19 11:22:23",NULL,NULL,NULL,"54"
"162890","112359","90101","5891","439863","Cancelled","2022-04-01 01:45:53",NULL,NULL,NULL,"54"
"164104","113194","90770","27890","443149","Cancelled","2020-12-26 22:55:39",NULL,NULL,NULL,"54"
"166749","114995","92175","7456","450350","Cancelled","2022-05-21 00:30:35",NULL,NULL,NULL,"54"
"166860","115072","92231","288","450648","Cancelled","2022-08-21 04:15:54",NULL,NULL,NULL,"54"
"169761","117068","93871","22530","458434","Cancelled","2020-04-18 00:08:32",NULL,NULL,NULL,"54"
"169808","117101","93892","14504","458558","Cancelled","2022-06-13 11:27:01",NULL,NULL,NULL,"54"
"170138","117317","94076","28117","459469","Cancelled","2022-08-29 23:34:04",NULL,NULL,NULL,"54"
"171667","118360","94911","9724","463618","Cancelled","2020-10-03 06:00:20",NULL,NULL,NULL,"54"
"174076","120061","96280","1443","470076","Cancelled","2020-10-16 09:07:55",NULL,NULL,NULL,"54"
"175667","121151","97147","2377","474420","Cancelled","2021-10-31 13:01:19",NULL,NULL,NULL,"54"
"175702","121178","97172","26225","474515","Cancelled","2020-11-04 03:40:00",NULL,NULL,NULL,"54"
"175926","121331","97304","11784","475109","Cancelled","2022-08-31 05:11:29",NULL,NULL,NULL,"54"
"177039","122098","97911","22569","478151","Cancelled","2022-05-17 01:53:20",NULL,NULL,NULL,"54"
"177043","122100","97912","28822","478162","Cancelled","2022-02-06 00:41:58",NULL,NULL,NULL,"54"
"179178","123581","99131","26225","483878","Cancelled","2020-10-13 00:50:18",NULL,NULL,NULL,"54"
"179852","124030","99476","22530","485681","Cancelled","2021-06-22 11:55:41",NULL,NULL,NULL,"54"
"180015","124147","99572","17339","486125","Cancelled","2022-05-19 02:41:54",NULL,NULL,NULL,"54"
"1161","803","675","4267","3135","Processing","2022-08-18 00:40:14",NULL,NULL,NULL,"54"
"1979","1374","1107","7433","5363","Processing","2021-04-26 14:02:32",NULL,NULL,NULL,"54"
"7150","4878","3952","13390","19365","Processing","2022-06-11 21:29:09",NULL,NULL,NULL,"54"
"7417","5074","4116","11660","20101","Processing","2022-06-26 22:21:27",NULL,NULL,NULL,"54"
"7596","5200","4220","27606","20595","Processing","2021-12-15 12:53:48",NULL,NULL,NULL,"54"
"7675","5261","4261","27465","20815","Processing","2020-07-05 02:54:36",NULL,NULL,NULL,"54"
"7891","5404","4375","28822","21404","Processing","2020-10-21 07:59:27",NULL,NULL,NULL,"54"
"8683","5954","4820","8116","23547","Processing","2020-11-12 10:34:09",NULL,NULL,NULL,"54"
"8995","6161","4976","13166","24394","Processing","2021-09-03 04:32:46",NULL,NULL,NULL,"54"
"10435","7176","5842","11150","28285","Processing","2022-05-13 21:23:17",NULL,NULL,NULL,"54"
"13488","9297","7493","11606","36555","Processing","2022-03-18 23:30:21",NULL,NULL,NULL,"54"
"13546","9332","7524","27527","36708","Processing","2019-06-06 00:06:43",NULL,NULL,NULL,"54"
"20799","14301","11445","27890","56300","Processing","2020-06-18 04:47:49",NULL,NULL,NULL,"54"
"20978","14424","11541","23003","56772","Processing","2021-06-25 06:12:01",NULL,NULL,NULL,"54"
"21957","15101","12055","17339","59354","Processing","2022-04-27 14:45:05",NULL,NULL,NULL,"54"
"25218","17377","13881","22462","68156","Processing","2022-07-26 23:59:56",NULL,NULL,NULL,"54"
"25459","17542","14013","11150","68793","Processing","2021-07-09 11:29:55",NULL,NULL,NULL,"54"
"25845","17811","14240","26003","69840","Processing","2022-08-05 14:47:57",NULL,NULL,NULL,"54"
"26505","18266","14595","21914","71637","Processing","2020-09-24 10:06:57",NULL,NULL,NULL,"54"
"26897","18530","14798","22569","72690","Processing","2021-02-17 11:04:20",NULL,NULL,NULL,"54"
"26996","18593","14850","22699","72975","Processing","2021-04-19 09:54:19",NULL,NULL,NULL,"54"
"28325","19519","15609","22791","76574","Processing","2022-09-03 02:51:30",NULL,NULL,NULL,"54"
"30325","20882","16712","11150","81997","Processing","2021-12-27 05:25:00",NULL,NULL,NULL,"54"
"31871","21932","17548","11606","86131","Processing","2021-07-16 15:55:54",NULL,NULL,NULL,"54"
"36122","24873","19886","22723","97547","Processing","2022-06-07 16:37:19",NULL,NULL,NULL,"54"
"37018","25491","20376","4267","99954","Processing","2022-06-24 05:54:44",NULL,NULL,NULL,"54"
"37152","25587","20444","9449","100320","Processing","2022-09-02 05:34:22.353494",NULL,NULL,NULL,"54"
"37279","25669","20511","13390","100666","Processing","2022-07-17 14:44:05",NULL,NULL,NULL,"54"
"38698","26657","21304","26381","104487","Processing","2021-12-27 21:18:29",NULL,NULL,NULL,"54"
"38884","26780","21391","7314","104973","Processing","2021-09-21 10:12:15",NULL,NULL,NULL,"54"
"40727","28014","22346","27714","109973","Processing","2021-10-20 07:01:01",NULL,NULL,NULL,"54"
"40944","28161","22454","14448","110546","Processing","2020-10-26 15:14:48",NULL,NULL,NULL,"54"
"41565","28586","22800","22921","112195","Processing","2022-05-05 06:13:29",NULL,NULL,NULL,"54"
"41855","28795","22974","23003","112994","Processing","2022-06-02 02:07:23",NULL,NULL,NULL,"54"
"42274","29082","23190","17020","114142","Processing","2022-05-06 05:40:09",NULL,NULL,NULL,"54"
"44168","30389","24247","9449","119298","Processing","2022-08-05 05:53:45",NULL,NULL,NULL,"54"
"44234","30436","24292","11793","119469","Processing","2020-09-17 05:42:50",NULL,NULL,NULL,"54"
"44492","30627","24445","5764","120162","Processing","2020-02-09 07:33:42",NULL,NULL,NULL,"54"
"44565","30680","24487","11964","120372","Processing","2022-08-31 10:32:33",NULL,NULL,NULL,"54"
"45993","31658","25247","13532","124186","Processing","2022-06-09 00:53:15",NULL,NULL,NULL,"54"
"46075","31722","25309","23247","124414","Processing","2022-02-21 16:47:45",NULL,NULL,NULL,"54"
"48341","33310","26610","80","130465","Processing","2022-02-26 15:13:04",NULL,NULL,NULL,"54"
"49308","33955","27117","5891","133092","Processing","2022-02-23 15:27:48",NULL,NULL,NULL,"54"
"49567","34144","27253","22569","133801","Processing","2022-07-29 02:53:38",NULL,NULL,NULL,"54"
"49704","34241","27339","20671","134175","Processing","2021-12-05 10:01:26",NULL,NULL,NULL,"54"
"49734","34257","27351","8116","134250","Processing","2020-04-09 17:27:07",NULL,NULL,NULL,"54"
"49987","34425","27492","15025","134940","Processing","2022-04-19 11:43:36",NULL,NULL,NULL,"54"
"51136","35254","28142","16466","138026","Processing","2021-12-03 16:36:33",NULL,NULL,NULL,"54"
"55696","38395","30682","24347","150284","Processing","2021-08-23 12:00:03",NULL,NULL,NULL,"54"
"57651","39731","31747","23003","155589","Processing","2022-06-15 08:38:32",NULL,NULL,NULL,"54"
"58753","40493","32338","14772","158575","Processing","2022-07-09 09:34:46",NULL,NULL,NULL,"54"
"58888","40583","32412","17339","158939","Processing","2022-02-01 13:43:57",NULL,NULL,NULL,"54"
"60009","41335","33021","20774","162014","Processing","2022-06-19 14:55:18",NULL,NULL,NULL,"54"
"60247","41494","33157","22723","162654","Processing","2022-04-23 00:17:36",NULL,NULL,NULL,"54"
"60536","41690","33328","3797","163434","Processing","2022-03-19 17:16:57",NULL,NULL,NULL,"54"
"61266","42185","33729","28235","165395","Processing","2021-08-06 13:14:26",NULL,NULL,NULL,"54"
"63332","43604","34864","13532","171011","Processing","2022-05-15 10:07:07",NULL,NULL,NULL,"54"
"63535","43749","34985","17339","171527","Processing","2021-09-03 22:49:53",NULL,NULL,NULL,"54"
"64879","44659","35722","7314","175208","Processing","2022-08-28 22:25:44",NULL,NULL,NULL,"54"
"65505","45112","36060","27916","176890","Processing","2022-04-14 11:53:31",NULL,NULL,NULL,"54"
"65555","45150","36087","4267","177030","Processing","2022-05-19 02:07:56",NULL,NULL,NULL,"54"
"67828","46678","37344","17556","183134","Processing","2022-02-04 09:07:23",NULL,NULL,NULL,"54"
"69772","48035","38408","8116","188344","Processing","2022-05-14 03:25:31",NULL,NULL,NULL,"54"
"70998","48879","39107","28966","191672","Processing","2021-04-05 05:58:01",NULL,NULL,NULL,"54"
"71043","48911","39127","7433","191792","Processing","2022-07-20 04:13:14",NULL,NULL,NULL,"54"
"73971","50953","40770","27827","199728","Processing","2020-11-16 16:01:39",NULL,NULL,NULL,"54"
"76360","52627","42110","8381","206197","Processing","2020-10-03 00:10:05",NULL,NULL,NULL,"54"
"76857","52994","42396","22530","207550","Processing","2022-02-02 09:15:26",NULL,NULL,NULL,"54"
"77836","53668","42942","5891","210122","Processing","2022-08-24 01:36:05",NULL,NULL,NULL,"54"
"78131","53878","43098","7314","210931","Processing","2022-09-08 17:08:20.58708",NULL,NULL,NULL,"54"
"79020","54481","43599","27465","213341","Processing","2022-07-06 06:59:28",NULL,NULL,NULL,"54"
"83092","57377","45864","28122","224413","Processing","2022-07-31 07:47:31",NULL,NULL,NULL,"54"
"84321","58252","46580","22530","227736","Processing","2022-07-17 00:16:48",NULL,NULL,NULL,"54"
"85326","58967","47141","11176","230474","Processing","2022-03-11 03:37:40",NULL,NULL,NULL,"54"
"85562","59127","47272","28671","231112","Processing","2022-09-01 15:46:08",NULL,NULL,NULL,"54"
"86460","59738","47797","23173","233560","Processing","2019-06-18 23:22:13",NULL,NULL,NULL,"54"
"86803","59985","47996","11660","234497","Processing","2022-06-06 23:50:10",NULL,NULL,NULL,"54"
"87102","60192","48173","9724","235307","Processing","2020-07-05 11:28:21",NULL,NULL,NULL,"54"
"88436","61122","48941","17339","238916","Processing","2019-09-20 09:39:34",NULL,NULL,NULL,"54"
"89689","62001","49627","24347","242282","Processing","2022-09-05 06:27:01",NULL,NULL,NULL,"54"
"91316","63095","50511","21914","246681","Processing","2020-09-07 23:49:21",NULL,NULL,NULL,"54"
"91720","63379","50745","3942","247753","Processing","2021-08-10 16:11:08",NULL,NULL,NULL,"54"
"92470","63887","51147","16466","249756","Processing","2020-03-26 06:57:57",NULL,NULL,NULL,"54"
"99227","68566","54816","8381","268040","Processing","2021-12-09 13:23:26",NULL,NULL,NULL,"54"
"100314","69331","55439","11572","270925","Processing","2021-07-15 06:35:21",NULL,NULL,NULL,"54"
"101025","69816","55833","3942","272847","Processing","2022-05-06 11:29:43",NULL,NULL,NULL,"54"
"102900","71099","56834","9","277936","Processing","2021-06-15 14:20:23",NULL,NULL,NULL,"54"
"104497","72204","57724","22462","282280","Processing","2022-08-21 16:32:25",NULL,NULL,NULL,"54"
"108170","74726","59755","17020","292214","Processing","2020-12-14 15:10:46",NULL,NULL,NULL,"54"
"109345","75535","60383","7433","295358","Processing","2021-12-31 13:43:39",NULL,NULL,NULL,"54"
"109450","75606","60435","3942","295643","Processing","2022-04-12 04:37:55",NULL,NULL,NULL,"54"
"110832","76564","61240","23506","299328","Processing","2022-03-07 09:59:04",NULL,NULL,NULL,"54"
"111748","77194","61764","7314","301804","Processing","2020-08-30 05:29:18",NULL,NULL,NULL,"54"
"112070","77409","61932","22699","302696","Processing","2022-07-17 11:43:34",NULL,NULL,NULL,"54"
"114913","79370","63491","11606","310369","Processing","2021-05-28 11:09:35",NULL,NULL,NULL,"54"
"117534","81136","64984","4278","317378","Processing","2021-04-27 10:00:56",NULL,NULL,NULL,"54"
"117894","81376","65172","571","318362","Processing","2022-01-02 07:22:48",NULL,NULL,NULL,"54"
"118763","81990","65637","4281","320687","Processing","2021-05-05 23:50:52",NULL,NULL,NULL,"54"
"120173","82948","66412","20774","324456","Processing","2021-08-13 00:27:47",NULL,NULL,NULL,"54"
"120639","83257","66670","26003","325737","Processing","2022-01-31 00:43:40",NULL,NULL,NULL,"54"
"122733","84670","67768","27808","331391","Processing","2022-05-19 09:56:53",NULL,NULL,NULL,"54"
"123478","85198","68186","23247","333389","Processing","2022-03-20 06:04:39",NULL,NULL,NULL,"54"
"123815","85418","68355","288","334273","Processing","2020-11-14 13:45:30",NULL,NULL,NULL,"54"
"124123","85626","68519","26381","335097","Processing","2022-08-17 01:53:13",NULL,NULL,NULL,"54"
"124776","86086","68895","4281","336856","Processing","2020-07-18 15:32:02",NULL,NULL,NULL,"54"
"126456","87229","69813","27580","341426","Processing","2022-01-05 03:02:27",NULL,NULL,NULL,"54"
"126941","87553","70092","17556","342748","Processing","2020-09-30 11:45:30",NULL,NULL,NULL,"54"
"127243","87751","70248","17556","343530","Processing","2020-01-13 02:39:43",NULL,NULL,NULL,"54"
"130161","89775","71902","24347","351430","Processing","2022-07-10 01:41:43",NULL,NULL,NULL,"54"
"130162","89775","71902","23173","351433","Processing","2022-07-09 01:06:49",NULL,NULL,NULL,"54"
"131716","90859","72776","17556","355635","Processing","2022-05-04 16:42:18",NULL,NULL,NULL,"54"
"132160","91173","73015","27890","356850","Processing","2022-05-04 22:22:28",NULL,NULL,NULL,"54"
"134007","92458","74063","20703","361829","Processing","2019-12-11 00:15:16",NULL,NULL,NULL,"54"
"134486","92791","74341","17008","363154","Processing","2022-06-24 10:56:58",NULL,NULL,NULL,"54"
"135227","93301","74746","13166","365165","Processing","2022-07-14 06:26:20",NULL,NULL,NULL,"54"
"136281","94048","75380","11660","368007","Processing","2022-02-26 09:30:20",NULL,NULL,NULL,"54"
"138940","95879","76883","13390","375186","Processing","2022-08-04 00:21:48",NULL,NULL,NULL,"54"
"139642","96330","77258","17658","377073","Processing","2020-11-01 11:46:49",NULL,NULL,NULL,"54"
"141858","97848","78452","5891","383016","Processing","2022-03-29 02:35:27",NULL,NULL,NULL,"54"
"142346","98199","78741","3942","384354","Processing","2021-10-08 01:06:45",NULL,NULL,NULL,"54"
"144201","99492","79771","5764","389349","Processing","2021-12-02 01:28:31",NULL,NULL,NULL,"54"
"147889","102056","81855","15025","399310","Processing","2022-08-21 15:46:20",NULL,NULL,NULL,"54"
"149105","102901","82540","26003","402642","Processing","2019-06-20 01:06:33",NULL,NULL,NULL,"54"
"149664","103295","82858","7314","404158","Processing","2022-04-15 17:55:15",NULL,NULL,NULL,"54"
"149757","103355","82906","11150","404416","Processing","2020-03-26 14:36:12",NULL,NULL,NULL,"54"
"150651","103957","83402","17339","406870","Processing","2022-07-07 01:04:03",NULL,NULL,NULL,"54"
"151727","104678","83988","28122","409772","Processing","2021-07-08 09:48:25",NULL,NULL,NULL,"54"
"153098","105618","84741","27958","413447","Processing","2019-11-11 15:56:13",NULL,NULL,NULL,"54"
"154476","106587","85500","23506","417128","Processing","2022-06-25 04:15:27",NULL,NULL,NULL,"54"
"156165","107724","86415","22791","421650","Processing","2021-11-14 17:39:30",NULL,NULL,NULL,"54"
"157385","108551","87049","22530","424955","Processing","2020-10-18 11:07:19",NULL,NULL,NULL,"54"
"158646","109429","87757","11964","428328","Processing","2021-11-16 23:00:26",NULL,NULL,NULL,"54"
"159408","109965","88185","23173","430393","Processing","2020-08-16 12:00:14",NULL,NULL,NULL,"54"
"160215","110526","88634","20774","432590","Processing","2021-06-18 22:44:45",NULL,NULL,NULL,"54"
"161744","111572","89454","27901","436730","Processing","2022-06-13 00:03:04",NULL,NULL,NULL,"54"
"162142","111824","89647","9774","437810","Processing","2021-10-13 05:31:16",NULL,NULL,NULL,"54"
"162318","111950","89757","23630","438293","Processing","2022-07-19 12:33:44",NULL,NULL,NULL,"54"
"164988","113789","91229","28735","445582","Processing","2022-01-21 02:22:15",NULL,NULL,NULL,"54"
"167035","115193","92328","571","451128","Processing","2019-07-10 03:43:27",NULL,NULL,NULL,"54"
"167878","115770","92812","8381","453353","Processing","2021-09-04 09:00:28",NULL,NULL,NULL,"54"
"168060","115904","92916","27958","453835","Processing","2021-06-01 03:51:19",NULL,NULL,NULL,"54"
"168254","116030","93018","8381","454377","Processing","2022-06-07 07:40:37",NULL,NULL,NULL,"54"
"170422","117503","94243","12040","460235","Processing","2022-03-29 05:50:52",NULL,NULL,NULL,"54"
"171211","118032","94650","24347","462395","Processing","2021-04-30 16:56:57",NULL,NULL,NULL,"54"
"173302","119523","95828","14772","468048","Processing","2020-11-14 15:01:16",NULL,NULL,NULL,"54"
"175522","121044","97044","17556","474030","Processing","2021-08-13 08:51:14",NULL,NULL,NULL,"54"
"177390","122338","98112","1443","479089","Processing","2020-09-28 00:48:05",NULL,NULL,NULL,"54"
"178204","122909","98587","23173","481244","Processing","2020-06-14 01:37:12",NULL,NULL,NULL,"54"
"178518","123136","98768","12730","482102","Processing","2020-11-28 05:16:53",NULL,NULL,NULL,"54"
"180199","124272","99669","23247","486623","Processing","2022-09-03 06:12:40",NULL,NULL,NULL,"54"
"3167","2149","1726","18608","8569","Shipped","2022-07-24 22:48:43","2022-07-25 19:51:00",NULL,NULL,"56"
"5636","3840","3127","17646","15254","Shipped","2022-07-24 11:15:26","2022-07-25 01:56:00",NULL,NULL,"56"
"7499","5132","4162","1427","20317","Shipped","2020-10-03 07:48:56","2020-10-03 08:05:00",NULL,NULL,"56"
"8955","6137","4958","19412","24285","Shipped","2022-05-10 23:35:06","2022-05-13 09:10:00",NULL,NULL,"56"
"14619","10063","8096","2489","39600","Shipped","2021-11-16 22:47:14","2021-11-15 05:42:00",NULL,NULL,"56"
"14957","10285","8267","11669","40514","Shipped","2021-10-28 06:40:14","2021-10-30 12:40:00",NULL,NULL,"56"
"19470","13387","10737","14480","52689","Shipped","2020-02-19 08:28:06","2020-02-20 09:15:00",NULL,NULL,"56"
"23455","16140","12902","17564","63394","Shipped","2021-07-09 04:09:58","2021-07-11 12:58:00",NULL,NULL,"56"
"26860","18506","14775","17279","72589","Shipped","2022-02-19 10:30:49","2022-02-19 17:35:00",NULL,NULL,"56"
"28129","19389","15509","17279","76038","Shipped","2021-08-25 06:07:31","2021-08-26 20:08:00",NULL,NULL,"56"
"29620","20396","16294","6915","80067","Shipped","2022-05-09 07:14:15","2022-05-10 19:01:00",NULL,NULL,"56"
"30805","21209","16990","14468","83272","Shipped","2021-01-02 23:10:33","2020-12-30 22:58:00",NULL,NULL,"56"
"31151","21434","17152","3011","84206","Shipped","2022-05-20 01:11:01","2022-05-20 03:46:00",NULL,NULL,"56"
"31475","21658","17327","18989","85069","Shipped","2021-02-19 15:43:30","2021-02-22 01:15:00",NULL,NULL,"56"
"34831","23971","19139","17797","94102","Shipped","2022-01-06 14:40:01","2022-01-07 22:42:00",NULL,NULL,"56"
"35278","24279","19394","19338","95298","Shipped","2021-07-15 04:02:30","2021-07-15 08:07:00",NULL,NULL,"56"
"36111","24865","19881","17646","97520","Shipped","2022-08-26 08:33:24","2022-08-28 02:38:00",NULL,NULL,"56"
"36798","25326","20244","17564","99330","Shipped","2019-12-20 01:41:55","2019-12-21 22:18:00",NULL,NULL,"56"
"41241","28367","22631","15196","111344","Shipped","2021-07-03 12:02:38","2021-07-03 19:36:00",NULL,NULL,"56"
"42338","29128","23229","14536","114315","Shipped","2021-09-03 04:06:47","2021-09-05 10:29:00",NULL,NULL,"56"
"42719","29400","23434","17580","115360","Shipped","2022-01-01 15:38:57","2022-01-03 04:06:00",NULL,NULL,"56"
"44794","30825","24600","13119","120988","Shipped","2021-04-11 05:32:48","2021-04-09 08:33:00",NULL,NULL,"56"
"44864","30875","24648","17545","121168","Shipped","2022-03-25 06:21:22","2022-03-26 22:31:00",NULL,NULL,"56"
"44886","30892","24664","21282","121223","Shipped","2022-05-21 04:27:18","2022-05-21 19:48:00",NULL,NULL,"56"
"46079","31725","25310","11669","124423","Shipped","2022-07-02 15:26:06","2022-06-29 22:53:00",NULL,NULL,"56"
"52742","36356","29049","2663","142321","Shipped","2022-09-07 00:08:31.401235","2022-09-04 03:57:48.401235",NULL,NULL,"56"
"52747","36359","29053","13461","142335","Shipped","2021-01-13 13:27:49","2021-01-12 05:48:00",NULL,NULL,"56"
"52963","36510","29172","17590","142919","Shipped","2021-11-16 04:34:38","2021-11-17 15:47:00",NULL,NULL,"56"
"54551","37607","30049","15021","147192","Shipped","2020-12-13 01:26:50","2020-12-13 13:58:00",NULL,NULL,"56"
"54936","37870","30247","17545","148245","Shipped","2021-02-05 10:36:32","2021-02-08 05:36:00",NULL,NULL,"56"
"59324","40880","32647","2663","160119","Shipped","2021-11-25 07:42:57","2021-11-22 12:29:00",NULL,NULL,"56"
"61113","42080","33635","11263","164991","Shipped","2020-09-16 04:38:01","2020-09-17 23:07:00",NULL,NULL,"56"
"63455","43689","34938","27223","171322","Shipped","2020-12-12 03:02:44","2020-12-15 04:22:00",NULL,NULL,"56"
"63776","43907","35116","11083","172173","Shipped","2022-08-20 05:26:24","2022-08-21 18:05:00",NULL,NULL,"56"
"64427","44340","35469","10348","173945","Shipped","2022-05-21 09:57:32","2022-05-23 22:44:00",NULL,NULL,"56"
"65693","45229","36147","17454","177386","Shipped","2022-02-08 02:31:52","2022-02-09 02:45:00",NULL,NULL,"56"
"70644","48649","38916","17564","190725","Shipped","2022-03-12 15:20:36","2022-03-13 09:59:00",NULL,NULL,"56"
"72212","49730","39803","13461","194939","Shipped","2020-01-21 11:05:08","2020-01-17 20:12:00",NULL,NULL,"56"
"78277","53980","43183","7735","211324","Shipped","2022-05-28 15:02:46","2022-05-31 01:43:00",NULL,NULL,"56"
"79575","54879","43891","7735","214867","Shipped","2022-07-06 01:59:50","2022-07-02 10:17:00",NULL,NULL,"56"
"85040","58766","46981","27758","229700","Shipped","2021-07-04 09:09:35","2021-07-04 10:43:00",NULL,NULL,"56"
"89005","61516","49250","21098","240465","Shipped","2020-11-21 00:06:10","2020-11-21 23:46:00",NULL,NULL,"56"
"89807","62080","49697","21485","242604","Shipped","2021-12-26 16:42:59","2021-12-27 17:51:00",NULL,NULL,"56"
"91330","63107","50521","6915","246717","Shipped","2022-02-25 02:53:29","2022-02-27 22:10:00",NULL,NULL,"56"
"92142","63665","50967","19306","248876","Shipped","2021-08-09 06:23:22","2021-08-10 03:08:00",NULL,NULL,"56"
"93987","64933","51963","11939","253857","Shipped","2019-07-14 04:31:51","2019-07-10 20:29:00",NULL,NULL,"56"
"94416","65231","52194","17279","255044","Shipped","2020-08-25 23:49:35","2020-08-28 04:05:00",NULL,NULL,"56"
"95155","65759","52606","11083","257028","Shipped","2021-10-02 07:07:54","2021-10-02 10:40:00",NULL,NULL,"56"
"95584","66070","52844","13461","258200","Shipped","2022-05-14 14:09:59","2022-05-16 05:11:00",NULL,NULL,"56"
"96781","66870","53450","14480","261411","Shipped","2021-09-06 12:43:49","2021-09-08 00:03:00",NULL,NULL,"56"
"97881","67642","54049","10565","264420","Shipped","2021-02-02 22:16:22","2021-02-04 15:27:00",NULL,NULL,"56"
"100094","69179","55312","17477","270351","Shipped","2021-09-24 22:27:40","2021-09-25 12:18:00",NULL,NULL,"56"
"101445","70096","56039","7735","273978","Shipped","2019-11-12 21:56:12","2019-11-11 11:41:00",NULL,NULL,"56"
"101759","70315","56224","18608","274819","Shipped","2022-07-22 03:42:59","2022-07-23 06:32:00",NULL,NULL,"56"
"102034","70511","56372","17279","275573","Shipped","2022-05-09 06:52:57","2022-05-10 08:54:00",NULL,NULL,"56"
"102068","70531","56389","27758","275661","Shipped","2022-08-13 15:13:17","2022-08-14 17:07:00",NULL,NULL,"56"
"103504","71528","57185","11939","279581","Shipped","2022-08-16 00:35:05","2022-08-16 03:54:00",NULL,NULL,"56"
"114812","79301","63440","2663","310108","Shipped","2022-07-26 14:23:48","2022-07-27 14:17:00",NULL,NULL,"56"
"114868","79341","63467","27758","310258","Shipped","2020-06-27 09:44:11","2020-06-27 16:48:00",NULL,NULL,"56"
"116421","80397","64360","26673","314436","Shipped","2021-07-31 18:08:27","2021-08-02 05:23:00",NULL,NULL,"56"
"116441","80409","64369","12704","314496","Shipped","2021-09-20 04:13:56","2021-09-21 22:41:00",NULL,NULL,"56"
"120528","83184","66607","27223","325451","Shipped","2021-11-19 01:44:21","2021-11-20 10:10:00",NULL,NULL,"56"
"123415","85152","68148","17646","333213","Shipped","2021-10-25 01:09:27","2021-10-26 22:03:00",NULL,NULL,"56"
"125827","86786","69444","17797","339704","Shipped","2021-09-06 23:31:55","2021-09-04 15:52:00",NULL,NULL,"56"
"127590","87984","70454","13119","344465","Shipped","2022-07-16 20:47:45","2022-07-17 13:01:00",NULL,NULL,"56"
"127761","88108","70562","17797","344940","Shipped","2022-01-15 13:59:36","2022-01-16 11:35:00",NULL,NULL,"56"
"128183","88401","70803","12704","346109","Shipped","2022-03-04 04:10:19","2022-03-05 11:11:00",NULL,NULL,"56"
"131146","90460","72462","15021","354100","Shipped","2021-09-24 12:11:25","2021-09-24 15:57:00",NULL,NULL,"56"
"132258","91238","73059","14480","357114","Shipped","2022-04-03 15:52:16","2022-04-05 20:34:00",NULL,NULL,"56"
"133678","92235","73874","20878","360965","Shipped","2020-08-07 08:42:52","2020-08-09 18:28:00",NULL,NULL,"56"
"134197","92594","74176","17454","362368","Shipped","2022-01-28 23:56:23","2022-01-28 21:37:00",NULL,NULL,"56"
"135429","93451","74874","12704","365711","Shipped","2021-09-22 10:38:11","2021-09-23 07:46:00",NULL,NULL,"56"
"136274","94042","75378","5555","367990","Shipped","2022-07-27 04:02:12","2022-07-29 20:26:00",NULL,NULL,"56"
"139880","96490","77369","1427","377710","Shipped","2020-04-16 05:24:15","2020-04-16 20:35:00",NULL,NULL,"56"
"141588","97661","78309","10134","382307","Shipped","2021-04-12 12:00:06","2021-04-14 13:54:00",NULL,NULL,"56"
"144008","99365","79669","7293","388823","Shipped","2022-06-28 14:14:42","2022-07-01 08:34:00",NULL,NULL,"56"
"144157","99462","79747","23211","389221","Shipped","2020-09-16 02:53:32","2020-09-13 08:03:00",NULL,NULL,"56"
"144563","99743","79976","17590","390306","Shipped","2022-04-26 09:11:39","2022-04-26 09:49:00",NULL,NULL,"56"
"145159","100158","80316","17655","391959","Shipped","2022-07-08 11:27:22","2022-07-09 19:12:00",NULL,NULL,"56"
"149483","103169","82747","14536","403663","Shipped","2022-02-26 09:33:18","2022-02-28 11:22:00",NULL,NULL,"56"
"154362","106505","85432","17655","416809","Shipped","2022-04-27 10:05:51","2022-04-25 20:51:00",NULL,NULL,"56"
"154737","106766","85669","7735","417837","Shipped","2021-06-01 00:29:03","2021-06-04 01:42:00",NULL,NULL,"56"
"154922","106891","85761","14480","418334","Shipped","2022-08-02 10:01:11","2022-08-02 15:33:00",NULL,NULL,"56"
"161881","111657","89525","14432","437106","Shipped","2022-04-16 15:25:23","2022-04-18 17:22:00",NULL,NULL,"56"
"173427","119614","95903","14432","468366","Shipped","2021-01-09 08:24:49","2021-01-11 16:11:00",NULL,NULL,"56"
"175873","121294","97275","17564","474969","Shipped","2022-04-23 00:57:25","2022-04-25 06:31:00",NULL,NULL,"56"
"175964","121358","97330","17454","475217","Shipped","2021-11-13 12:29:02","2021-11-12 03:49:00",NULL,NULL,"56"
"176044","121404","97369","17797","475439","Shipped","2022-09-03 04:00:31","2022-09-01 14:01:00",NULL,NULL,"56"
"178343","123010","98665","27758","481621","Shipped","2021-12-03 02:09:19","2021-12-04 23:58:00",NULL,NULL,"56"
"179586","123856","99346","7735","484980","Shipped","2021-10-04 04:21:07","2021-10-06 06:25:00",NULL,NULL,"56"
"180629","124571","99887","10565","487769","Shipped","2022-02-25 23:34:44","2022-03-01 00:30:00",NULL,NULL,"56"
"1488","1033","865","27912","4037","Complete","2021-08-11 12:51:38","2021-08-13 21:04:00","2021-08-14 21:33:00",NULL,"56"
"3172","2151","1728","17590","8581","Complete","2022-08-22 10:44:20","2022-08-22 18:37:00","2022-08-27 08:59:00",NULL,"56"
"3297","2239","1795","27223","8923","Complete","2019-12-28 10:40:14","2019-12-31 11:15:00","2020-01-01 10:12:00",NULL,"56"
"4510","3089","2504","18989","12228","Complete","2021-10-11 23:44:52","2021-10-13 22:16:00","2021-10-16 21:47:00",NULL,"56"
"5421","3699","3019","27912","14683","Complete","2021-12-02 14:12:02","2021-12-02 18:51:00","2021-12-07 07:20:00",NULL,"56"
"6074","4142","3358","13077","16430","Complete","2022-06-05 07:21:28","2022-06-06 05:14:00","2022-06-07 06:28:00",NULL,"56"
"6656","4539","3680","27758","18030","Complete","2022-09-02 13:16:11.204711","2022-09-05 05:36:26.204711","2022-09-07 18:50:26.204711",NULL,"56"
"10727","7375","6001","26673","29066","Complete","2022-01-23 04:31:04","2022-01-25 19:59:00","2022-01-29 16:29:00",NULL,"56"
"11362","7815","6339","12704","30781","Complete","2022-05-29 23:49:08","2022-05-27 06:25:00","2022-05-30 08:09:00",NULL,"56"
"11904","8210","6643","15787","32259","Complete","2020-08-31 05:36:05","2020-09-01 22:38:00","2020-09-03 01:33:00",NULL,"56"
"17880","12295","9891","21694","48437","Complete","2022-05-06 22:01:09","2022-05-08 19:44:00","2022-05-09 21:02:00",NULL,"56"
"27695","19075","15248","21282","74860","Complete","2019-10-01 12:40:29","2019-10-04 10:43:00","2019-10-07 20:43:00",NULL,"56"
"29734","20483","16369","19306","80385","Complete","2022-06-19 00:35:55","2022-06-21 23:59:00","2022-06-22 07:18:00",NULL,"56"
"32267","22201","17754","15021","87180","Complete","2022-06-29 04:12:26","2022-06-30 17:00:00","2022-07-02 15:19:00",NULL,"56"
"32284","22212","17761","1427","87227","Complete","2022-02-03 11:48:58","2022-02-05 06:47:00","2022-02-06 00:10:00",NULL,"56"
"39933","27490","21950","15021","107787","Complete","2022-07-06 00:55:39","2022-07-07 04:39:00","2022-07-10 04:08:00",NULL,"56"
"42776","29435","23465","17545","115521","Complete","2021-10-07 09:58:29","2021-10-05 16:19:00","2021-10-07 18:03:00",NULL,"56"
"43376","29839","23790","19362","117127","Complete","2020-06-15 09:32:19","2020-06-15 22:57:00","2020-06-19 14:55:00",NULL,"56"
"48962","33731","26934","17545","132137","Complete","2022-05-02 14:52:57","2022-05-03 14:39:00","2022-05-06 00:02:00",NULL,"56"
"51594","35566","28420","15021","139265","Complete","2022-08-24 23:26:09","2022-08-24 09:36:00","2022-08-24 10:53:00",NULL,"56"
"53292","36731","29357","21282","143812","Complete","2022-04-01 23:28:07","2022-03-30 14:23:00","2022-04-03 23:36:00",NULL,"56"
"55391","38179","30505","14334","149451","Complete","2022-08-23 15:22:55","2022-08-26 15:57:00","2022-08-26 23:26:00",NULL,"56"
"55901","38530","30793","10134","150860","Complete","2020-03-09 10:44:34","2020-03-10 21:51:00","2020-03-12 14:33:00",NULL,"56"
"63459","43692","34941","6915","171334","Complete","2019-07-31 05:37:28","2019-07-31 19:54:00","2019-08-04 05:44:00",NULL,"56"
"65239","44918","35917","7293","176164","Complete","2021-07-24 15:19:05","2021-07-24 04:40:00","2021-07-24 13:04:00",NULL,"56"
"67517","46454","37154","21694","182304","Complete","2021-09-30 23:09:37","2021-10-03 14:28:00","2021-10-06 16:48:00",NULL,"56"
"68284","46996","37595","6915","184360","Complete","2022-05-28 10:09:20","2022-05-30 09:01:00","2022-06-01 14:03:00",NULL,"56"
"70229","48362","38670","19362","189596","Complete","2022-08-26 00:58:14","2022-08-26 21:22:00","2022-08-31 03:36:00",NULL,"56"
"72464","49909","39941","21485","195664","Complete","2022-09-04 01:02:40","2022-09-01 07:02:00","2022-09-04 14:54:00",NULL,"56"
"73311","50494","40416","17590","197957","Complete","2020-12-04 10:21:36","2020-12-01 23:23:00","2020-12-06 02:38:00",NULL,"56"
"75525","52041","41654","17655","203907","Complete","2022-06-28 10:58:53","2022-06-30 05:45:00","2022-07-01 04:05:00",NULL,"56"
"75953","52342","41903","19362","205101","Complete","2020-10-30 09:51:10","2020-11-01 05:02:00","2020-11-01 15:04:00",NULL,"56"
"80104","55245","44185","21282","216288","Complete","2021-11-14 23:54:05","2021-11-15 22:41:00","2021-11-18 01:54:00",NULL,"56"
"80284","55370","44274","14480","216786","Complete","2021-09-15 00:04:11","2021-09-12 22:14:00","2021-09-15 06:40:00",NULL,"56"
"89914","62150","49751","17646","242881","Complete","2022-04-28 23:58:33","2022-05-01 18:40:00","2022-05-03 11:38:00",NULL,"56"
"94370","65199","52161","27912","254914","Complete","2022-01-29 06:04:03","2022-01-28 03:02:00","2022-01-31 01:29:00",NULL,"56"
"94758","65462","52374","5555","255972","Complete","2020-09-14 04:14:33","2020-09-14 06:04:00","2020-09-16 20:41:00",NULL,"56"
"94813","65503","52397","12704","256123","Complete","2021-10-28 13:02:49","2021-10-28 17:42:00","2021-10-28 19:48:00",NULL,"56"
"95112","65731","52583","23211","256917","Complete","2022-04-18 17:45:03","2022-04-19 13:32:00","2022-04-24 09:20:00",NULL,"56"
"100735","69612","55671","7293","272062","Complete","2020-09-27 06:10:11","2020-09-27 21:45:00","2020-10-01 15:49:00",NULL,"56"
"104400","72137","57673","27758","282018","Complete","2020-05-12 12:32:08","2020-05-15 12:03:00","2020-05-15 23:45:00",NULL,"56"
"105614","72972","58366","17655","285273","Complete","2021-01-12 10:18:45","2021-01-10 15:54:00","2021-01-10 19:17:00",NULL,"56"
"106189","73387","58703","17454","286825","Complete","2022-01-27 14:58:39","2022-01-29 12:29:00","2022-01-31 21:10:00",NULL,"56"
"107339","74156","59288","19338","289929","Complete","2022-09-02 09:53:43","2022-09-05 10:16:00","2022-09-07 09:35:00",NULL,"56"
"107904","74545","59595","14892","291475","Complete","2021-12-28 16:24:03","2021-12-30 17:48:00","2022-01-04 10:59:00",NULL,"56"
"111770","77212","61782","19338","301866","Complete","2022-03-29 00:11:38","2022-03-27 19:19:00","2022-03-31 21:00:00",NULL,"56"
"112606","77777","62212","10348","304141","Complete","2022-02-15 06:11:23","2022-02-11 20:40:00","2022-02-16 04:22:00",NULL,"56"
"115399","79706","63765","6915","311676","Complete","2022-02-02 06:48:09","2022-02-02 08:17:00","2022-02-04 12:02:00",NULL,"56"
"116775","80617","64548","13409","315382","Complete","2021-10-01 01:35:17","2021-09-30 01:47:00","2021-10-04 20:16:00",NULL,"56"
"117295","80968","64843","17545","316751","Complete","2022-04-09 03:01:25","2022-04-08 07:34:00","2022-04-09 16:38:00",NULL,"56"
"118173","81575","65330","6915","319093","Complete","2021-05-12 23:53:03","2021-05-14 14:22:00","2021-05-17 13:54:00",NULL,"56"
"118325","81683","65408","23211","319500","Complete","2022-08-13 12:01:59","2022-08-13 11:16:00","2022-08-14 07:50:00",NULL,"56"
"119520","82506","66056","21098","322691","Complete","2022-01-05 09:17:32","2022-01-06 01:37:00","2022-01-08 15:30:00",NULL,"56"
"120043","82862","66335","11263","324117","Complete","2022-07-27 06:00:46","2022-07-27 23:04:00","2022-07-31 02:18:00",NULL,"56"
"123814","85417","68355","13077","334270","Complete","2022-04-13 14:12:20","2022-04-16 15:06:00","2022-04-18 16:24:00",NULL,"56"
"126509","87268","69845","17545","341580","Complete","2020-05-16 04:55:10","2020-05-14 19:49:00","2020-05-17 11:23:00",NULL,"56"
"127804","88138","70584","27758","345060","Complete","2021-10-02 09:19:06","2021-09-30 16:29:00","2021-10-05 08:45:00",NULL,"56"
"130327","89889","72007","21098","351883","Complete","2021-02-06 13:01:14","2021-02-09 11:37:00","2021-02-13 14:44:00",NULL,"56"
"130976","90350","72361","14468","353647","Complete","2020-09-12 07:51:09","2020-09-12 22:58:00","2020-09-17 21:30:00",NULL,"56"
"131939","91018","72908","6653","356231","Complete","2022-04-23 08:34:40","2022-04-23 00:53:00","2022-04-24 01:11:00",NULL,"56"
"134109","92533","74126","6653","362113","Complete","2021-08-10 06:24:21","2021-08-09 02:22:00","2021-08-10 04:19:00",NULL,"56"
"136794","94396","75651","13119","369385","Complete","2022-05-08 09:50:07","2022-05-08 07:58:00","2022-05-12 16:36:00",NULL,"56"
"138174","95345","76431","19338","373102","Complete","2022-08-08 06:29:32","2022-08-08 12:29:00","2022-08-10 07:49:00",NULL,"56"
"142499","98309","78830","21098","384756","Complete","2021-06-24 15:08:34","2021-06-25 15:06:00","2021-06-26 14:23:00",NULL,"56"
"142789","98520","78988","1427","385533","Complete","2022-03-11 02:12:05","2022-03-12 21:52:00","2022-03-17 14:51:00",NULL,"56"
"148624","102549","82262","11669","401332","Complete","2019-12-05 02:17:50","2019-12-07 02:27:00","2019-12-10 04:01:00",NULL,"56"
"155545","107306","86102","13119","420006","Complete","2022-08-31 15:27:17","2022-08-29 17:14:00","2022-08-31 19:25:00",NULL,"56"
"156107","107687","86385","13077","421485","Complete","2022-03-07 06:32:47","2022-03-07 02:36:00","2022-03-11 01:02:00",NULL,"56"
"156427","107903","86553","17655","422362","Complete","2022-03-11 16:18:11","2022-03-11 06:37:00","2022-03-12 18:47:00",NULL,"56"
"156943","108254","86819","14536","423745","Complete","2020-09-18 03:41:49","2020-09-19 08:09:00","2020-09-22 20:55:00",NULL,"56"
"159874","110297","88452","26673","431668","Complete","2021-02-24 10:25:24","2021-02-22 20:46:00","2021-02-26 22:41:00",NULL,"56"
"160803","110922","88931","21098","434173","Complete","2022-09-03 07:47:59","2022-09-04 13:51:00","2022-09-06 02:26:00",NULL,"56"
"161913","111678","89537","17797","437196","Complete","2022-08-24 11:42:32","2022-08-27 08:29:00","2022-08-28 09:06:00",NULL,"56"
"163473","112759","90420","10348","441419","Complete","2022-08-14 22:13:09","2022-08-16 14:52:00","2022-08-21 01:00:00",NULL,"56"
"165286","113985","91388","10134","446401","Complete","2020-04-27 15:12:12","2020-04-30 08:59:00","2020-05-03 20:02:00",NULL,"56"
"166757","115002","92177","14892","450373","Complete","2022-06-14 12:34:32","2022-06-16 06:34:00","2022-06-17 04:58:00",NULL,"56"
"170154","117330","94087","14536","459509","Complete","2022-08-20 22:28:56","2022-08-22 20:10:00","2022-08-23 15:47:00",NULL,"56"
"172031","118621","95104","19362","464632","Complete","2022-08-21 07:19:10","2022-08-23 09:19:00","2022-08-27 08:15:00",NULL,"56"
"174241","120172","96372","20878","470523","Complete","2022-03-27 08:10:01","2022-03-27 22:28:00","2022-03-28 14:43:00",NULL,"56"
"177090","122128","97934","18608","478286","Complete","2020-07-27 07:46:41","2020-07-29 01:47:00","2020-08-02 04:49:00",NULL,"56"
"177928","122721","98437","11263","480521","Complete","2021-10-03 11:09:52","2021-10-05 05:49:00","2021-10-09 14:47:00",NULL,"56"
"179058","123501","99065","17477","483556","Complete","2020-10-21 04:11:35","2020-10-22 23:34:00","2020-10-27 12:10:00",NULL,"56"
"8836","6059","4899","10348","23968","Returned","2022-03-28 05:46:18","2022-03-29 07:32:00","2022-04-01 18:18:00","2022-04-04 05:27:00","56"
"13502","9307","7504","21485","36593","Returned","2020-08-13 14:07:49","2020-08-16 15:54:00","2020-08-18 20:29:00","2020-08-19 14:33:00","56"
"14129","9723","7847","26673","38289","Returned","2021-02-02 10:42:12","2021-02-03 13:20:00","2021-02-07 08:21:00","2021-02-09 12:26:00","56"
"15040","10338","8318","14480","40746","Returned","2022-04-24 08:15:13","2022-04-27 05:26:00","2022-05-02 03:16:00","2022-05-04 01:36:00","56"
"16583","11407","9175","18989","44879","Returned","2021-01-09 03:42:54","2021-01-10 21:03:00","2021-01-11 04:09:00","2021-01-11 08:26:00","56"
"17999","12377","9952","17545","48763","Returned","2022-09-02 10:23:36.682527","2022-09-04 04:53:10.682527","2022-09-07 16:54:10.682527","2022-09-10 13:27:10.682527","56"
"31823","21892","17518","19306","86005","Returned","2022-07-29 08:02:34","2022-07-25 11:59:00","2022-07-26 03:27:00","2022-07-27 21:41:00","56"
"41794","28749","22931","12704","112828","Returned","2021-02-08 11:12:12","2021-02-09 12:46:00","2021-02-10 04:47:00","2021-02-10 05:35:00","56"
"47878","32989","26352","7735","129230","Returned","2022-06-14 07:04:46","2022-06-15 01:43:00","2022-06-16 13:02:00","2022-06-17 21:14:00","56"
"55807","38463","30742","14480","150601","Returned","2021-04-27 04:48:54","2021-04-26 20:25:00","2021-04-27 18:15:00","2021-04-29 16:31:00","56"
"61398","42277","33802","10385","165748","Returned","2022-06-03 00:24:43","2022-05-31 11:33:00","2022-06-04 13:19:00","2022-06-06 23:37:00","56"
"64609","44477","35588","21282","174439","Returned","2022-06-26 17:54:54","2022-06-27 12:00:00","2022-07-02 05:14:00","2022-07-04 06:52:00","56"
"67261","46279","37006","21098","181632","Returned","2022-03-26 06:51:25","2022-03-25 10:32:00","2022-03-29 04:06:00","2022-03-30 13:55:00","56"
"68987","47486","37979","27758","186234","Returned","2020-07-17 03:57:23","2020-07-15 06:18:00","2020-07-15 15:15:00","2020-07-16 23:04:00","56"
"89099","61584","49304","13461","240705","Returned","2022-07-09 11:11:14","2022-07-12 03:53:00","2022-07-15 19:44:00","2022-07-18 00:26:00","56"
"92344","63802","51078","19362","249418","Returned","2021-07-16 01:10:53","2021-07-17 07:21:00","2021-07-17 22:01:00","2021-07-19 02:46:00","56"
"92991","64257","51426","21694","251163","Returned","2021-09-05 16:10:02","2021-09-08 14:12:00","2021-09-10 02:18:00","2021-09-12 02:12:00","56"
"95356","65907","52718","17646","257577","Returned","2019-11-30 15:17:35","2019-11-28 16:56:00","2019-12-03 13:13:00","2019-12-06 05:36:00","56"
"97083","67088","53602","15021","262239","Returned","2022-08-09 23:14:35","2022-08-08 03:58:00","2022-08-10 07:15:00","2022-08-10 14:26:00","56"
"101521","70148","56082","26673","274196","Returned","2022-08-09 00:36:02","2022-08-10 18:27:00","2022-08-14 16:08:00","2022-08-15 20:26:00","56"
"101839","70377","56272","15787","275036","Returned","2022-06-25 02:10:10","2022-06-25 11:58:00","2022-06-26 03:32:00","2022-06-27 02:46:00","56"
"103243","71338","57026","13409","278868","Returned","2020-02-12 01:28:56","2020-02-12 16:12:00","2020-02-14 09:54:00","2020-02-14 21:44:00","56"
"103589","71589","57236","15787","279817","Returned","2022-08-25 13:29:16","2022-08-26 20:29:00","2022-08-30 06:39:00","2022-08-30 16:37:00","56"
"105373","72814","58245","11669","284610","Returned","2021-01-30 17:21:14","2021-02-02 08:14:00","2021-02-06 01:34:00","2021-02-07 09:03:00","56"
"105932","73206","58558","17454","286141","Returned","2021-02-13 02:50:32","2021-02-11 22:25:00","2021-02-12 21:35:00","2021-02-13 01:09:00","56"
"110519","76342","61061","17655","298486","Returned","2021-02-02 22:54:16","2021-02-05 11:16:00","2021-02-08 19:15:00","2021-02-11 02:13:00","56"
"118589","81859","65539","13461","320204","Returned","2022-06-24 09:32:29","2022-06-24 16:28:00","2022-06-25 11:02:00","2022-06-26 04:30:00","56"
"120005","82841","66317","2663","324014","Returned","2020-02-22 10:32:11","2020-02-20 09:31:00","2020-02-20 14:17:00","2020-02-23 04:46:00","56"
"129518","89323","71558","17477","349702","Returned","2022-02-24 16:36:47","2022-02-25 16:33:00","2022-03-02 10:43:00","2022-03-03 15:36:00","56"
"131623","90792","72726","27758","355382","Returned","2022-06-08 11:11:46","2022-06-07 20:49:00","2022-06-11 02:50:00","2022-06-11 17:48:00","56"
"132610","91473","73255","19306","358080","Returned","2022-07-10 22:36:42","2022-07-11 18:33:00","2022-07-14 17:19:00","2022-07-16 11:29:00","56"
"135080","93194","74661","6653","364770","Returned","2019-10-16 13:01:01","2019-10-19 13:08:00","2019-10-22 09:09:00","2019-10-24 21:01:00","56"
"138085","95292","76388","27758","372861","Returned","2022-09-03 15:03:59.748635","2022-09-03 18:25:48.748635","2022-09-06 13:17:48.748635","2022-09-09 02:20:48.748635","56"
"168488","116198","93166","10134","455007","Returned","2021-10-12 10:53:14","2021-10-14 23:30:00","2021-10-15 00:15:00","2021-10-17 22:04:00","56"
"17","14","9","21485","50","Cancelled","2020-02-23 01:17:57",NULL,NULL,NULL,"56"
"4332","2956","2371","27912","11744","Cancelled","2020-09-19 04:02:51",NULL,NULL,NULL,"56"
"5426","3704","3022","17646","14699","Cancelled","2022-05-26 05:59:09",NULL,NULL,NULL,"56"
"14138","9731","7851","14468","38317","Cancelled","2022-03-25 22:51:24",NULL,NULL,NULL,"56"
"16585","11409","9175","21485","44885","Cancelled","2022-07-17 05:00:09",NULL,NULL,NULL,"56"
"20940","14398","11522","15196","56672","Cancelled","2019-07-09 06:47:18",NULL,NULL,NULL,"56"
"24886","17141","13690","23211","67261","Cancelled","2022-01-14 12:21:28",NULL,NULL,NULL,"56"
"25621","17651","14096","15021","69234","Cancelled","2021-03-17 11:34:27",NULL,NULL,NULL,"56"
"27036","18625","14874","11083","73091","Cancelled","2020-10-31 04:13:30",NULL,NULL,NULL,"56"
"31063","21374","17110","15196","83976","Cancelled","2022-05-04 07:05:48",NULL,NULL,NULL,"56"
"34344","23640","18859","17590","92781","Cancelled","2020-05-19 14:23:35",NULL,NULL,NULL,"56"
"35149","24190","19310","27912","94957","Cancelled","2021-11-02 09:29:46",NULL,NULL,NULL,"56"
"37929","26115","20870","17279","102395","Cancelled","2022-08-10 16:51:08",NULL,NULL,NULL,"56"
"40197","27670","22103","17797","108508","Cancelled","2021-04-20 10:09:48",NULL,NULL,NULL,"56"
"40669","27971","22317","15196","109814","Cancelled","2022-07-12 22:32:22",NULL,NULL,NULL,"56"
"41877","28810","22985","19338","113054","Cancelled","2022-04-03 04:09:59",NULL,NULL,NULL,"56"
"41986","28891","23047","19362","113342","Cancelled","2022-03-19 16:31:36",NULL,NULL,NULL,"56"
"42394","29167","23264","10385","114472","Cancelled","2022-06-02 07:13:10",NULL,NULL,NULL,"56"
"47276","32574","26011","14468","127609","Cancelled","2020-10-31 13:16:36",NULL,NULL,NULL,"56"
"49222","33893","27069","17564","132850","Cancelled","2021-05-07 10:13:06",NULL,NULL,NULL,"56"
"50589","34855","27813","2663","136549","Cancelled","2022-06-02 14:07:36",NULL,NULL,NULL,"56"
"53178","36655","29291","21282","143491","Cancelled","2022-04-06 01:01:57",NULL,NULL,NULL,"56"
"54840","37805","30196","15196","147996","Cancelled","2022-05-20 04:36:30",NULL,NULL,NULL,"56"
"55963","38576","30835","1427","151023","Cancelled","2021-07-10 08:20:03",NULL,NULL,NULL,"56"
"58746","40486","32332","10385","158556","Cancelled","2020-12-01 01:30:18",NULL,NULL,NULL,"56"
"58976","40644","32459","15196","159170","Cancelled","2020-07-07 00:37:11",NULL,NULL,NULL,"56"
"66415","45694","36524","7735","179338","Cancelled","2022-07-03 06:08:57",NULL,NULL,NULL,"56"
"66683","45878","36690","13461","180046","Cancelled","2021-12-07 15:59:12",NULL,NULL,NULL,"56"
"72269","49771","39833","13409","195103","Cancelled","2022-02-08 02:21:53",NULL,NULL,NULL,"56"
"74404","51263","41012","2663","200900","Cancelled","2021-02-20 11:47:44",NULL,NULL,NULL,"56"
"76962","53066","42455","19306","207825","Cancelled","2022-01-23 01:52:07",NULL,NULL,NULL,"56"
"77306","53301","42644","17454","208704","Cancelled","2022-05-19 09:49:53",NULL,NULL,NULL,"56"
"77474","53420","42752","17454","209146","Cancelled","2022-06-29 06:11:03",NULL,NULL,NULL,"56"
"77500","53433","42759","17580","209215","Cancelled","2021-02-26 23:12:44",NULL,NULL,NULL,"56"
"78378","54043","43237","11939","211588","Cancelled","2020-08-31 06:46:03",NULL,NULL,NULL,"56"
"79618","54908","43912","17545","214983","Cancelled","2021-11-28 09:50:30",NULL,NULL,NULL,"56"
"83939","57969","46357","27758","226718","Cancelled","2021-01-21 03:13:17",NULL,NULL,NULL,"56"
"86495","59756","47811","17477","233650","Cancelled","2022-03-18 00:47:04",NULL,NULL,NULL,"56"
"91533","63244","50635","2489","247244","Cancelled","2022-07-31 02:41:08",NULL,NULL,NULL,"56"
"93383","64533","51636","20878","252207","Cancelled","2021-12-03 22:00:01",NULL,NULL,NULL,"56"
"96158","66459","53132","19306","259742","Cancelled","2021-09-06 23:16:33",NULL,NULL,NULL,"56"
"98546","68087","54420","2489","266215","Cancelled","2021-06-03 14:47:33",NULL,NULL,NULL,"56"
"104418","72146","57679","23211","282069","Cancelled","2022-05-03 15:31:46",NULL,NULL,NULL,"56"
"105569","72943","58346","2663","285138","Cancelled","2022-04-09 01:08:24",NULL,NULL,NULL,"56"
"112133","77452","61962","14892","302867","Cancelled","2022-05-01 01:53:52",NULL,NULL,NULL,"56"
"114883","79353","63477","13077","310292","Cancelled","2021-03-20 06:30:11",NULL,NULL,NULL,"56"
"121959","84138","67353","17646","329287","Cancelled","2021-12-17 01:19:58",NULL,NULL,NULL,"56"
"124311","85760","68633","21098","335584","Cancelled","2021-04-23 06:25:54",NULL,NULL,NULL,"56"
"124370","85798","68667","7293","335741","Cancelled","2022-09-04 17:53:01.762565",NULL,NULL,NULL,"56"
"126019","86915","69560","18608","340243","Cancelled","2021-12-20 08:05:41",NULL,NULL,NULL,"56"
"143566","99063","79433","5555","387629","Cancelled","2021-07-20 01:10:10",NULL,NULL,NULL,"56"
"154231","106417","85357","21282","416479","Cancelled","2022-07-07 08:18:26",NULL,NULL,NULL,"56"
"163818","113002","90617","7293","442352","Cancelled","2020-02-09 12:09:15",NULL,NULL,NULL,"56"
"167482","115499","92576","17590","452310","Cancelled","2021-08-28 00:39:21",NULL,NULL,NULL,"56"
"167487","115501","92578","27758","452324","Cancelled","2022-08-31 03:18:13.005192",NULL,NULL,NULL,"56"
"171463","118220","94818","17477","463068","Cancelled","2022-07-27 11:44:15",NULL,NULL,NULL,"56"
"172209","118749","95204","11263","465104","Cancelled","2021-07-08 08:45:59",NULL,NULL,NULL,"56"
"172779","119155","95517","2663","466646","Cancelled","2022-05-14 09:00:50",NULL,NULL,NULL,"56"
"172829","119195","95548","2663","466788","Cancelled","2022-07-24 15:04:39",NULL,NULL,NULL,"56"
"173736","119829","96088","1427","469172","Cancelled","2022-09-04 05:26:07.695992",NULL,NULL,NULL,"56"
"179747","123971","99435","17797","485401","Cancelled","2022-09-04 10:50:16",NULL,NULL,NULL,"56"
"3221","2191","1755","27912","8716","Processing","2022-03-01 10:21:49",NULL,NULL,NULL,"56"
"6228","4250","3447","17454","16849","Processing","2022-04-14 09:17:52",NULL,NULL,NULL,"56"
"9762","6718","5442","1427","26486","Processing","2020-11-01 03:01:11",NULL,NULL,NULL,"56"
"11031","7585","6159","3011","29894","Processing","2022-07-05 09:39:59",NULL,NULL,NULL,"56"
"14466","9951","8017","17279","39212","Processing","2022-07-25 01:55:06",NULL,NULL,NULL,"56"
"15045","10342","8319","1427","40758","Processing","2021-10-18 04:33:25",NULL,NULL,NULL,"56"
"15127","10399","8369","13409","40976","Processing","2019-10-25 13:33:06",NULL,NULL,NULL,"56"
"15912","10925","8781","15021","43075","Processing","2021-11-21 16:53:50",NULL,NULL,NULL,"56"
"16247","11167","8976","15021","43976","Processing","2021-06-12 08:58:17",NULL,NULL,NULL,"56"
"17908","12317","9913","13409","48514","Processing","2021-02-07 05:40:22",NULL,NULL,NULL,"56"
"20447","14059","11268","5555","55339","Processing","2022-08-23 06:11:21",NULL,NULL,NULL,"56"
"21361","14690","11733","23211","57756","Processing","2022-03-11 09:02:39",NULL,NULL,NULL,"56"
"21784","14973","11962","27758","58878","Processing","2019-11-29 09:10:40",NULL,NULL,NULL,"56"
"26210","18057","14427","15787","70838","Processing","2022-04-24 21:37:29",NULL,NULL,NULL,"56"
"27804","19158","15324","7293","75170","Processing","2021-08-27 12:59:06",NULL,NULL,NULL,"56"
"29156","20069","16036","19306","78821","Processing","2021-09-28 07:41:17",NULL,NULL,NULL,"56"
"33646","23164","18493","21098","90894","Processing","2022-05-23 16:17:05",NULL,NULL,NULL,"56"
"34011","23420","18683","14334","91887","Processing","2022-08-25 07:14:38",NULL,NULL,NULL,"56"
"35818","24653","19718","20878","96721","Processing","2021-01-23 23:58:58",NULL,NULL,NULL,"56"
"41168","28310","22584","17646","111145","Processing","2019-06-16 04:22:20",NULL,NULL,NULL,"56"
"41938","28853","23020","20878","113224","Processing","2022-04-09 23:41:55",NULL,NULL,NULL,"56"
"41961","28871","23029","11263","113282","Processing","2022-08-10 12:10:23",NULL,NULL,NULL,"56"
"44637","30723","24521","14432","120561","Processing","2022-07-05 06:19:57",NULL,NULL,NULL,"56"
"46990","32370","25850","13409","126839","Processing","2019-11-12 23:25:47",NULL,NULL,NULL,"56"
"47551","32767","26165","27758","128342","Processing","2022-04-01 02:35:34",NULL,NULL,NULL,"56"
"48038","33088","26435","19412","129672","Processing","2022-04-21 02:06:11",NULL,NULL,NULL,"56"
"50520","34807","27785","18989","136370","Processing","2021-12-07 06:21:39",NULL,NULL,NULL,"56"
"53976","37196","29718","14432","145671","Processing","2019-06-20 10:55:57",NULL,NULL,NULL,"56"
"54450","37523","29977","19412","146921","Processing","2021-09-08 00:00:27",NULL,NULL,NULL,"56"
"58959","40635","32452","14334","159126","Processing","2022-02-08 11:56:35",NULL,NULL,NULL,"56"
"59827","41216","32933","2489","161497","Processing","2020-05-01 07:37:19",NULL,NULL,NULL,"56"
"68328","47027","37621","17545","184474","Processing","2019-04-20 10:19:32",NULL,NULL,NULL,"56"
"69317","47727","38156","14480","187105","Processing","2021-09-22 03:45:18",NULL,NULL,NULL,"56"
"69940","48148","38505","14536","188804","Processing","2021-10-20 15:56:24",NULL,NULL,NULL,"56"
"73234","50441","40373","17545","197750","Processing","2022-08-28 08:54:15",NULL,NULL,NULL,"56"
"73556","50659","40534","21282","198613","Processing","2022-05-18 07:42:04",NULL,NULL,NULL,"56"
"77346","53333","42670","14892","208804","Processing","2020-02-05 05:40:37",NULL,NULL,NULL,"56"
"79715","54977","43965","21694","215246","Processing","2021-06-24 14:52:07",NULL,NULL,NULL,"56"
"82974","57286","45794","17545","224090","Processing","2021-05-23 15:49:28",NULL,NULL,NULL,"56"
"90171","62326","49895","27912","243610","Processing","2022-08-09 04:46:03",NULL,NULL,NULL,"56"
"94304","65153","52121","17477","254728","Processing","2022-09-02 08:17:25.50496",NULL,NULL,NULL,"56"
"95273","65849","52674","15196","257347","Processing","2022-07-01 08:47:11",NULL,NULL,NULL,"56"
"97448","67347","53812","17454","263219","Processing","2021-01-28 08:40:10",NULL,NULL,NULL,"56"
"99446","68723","54947","17646","268618","Processing","2021-06-26 04:31:26",NULL,NULL,NULL,"56"
"99692","68904","55095","12704","269275","Processing","2021-12-15 16:03:36",NULL,NULL,NULL,"56"
"104242","72031","57585","17454","281580","Processing","2021-12-09 09:42:23",NULL,NULL,NULL,"56"
"106692","73717","58953","19412","288185","Processing","2020-08-06 15:00:27",NULL,NULL,NULL,"56"
"106898","73865","59065","6915","288735","Processing","2022-08-23 06:51:01",NULL,NULL,NULL,"56"
"108518","74970","59949","27223","293138","Processing","2022-09-05 14:35:14.049104",NULL,NULL,NULL,"56"
"112073","77410","61933","10565","302704","Processing","2022-06-05 03:40:26",NULL,NULL,NULL,"56"
"123721","85354","68303","2489","334022","Processing","2020-03-26 18:44:40",NULL,NULL,NULL,"56"
"124787","86092","68898","11669","336886","Processing","2022-08-25 21:58:11",NULL,NULL,NULL,"56"
"125522","86591","69291","11669","338896","Processing","2022-02-26 10:11:29",NULL,NULL,NULL,"56"
"127369","87831","70318","13461","343866","Processing","2022-02-08 22:56:10",NULL,NULL,NULL,"56"
"131667","90827","72750","5555","355505","Processing","2021-09-14 10:43:14",NULL,NULL,NULL,"56"
"131786","90905","72816","5555","355816","Processing","2021-03-11 03:53:16",NULL,NULL,NULL,"56"
"134541","92828","74368","10134","363317","Processing","2021-05-08 06:12:07",NULL,NULL,NULL,"56"
"134686","92921","74442","15787","363709","Processing","2022-07-01 10:02:33",NULL,NULL,NULL,"56"
"138665","95686","76712","5555","374435","Processing","2022-07-17 05:55:22",NULL,NULL,NULL,"56"
"139293","96104","77067","21098","376135","Processing","2020-05-28 16:00:47",NULL,NULL,NULL,"56"
"141569","97646","78302","6653","382261","Processing","2022-07-28 01:23:02",NULL,NULL,NULL,"56"
"143192","98800","79222","6915","386630","Processing","2021-11-21 01:28:55",NULL,NULL,NULL,"56"
"147000","101425","81364","15787","396937","Processing","2022-06-05 11:28:25",NULL,NULL,NULL,"56"
"147050","101450","81380","10565","397071","Processing","2021-01-15 10:49:57",NULL,NULL,NULL,"56"
"148190","102260","82034","6653","400129","Processing","2021-01-08 05:02:38",NULL,NULL,NULL,"56"
"148198","102266","82041","11263","400150","Processing","2020-08-03 12:02:58",NULL,NULL,NULL,"56"
"153302","105758","84840","14480","414010","Processing","2022-05-25 05:20:21",NULL,NULL,NULL,"56"
"156224","107765","86452","10385","421815","Processing","2022-06-07 01:25:12",NULL,NULL,NULL,"56"
"164071","113171","90756","1427","443063","Processing","2022-03-12 13:14:15",NULL,NULL,NULL,"56"
"165028","113818","91252","15787","445683","Processing","2022-06-07 07:48:52",NULL,NULL,NULL,"56"
"165368","114050","91438","15196","446631","Processing","2020-11-29 11:43:51",NULL,NULL,NULL,"56"
"171697","118382","94925","21098","463701","Processing","2022-07-12 07:30:31",NULL,NULL,NULL,"56"
"171727","118404","94939","19306","463787","Processing","2020-11-22 04:22:29",NULL,NULL,NULL,"56"
"1334","921","770","6295","3623","Shipped","2022-02-20 10:45:43","2022-02-16 16:36:00",NULL,NULL,"58"
"2306","1582","1275","22567","6244","Shipped","2021-08-18 01:00:53","2021-08-16 14:41:00",NULL,NULL,"58"
"2350","1613","1299","731","6358","Shipped","2020-10-21 06:13:24","2020-10-21 06:50:00",NULL,NULL,"58"
"3616","2449","1978","21349","9777","Shipped","2020-11-26 02:20:22","2020-11-26 10:18:00",NULL,NULL,"58"
"7089","4831","3918","5506","19200","Shipped","2022-03-13 05:16:18","2022-03-10 00:41:00",NULL,NULL,"58"
"7578","5188","4211","16786","20541","Shipped","2020-12-13 00:13:00","2020-12-10 05:25:00",NULL,NULL,"58"
"7617","5217","4229","6575","20655","Shipped","2021-05-09 02:05:55","2021-05-07 12:41:00",NULL,NULL,"58"
"8625","5910","4783","10560","23404","Shipped","2022-05-09 17:08:58","2022-05-10 18:05:00",NULL,NULL,"58"
"8707","5969","4833","22660","23615","Shipped","2022-01-08 00:54:24","2022-01-09 03:03:00",NULL,NULL,"58"
"8878","6084","4920","14898","24077","Shipped","2022-08-05 10:56:54","2022-08-03 18:46:00",NULL,NULL,"58"
"8884","6088","4924","27986","24092","Shipped","2022-02-20 10:53:24","2022-02-22 14:44:00",NULL,NULL,"58"
"13019","8987","7252","18977","35267","Shipped","2021-06-11 22:57:02","2021-06-13 17:21:00",NULL,NULL,"58"
"13035","8998","7257","18770","35313","Shipped","2022-07-16 01:42:01","2022-07-13 23:37:00",NULL,NULL,"58"
"13541","9330","7521","19126","36696","Shipped","2022-04-26 02:36:03","2022-04-27 18:11:00",NULL,NULL,"58"
"17443","12004","9652","6345","47252","Shipped","2022-08-03 15:53:42","2022-08-04 11:59:00",NULL,NULL,"58"
"18986","13056","10468","28057","51394","Shipped","2022-07-18 10:48:15","2022-07-19 05:03:00",NULL,NULL,"58"
"19116","13140","10535","22225","51724","Shipped","2021-10-20 12:22:38","2021-10-21 06:49:00",NULL,NULL,"58"
"19261","13236","10609","16786","52114","Shipped","2021-04-15 07:26:53","2021-04-14 11:47:00",NULL,NULL,"58"
"19971","13742","11018","19687","54047","Shipped","2021-05-08 08:41:32","2021-05-10 00:13:00",NULL,NULL,"58"
"20270","13935","11171","20551","54857","Shipped","2022-05-29 14:36:25","2022-05-31 09:38:00",NULL,NULL,"58"
"20782","14293","11437","6777","56255","Shipped","2022-08-26 08:41:42","2022-08-28 12:54:00",NULL,NULL,"58"
"22504","15472","12360","28057","60824","Shipped","2022-05-19 00:33:37","2022-05-18 10:38:00",NULL,NULL,"58"
"22601","15542","12424","11672","61087","Shipped","2020-07-24 11:31:48","2020-07-21 18:13:00",NULL,NULL,"58"
"23270","16009","12786","10588","62892","Shipped","2022-05-29 06:57:19","2022-05-27 01:19:00",NULL,NULL,"58"
"23347","16061","12834","11711","63102","Shipped","2022-05-19 04:34:43","2022-05-20 01:20:00",NULL,NULL,"58"
"23519","16185","12944","14898","63562","Shipped","2020-12-23 22:25:05","2020-12-25 14:20:00",NULL,NULL,"58"
"23539","16201","12958","22225","63619","Shipped","2021-10-20 01:14:06","2021-10-18 20:04:00",NULL,NULL,"58"
"23862","16420","13127","6777","64506","Shipped","2022-02-14 07:16:01","2022-02-14 16:00:00",NULL,NULL,"58"
"24207","16648","13306","10560","65433","Shipped","2022-01-25 15:25:03","2022-01-23 07:02:00",NULL,NULL,"58"
"25091","17288","13810","11514","67821","Shipped","2020-02-01 09:49:56","2020-02-01 21:03:00",NULL,NULL,"58"
"27551","18975","15180","5078","74475","Shipped","2022-06-05 09:15:57","2022-06-07 06:43:00",NULL,NULL,"58"
"28243","19464","15571","28281","76352","Shipped","2022-08-13 22:56:25","2022-08-11 14:54:00",NULL,NULL,"58"
"28315","19514","15607","6845","76546","Shipped","2022-08-15 05:25:45","2022-08-17 00:16:00",NULL,NULL,"58"
"28866","19873","15877","4652","78045","Shipped","2022-08-30 07:32:04","2022-08-30 13:31:00",NULL,NULL,"58"
"29242","20131","16087","20557","79052","Shipped","2022-04-03 15:23:08","2022-04-05 17:59:00",NULL,NULL,"58"
"29793","20523","16397","27672","80543","Shipped","2021-09-01 21:21:46","2021-09-04 06:40:00",NULL,NULL,"58"
"32974","22705","18133","606","89084","Shipped","2022-08-21 11:45:28","2022-08-22 09:27:00",NULL,NULL,"58"
"34161","23528","18779","5881","92290","Shipped","2021-07-24 06:41:18","2021-07-25 04:52:00",NULL,NULL,"58"
"34971","24072","19221","13753","94465","Shipped","2019-07-23 04:56:54","2019-07-22 19:47:00",NULL,NULL,"58"
"36232","24948","19940","11672","97831","Shipped","2020-09-01 14:49:37","2020-09-04 01:16:00",NULL,NULL,"58"
"36570","25169","20120","14898","98733","Shipped","2020-07-16 09:32:12","2020-07-17 04:20:00",NULL,NULL,"58"
"41453","28511","22743","17780","111891","Shipped","2021-07-02 01:25:50","2021-07-02 10:34:00",NULL,NULL,"58"
"41999","28901","23054","11514","113379","Shipped","2021-07-26 04:34:24","2021-07-26 12:02:00",NULL,NULL,"58"
"42966","29565","23588","9609","116028","Shipped","2021-05-14 04:28:19","2021-05-14 10:25:00",NULL,NULL,"58"
"45314","31206","24907","27970","122366","Shipped","2022-08-15 09:50:08","2022-08-17 16:07:00",NULL,NULL,"58"
"47045","32407","25886","13753","126979","Shipped","2022-05-13 23:24:24","2022-05-14 20:08:00",NULL,NULL,"58"
"47466","32700","26107","11672","128122","Shipped","2022-06-14 15:40:57","2022-06-17 04:40:00",NULL,NULL,"58"
"48073","33107","26452","6345","129767","Shipped","2021-11-13 07:05:31","2021-11-15 06:50:00",NULL,NULL,"58"
"48224","33223","26543","13753","130157","Shipped","2021-10-18 21:22:43","2021-10-18 22:44:00",NULL,NULL,"58"
"48599","33479","26742","4965","131161","Shipped","2022-05-29 03:00:44","2022-05-29 03:34:00",NULL,NULL,"58"
"51130","35249","28139","27672","138012","Shipped","2020-02-27 11:16:55","2020-03-01 10:51:00",NULL,NULL,"58"
"51484","35489","28351","13234","138974","Shipped","2021-09-25 13:19:13","2021-09-26 03:10:00",NULL,NULL,"58"
"51590","35564","28417","28281","139253","Shipped","2021-05-18 01:28:11","2021-05-14 09:40:00",NULL,NULL,"58"
"53224","36683","29316","12010","143623","Shipped","2022-02-19 15:49:01","2022-02-17 07:40:00",NULL,NULL,"58"
"54227","37369","29860","28281","146330","Shipped","2021-07-05 01:48:32","2021-07-05 21:46:00",NULL,NULL,"58"
"54943","37877","30252","21760","148262","Shipped","2022-08-24 10:27:34","2022-08-25 20:36:00",NULL,NULL,"58"
"55921","38542","30802","5881","150919","Shipped","2022-08-02 22:33:48","2022-08-01 06:27:00",NULL,NULL,"58"
"56239","38767","30997","14898","151774","Shipped","2020-01-02 02:53:25","2020-01-02 19:21:00",NULL,NULL,"58"
"59784","41187","32910","6845","161389","Shipped","2022-08-23 04:31:39","2022-08-25 23:29:00",NULL,NULL,"58"
"60292","41527","33186","6781","162769","Shipped","2021-11-08 10:52:41","2021-11-09 08:54:00",NULL,NULL,"58"
"60865","41925","33510","11514","164326","Shipped","2021-11-13 00:06:03","2021-11-13 14:28:00",NULL,NULL,"58"
"60881","41935","33519","5343","164367","Shipped","2020-11-29 16:31:16","2020-11-30 03:16:00",NULL,NULL,"58"
"60965","41987","33558","10560","164586","Shipped","2022-08-19 01:53:04","2022-08-21 16:39:00",NULL,NULL,"58"
"61314","42219","33755","3038","165515","Shipped","2022-01-22 03:48:41","2022-01-23 01:34:00",NULL,NULL,"58"
"63124","43462","34750","6834","170436","Shipped","2021-02-25 03:31:16","2021-02-24 20:36:00",NULL,NULL,"58"
"63823","43941","35151","16128","172295","Shipped","2022-05-01 12:33:12","2022-05-03 00:20:00",NULL,NULL,"58"
"64353","44290","35429","21873","173739","Shipped","2021-04-24 12:36:23","2021-04-24 23:54:00",NULL,NULL,"58"
"65075","44800","35831","16128","175720","Shipped","2021-06-04 05:03:49","2021-06-04 16:05:00",NULL,NULL,"58"
"66633","45844","36665","14342","179909","Shipped","2021-03-19 04:19:39","2021-03-21 14:21:00",NULL,NULL,"58"
"68695","47280","37816","22225","185445","Shipped","2021-05-20 14:20:54","2021-05-23 01:22:00",NULL,NULL,"58"
"69641","47948","38331","534","187985","Shipped","2019-07-20 03:03:35","2019-07-20 09:38:00",NULL,NULL,"58"
"70820","48765","39014","13525","191190","Shipped","2022-08-28 00:53:29","2022-08-29 17:43:00",NULL,NULL,"58"
"71107","48955","39167","21349","191968","Shipped","2022-08-24 00:00:05","2022-08-25 23:21:00",NULL,NULL,"58"
"71502","49238","39405","21349","193049","Shipped","2020-08-01 02:11:45","2020-08-04 05:11:00",NULL,NULL,"58"
"73974","50956","40772","14342","199734","Shipped","2022-07-01 01:35:28","2022-07-01 18:14:00",NULL,NULL,"58"
"74914","51619","41309","6845","202266","Shipped","2020-08-17 06:31:22","2020-08-19 22:25:00",NULL,NULL,"58"
"74959","51649","41329","11514","202390","Shipped","2021-02-08 05:36:05","2021-02-08 15:32:00",NULL,NULL,"58"
"75817","52250","41834","22660","204723","Shipped","2022-08-14 02:19:45","2022-08-12 13:48:00",NULL,NULL,"58"
"77949","53748","42996","14899","210436","Shipped","2020-10-08 23:41:09","2020-10-11 07:42:00",NULL,NULL,"58"
"81135","55961","44738","16869","219116","Shipped","2022-05-22 12:03:25","2022-05-23 04:25:00",NULL,NULL,"58"
"81481","56213","44929","1516","220049","Shipped","2019-10-17 00:48:06","2019-10-17 12:05:00",NULL,NULL,"58"
"81691","56360","45053","6478","220611","Shipped","2022-05-22 13:27:26","2022-05-20 00:55:00",NULL,NULL,"58"
"82291","56793","45416","28057","222217","Shipped","2022-02-11 10:40:20","2022-02-10 02:24:00",NULL,NULL,"58"
"82741","57116","45666","1719","223463","Shipped","2021-08-06 09:56:20","2021-08-08 23:01:00",NULL,NULL,"58"
"83790","57866","46269","26364","226300","Shipped","2022-06-30 23:39:35","2022-07-01 13:46:00",NULL,NULL,"58"
"85490","59074","47233","22660","230916","Shipped","2022-01-09 01:19:59","2022-01-10 07:47:00",NULL,NULL,"58"
"85906","59365","47495","22660","232046","Shipped","2020-03-15 16:41:12","2020-03-17 05:58:00",NULL,NULL,"58"
"86071","59475","47582","16128","232499","Shipped","2021-07-27 08:48:32","2021-07-25 22:05:00",NULL,NULL,"58"
"86643","59865","47896","14342","234048","Shipped","2020-12-28 10:10:36","2020-12-28 13:28:00",NULL,NULL,"58"
"87031","60147","48134","18977","235103","Shipped","2022-02-01 23:39:35","2022-02-04 12:26:00",NULL,NULL,"58"
"87609","60537","48471","10048","236671","Shipped","2020-01-08 07:49:34","2020-01-11 07:34:00",NULL,NULL,"58"
"87862","60724","48617","21854","237343","Shipped","2021-11-22 07:58:56","2021-11-24 08:38:00",NULL,NULL,"58"
"88088","60886","48734","12010","237955","Shipped","2020-01-24 14:20:55","2020-01-26 02:38:00",NULL,NULL,"58"
"88467","61138","48957","15181","238996","Shipped","2020-05-07 15:55:44","2020-05-09 05:38:00",NULL,NULL,"58"
"88575","61220","49027","21854","239302","Shipped","2021-10-18 06:08:25","2021-10-19 23:20:00",NULL,NULL,"58"
"90281","62405","49958","25667","243893","Shipped","2022-08-24 01:43:00","2022-08-21 08:39:00",NULL,NULL,"58"
"92228","63727","51024","11672","249103","Shipped","2022-03-26 23:27:19","2022-03-29 05:18:00",NULL,NULL,"58"
"92888","64185","51372","1213","250882","Shipped","2022-08-05 05:33:19","2022-08-05 19:55:00",NULL,NULL,"58"
"93441","64563","51661","11583","252358","Shipped","2022-05-26 06:58:42","2022-05-26 12:58:00",NULL,NULL,"58"
"93533","64625","51708","16869","252615","Shipped","2021-01-14 13:58:12","2021-01-14 15:26:00",NULL,NULL,"58"
"93753","64775","51844","23106","253214","Shipped","2022-07-23 16:55:28","2022-07-24 07:41:00",NULL,NULL,"58"
"94650","65387","52315","6904","255674","Shipped","2021-09-09 03:08:32","2021-09-09 05:59:00",NULL,NULL,"58"
"94808","65498","52395","21901","256109","Shipped","2021-10-13 04:31:21","2021-10-14 13:49:00",NULL,NULL,"58"
"95962","66321","53031","20562","259221","Shipped","2021-08-16 01:05:13","2021-08-15 12:22:00",NULL,NULL,"58"
"96416","66631","53273","11583","260435","Shipped","2021-06-24 14:24:07","2021-06-25 04:14:00",NULL,NULL,"58"
"96807","66886","53459","11711","261483","Shipped","2022-09-01 23:53:30","2022-08-31 09:40:00",NULL,NULL,"58"
"98055","67763","54139","22225","264891","Shipped","2022-09-06 06:18:08.020143","2022-09-04 12:12:54.020143",NULL,NULL,"58"
"98344","67956","54312","27672","265668","Shipped","2022-07-19 12:44:16","2022-07-19 13:08:00",NULL,NULL,"58"
"99024","68417","54705","13525","267495","Shipped","2021-06-09 09:46:57","2021-06-08 13:59:00",NULL,NULL,"58"
"99079","68458","54737","16869","267647","Shipped","2022-07-28 15:09:27","2022-07-30 23:02:00",NULL,NULL,"58"
"101054","69837","55850","16584","272920","Shipped","2022-05-14 00:08:25","2022-05-11 07:27:00",NULL,NULL,"58"
"101115","69876","55880","15517","273076","Shipped","2020-04-13 02:45:54","2020-04-10 05:50:00",NULL,NULL,"58"
"104873","72465","57935","27970","283285","Shipped","2020-07-07 08:55:26","2020-07-09 13:27:00",NULL,NULL,"58"
"108440","74914","59909","538","292926","Shipped","2022-03-26 07:55:21","2022-03-26 17:49:00",NULL,NULL,"58"
"108833","75184","60121","11513","293988","Shipped","2022-06-21 06:18:43","2022-06-22 16:14:00",NULL,NULL,"58"
"110811","76549","61230","11711","299269","Shipped","2019-07-09 15:09:56","2019-07-07 01:50:00",NULL,NULL,"58"
"111184","76815","61453","11711","300276","Shipped","2022-01-25 23:07:21","2022-01-26 02:37:00",NULL,NULL,"58"
"111272","76870","61499","19687","300512","Shipped","2022-03-30 02:58:40","2022-03-29 19:08:00",NULL,NULL,"58"
"115084","79482","63599","6575","310839","Shipped","2021-10-11 05:36:31","2021-10-10 22:32:00",NULL,NULL,"58"
"115731","79923","63960","5506","312554","Shipped","2022-05-06 05:57:57","2022-05-06 19:24:00",NULL,NULL,"58"
"115956","80075","64092","5343","313168","Shipped","2022-06-09 06:43:42","2022-06-11 05:40:00",NULL,NULL,"58"
"118950","82120","65748","6834","321164","Shipped","2021-12-10 00:15:33","2021-12-10 07:25:00",NULL,NULL,"58"
"119003","82153","65775","10048","321304","Shipped","2020-02-26 10:52:46","2020-02-26 14:25:00",NULL,NULL,"58"
"120028","82852","66328","16512","324079","Shipped","2022-02-23 13:51:32","2022-02-24 00:42:00",NULL,NULL,"58"
"120292","83019","66471","20560","324788","Shipped","2022-03-28 09:44:31","2022-03-27 06:55:00",NULL,NULL,"58"
"121224","83658","66987","9609","327330","Shipped","2021-03-02 14:22:59","2021-03-05 15:16:00",NULL,NULL,"58"
"121280","83696","67018","1516","327479","Shipped","2022-07-08 15:25:37","2022-07-10 18:30:00",NULL,NULL,"58"
"122001","84162","67370","6478","329396","Shipped","2020-10-27 04:07:23","2020-10-29 04:51:00",NULL,NULL,"58"
"124122","85625","68519","19687","335093","Shipped","2022-08-02 01:50:21","2022-08-02 16:42:00",NULL,NULL,"58"
"124153","85647","68532","20551","335174","Shipped","2021-11-14 12:39:37","2021-11-16 17:00:00",NULL,NULL,"58"
"125650","86676","69352","14542","339225","Shipped","2022-09-03 05:44:57","2022-09-04 15:11:00",NULL,NULL,"58"
"125959","86875","69524","22225","340073","Shipped","2021-12-29 16:48:03","2021-12-29 10:27:00",NULL,NULL,"58"
"126836","87482","70034","20557","342459","Shipped","2021-07-26 00:44:48","2021-07-26 17:05:00",NULL,NULL,"58"
"128154","88383","70788","28057","346035","Shipped","2022-09-02 08:39:48","2022-09-04 01:32:00",NULL,NULL,"58"
"128170","88392","70797","731","346073","Shipped","2022-08-11 08:17:34","2022-08-09 15:33:00",NULL,NULL,"58"
"130304","89869","71990","19687","351818","Shipped","2022-04-07 04:25:34","2022-04-08 04:01:00",NULL,NULL,"58"
"130657","90126","72178","10658","352774","Shipped","2022-07-03 02:07:10","2022-06-29 13:28:00",NULL,NULL,"58"
"131352","90607","72591","11583","354641","Shipped","2022-06-18 08:06:02","2022-06-16 08:00:00",NULL,NULL,"58"
"131926","91010","72901","10560","356195","Shipped","2021-06-03 06:03:02","2021-06-03 09:19:00",NULL,NULL,"58"
"132503","91400","73193","15517","357785","Shipped","2022-05-12 01:29:45","2022-05-10 23:49:00",NULL,NULL,"58"
"132855","91658","73414","14466","358754","Shipped","2022-04-11 04:47:10","2022-04-12 15:38:00",NULL,NULL,"58"
"133059","91810","73538","19687","359305","Shipped","2021-03-14 09:04:44","2021-03-13 07:09:00",NULL,NULL,"58"
"133557","92146","73804","606","360641","Shipped","2022-08-29 07:18:24","2022-08-27 12:42:00",NULL,NULL,"58"
"133587","92166","73812","21760","360723","Shipped","2022-08-23 08:14:08","2022-08-26 04:18:00",NULL,NULL,"58"
"134127","92547","74137","6834","362167","Shipped","2021-09-29 12:30:15","2021-10-01 15:49:00",NULL,NULL,"58"
"135595","93572","74974","10560","366158","Shipped","2021-12-31 03:49:22","2022-01-02 15:33:00",NULL,NULL,"58"
"136086","93908","75266","20562","367490","Shipped","2022-06-01 09:10:02","2022-06-01 14:02:00",NULL,NULL,"58"
"137517","94886","76052","16128","371311","Shipped","2022-01-13 15:09:25","2022-01-16 05:41:00",NULL,NULL,"58"
"139813","96446","77336","4652","377533","Shipped","2021-07-12 01:51:40","2021-07-10 07:15:00",NULL,NULL,"58"
"140578","96976","77779","11785","379582","Shipped","2020-09-21 17:56:06","2020-09-23 08:41:00",NULL,NULL,"58"
"143463","98994","79376","28281","387338","Shipped","2021-05-03 04:09:36","2021-05-05 21:40:00",NULL,NULL,"58"
"145798","100604","80703","23106","393692","Shipped","2021-03-08 11:02:56","2021-03-09 14:23:00",NULL,NULL,"58"
"146003","100743","80828","13157","394240","Shipped","2022-06-11 07:39:10","2022-06-12 11:30:00",NULL,NULL,"58"
"146938","101372","81322","6345","396772","Shipped","2021-11-29 00:42:46","2021-11-29 13:03:00",NULL,NULL,"58"
"151068","104244","83624","6834","407987","Shipped","2022-08-16 14:38:20","2022-08-16 03:45:00",NULL,NULL,"58"
"151871","104783","84081","6880","410166","Shipped","2022-08-28 23:33:41","2022-08-30 18:49:00",NULL,NULL,"58"
"152344","105113","84342","731","411430","Shipped","2021-10-04 13:12:48","2021-10-03 09:18:00",NULL,NULL,"58"
"152945","105517","84649","4715","413019","Shipped","2022-09-01 05:18:50","2022-09-02 01:31:00",NULL,NULL,"58"
"153156","105657","84769","15517","413608","Shipped","2021-08-04 14:59:22","2021-08-04 14:08:00",NULL,NULL,"58"
"158130","109073","87474","534","426941","Shipped","2021-08-14 15:52:18","2021-08-15 13:02:00",NULL,NULL,"58"
"160159","110488","88606","6781","432438","Shipped","2021-06-20 05:51:45","2021-06-23 00:34:00",NULL,NULL,"58"
"160368","110638","88713","16869","433001","Shipped","2022-08-20 14:22:14","2022-08-21 08:56:00",NULL,NULL,"58"
"163566","112825","90465","16512","441683","Shipped","2021-01-22 12:07:52","2021-01-22 08:48:00",NULL,NULL,"58"
"165205","113931","91347","16584","446180","Shipped","2022-09-02 10:18:13","2022-09-04 13:31:00",NULL,NULL,"58"
"165556","114178","91539","16584","447125","Shipped","2021-11-16 00:29:13","2021-11-14 22:11:00",NULL,NULL,"58"
"166059","114524","91811","13157","448485","Shipped","2022-07-13 12:30:06","2022-07-10 05:02:00",NULL,NULL,"58"
"166094","114549","91835","14542","448577","Shipped","2021-08-18 02:39:10","2021-08-19 16:10:00",NULL,NULL,"58"
"166117","114566","91851","18977","448639","Shipped","2022-08-26 12:33:12","2022-08-28 23:59:00",NULL,NULL,"58"
"166280","114677","91935","15517","449094","Shipped","2022-06-18 08:30:42","2022-06-17 23:36:00",NULL,NULL,"58"
"168238","116018","93007","5506","454333","Shipped","2020-10-01 13:40:27","2020-10-02 22:11:00",NULL,NULL,"58"
"168264","116037","93029","17780","454405","Shipped","2022-07-13 13:31:32","2022-07-09 19:12:00",NULL,NULL,"58"
"168394","116131","93114","12070","454759","Shipped","2020-10-30 05:47:43","2020-10-31 16:27:00",NULL,NULL,"58"
"169737","117053","93858","21854","458362","Shipped","2021-01-05 02:35:06","2021-01-06 08:02:00",NULL,NULL,"58"
"171384","118158","94758","26364","462871","Shipped","2019-10-21 09:10:39","2019-10-24 06:33:00",NULL,NULL,"58"
"173280","119508","95816","28057","467990","Shipped","2022-08-05 03:36:26","2022-08-03 16:31:00",NULL,NULL,"58"
"175171","120798","96844","419","473066","Shipped","2021-11-30 22:09:45","2021-11-29 05:21:00",NULL,NULL,"58"
"176986","122064","97893","21854","478001","Shipped","2022-05-13 07:43:14","2022-05-14 05:47:00",NULL,NULL,"58"
"177182","122186","97973","22225","478540","Shipped","2021-09-14 06:55:36","2021-09-10 21:32:00",NULL,NULL,"58"
"177626","122509","98260","28057","479711","Shipped","2022-04-02 17:27:39","2022-04-05 06:16:00",NULL,NULL,"58"
"177725","122573","98309","18770","479984","Shipped","2020-11-29 06:53:47","2020-12-01 20:17:00",NULL,NULL,"58"
"177905","122703","98421","12070","480460","Shipped","2022-09-04 10:09:33.617143","2022-09-05 15:49:44.617143",NULL,NULL,"58"
"179724","123955","99424","13234","485336","Shipped","2021-11-30 22:09:33","2021-11-30 04:58:00",NULL,NULL,"58"
"433","307","264","16869","1149","Complete","2021-10-24 12:49:45","2021-10-27 10:19:00","2021-10-31 20:52:00",NULL,"58"
"1366","949","799","1213","3715","Complete","2022-05-09 00:03:35","2022-05-06 18:03:00","2022-05-09 16:41:00",NULL,"58"
"1544","1071","883","28057","4188","Complete","2020-11-16 12:37:54","2020-11-18 08:48:00","2020-11-21 23:21:00",NULL,"58"
"2189","1501","1215","6295","5933","Complete","2022-05-18 13:49:14","2022-05-17 02:45:00","2022-05-17 16:29:00",NULL,"58"
"2812","1917","1549","25667","7617","Complete","2021-12-05 00:59:58","2021-12-07 22:57:00","2021-12-11 15:01:00",NULL,"58"
"4511","3089","2504","16869","12230","Complete","2021-10-12 21:56:54","2021-10-13 22:16:00","2021-10-16 21:47:00",NULL,"58"
"5467","3732","3046","6345","14811","Complete","2021-08-17 10:47:22","2021-08-19 21:54:00","2021-08-23 23:55:00",NULL,"58"
"5669","3863","3147","22232","15342","Complete","2022-04-04 06:31:00","2022-04-02 19:03:00","2022-04-03 10:38:00",NULL,"58"
"6726","4582","3718","4715","18221","Complete","2022-07-15 23:09:10","2022-07-17 14:08:00","2022-07-19 00:27:00",NULL,"58"
"11310","7778","6305","538","30636","Complete","2021-02-13 23:03:44","2021-02-15 08:09:00","2021-02-15 22:08:00",NULL,"58"
"13649","9399","7571","10048","36991","Complete","2022-01-12 15:35:20","2022-01-11 22:39:00","2022-01-14 17:58:00",NULL,"58"
"13774","9493","7636","22117","37327","Complete","2022-06-17 14:00:55","2022-06-18 08:07:00","2022-06-21 10:54:00",NULL,"58"
"13917","9586","7733","4965","37717","Complete","2022-05-21 00:39:53","2022-05-19 15:04:00","2022-05-21 17:52:00",NULL,"58"
"17816","12249","9855","27970","48258","Complete","2022-07-25 11:09:58","2022-07-26 13:08:00","2022-07-27 00:25:00",NULL,"58"
"18842","12949","10384","10588","50993","Complete","2022-02-01 23:21:38","2022-02-03 07:46:00","2022-02-06 07:33:00",NULL,"58"
"19017","13076","10484","13753","51471","Complete","2022-04-05 03:07:11","2022-04-05 21:44:00","2022-04-07 12:03:00",NULL,"58"
"24203","16644","13305","11785","65425","Complete","2022-08-07 09:10:39","2022-08-09 18:31:00","2022-08-10 01:53:00",NULL,"58"
"25931","17871","14288","10658","70068","Complete","2021-10-03 07:22:02","2021-10-03 23:57:00","2021-10-06 15:58:00",NULL,"58"
"27024","18615","14870","15517","73055","Complete","2020-07-04 07:53:21","2020-07-05 07:08:00","2020-07-09 00:01:00",NULL,"58"
"27834","19179","15345","15517","75251","Complete","2021-12-26 14:18:38","2021-12-25 06:11:00","2021-12-26 20:12:00",NULL,"58"
"29809","20536","16416","4652","80586","Complete","2022-07-23 15:53:28","2022-07-23 19:02:00","2022-07-28 06:54:00",NULL,"58"
"31627","21763","17416","11672","85488","Complete","2022-06-19 15:08:00","2022-06-18 16:34:00","2022-06-21 03:54:00",NULL,"58"
"33161","22831","18221","19126","89580","Complete","2020-11-17 13:24:13","2020-11-19 17:14:00","2020-11-19 23:26:00",NULL,"58"
"34239","23572","18813","1150","92504","Complete","2022-04-20 01:21:31","2022-04-18 19:35:00","2022-04-21 19:43:00",NULL,"58"
"34397","23678","18895","22232","92924","Complete","2020-04-21 03:43:10","2020-04-23 03:28:00","2020-04-23 16:30:00",NULL,"58"
"34571","23801","19000","14899","93396","Complete","2020-03-27 07:47:22","2020-03-25 01:52:00","2020-03-26 17:08:00",NULL,"58"
"35718","24577","19648","21854","96447","Complete","2022-02-28 00:15:34","2022-02-26 08:01:00","2022-02-26 08:52:00",NULL,"58"
"38702","26661","21308","20560","104499","Complete","2020-04-02 06:48:03","2020-04-03 20:30:00","2020-04-08 11:18:00",NULL,"58"
"40032","27554","22009","14767","108047","Complete","2021-07-17 13:44:48","2021-07-16 10:07:00","2021-07-20 01:47:00",NULL,"58"
"40825","28081","22400","22245","110238","Complete","2022-03-18 01:01:14","2022-03-18 23:31:00","2022-03-22 19:59:00",NULL,"58"
"43335","29808","23767","1516","117020","Complete","2020-01-04 02:59:04","2020-01-05 19:02:00","2020-01-06 12:19:00",NULL,"58"
"43363","29832","23783","13234","117095","Complete","2021-12-14 23:09:07","2021-12-17 14:40:00","2021-12-19 02:27:00",NULL,"58"
"43503","29926","23868","5881","117479","Complete","2022-08-28 10:51:35","2022-08-26 11:47:00","2022-08-28 11:37:00",NULL,"58"
"45620","31411","25068","21873","123182","Complete","2022-02-03 17:58:38","2022-02-04 20:16:00","2022-02-05 14:49:00",NULL,"58"
"48270","33259","26575","14767","130278","Complete","2022-09-04 00:05:21.667132","2022-09-03 09:11:42.667132","2022-09-03 11:37:42.667132",NULL,"58"
"49117","33824","27019","6781","132555","Complete","2020-12-07 14:56:17","2020-12-06 13:50:00","2020-12-09 11:15:00",NULL,"58"
"49322","33965","27124","419","133129","Complete","2021-10-24 03:23:25","2021-10-24 18:33:00","2021-10-25 04:11:00",NULL,"58"
"49442","34047","27179","21349","133448","Complete","2022-06-22 09:23:03","2022-06-24 03:33:00","2022-06-24 06:42:00",NULL,"58"
"50380","34704","27705","15181","135994","Complete","2022-06-18 01:24:58","2022-06-16 13:21:00","2022-06-18 13:22:00",NULL,"58"
"50553","34829","27794","28281","136456","Complete","2022-02-12 12:27:46","2022-02-13 07:14:00","2022-02-13 23:47:00",NULL,"58"
"50878","35073","27986","19126","137324","Complete","2021-08-17 21:28:11","2021-08-20 22:35:00","2021-08-23 23:30:00",NULL,"58"
"51233","35315","28194","21692","138284","Complete","2022-07-26 08:23:01","2022-07-28 08:05:00","2022-08-01 16:26:00",NULL,"58"
"52931","36486","29159","19687","142825","Complete","2020-06-15 04:38:01","2020-06-16 19:07:00","2020-06-19 21:28:00",NULL,"58"
"54150","37317","29823","6777","146127","Complete","2022-05-09 06:32:35","2022-05-09 14:52:00","2022-05-14 09:07:00",NULL,"58"
"54420","37498","29964","6478","146836","Complete","2021-04-19 14:11:38","2021-04-20 10:37:00","2021-04-22 12:06:00",NULL,"58"
"58328","40213","32127","538","157410","Complete","2021-10-21 09:04:16","2021-10-24 11:45:00","2021-10-27 16:26:00",NULL,"58"
"60514","41677","33319","13753","163381","Complete","2021-03-29 14:16:58","2021-03-31 07:29:00","2021-04-02 20:32:00",NULL,"58"
"60967","41989","33559","28057","164591","Complete","2019-12-31 01:45:52","2020-01-02 04:33:00","2020-01-04 21:28:00",NULL,"58"
"63517","43734","34968","11507","171484","Complete","2022-01-02 03:27:10","2022-01-03 06:21:00","2022-01-04 02:27:00",NULL,"58"
"64528","44415","35520","20560","174222","Complete","2021-02-24 15:38:17","2021-02-23 02:29:00","2021-02-26 23:40:00",NULL,"58"
"65778","45287","36199","20562","177614","Complete","2022-03-04 10:53:51","2022-03-05 21:57:00","2022-03-09 22:15:00",NULL,"58"
"66466","45730","36568","11785","179475","Complete","2022-01-20 05:45:21","2022-01-20 23:55:00","2022-01-24 15:16:00",NULL,"58"
"67586","46500","37190","11672","182495","Complete","2021-11-26 07:38:26","2021-11-26 16:55:00","2021-12-01 05:01:00",NULL,"58"
"67872","46707","37369","1719","183259","Complete","2021-02-25 06:40:39","2021-02-26 12:27:00","2021-02-28 21:45:00",NULL,"58"
"68168","46911","37523","15181","184048","Complete","2022-08-14 09:50:28","2022-08-14 08:44:00","2022-08-17 22:15:00",NULL,"58"
"68816","47365","37880","12070","185776","Complete","2022-02-05 22:13:47","2022-02-07 07:49:00","2022-02-10 13:15:00",NULL,"58"
"70290","48405","38708","11336","189764","Complete","2021-01-03 08:21:42","2020-12-30 21:22:00","2021-01-02 15:27:00",NULL,"58"
"70775","48736","38991","27986","191073","Complete","2022-06-18 23:13:52","2022-06-20 12:57:00","2022-06-23 15:33:00",NULL,"58"
"71206","49027","39235","1150","192248","Complete","2022-07-03 02:40:40","2022-07-01 05:20:00","2022-07-03 07:29:00",NULL,"58"
"71970","49573","39687","6834","194291","Complete","2021-09-18 16:25:26","2021-09-17 18:21:00","2021-09-22 13:56:00",NULL,"58"
"72730","50095","40093","19126","196390","Complete","2022-01-11 16:32:54","2022-01-14 14:53:00","2022-01-18 07:50:00",NULL,"58"
"73209","50427","40366","21760","197683","Complete","2021-07-20 09:54:23","2021-07-22 23:25:00","2021-07-25 14:54:00",NULL,"58"
"76420","52672","42146","18770","206357","Complete","2019-11-29 18:47:29","2019-11-30 10:18:00","2019-12-04 03:03:00",NULL,"58"
"77162","53200","42568","20557","208339","Complete","2022-09-03 12:21:49","2022-09-05 12:16:00","2022-09-06 06:10:00",NULL,"58"
"77305","53300","42643","5881","208700","Complete","2022-02-26 07:23:54","2022-02-28 15:31:00","2022-03-03 10:47:00",NULL,"58"
"77641","53534","42827","22245","209588","Complete","2022-03-29 12:57:47","2022-03-30 00:37:00","2022-03-30 19:29:00",NULL,"58"
"78348","54026","43222","11711","211510","Complete","2022-03-19 22:55:09","2022-03-21 13:13:00","2022-03-25 09:32:00",NULL,"58"
"82667","57061","45618","6345","223257","Complete","2019-04-14 16:00:42","2019-04-16 17:57:00","2019-04-19 20:09:00",NULL,"58"
"84120","58107","46460","12010","227207","Complete","2022-09-03 01:12:47.960853","2022-09-04 18:31:29.960853","2022-09-08 03:15:29.960853",NULL,"58"
"84210","58169","46512","21901","227450","Complete","2021-07-20 03:27:14","2021-07-20 06:29:00","2021-07-22 22:37:00",NULL,"58"
"84502","58380","46694","14767","228226","Complete","2022-07-23 08:40:19","2022-07-26 06:01:00","2022-07-30 20:44:00",NULL,"58"
"84953","58694","46932","23212","229463","Complete","2021-11-18 14:04:21","2021-11-19 14:20:00","2021-11-24 00:27:00",NULL,"58"
"85148","58843","47047","538","229997","Complete","2022-08-03 08:27:58","2022-08-03 03:03:00","2022-08-06 23:05:00",NULL,"58"
"85178","58864","47063","21692","230073","Complete","2022-03-01 10:36:29","2022-02-26 19:37:00","2022-03-03 10:50:00",NULL,"58"
"85934","59384","47510","18977","232120","Complete","2020-06-03 04:20:50","2020-05-31 21:02:00","2020-06-02 20:20:00",NULL,"58"
"86072","59476","47584","15517","232502","Complete","2021-06-16 08:24:12","2021-06-14 14:16:00","2021-06-17 05:35:00",NULL,"58"
"86151","59531","47626","7178","232725","Complete","2022-02-20 04:50:55","2022-02-22 10:02:00","2022-02-23 07:20:00",NULL,"58"
"88354","61058","48884","11711","238686","Complete","2022-07-17 16:10:28","2022-07-15 21:25:00","2022-07-19 18:31:00",NULL,"58"
"88537","61190","49006","20562","239197","Complete","2021-12-25 23:17:31","2021-12-27 08:36:00","2021-12-30 15:33:00",NULL,"58"
"88690","61309","49097","6845","239606","Complete","2022-09-04 14:37:00","2022-09-04 19:47:00","2022-09-05 20:39:00",NULL,"58"
"89946","62173","49767","1516","242970","Complete","2021-05-17 03:06:36","2021-05-13 10:47:00","2021-05-13 14:13:00",NULL,"58"
"90836","62771","50250","534","245385","Complete","2021-05-14 12:50:58","2021-05-14 12:01:00","2021-05-17 21:57:00",NULL,"58"
"90844","62775","50256","27902","245405","Complete","2019-12-10 07:40:54","2019-12-10 21:31:00","2019-12-13 23:12:00",NULL,"58"
"92119","63649","50953","15517","248813","Complete","2021-02-16 03:19:03","2021-02-14 15:02:00","2021-02-15 07:38:00",NULL,"58"
"93046","64296","51454","10382","251311","Complete","2022-07-07 14:38:33","2022-07-10 10:20:00","2022-07-12 04:06:00",NULL,"58"
"93390","64538","51640","6478","252225","Complete","2020-02-01 08:12:47","2020-02-02 05:06:00","2020-02-05 02:44:00",NULL,"58"
"94754","65459","52372","6834","255964","Complete","2022-07-08 07:10:25","2022-07-09 20:44:00","2022-07-14 17:37:00",NULL,"58"
"94762","65465","52376","4715","255982","Complete","2022-02-08 08:38:07","2022-02-09 22:13:00","2022-02-14 03:17:00",NULL,"58"
"94842","65527","52420","11514","256198","Complete","2021-10-12 08:08:25","2021-10-13 14:53:00","2021-10-13 21:39:00",NULL,"58"
"95586","66071","52845","10382","258206","Complete","2021-12-19 13:32:18","2021-12-18 23:19:00","2021-12-20 04:54:00",NULL,"58"
"96148","66454","53129","23212","259716","Complete","2022-01-08 16:18:36","2022-01-09 17:53:00","2022-01-11 03:52:00",NULL,"58"
"97034","67054","53578","21349","262099","Complete","2022-04-13 11:05:17","2022-04-14 12:21:00","2022-04-16 15:12:00",NULL,"58"
"101229","69951","55932","27970","273382","Complete","2022-06-06 16:07:51","2022-06-07 17:27:00","2022-06-09 21:09:00",NULL,"58"
"101613","70211","56137","25667","274432","Complete","2022-08-03 02:31:52","2022-08-03 08:34:00","2022-08-05 11:41:00",NULL,"58"
"102351","70724","56549","18977","276465","Complete","2021-12-26 04:59:42","2021-12-24 00:30:00","2021-12-25 16:09:00",NULL,"58"
"102422","70768","56580","16128","276664","Complete","2022-05-07 13:33:18","2022-05-09 07:34:00","2022-05-12 09:51:00",NULL,"58"
"103644","71627","57269","19687","279979","Complete","2021-09-25 08:43:59","2021-09-26 22:17:00","2021-09-27 20:42:00",NULL,"58"
"103761","71707","57337","5506","280293","Complete","2020-10-12 06:33:51","2020-10-13 22:53:00","2020-10-18 04:29:00",NULL,"58"
"103765","71711","57340","26364","280303","Complete","2022-01-17 15:59:56","2022-01-19 07:47:00","2022-01-22 01:08:00",NULL,"58"
"104181","71994","57567","16869","281421","Complete","2022-07-05 06:42:47","2022-07-02 14:05:00","2022-07-04 05:37:00",NULL,"58"
"105313","72775","58202","12070","284451","Complete","2022-03-17 06:23:10","2022-03-18 10:47:00","2022-03-22 17:06:00",NULL,"58"
"107644","74368","59449","17780","290752","Complete","2022-07-22 04:53:46","2022-07-22 22:03:00","2022-07-23 11:30:00",NULL,"58"
"109973","75966","60740","6781","297035","Complete","2021-02-12 08:30:11","2021-02-12 14:10:00","2021-02-14 16:21:00",NULL,"58"
"110193","76120","60869","20560","297615","Complete","2020-12-06 15:05:59","2020-12-07 06:21:00","2020-12-08 01:48:00",NULL,"58"
"112714","77853","62271","18977","304435","Complete","2022-06-04 00:46:39","2022-06-06 16:42:00","2022-06-07 02:33:00",NULL,"58"
"113250","78231","62570","606","305881","Complete","2022-06-03 17:07:27","2022-06-04 21:38:00","2022-06-09 06:23:00",NULL,"58"
"113757","78584","62839","12010","307239","Complete","2022-04-14 22:59:35","2022-04-16 23:45:00","2022-04-21 19:44:00",NULL,"58"
"114118","78825","63051","19126","308210","Complete","2021-04-02 06:13:49","2021-03-30 02:57:00","2021-03-31 17:47:00",NULL,"58"
"115051","79458","63580","22232","310748","Complete","2021-04-04 08:27:47","2021-04-05 01:16:00","2021-04-08 00:35:00",NULL,"58"
"116361","80353","64320","16584","314265","Complete","2021-09-18 00:23:13","2021-09-20 01:41:00","2021-09-23 02:04:00",NULL,"58"
"119008","82158","65781","16512","321319","Complete","2021-11-03 14:06:26","2021-11-04 23:38:00","2021-11-05 04:53:00",NULL,"58"
"121892","84099","67325","11336","329117","Complete","2022-01-21 11:49:53","2022-01-22 15:24:00","2022-01-26 00:44:00",NULL,"58"
"122116","84240","67435","11514","329711","Complete","2020-07-17 09:05:07","2020-07-15 20:18:00","2020-07-17 04:48:00",NULL,"58"
"124423","85837","68700","1213","335886","Complete","2022-08-10 13:50:47","2022-08-11 17:17:00","2022-08-12 02:00:00",NULL,"58"
"124851","86135","68927","6561","337067","Complete","2022-08-06 07:02:27","2022-08-06 16:41:00","2022-08-09 23:58:00",NULL,"58"
"125705","86711","69382","4196","339374","Complete","2022-09-04 06:36:55.5962","2022-09-06 02:58:43.5962","2022-09-09 02:02:43.5962",NULL,"58"
"126227","87064","69682","28057","340812","Complete","2020-07-13 23:56:17","2020-07-16 08:58:00","2020-07-21 08:12:00",NULL,"58"
"127828","88156","70598","6561","345126","Complete","2022-06-13 10:06:30","2022-06-14 17:49:00","2022-06-18 09:36:00",NULL,"58"
"128706","88768","71097","6478","347524","Complete","2021-01-28 15:59:14","2021-01-29 16:07:00","2021-01-30 02:18:00",NULL,"58"
"128769","88807","71133","6561","347692","Complete","2022-05-01 03:49:06","2022-05-02 05:56:00","2022-05-04 13:33:00",NULL,"58"
"130408","89946","72051","4965","352098","Complete","2021-01-25 14:04:52","2021-01-26 19:50:00","2021-01-28 07:42:00",NULL,"58"
"132981","91754","73498","10588","359092","Complete","2022-01-08 10:55:11","2022-01-09 10:13:00","2022-01-10 06:51:00",NULL,"58"
"136867","94452","75702","27902","369596","Complete","2022-07-20 00:52:22","2022-07-22 14:56:00","2022-07-24 22:32:00",NULL,"58"
"137042","94575","75807","16128","370049","Complete","2022-03-14 12:59:24","2022-03-13 10:39:00","2022-03-13 16:04:00",NULL,"58"
"137635","94972","76126","16128","371623","Complete","2022-06-07 04:03:09","2022-06-07 09:28:00","2022-06-12 06:03:00",NULL,"58"
"137904","95165","76281","21901","372359","Complete","2021-06-09 09:29:54","2021-06-09 22:55:00","2021-06-14 14:48:00",NULL,"58"
"138340","95465","76540","538","373556","Complete","2022-08-25 07:56:54","2022-08-23 08:54:00","2022-08-26 03:10:00",NULL,"58"
"139232","96065","77032","20560","375985","Complete","2021-09-25 11:07:23","2021-09-28 00:37:00","2021-09-29 06:53:00",NULL,"58"
"142743","98487","78958","16584","385407","Complete","2022-08-08 03:09:20","2022-08-09 22:48:00","2022-08-10 14:12:00",NULL,"58"
"142840","98555","79022","11513","385681","Complete","2020-07-04 14:15:21","2020-07-05 07:09:00","2020-07-08 00:12:00",NULL,"58"
"142933","98620","79064","6845","385924","Complete","2020-05-08 09:30:31","2020-05-07 14:01:00","2020-05-09 01:45:00",NULL,"58"
"143574","99067","79438","16869","387651","Complete","2022-07-01 06:59:16","2022-07-03 01:57:00","2022-07-06 02:37:00",NULL,"58"
"144589","99761","79989","28281","390379","Complete","2022-03-05 23:38:29","2022-03-04 11:02:00","2022-03-04 19:11:00",NULL,"58"
"145932","100696","80787","21349","394059","Complete","2021-02-16 16:44:07","2021-02-17 11:53:00","2021-02-19 00:44:00",NULL,"58"
"146031","100760","80841","10048","394320","Complete","2019-11-30 14:02:13","2019-12-01 09:24:00","2019-12-02 21:07:00",NULL,"58"
"149570","103230","82796","13295","403909","Complete","2020-02-21 23:56:40","2020-02-24 11:25:00","2020-02-26 08:39:00",NULL,"58"
"150290","103706","83191","20551","405902","Complete","2022-07-30 02:36:12","2022-08-02 04:47:00","2022-08-04 05:11:00",NULL,"58"
"152033","104899","84179","26364","410597","Complete","2021-11-15 11:56:09","2021-11-15 12:21:00","2021-11-20 04:41:00",NULL,"58"
"152296","105080","84322","51","411303","Complete","2021-04-20 09:32:17","2021-04-21 10:26:00","2021-04-26 03:25:00",NULL,"58"
"153376","105813","84879","13234","414212","Complete","2022-08-04 11:04:47","2022-08-04 02:30:00","2022-08-04 04:17:00",NULL,"58"
"154942","106903","85771","6845","418381","Complete","2020-10-29 06:28:14","2020-10-29 17:17:00","2020-10-30 01:26:00",NULL,"58"
"156070","107662","86371","16512","421392","Complete","2022-07-26 13:31:42","2022-07-25 11:51:00","2022-07-29 06:24:00",NULL,"58"
"156699","108090","86694","6561","423079","Complete","2022-07-05 11:34:50","2022-07-08 05:41:00","2022-07-10 22:01:00",NULL,"58"
"157721","108778","87238","10382","425852","Complete","2022-04-07 09:56:03","2022-04-08 09:13:00","2022-04-09 12:42:00",NULL,"58"
"158463","109297","87662","4652","427839","Complete","2021-11-12 12:54:55","2021-11-11 00:05:00","2021-11-13 21:01:00",NULL,"58"
"159682","110161","88341","21349","431147","Complete","2021-04-13 03:29:38","2021-04-15 10:22:00","2021-04-19 20:49:00",NULL,"58"
"163020","112446","90174","4715","440205","Complete","2021-10-14 06:50:20","2021-10-14 16:50:00","2021-10-15 12:55:00",NULL,"58"
"165036","113821","91257","21854","445705","Complete","2021-07-19 00:53:55","2021-07-16 01:35:00","2021-07-20 02:37:00",NULL,"58"
"165862","114391","91700","7178","447968","Complete","2020-11-09 07:35:17","2020-11-09 17:00:00","2020-11-14 11:20:00",NULL,"58"
"168304","116064","93057","16512","454519","Complete","2022-06-01 14:45:26","2022-06-03 16:53:00","2022-06-05 20:04:00",NULL,"58"
"168455","116174","93145","6777","454917","Complete","2021-10-30 08:55:38","2021-11-02 03:08:00","2021-11-05 12:36:00",NULL,"58"
"168460","116177","93146","21873","454933","Complete","2022-04-17 13:20:55","2022-04-17 17:03:00","2022-04-22 04:00:00",NULL,"58"
"169811","117102","93894","1213","458567","Complete","2022-09-04 14:43:23","2022-09-03 01:46:00","2022-09-06 17:31:00",NULL,"58"
"170587","117620","94329","13157","460692","Complete","2020-10-18 03:46:37","2020-10-20 10:59:00","2020-10-24 10:43:00",NULL,"58"
"170628","117643","94353","25667","460811","Complete","2022-08-15 16:12:46","2022-08-18 05:31:00","2022-08-20 16:02:00",NULL,"58"
"170850","117794","94462","23106","461425","Complete","2021-10-20 01:01:51","2021-10-20 12:14:00","2021-10-23 22:04:00",NULL,"58"
"172131","118693","95157","13295","464902","Complete","2021-09-29 04:50:48","2021-09-30 15:12:00","2021-10-03 18:19:00",NULL,"58"
"172230","118761","95213","6561","465166","Complete","2021-10-17 13:31:57","2021-10-18 16:38:00","2021-10-22 17:57:00",NULL,"58"
"172598","119025","95411","21901","466157","Complete","2022-03-15 12:00:30","2022-03-13 20:29:00","2022-03-15 09:11:00",NULL,"58"
"173383","119583","95872","5078","468255","Complete","2021-11-25 06:42:32","2021-11-25 15:06:00","2021-11-27 16:44:00",NULL,"58"
"176858","121974","97823","1150","477661","Complete","2022-05-18 13:14:14","2022-05-20 02:09:00","2022-05-24 06:21:00",NULL,"58"
"177296","122269","98036","16584","478827","Complete","2020-11-05 13:42:03","2020-11-05 18:06:00","2020-11-06 12:59:00",NULL,"58"
"178027","122785","98484","10048","480784","Complete","2022-05-18 07:40:22","2022-05-15 18:14:00","2022-05-20 07:36:00",NULL,"58"
"178752","123293","98890","6777","482730","Complete","2021-06-08 11:46:36","2021-06-11 12:54:00","2021-06-15 19:54:00",NULL,"58"
"180789","124693","99987","20562","488216","Complete","2021-05-17 08:53:26","2021-05-19 18:10:00","2021-05-22 12:59:00",NULL,"58"
"851","607","507","22117","2286","Returned","2021-11-13 15:41:41","2021-11-12 13:39:00","2021-11-13 13:07:00","2021-11-14 06:22:00","58"
"3840","2609","2110","28057","10396","Returned","2021-12-23 10:52:46","2021-12-25 12:37:00","2021-12-27 19:33:00","2021-12-28 22:37:00","58"
"6255","4267","3468","22660","16925","Returned","2022-05-08 04:38:52","2022-05-07 21:43:00","2022-05-10 22:42:00","2022-05-11 20:25:00","58"
"8961","6143","4962","11583","24302","Returned","2021-10-17 12:46:55","2021-10-16 16:45:00","2021-10-17 03:17:00","2021-10-17 16:16:00","58"
"12967","8947","7220","534","35130","Returned","2022-05-19 00:52:59","2022-05-21 14:28:00","2022-05-25 04:50:00","2022-05-26 03:22:00","58"
"13643","9396","7570","1150","36977","Returned","2021-05-10 02:09:41","2021-05-10 08:21:00","2021-05-12 22:04:00","2021-05-14 21:12:00","58"
"19110","13136","10526","16869","51712","Returned","2022-01-30 15:46:03","2022-02-01 07:15:00","2022-02-05 00:51:00","2022-02-05 17:56:00","58"
"20928","14390","11519","11785","56641","Returned","2022-06-20 22:31:43","2022-06-19 15:42:00","2022-06-22 05:48:00","2022-06-22 06:15:00","58"
"22843","15710","12559","6561","61746","Returned","2021-12-29 15:48:26","2021-12-31 19:33:00","2022-01-05 01:03:00","2022-01-07 08:26:00","58"
"25874","17828","14249","4196","69920","Returned","2022-07-24 23:22:21","2022-07-22 06:52:00","2022-07-25 21:53:00","2022-07-26 11:21:00","58"
"26544","18291","14615","11513","71745","Returned","2021-06-22 23:57:25","2021-06-25 23:51:00","2021-06-27 10:07:00","2021-06-29 08:13:00","58"
"28100","19373","15493","6295","75957","Returned","2022-07-06 08:41:19","2022-07-07 05:42:00","2022-07-08 00:23:00","2022-07-09 12:28:00","58"
"32366","22272","17808","10505","87443","Returned","2020-12-10 17:36:01","2020-12-08 11:06:00","2020-12-09 03:03:00","2020-12-09 14:37:00","58"
"36353","25033","20012","22232","98150","Returned","2020-02-18 02:17:30","2020-02-20 15:59:00","2020-02-21 03:11:00","2020-02-22 18:14:00","58"
"36628","25206","20154","20557","98879","Returned","2022-04-01 21:55:20","2022-03-31 18:36:00","2022-04-02 00:31:00","2022-04-03 22:56:00","58"
"36669","25235","20174","19687","98985","Returned","2021-07-02 12:46:18","2021-07-02 23:57:00","2021-07-07 18:30:00","2021-07-09 11:07:00","58"
"39101","26923","21504","13525","105570","Returned","2022-08-19 01:33:22","2022-08-15 12:08:00","2022-08-19 02:51:00","2022-08-19 07:30:00","58"
"39970","27510","21968","6777","107883","Returned","2020-04-16 11:11:16","2020-04-17 23:51:00","2020-04-20 13:02:00","2020-04-23 12:01:00","58"
"40676","27977","22323","4965","109834","Returned","2022-03-25 15:02:13","2022-03-28 16:01:00","2022-04-01 14:43:00","2022-04-04 03:18:00","58"
"42739","29412","23443","6295","115417","Returned","2022-01-22 16:58:11","2022-01-23 10:06:00","2022-01-27 09:54:00","2022-01-29 10:29:00","58"
"42839","29480","23496","23212","115696","Returned","2022-05-16 02:49:29","2022-05-18 13:34:00","2022-05-22 08:19:00","2022-05-24 18:32:00","58"
"44732","30790","24579","10658","120816","Returned","2020-03-29 23:16:46","2020-03-30 22:12:00","2020-04-02 08:33:00","2020-04-03 16:18:00","58"
"47422","32674","26084","11672","128003","Returned","2022-07-13 17:45:11","2022-07-15 21:30:00","2022-07-20 16:58:00","2022-07-21 22:19:00","58"
"49402","34021","27162","22567","133339","Returned","2021-07-28 11:39:27","2021-07-30 00:58:00","2021-07-31 18:32:00","2021-08-02 04:14:00","58"
"49985","34424","27491","14898","134932","Returned","2022-01-17 11:30:30","2022-01-18 19:14:00","2022-01-23 08:30:00","2022-01-25 10:36:00","58"
"52196","35969","28735","20562","140864","Returned","2022-07-13 10:49:31","2022-07-10 12:08:00","2022-07-14 00:47:00","2022-07-14 03:47:00","58"
"52699","36323","29012","6561","142209","Returned","2021-10-14 11:00:52","2021-10-14 09:25:00","2021-10-19 04:18:00","2021-10-21 00:38:00","58"
"55254","38084","30429","15517","149081","Returned","2022-07-14 13:51:36","2022-07-12 05:29:00","2022-07-16 06:30:00","2022-07-16 08:33:00","58"
"55667","38370","30663","11513","150200","Returned","2022-06-07 12:17:34","2022-06-09 18:13:00","2022-06-14 08:09:00","2022-06-16 12:17:00","58"
"62125","42786","34206","28281","167704","Returned","2020-08-07 16:14:02","2020-08-07 00:06:00","2020-08-11 05:51:00","2020-08-12 02:30:00","58"
"62204","42841","34248","12070","167913","Returned","2020-07-31 16:20:54","2020-08-01 00:27:00","2020-08-03 03:49:00","2020-08-05 00:18:00","58"
"63349","43613","34872","5078","171051","Returned","2022-02-26 03:51:11","2022-02-26 21:43:00","2022-03-01 02:24:00","2022-03-02 06:10:00","58"
"75384","51942","41564","4652","203523","Returned","2021-03-14 00:31:41","2021-03-12 11:32:00","2021-03-14 12:08:00","2021-03-16 15:46:00","58"
"75711","52174","41773","22660","204417","Returned","2022-08-02 14:59:50","2022-07-30 15:48:00","2022-08-01 19:00:00","2022-08-04 08:22:00","58"
"76172","52497","42012","13157","205692","Returned","2022-01-19 08:24:46","2022-01-19 13:30:00","2022-01-23 17:33:00","2022-01-23 21:17:00","58"
"76807","52958","42364","27672","207412","Returned","2022-07-12 11:22:34","2022-07-11 02:20:00","2022-07-12 05:44:00","2022-07-12 18:19:00","58"
"86617","59843","47885","4778","233977","Returned","2022-07-07 04:01:36","2022-07-05 12:43:00","2022-07-08 04:55:00","2022-07-10 18:57:00","58"
"88381","61076","48906","4196","238759","Returned","2022-03-25 18:46:06","2022-03-25 21:12:00","2022-03-25 23:00:00","2022-03-27 08:10:00","58"
"96237","66508","53177","538","259959","Returned","2021-04-04 00:32:21","2021-04-04 09:12:00","2021-04-05 16:15:00","2021-04-07 10:21:00","58"
"98637","68153","54473","11711","266459","Returned","2020-05-08 10:29:41","2020-05-06 17:57:00","2020-05-09 20:03:00","2020-05-10 17:11:00","58"
"98695","68192","54509","22117","266617","Returned","2022-08-10 10:06:19","2022-08-10 18:03:00","2022-08-11 02:19:00","2022-08-12 22:01:00","58"
"102484","70814","56615","25667","276830","Returned","2022-04-20 12:09:11","2022-04-23 10:45:00","2022-04-26 01:45:00","2022-04-26 10:29:00","58"
"102915","71110","56842","4778","277972","Returned","2022-06-20 12:27:52","2022-06-22 06:42:00","2022-06-27 02:02:00","2022-06-29 21:30:00","58"
"104051","71903","57491","21854","281063","Returned","2022-08-17 07:38:08","2022-08-13 13:55:00","2022-08-13 20:06:00","2022-08-14 23:05:00","58"
"111102","76758","61407","4652","300052","Returned","2021-07-02 04:26:11","2021-07-04 03:27:00","2021-07-07 00:06:00","2021-07-07 02:18:00","58"
"115512","79782","63835","26364","311964","Returned","2022-05-12 15:55:33","2022-05-12 16:49:00","2022-05-16 21:40:00","2022-05-18 11:15:00","58"
"119501","82491","66042","28057","322639","Returned","2022-05-16 07:04:14","2022-05-18 19:06:00","2022-05-22 09:11:00","2022-05-23 07:18:00","58"
"124647","85994","68825","19687","336502","Returned","2021-11-06 09:12:34","2021-11-08 20:17:00","2021-11-10 03:50:00","2021-11-10 13:42:00","58"
"125320","86452","69183","4778","338352","Returned","2020-08-28 02:17:09","2020-08-30 08:31:00","2020-09-02 10:33:00","2020-09-04 04:38:00","58"
"125694","86702","69375","14899","339341","Returned","2021-11-08 13:30:40","2021-11-10 00:00:00","2021-11-11 15:27:00","2021-11-14 15:20:00","58"
"126425","87208","69794","13157","341349","Returned","2019-10-26 15:08:59","2019-10-23 19:48:00","2019-10-26 00:20:00","2019-10-26 10:45:00","58"
"126651","87352","69915","19126","341965","Returned","2021-07-01 06:38:27","2021-07-04 08:17:00","2021-07-07 16:19:00","2021-07-08 22:30:00","58"
"128058","88319","70734","16128","345765","Returned","2022-06-04 17:35:56","2022-06-03 15:54:00","2022-06-04 03:18:00","2022-06-05 20:16:00","58"
"128535","88645","71005","11514","347060","Returned","2022-08-03 12:33:36","2022-08-01 14:11:00","2022-08-03 00:59:00","2022-08-05 23:30:00","58"
"133700","92252","73890","11711","361025","Returned","2022-05-04 08:50:44","2022-05-06 22:03:00","2022-05-08 11:09:00","2022-05-08 22:36:00","58"
"138664","95685","76712","11711","374433","Returned","2022-06-05 05:03:59","2022-06-07 05:13:00","2022-06-07 18:42:00","2022-06-08 12:09:00","58"
"143911","99303","79626","13295","388554","Returned","2022-07-08 11:10:14","2022-07-09 11:08:00","2022-07-13 13:58:00","2022-07-15 12:38:00","58"
"147983","102121","81911","6345","399565","Returned","2022-02-09 06:23:08","2022-02-09 10:33:00","2022-02-11 21:29:00","2022-02-13 21:15:00","58"
"154240","106423","85363","13295","416505","Returned","2020-05-30 00:11:19","2020-05-31 13:11:00","2020-06-04 20:16:00","2020-06-06 04:08:00","58"
"156436","107911","86559","16128","422384","Returned","2021-08-16 05:46:15","2021-08-17 15:36:00","2021-08-19 10:12:00","2021-08-21 23:36:00","58"
"158748","109493","87807","21854","428617","Returned","2022-09-04 08:24:12.584926","2022-09-04 15:38:56.584926","2022-09-04 19:41:56.584926","2022-09-06 23:14:56.584926","58"
"159983","110375","88522","27902","431964","Returned","2022-09-04 08:57:27","2022-09-06 05:08:00","2022-09-07 21:20:00","2022-09-09 04:04:00","58"
"172390","118875","95308","26364","465604","Returned","2021-02-05 08:49:18","2021-02-06 16:34:00","2021-02-07 06:35:00","2021-02-07 11:50:00","58"
"176074","121428","97388","27902","475523","Returned","2020-03-31 23:53:50","2020-04-03 11:36:00","2020-04-06 14:16:00","2020-04-09 05:27:00","58"
"176357","121624","97543","6561","476291","Returned","2022-06-28 16:40:13","2022-06-26 21:05:00","2022-06-29 20:57:00","2022-07-01 10:06:00","58"
"180299","124330","99712","21873","486885","Returned","2022-02-13 03:36:28","2022-02-14 16:36:00","2022-02-16 20:40:00","2022-02-17 07:07:00","58"
"2817","1920","1552","20560","7630","Cancelled","2021-06-22 07:23:24",NULL,NULL,NULL,"58"
"7407","5065","4107","731","20078","Cancelled","2022-08-10 11:44:08",NULL,NULL,NULL,"58"
"7809","5353","4334","18770","21184","Cancelled","2022-02-26 08:18:36",NULL,NULL,NULL,"58"
"10942","7519","6109","10048","29661","Cancelled","2022-05-01 23:57:21",NULL,NULL,NULL,"58"
"12360","8519","6882","14898","33507","Cancelled","2021-06-23 13:49:46",NULL,NULL,NULL,"58"
"14815","10193","8197","10505","40132","Cancelled","2022-07-31 16:42:00",NULL,NULL,NULL,"58"
"15994","10985","8823","5881","43291","Cancelled","2022-06-02 07:08:47",NULL,NULL,NULL,"58"
"22609","15547","12426","10560","61105","Cancelled","2021-04-14 14:26:58",NULL,NULL,NULL,"58"
"24811","17086","13648","11336","67053","Cancelled","2021-06-02 22:09:49",NULL,NULL,NULL,"58"
"27046","18631","14879","18977","73125","Cancelled","2022-08-13 06:19:50",NULL,NULL,NULL,"58"
"27958","19274","15410","18977","75580","Cancelled","2021-01-25 04:10:03",NULL,NULL,NULL,"58"
"28191","19430","15541","13157","76205","Cancelled","2022-07-31 13:13:50",NULL,NULL,NULL,"58"
"28599","19687","15740","1516","77305","Cancelled","2021-10-31 07:36:30",NULL,NULL,NULL,"58"
"33552","23093","18436","7178","90642","Cancelled","2022-08-01 00:19:12",NULL,NULL,NULL,"58"
"34700","23886","19075","14542","93739","Cancelled","2021-01-01 23:53:36",NULL,NULL,NULL,"58"
"35597","24497","19577","16584","96133","Cancelled","2021-05-22 06:14:31",NULL,NULL,NULL,"58"
"36824","25345","20264","13234","99407","Cancelled","2021-04-11 13:20:03",NULL,NULL,NULL,"58"
"37626","25909","20693","22225","101598","Cancelled","2021-11-05 14:33:07",NULL,NULL,NULL,"58"
"38160","26273","20989","1150","103024","Cancelled","2020-10-11 12:55:33",NULL,NULL,NULL,"58"
"41898","28825","23002","21873","113108","Cancelled","2022-06-21 01:41:16",NULL,NULL,NULL,"58"
"43275","29766","23738","11514","116857","Cancelled","2021-07-09 13:51:16",NULL,NULL,NULL,"58"
"46535","32041","25579","13753","125657","Cancelled","2022-03-29 11:04:44",NULL,NULL,NULL,"58"
"51042","35186","28085","20551","137779","Cancelled","2022-09-04 10:14:09.857586",NULL,NULL,NULL,"58"
"52842","36423","29105","4965","142595","Cancelled","2022-08-05 14:39:08",NULL,NULL,NULL,"58"
"53484","36856","29448","6777","144327","Cancelled","2022-01-17 15:33:53",NULL,NULL,NULL,"58"
"54494","37563","30011","13157","147042","Cancelled","2022-05-11 08:42:41",NULL,NULL,NULL,"58"
"56306","38816","31033","16869","151961","Cancelled","2022-02-11 02:12:07",NULL,NULL,NULL,"58"
"56516","38954","31141","23212","152534","Cancelled","2020-01-08 03:34:08",NULL,NULL,NULL,"58"
"58317","40206","32120","12070","157383","Cancelled","2022-08-16 09:01:47",NULL,NULL,NULL,"58"
"62862","43278","34604","6295","169714","Cancelled","2022-01-21 11:32:08",NULL,NULL,NULL,"58"
"65176","44872","35887","11507","175998","Cancelled","2022-05-26 10:08:22",NULL,NULL,NULL,"58"
"68146","46897","37515","16512","183990","Cancelled","2022-05-15 05:52:50",NULL,NULL,NULL,"58"
"70692","48684","38945","13157","190846","Cancelled","2022-09-01 01:31:41",NULL,NULL,NULL,"58"
"70891","48807","39051","7178","191387","Cancelled","2020-12-31 22:54:07",NULL,NULL,NULL,"58"
"71191","49017","39223","13157","192206","Cancelled","2022-04-12 06:50:45",NULL,NULL,NULL,"58"
"71677","49358","39505","10560","193502","Cancelled","2022-08-24 05:51:30",NULL,NULL,NULL,"58"
"71984","49580","39693","5506","194330","Cancelled","2022-01-04 05:41:51",NULL,NULL,NULL,"58"
"73921","50918","40736","5078","199590","Cancelled","2021-05-08 05:40:03",NULL,NULL,NULL,"58"
"85027","58754","46973","1516","229663","Cancelled","2020-12-09 16:30:48",NULL,NULL,NULL,"58"
"86200","59567","47651","11513","232850","Cancelled","2020-03-26 09:31:53",NULL,NULL,NULL,"58"
"91811","63438","50792","1150","248003","Cancelled","2022-01-28 03:27:26",NULL,NULL,NULL,"58"
"97329","67269","53746","6904","262902","Cancelled","2022-08-08 04:09:37",NULL,NULL,NULL,"58"
"97366","67294","53770","16786","263004","Cancelled","2019-09-19 13:33:25",NULL,NULL,NULL,"58"
"101773","70327","56232","22245","274861","Cancelled","2020-07-04 01:12:47",NULL,NULL,NULL,"58"
"102832","71048","56792","22117","277753","Cancelled","2022-06-24 03:54:40",NULL,NULL,NULL,"58"
"103630","71618","57263","16584","279937","Cancelled","2021-03-20 10:17:06",NULL,NULL,NULL,"58"
"105109","72639","58085","1213","283916","Cancelled","2022-05-11 07:12:51",NULL,NULL,NULL,"58"
"106372","73508","58782","606","287319","Cancelled","2022-04-14 04:14:24",NULL,NULL,NULL,"58"
"106491","73589","58842","20557","287637","Cancelled","2021-03-07 21:59:27",NULL,NULL,NULL,"58"
"108137","74703","59734","22117","292123","Cancelled","2021-06-30 22:52:56",NULL,NULL,NULL,"58"
"108593","75020","59985","25667","293343","Cancelled","2021-01-09 02:25:54",NULL,NULL,NULL,"58"
"109260","75474","60338","22117","295133","Cancelled","2021-09-04 13:16:09",NULL,NULL,NULL,"58"
"118575","81850","65534","11514","320163","Cancelled","2022-07-25 01:37:14",NULL,NULL,NULL,"58"
"118989","82144","65768","11583","321268","Cancelled","2022-01-22 01:20:05",NULL,NULL,NULL,"58"
"126745","87412","69965","6781","342218","Cancelled","2021-12-25 03:09:03",NULL,NULL,NULL,"58"
"127196","87715","70220","20551","343417","Cancelled","2022-02-26 10:42:49",NULL,NULL,NULL,"58"
"129623","89395","71612","16869","349971","Cancelled","2019-08-10 00:46:15",NULL,NULL,NULL,"58"
"130022","89681","71832","13295","351068","Cancelled","2022-01-02 09:03:15",NULL,NULL,NULL,"58"
"132313","91278","73090","51","357268","Cancelled","2021-07-26 12:30:21",NULL,NULL,NULL,"58"
"132960","91739","73484","1719","359033","Cancelled","2020-01-24 22:13:44",NULL,NULL,NULL,"58"
"136161","93962","75304","26364","367687","Cancelled","2021-01-07 06:57:14",NULL,NULL,NULL,"58"
"140400","96853","77669","28057","379108","Cancelled","2022-07-31 05:35:37",NULL,NULL,NULL,"58"
"140892","97184","77939","26364","380416","Cancelled","2021-05-23 13:56:15",NULL,NULL,NULL,"58"
"140928","97205","77958","10505","380511","Cancelled","2022-05-28 22:08:24",NULL,NULL,NULL,"58"
"141739","97769","78390","20560","382711","Cancelled","2022-08-15 05:26:40",NULL,NULL,NULL,"58"
"141929","97893","78495","538","383210","Cancelled","2022-03-26 01:24:42",NULL,NULL,NULL,"58"
"143485","99009","79387","28281","387405","Cancelled","2022-05-06 04:49:52",NULL,NULL,NULL,"58"
"145077","100105","80277","11514","391731","Cancelled","2021-09-06 13:04:05",NULL,NULL,NULL,"58"
"146832","101296","81261","25643","396487","Cancelled","2022-07-08 16:58:29",NULL,NULL,NULL,"58"
"151128","104284","83662","16869","408148","Cancelled","2021-10-21 08:26:42",NULL,NULL,NULL,"58"
"154734","106764","85668","11583","417828","Cancelled","2020-12-19 02:27:01",NULL,NULL,NULL,"58"
"158172","109098","87491","11507","427050","Cancelled","2021-09-08 03:19:17",NULL,NULL,NULL,"58"
"158821","109548","87855","18977","428813","Cancelled","2022-09-02 10:11:46",NULL,NULL,NULL,"58"
"160378","110646","88723","4196","433026","Cancelled","2021-04-14 23:41:01",NULL,NULL,NULL,"58"
"161540","111431","89344","21854","436162","Cancelled","2021-03-16 13:01:46",NULL,NULL,NULL,"58"
"161679","111528","89426","6345","436552","Cancelled","2021-12-22 04:05:37",NULL,NULL,NULL,"58"
"161845","111628","89502","4965","437013","Cancelled","2022-08-14 03:18:58",NULL,NULL,NULL,"58"
"164373","113383","90913","22660","443893","Cancelled","2021-12-09 02:24:36",NULL,NULL,NULL,"58"
"164613","113535","91028","28281","444549","Cancelled","2022-07-01 06:18:06",NULL,NULL,NULL,"58"
"167047","115203","92335","17780","451155","Cancelled","2019-10-24 14:01:37",NULL,NULL,NULL,"58"
"167844","115746","92784","5881","453260","Cancelled","2022-07-07 21:50:04",NULL,NULL,NULL,"58"
"175114","120755","96817","6904","472911","Cancelled","2022-08-21 22:10:44",NULL,NULL,NULL,"58"
"175362","120933","96952","10588","473589","Cancelled","2022-03-12 01:47:29",NULL,NULL,NULL,"58"
"177029","122090","97905","14767","478124","Cancelled","2020-11-02 06:57:02",NULL,NULL,NULL,"58"
"177396","122341","98114","21760","479104","Cancelled","2022-08-14 11:26:06",NULL,NULL,NULL,"58"
"177893","122696","98414","16584","480429","Cancelled","2020-04-17 16:01:01",NULL,NULL,NULL,"58"
"1304","901","755","11507","3540","Processing","2022-06-28 04:37:26",NULL,NULL,NULL,"58"
"4707","3223","2630","19687","12765","Processing","2021-07-29 04:28:20",NULL,NULL,NULL,"58"
"5230","3564","2915","14342","14155","Processing","2019-11-15 10:17:17",NULL,NULL,NULL,"58"
"8037","5510","4463","16512","21806","Processing","2022-06-27 07:55:17",NULL,NULL,NULL,"58"
"11433","7865","6374","27970","30974","Processing","2022-08-05 10:22:51",NULL,NULL,NULL,"58"
"13544","9331","7522","606","36702","Processing","2022-04-13 12:57:49",NULL,NULL,NULL,"58"
"15689","10757","8641","10048","42490","Processing","2022-04-07 01:05:43",NULL,NULL,NULL,"58"
"16270","11185","8992","19687","44044","Processing","2021-11-30 14:33:37",NULL,NULL,NULL,"58"
"16708","11499","9254","15181","45229","Processing","2021-06-04 05:27:18",NULL,NULL,NULL,"58"
"21478","14774","11802","27986","58059","Processing","2022-07-01 02:07:32",NULL,NULL,NULL,"58"
"22294","15332","12253","6777","60244","Processing","2022-08-13 14:29:17",NULL,NULL,NULL,"58"
"23561","16214","12968","22117","63681","Processing","2022-08-18 12:17:27",NULL,NULL,NULL,"58"
"24542","16884","13492","12010","66333","Processing","2022-04-13 01:20:51",NULL,NULL,NULL,"58"
"24744","17038","13608","14767","66878","Processing","2019-08-29 05:50:06",NULL,NULL,NULL,"58"
"25432","17522","13998","25667","68719","Processing","2020-02-20 00:56:13",NULL,NULL,NULL,"58"
"28461","19598","15666","731","76935","Processing","2022-06-24 05:10:06",NULL,NULL,NULL,"58"
"28593","19684","15738","6834","77290","Processing","2021-12-16 07:34:29",NULL,NULL,NULL,"58"
"30637","21101","16890","28057","82839","Processing","2019-04-03 06:43:01",NULL,NULL,NULL,"58"
"31618","21757","17409","14899","85464","Processing","2022-06-07 04:21:53",NULL,NULL,NULL,"58"
"31712","21821","17465","6345","85707","Processing","2022-07-26 04:36:12",NULL,NULL,NULL,"58"
"32092","22085","17663","14342","86709","Processing","2022-04-05 14:18:11",NULL,NULL,NULL,"58"
"32162","22136","17704","11336","86884","Processing","2021-06-13 15:53:59",NULL,NULL,NULL,"58"
"37718","25969","20748","21349","101827","Processing","2022-01-31 12:09:23",NULL,NULL,NULL,"58"
"38645","26618","21273","21873","104333","Processing","2021-12-16 02:37:35",NULL,NULL,NULL,"58"
"41941","28856","23021","6345","113231","Processing","2022-08-31 23:59:14.719539",NULL,NULL,NULL,"58"
"42604","29316","23373","51","115045","Processing","2022-02-13 02:02:03",NULL,NULL,NULL,"58"
"42986","29580","23596","20560","116082","Processing","2019-11-17 13:43:59",NULL,NULL,NULL,"58"
"45209","31126","24844","14342","122087","Processing","2022-07-20 06:23:38",NULL,NULL,NULL,"58"
"46887","32293","25792","11785","126580","Processing","2022-05-19 08:03:40",NULL,NULL,NULL,"58"
"47079","32433","25909","16869","127076","Processing","2022-01-05 16:02:58",NULL,NULL,NULL,"58"
"48346","33314","26614","19687","130480","Processing","2021-01-01 23:51:35",NULL,NULL,NULL,"58"
"49115","33823","27018","16869","132551","Processing","2022-06-15 08:49:10",NULL,NULL,NULL,"58"
"50841","35042","27963","16584","137230","Processing","2020-09-21 05:36:38",NULL,NULL,NULL,"58"
"52075","35889","28669","16786","140548","Processing","2022-05-21 02:13:38",NULL,NULL,NULL,"58"
"53808","37081","29620","20560","145226","Processing","2022-07-02 06:17:05",NULL,NULL,NULL,"58"
"53939","37173","29696","11672","145570","Processing","2021-07-06 13:00:01",NULL,NULL,NULL,"58"
"62092","42761","34188","10588","167617","Processing","2020-02-28 06:28:39",NULL,NULL,NULL,"58"
"63043","43398","34691","21349","170210","Processing","2022-06-14 05:07:35",NULL,NULL,NULL,"58"
"64137","44141","35307","1150","173142","Processing","2022-06-14 01:09:58",NULL,NULL,NULL,"58"
"66408","45688","36521","22117","179321","Processing","2022-02-17 10:12:43",NULL,NULL,NULL,"58"
"67587","46501","37194","4715","182499","Processing","2022-08-15 07:16:20",NULL,NULL,NULL,"58"
"67746","46617","37294","19687","182915","Processing","2022-01-11 04:39:15",NULL,NULL,NULL,"58"
"69067","47550","38020","6478","186443","Processing","2022-08-18 07:26:21",NULL,NULL,NULL,"58"
"69101","47572","38038","4652","186539","Processing","2022-06-27 01:56:57",NULL,NULL,NULL,"58"
"69941","48149","38505","10658","188808","Processing","2022-08-29 16:26:55",NULL,NULL,NULL,"58"
"73662","50728","40592","7178","198888","Processing","2022-04-03 03:53:37",NULL,NULL,NULL,"58"
"75343","51917","41541","606","203409","Processing","2020-12-25 08:20:25",NULL,NULL,NULL,"58"
"75620","52112","41726","27986","204170","Processing","2021-08-10 23:51:33",NULL,NULL,NULL,"58"
"77747","53606","42894","7178","209866","Processing","2022-06-23 05:45:05",NULL,NULL,NULL,"58"
"78173","53905","43120","4715","211046","Processing","2021-05-14 00:51:56",NULL,NULL,NULL,"58"
"79843","55061","44036","606","215609","Processing","2022-06-17 07:44:24",NULL,NULL,NULL,"58"
"79872","55078","44051","6904","215677","Processing","2020-11-21 06:51:43",NULL,NULL,NULL,"58"
"82758","57130","45678","11514","223513","Processing","2022-04-29 10:27:04",NULL,NULL,NULL,"58"
"83517","57673","46109","1150","225549","Processing","2022-07-12 14:37:54",NULL,NULL,NULL,"58"
"84234","58188","46528","5078","227511","Processing","2020-11-28 01:44:34",NULL,NULL,NULL,"58"
"85076","58792","47006","4715","229797","Processing","2022-06-27 01:52:19",NULL,NULL,NULL,"58"
"85640","59181","47324","3038","231333","Processing","2021-04-21 02:38:33",NULL,NULL,NULL,"58"
"86375","59682","47752","22232","233324","Processing","2019-10-26 00:08:03",NULL,NULL,NULL,"58"
"89340","61749","49439","22225","241349","Processing","2020-06-19 11:56:36",NULL,NULL,NULL,"58"
"89351","61755","49446","4652","241373","Processing","2022-01-20 11:59:42",NULL,NULL,NULL,"58"
"89974","62190","49781","17780","243048","Processing","2021-06-10 17:03:02",NULL,NULL,NULL,"58"
"90029","62228","49809","4778","243209","Processing","2021-12-22 08:43:44",NULL,NULL,NULL,"58"
"91415","63167","50575","14767","246932","Processing","2022-03-31 00:33:29",NULL,NULL,NULL,"58"
"91509","63231","50628","6345","247182","Processing","2022-03-31 14:25:51",NULL,NULL,NULL,"58"
"93094","64330","51477","25667","251440","Processing","2022-08-10 10:57:34",NULL,NULL,NULL,"58"
"93384","64534","51636","28057","252209","Processing","2020-12-18 01:33:36",NULL,NULL,NULL,"58"
"96381","66602","53246","21854","260341","Processing","2021-03-25 03:01:25",NULL,NULL,NULL,"58"
"96555","66723","53338","14342","260798","Processing","2022-08-15 21:57:26",NULL,NULL,NULL,"58"
"96604","66754","53361","6295","260929","Processing","2022-02-21 12:57:26",NULL,NULL,NULL,"58"
"97425","67332","53798","21349","263155","Processing","2020-04-02 13:39:03",NULL,NULL,NULL,"58"
"103347","71413","57090","10588","279155","Processing","2021-08-28 12:26:06",NULL,NULL,NULL,"58"
"104838","72437","57915","28057","283186","Processing","2022-06-10 09:29:28",NULL,NULL,NULL,"58"
"106487","73586","58842","22660","287627","Processing","2021-11-08 23:28:35",NULL,NULL,NULL,"58"
"107582","74328","59420","4715","290588","Processing","2022-07-23 15:34:55",NULL,NULL,NULL,"58"
"108984","75283","60192","51","294401","Processing","2022-04-12 10:02:56",NULL,NULL,NULL,"58"
"109082","75355","60245","22225","294658","Processing","2020-07-02 16:25:23",NULL,NULL,NULL,"58"
"109793","75832","60624","18977","296570","Processing","2021-09-10 23:09:54",NULL,NULL,NULL,"58"
"109862","75878","60666","6478","296745","Processing","2021-06-11 00:05:12",NULL,NULL,NULL,"58"
"113560","78450","62739","12010","306705","Processing","2022-08-22 13:02:32",NULL,NULL,NULL,"58"
"116700","80566","64508","27902","315186","Processing","2020-07-09 14:58:22",NULL,NULL,NULL,"58"
"119466","82464","66022","6781","322539","Processing","2022-08-28 09:54:02",NULL,NULL,NULL,"58"
"121919","84118","67337","16869","329188","Processing","2022-02-02 00:04:16",NULL,NULL,NULL,"58"
"123126","84940","67970","13157","332453","Processing","2020-05-17 06:17:33",NULL,NULL,NULL,"58"
"123433","85165","68160","22245","333267","Processing","2021-03-16 05:01:45",NULL,NULL,NULL,"58"
"123842","85435","68368","18977","334348","Processing","2022-09-01 22:45:40",NULL,NULL,NULL,"58"
"124502","85889","68744","12010","336100","Processing","2020-11-17 01:51:53",NULL,NULL,NULL,"58"
"124791","86094","68898","3038","336897","Processing","2022-09-04 20:51:18",NULL,NULL,NULL,"58"
"125913","86846","69502","10588","339942","Processing","2020-09-05 00:08:15",NULL,NULL,NULL,"58"
"126553","87293","69862","10658","341699","Processing","2022-07-17 01:54:04",NULL,NULL,NULL,"58"
"126835","87481","70030","14767","342455","Processing","2020-07-27 13:58:16",NULL,NULL,NULL,"58"
"128552","88655","71012","21349","347111","Processing","2019-11-23 15:34:40",NULL,NULL,NULL,"58"
"129942","89619","71777","11513","350841","Processing","2020-12-23 08:13:59",NULL,NULL,NULL,"58"
"130643","90116","72169","5078","352738","Processing","2022-07-02 22:07:00",NULL,NULL,NULL,"58"
"132710","91546","73319","16869","358362","Processing","2021-11-28 07:33:13",NULL,NULL,NULL,"58"
"136688","94324","75597","6575","369097","Processing","2022-08-14 16:05:22",NULL,NULL,NULL,"58"
"137208","94681","75892","4652","370483","Processing","2021-11-26 01:22:10",NULL,NULL,NULL,"58"
"138475","95556","76613","14466","373924","Processing","2021-12-18 06:22:53",NULL,NULL,NULL,"58"
"138731","95735","76751","6575","374615","Processing","2021-09-23 16:59:29",NULL,NULL,NULL,"58"
"142580","98371","78882","18977","384972","Processing","2021-02-05 00:19:29",NULL,NULL,NULL,"58"
"145983","100732","80821","12070","394187","Processing","2022-06-21 12:03:36",NULL,NULL,NULL,"58"
"146652","101174","81180","22245","396006","Processing","2022-08-18 09:25:29",NULL,NULL,NULL,"58"
"148510","102469","82200","11672","401025","Processing","2021-06-28 18:11:09",NULL,NULL,NULL,"58"
"150169","103622","83114","6345","405573","Processing","2021-05-10 13:06:44",NULL,NULL,NULL,"58"
"153132","105641","84759","1213","413543","Processing","2021-12-21 10:03:19",NULL,NULL,NULL,"58"
"155431","107238","86040","5343","419697","Processing","2021-08-01 09:49:29",NULL,NULL,NULL,"58"
"157274","108485","86999","6880","424656","Processing","2021-04-29 07:55:49",NULL,NULL,NULL,"58"
"158963","109651","87939","13157","429193","Processing","2020-05-06 05:22:17",NULL,NULL,NULL,"58"
"159823","110264","88421","11583","431529","Processing","2022-08-11 06:01:58",NULL,NULL,NULL,"58"
"162010","111736","89582","13753","437460","Processing","2020-07-02 14:17:46",NULL,NULL,NULL,"58"
"163608","112857","90490","11514","441789","Processing","2022-03-15 11:30:50",NULL,NULL,NULL,"58"
"164232","113281","90832","11672","443505","Processing","2022-05-12 02:53:01",NULL,NULL,NULL,"58"
"167323","115387","92493","419","451892","Processing","2021-05-23 18:08:45",NULL,NULL,NULL,"58"
"167541","115535","92602","4652","452466","Processing","2021-03-15 08:49:48",NULL,NULL,NULL,"58"
"167794","115713","92757","16512","453130","Processing","2022-04-14 12:46:56",NULL,NULL,NULL,"58"
"170540","117586","94305","20560","460553","Processing","2022-08-21 02:04:56",NULL,NULL,NULL,"58"
"170924","117841","94500","12010","461631","Processing","2022-06-25 12:09:09",NULL,NULL,NULL,"58"
"173688","119797","96060","25643","469049","Processing","2020-12-27 16:57:45",NULL,NULL,NULL,"58"
"175817","121252","97241","10658","474826","Processing","2021-07-25 13:31:31",NULL,NULL,NULL,"58"
"175946","121345","97315","538","475167","Processing","2021-08-23 08:07:58",NULL,NULL,NULL,"58"
"178203","122908","98587","21349","481242","Processing","2020-07-14 04:38:31",NULL,NULL,NULL,"58"
"180258","124305","99699","21854","486783","Processing","2021-05-19 04:16:07",NULL,NULL,NULL,"58"
"180645","124581","99894","27672","487813","Processing","2022-08-16 13:24:44",NULL,NULL,NULL,"58"
"69","54","43","8263","192","Shipped","2022-08-19 23:38:01","2022-08-20 16:46:00",NULL,NULL,"60"
"572","410","359","28230","1509","Shipped","2022-08-12 03:44:52","2022-08-14 12:31:00",NULL,NULL,"60"
"1524","1058","875","18074","4131","Shipped","2022-09-04 16:23:40","2022-09-04 10:49:00",NULL,NULL,"60"
"1819","1270","1020","1727","4925","Shipped","2021-05-11 16:28:05","2021-05-11 01:50:00",NULL,NULL,"60"
"2887","1973","1592","23555","7815","Shipped","2022-08-18 15:33:55","2022-08-19 11:33:00",NULL,NULL,"60"
"3218","2188","1751","27658","8709","Shipped","2021-12-31 11:23:01","2022-01-01 21:10:00",NULL,NULL,"60"
"3654","2476","2002","14645","9878","Shipped","2022-01-20 13:48:10","2022-01-21 08:11:00",NULL,NULL,"60"
"4597","3151","2560","14407","12460","Shipped","2021-06-24 03:35:00","2021-06-24 21:05:00",NULL,NULL,"60"
"5435","3710","3029","23667","14722","Shipped","2022-08-12 08:30:31","2022-08-14 06:14:00",NULL,NULL,"60"
"5603","3821","3117","21903","15168","Shipped","2022-01-03 03:06:41","2022-01-02 01:09:00",NULL,NULL,"60"
"5775","3927","3187","27704","15631","Shipped","2022-05-12 15:07:36","2022-05-15 14:51:00",NULL,NULL,"60"
"6221","4245","3443","19700","16826","Shipped","2022-08-29 12:45:25","2022-08-30 20:33:00",NULL,NULL,"60"
"7148","4876","3951","26462","19359","Shipped","2021-09-05 07:41:15","2021-09-06 01:01:00",NULL,NULL,"60"
"7368","5037","4084","11843","19972","Shipped","2019-10-31 21:02:37","2019-11-03 17:09:00",NULL,NULL,"60"
"7793","5343","4328","5840","21139","Shipped","2021-06-09 22:44:59","2021-06-11 17:58:00",NULL,NULL,"60"
"10219","7035","5724","11914","27717","Shipped","2022-07-18 01:16:21","2022-07-20 09:55:00",NULL,NULL,"60"
"10341","7114","5795","11863","28040","Shipped","2022-09-04 16:04:23.740184","2022-09-04 17:12:20.740184",NULL,NULL,"60"
"10459","7195","5855","14499","28352","Shipped","2022-01-31 00:05:56","2022-01-31 16:45:00",NULL,NULL,"60"
"10758","7398","6019","9946","29155","Shipped","2020-07-15 09:18:23","2020-07-15 23:26:00",NULL,NULL,"60"
"11176","7688","6243","12005","30284","Shipped","2020-12-24 13:38:34","2020-12-25 08:35:00",NULL,NULL,"60"
"11486","7905","6413","21896","31123","Shipped","2021-12-15 11:46:49","2021-12-17 11:01:00",NULL,NULL,"60"
"12148","8387","6773","23524","32922","Shipped","2022-03-13 16:35:32","2022-03-16 14:37:00",NULL,NULL,"60"
"12604","8698","7023","10703","34155","Shipped","2020-06-26 05:15:11","2020-06-25 23:44:00",NULL,NULL,"60"
"12667","8741","7058","26861","34325","Shipped","2022-08-23 20:17:12","2022-08-26 13:34:00",NULL,NULL,"60"
"12703","8771","7085","18002","34425","Shipped","2021-04-06 09:31:12","2021-04-06 12:28:00",NULL,NULL,"60"
"13255","9149","7378","1066","35906","Shipped","2021-11-21 06:28:09","2021-11-21 14:04:00",NULL,NULL,"60"
"13320","9183","7400","20300","36084","Shipped","2022-08-22 06:35:41","2022-08-19 23:48:00",NULL,NULL,"60"
"13351","9201","7420","23684","36166","Shipped","2022-06-16 05:42:26","2022-06-19 01:55:00",NULL,NULL,"60"
"13466","9283","7484","27658","36495","Shipped","2022-01-24 13:57:09","2022-01-21 23:35:00",NULL,NULL,"60"
"13699","9439","7600","23107","37126","Shipped","2022-04-24 14:07:49","2022-04-22 07:08:00",NULL,NULL,"60"
"14060","9680","7811","8356","38098","Shipped","2021-07-23 01:13:04","2021-07-23 04:46:00",NULL,NULL,"60"
"15073","10364","8341","23263","40833","Shipped","2022-02-15 08:28:16","2022-02-12 15:36:00",NULL,NULL,"60"
"15671","10747","8634","27930","42439","Shipped","2021-07-03 03:11:51","2021-07-01 20:47:00",NULL,NULL,"60"
"16260","11177","8984","26652","44015","Shipped","2022-05-04 11:25:28","2022-05-07 01:30:00",NULL,NULL,"60"
"16362","11249","9038","26560","44288","Shipped","2020-06-09 03:30:52","2020-06-07 22:38:00",NULL,NULL,"60"
"17022","11712","9429","26462","46101","Shipped","2022-05-02 10:43:44","2022-04-30 03:58:00",NULL,NULL,"60"
"18287","12564","10080","9946","49532","Shipped","2021-02-11 02:02:20","2021-02-12 21:17:00",NULL,NULL,"60"
"18521","12724","10206","21234","50153","Shipped","2022-05-14 07:23:15","2022-05-15 23:03:00",NULL,NULL,"60"
"18677","12840","10305","16561","50559","Shipped","2022-08-22 01:52:57","2022-08-23 12:12:00",NULL,NULL,"60"
"19202","13197","10580","3212","51957","Shipped","2020-12-10 01:11:52","2020-12-08 09:10:00",NULL,NULL,"60"
"19371","13313","10678","17532","52415","Shipped","2022-04-07 11:50:25","2022-04-04 11:55:00",NULL,NULL,"60"
"20907","14378","11515","28242","56582","Shipped","2022-07-29 23:43:15","2022-07-31 17:19:00",NULL,NULL,"60"
"21248","14608","11673","8325","57469","Shipped","2022-09-03 17:04:59","2022-08-30 22:54:00",NULL,NULL,"60"
"23056","15857","12675","15178","62318","Shipped","2019-12-17 15:05:25","2019-12-18 22:02:00",NULL,NULL,"60"
"23472","16152","12911","10305","63437","Shipped","2022-07-16 11:29:01","2022-07-16 00:14:00",NULL,NULL,"60"
"24065","16555","13234","10270","65060","Shipped","2020-04-29 15:36:44","2020-04-29 23:52:00",NULL,NULL,"60"
"25866","17824","14248","18728","69899","Shipped","2022-05-02 10:30:11","2022-05-04 01:27:00",NULL,NULL,"60"
"29729","20478","16360","17141","80370","Shipped","2022-04-06 05:53:27","2022-04-08 04:07:00",NULL,NULL,"60"
"29896","20593","16469","27522","80819","Shipped","2021-03-23 15:51:39","2021-03-23 01:17:00",NULL,NULL,"60"
"30013","20676","16538","16050","81137","Shipped","2022-09-02 10:35:42","2022-09-05 01:02:00",NULL,NULL,"60"
"30675","21125","16913","21903","82937","Shipped","2021-11-11 05:49:55","2021-11-11 21:07:00",NULL,NULL,"60"
"31926","21972","17574","28228","86265","Shipped","2022-08-04 03:20:29","2022-08-04 17:06:00",NULL,NULL,"60"
"32221","22171","17736","18301","87053","Shipped","2022-03-11 00:01:29","2022-03-11 10:42:00",NULL,NULL,"60"
"34017","23425","18686","11914","91902","Shipped","2021-02-22 22:57:29","2021-02-23 06:15:00",NULL,NULL,"60"
"34091","23475","18727","26652","92110","Shipped","2022-04-01 05:54:05","2022-04-03 12:56:00",NULL,NULL,"60"
"34364","23651","18867","10703","92832","Shipped","2021-05-12 05:08:36","2021-05-11 22:32:00",NULL,NULL,"60"
"34767","23925","19103","22167","93916","Shipped","2022-08-08 09:04:42","2022-08-10 06:29:00",NULL,NULL,"60"
"34895","24020","19179","27704","94269","Shipped","2022-09-03 08:59:39.075401","2022-09-03 03:36:27.075401",NULL,NULL,"60"
"35860","24687","19740","23555","96837","Shipped","2022-08-27 04:23:05","2022-08-29 10:38:00",NULL,NULL,"60"
"36737","25282","20207","11599","99180","Shipped","2022-02-08 14:58:31","2022-02-08 20:00:00",NULL,NULL,"60"
"37068","25524","20403","15178","100091","Shipped","2022-08-29 22:06:38","2022-08-30 11:44:00",NULL,NULL,"60"
"37692","25954","20731","24674","101762","Shipped","2021-08-21 01:28:11","2021-08-20 01:14:00",NULL,NULL,"60"
"38525","26533","21202","17141","104001","Shipped","2022-08-18 09:36:09","2022-08-15 08:19:00",NULL,NULL,"60"
"39252","27021","21582","9946","105982","Shipped","2020-08-03 06:25:34","2020-08-06 03:52:00",NULL,NULL,"60"
"39584","27262","21782","4522","106852","Shipped","2022-07-19 07:25:06","2022-07-20 05:17:00",NULL,NULL,"60"
"39787","27394","21872","15001","107404","Shipped","2022-01-15 10:56:18","2022-01-13 03:32:00",NULL,NULL,"60"
"40027","27550","22005","26806","108034","Shipped","2021-04-29 18:06:16","2021-04-30 16:43:00",NULL,NULL,"60"
"40920","28145","22444","27293","110481","Shipped","2021-07-21 11:05:30","2021-07-18 11:45:00",NULL,NULL,"60"
"41689","28671","22866","4966","112534","Shipped","2021-04-04 16:53:13","2021-04-05 10:07:00",NULL,NULL,"60"
"41958","28870","23028","21234","113274","Shipped","2022-01-26 06:12:10","2022-01-26 00:03:00",NULL,NULL,"60"
"42054","28936","23081","11599","113522","Shipped","2022-02-15 00:54:40","2022-02-17 16:20:00",NULL,NULL,"60"
"43471","29905","23844","17968","117384","Shipped","2021-04-14 01:59:39","2021-04-12 20:26:00",NULL,NULL,"60"
"44503","30636","24453","3625","120192","Shipped","2022-04-05 02:32:15","2022-04-06 12:47:00",NULL,NULL,"60"
"45518","31339","25016","3029","122908","Shipped","2022-01-31 13:12:34","2022-02-03 00:22:00",NULL,NULL,"60"
"46356","31904","25468","23896","125183","Shipped","2021-10-22 05:22:19","2021-10-23 08:13:00",NULL,NULL,"60"
"46555","32055","25594","6967","125704","Shipped","2022-06-25 15:56:17","2022-06-28 08:38:00",NULL,NULL,"60"
"46784","32217","25734","18542","126313","Shipped","2021-09-25 02:40:56","2021-09-23 07:18:00",NULL,NULL,"60"
"48755","33585","26817","27607","131572","Shipped","2022-06-12 09:22:45","2022-06-08 19:01:00",NULL,NULL,"60"
"49155","33850","27034","17968","132669","Shipped","2021-10-28 11:33:25","2021-10-25 15:05:00",NULL,NULL,"60"
"49537","34120","27239","6997","133718","Shipped","2020-12-18 14:24:06","2020-12-20 03:17:00",NULL,NULL,"60"
"49842","34329","27404","2944","134548","Shipped","2022-06-14 10:24:13","2022-06-12 22:25:00",NULL,NULL,"60"
"50891","35084","27995","11818","137357","Shipped","2022-06-26 10:36:02","2022-06-29 04:05:00",NULL,NULL,"60"
"51900","35766","28570","28975","140101","Shipped","2020-09-06 11:00:18","2020-09-08 15:00:00",NULL,NULL,"60"
"51974","35821","28616","28202","140303","Shipped","2020-04-09 08:43:22","2020-04-11 08:01:00",NULL,NULL,"60"
"51981","35826","28619","28379","140318","Shipped","2020-06-21 07:09:24","2020-06-20 02:02:00",NULL,NULL,"60"
"52507","36186","28905","8525","141699","Shipped","2019-09-04 11:07:45","2019-09-06 04:52:00",NULL,NULL,"60"
"52631","36273","28973","3029","142028","Shipped","2021-07-02 16:00:41","2021-07-02 23:35:00",NULL,NULL,"60"
"53357","36776","29391","22653","143981","Shipped","2021-03-24 11:56:21","2021-03-25 01:57:00",NULL,NULL,"60"
"53488","36858","29450","16561","144337","Shipped","2021-12-23 03:26:16","2021-12-25 20:34:00",NULL,NULL,"60"
"53508","36872","29459","16561","144390","Shipped","2022-06-02 17:10:23","2022-06-04 14:30:00",NULL,NULL,"60"
"54008","37216","29733","20622","145754","Shipped","2022-03-01 06:07:40","2022-03-03 21:56:00",NULL,NULL,"60"
"54285","37409","29892","27522","146492","Shipped","2020-08-01 06:02:46","2020-07-28 07:39:00",NULL,NULL,"60"
"54460","37533","29986","11914","146947","Shipped","2022-06-23 23:14:52","2022-06-26 19:14:00",NULL,NULL,"60"
"172386","118872","95305","18927","465592","Complete","2022-09-05 10:51:04.283078","2022-09-08 07:20:19.283078","2022-09-09 04:32:19.283078",NULL,"65"
"172549","118994","95392","17432","466016","Complete","2019-12-29 03:18:37","2019-12-31 16:51:00","2020-01-04 11:39:00",NULL,"65"
"172775","119151","95514","23401","466637","Complete","2022-09-05 00:47:49","2022-09-05 12:32:00","2022-09-05 16:33:00",NULL,"65"
"172874","119226","95573","27657","466912","Complete","2022-07-28 14:08:58","2022-07-30 01:44:00","2022-08-01 01:17:00",NULL,"65"
"173136","119407","95727","14794","467624","Complete","2022-04-30 02:27:46","2022-04-30 22:06:00","2022-05-03 23:16:00",NULL,"65"
"173340","119555","95857","10704","468146","Complete","2022-05-30 03:22:42","2022-05-30 15:30:00","2022-05-31 21:39:00",NULL,"65"
"173964","119988","96216","8557","469772","Complete","2022-03-07 13:59:00","2022-03-08 23:59:00","2022-03-11 18:46:00",NULL,"65"
"174196","120141","96341","22238","470403","Complete","2022-07-13 04:49:49","2022-07-09 19:53:00","2022-07-10 02:24:00",NULL,"65"
"174222","120160","96364","10114","470473","Complete","2021-07-21 08:37:14","2021-07-23 22:01:00","2021-07-27 16:26:00",NULL,"65"
"175058","120716","96787","9798","472764","Complete","2022-08-19 16:32:48","2022-08-20 00:13:00","2022-08-21 21:26:00",NULL,"65"
"175136","120772","96831","18548","472969","Complete","2022-06-17 05:57:37","2022-06-19 20:52:00","2022-06-23 04:04:00",NULL,"65"
"177695","122554","98290","12521","479898","Complete","2022-06-11 12:43:07","2022-06-13 20:51:00","2022-06-16 09:03:00",NULL,"65"
"178333","123002","98660","27684","481596","Complete","2022-07-28 23:39:03","2022-07-30 03:44:00","2022-08-01 00:54:00",NULL,"65"
"178449","123083","98734","22164","481909","Complete","2021-02-18 21:44:03","2021-02-15 23:28:00","2021-02-20 01:59:00",NULL,"65"
"178478","123107","98748","17814","481995","Complete","2022-07-06 07:11:14","2022-07-07 05:38:00","2022-07-08 22:35:00",NULL,"65"
"178679","123244","98854","28150","482538","Complete","2022-06-12 14:27:57","2022-06-09 15:37:00","2022-06-12 21:14:00",NULL,"65"
"180090","124201","99618","26702","486339","Complete","2020-12-23 11:34:49","2020-12-21 18:41:00","2020-12-24 18:46:00",NULL,"65"
"180347","124364","99736","22259","487016","Complete","2021-01-07 12:14:28","2021-01-07 18:47:00","2021-01-11 02:44:00",NULL,"65"
"1443","1003","841","27805","3920","Returned","2021-08-07 20:40:11","2021-08-10 23:32:00","2021-08-14 10:52:00","2021-08-16 01:55:00","65"
"3423","2314","1858","3087","9255","Returned","2020-10-23 02:47:22","2020-10-26 00:55:00","2020-10-27 03:40:00","2020-10-29 17:11:00","65"
"6283","4285","3483","11650","16999","Returned","2020-10-15 06:17:43","2020-10-18 05:07:00","2020-10-18 09:18:00","2020-10-21 08:37:00","65"
"8689","5959","4821","13872","23563","Returned","2022-01-12 23:26:46","2022-01-13 03:21:00","2022-01-14 08:39:00","2022-01-16 17:54:00","65"
"8814","6043","4888","22207","23906","Returned","2022-05-25 09:25:40","2022-05-26 17:20:00","2022-05-29 01:27:00","2022-05-29 20:05:00","65"
"9688","6669","5411","10361","26292","Returned","2022-05-13 11:55:23","2022-05-16 03:40:00","2022-05-18 22:58:00","2022-05-20 03:22:00","65"
"11012","7569","6146","27647","29845","Returned","2020-11-10 08:45:23","2020-11-11 08:19:00","2020-11-12 11:37:00","2020-11-13 23:58:00","65"
"13468","9284","7484","17953","36499","Returned","2022-07-23 12:58:23","2022-07-21 10:35:00","2022-07-24 19:51:00","2022-07-25 23:52:00","65"
"15803","10842","8708","10045","42789","Returned","2022-07-01 06:57:56","2022-07-02 10:10:00","2022-07-06 17:08:00","2022-07-08 11:41:00","65"
"16386","11264","9054","22343","44352","Returned","2022-07-10 10:47:28","2022-07-10 05:13:00","2022-07-14 06:53:00","2022-07-16 14:33:00","65"
"19965","13737","11014","22259","54033","Returned","2022-07-24 23:09:05","2022-07-25 22:23:00","2022-07-30 09:10:00","2022-07-30 23:46:00","65"
"21193","14567","11638","7051","57327","Returned","2020-04-27 05:35:18","2020-04-28 07:23:00","2020-05-02 03:01:00","2020-05-02 05:27:00","65"
"22780","15670","12517","27927","61578","Returned","2021-11-17 14:23:03","2021-11-17 19:24:00","2021-11-20 22:33:00","2021-11-23 11:19:00","65"
"26955","18570","14830","22983","72853","Returned","2021-11-02 02:45:12","2021-11-04 01:56:00","2021-11-07 03:37:00","2021-11-08 23:02:00","65"
"29008","19976","15949","22441","78428","Returned","2021-12-04 02:34:10","2021-12-06 18:34:00","2021-12-08 21:16:00","2021-12-11 18:37:00","65"
"30514","21022","16833","27929","82507","Returned","2022-02-21 22:39:26","2022-02-22 08:29:00","2022-02-25 10:10:00","2022-02-28 00:43:00","65"
"31344","21564","17255","26377","84715","Returned","2020-04-14 23:51:06","2020-04-15 18:23:00","2020-04-17 10:05:00","2020-04-20 07:38:00","65"
"31529","21693","17358","16434","85214","Returned","2021-12-01 15:34:52","2021-12-01 07:52:00","2021-12-02 05:07:00","2021-12-02 12:32:00","65"
"35138","24183","19306","20750","94931","Returned","2021-12-11 04:05:33","2021-12-11 01:16:00","2021-12-13 11:17:00","2021-12-13 20:22:00","65"
"40313","27746","22159","21926","108814","Returned","2022-08-29 03:29:46","2022-08-31 09:27:00","2022-09-02 14:01:00","2022-09-02 21:43:00","65"
"42327","29118","23221","27530","114285","Returned","2022-08-31 07:20:35","2022-08-29 21:00:00","2022-09-02 05:53:00","2022-09-05 03:42:00","65"
"43260","29756","23732","20750","116815","Returned","2021-07-22 11:42:37","2021-07-25 04:53:00","2021-07-29 17:01:00","2021-07-29 17:12:00","65"
"45457","31300","24979","22164","122753","Returned","2021-03-21 11:10:16","2021-03-19 18:35:00","2021-03-24 01:30:00","2021-03-25 15:02:00","65"
"46031","31688","25268","21813","124287","Returned","2019-09-03 06:07:58","2019-09-04 15:27:00","2019-09-04 20:12:00","2019-09-05 09:06:00","65"
"46568","32067","25603","17432","125740","Returned","2022-01-22 11:16:05","2022-01-19 15:11:00","2022-01-19 17:20:00","2022-01-21 07:40:00","65"
"46953","32337","25828","3790","126746","Returned","2021-03-11 15:01:20","2021-03-08 04:54:00","2021-03-09 21:02:00","2021-03-11 20:43:00","65"
"50469","34766","27750","23894","136233","Returned","2022-06-04 02:27:16","2022-06-06 17:45:00","2022-06-09 18:58:00","2022-06-11 14:16:00","65"
"50735","34964","27903","27701","136927","Returned","2021-07-14 05:12:08","2021-07-16 01:12:00","2021-07-18 17:29:00","2021-07-20 15:09:00","65"
"51775","35678","28505","1232","139754","Returned","2022-02-28 22:38:14","2022-02-28 11:41:00","2022-03-02 20:47:00","2022-03-03 04:22:00","65"
"53739","37031","29584","21658","145026","Returned","2022-07-16 13:19:37","2022-07-16 00:10:00","2022-07-19 16:29:00","2022-07-21 06:39:00","65"
"54247","37386","29876","22880","146383","Returned","2021-12-20 06:29:22","2021-12-20 05:46:00","2021-12-20 13:02:00","2021-12-21 13:59:00","65"
"56359","38848","31059","10045","152106","Returned","2021-08-29 00:07:21","2021-08-25 13:06:00","2021-08-27 19:33:00","2021-08-29 12:47:00","65"
"56525","38962","31150","27647","152557","Returned","2022-05-29 09:23:05","2022-06-01 03:20:00","2022-06-03 08:29:00","2022-06-04 18:15:00","65"
"57988","39961","31938","2537","156493","Returned","2022-08-06 01:37:27","2022-08-09 01:56:00","2022-08-09 02:34:00","2022-08-10 18:45:00","65"
"59019","40675","32490","27740","159281","Returned","2021-02-28 03:33:31","2021-03-02 13:34:00","2021-03-06 05:07:00","2021-03-07 23:33:00","65"
"59087","40721","32522","16821","159455","Returned","2022-04-09 15:16:40","2022-04-07 12:59:00","2022-04-12 11:10:00","2022-04-14 08:39:00","65"
"60699","41802","33412","12802","163872","Returned","2021-09-15 11:45:11","2021-09-16 12:03:00","2021-09-19 20:15:00","2021-09-21 00:36:00","65"
"61048","42042","33601","27636","164810","Returned","2022-05-27 10:27:30","2022-05-27 12:53:00","2022-05-31 12:04:00","2022-06-01 23:37:00","65"
"61752","42524","34009","15684","166703","Returned","2020-07-16 13:53:30","2020-07-16 07:52:00","2020-07-20 04:32:00","2020-07-21 12:01:00","65"
"61983","42687","34131","8557","167322","Returned","2022-04-01 07:16:40","2022-04-03 19:21:00","2022-04-05 05:04:00","2022-04-07 12:50:00","65"
"62394","42971","34351","1928","168422","Returned","2020-12-27 06:23:00","2020-12-24 20:51:00","2020-12-27 11:45:00","2020-12-28 14:36:00","65"
"62442","43001","34380","27800","168561","Returned","2022-03-17 08:37:50","2022-03-18 20:50:00","2022-03-19 01:15:00","2022-03-19 08:39:00","65"
"62961","43349","34661","22740","169986","Returned","2022-02-28 02:07:28","2022-02-25 05:05:00","2022-03-01 03:50:00","2022-03-02 22:22:00","65"
"62963","43349","34661","27636","169994","Returned","2022-03-01 00:41:26","2022-02-25 05:05:00","2022-03-01 03:50:00","2022-03-02 22:22:00","65"
"63775","43906","35115","8557","172171","Returned","2021-08-12 23:05:31","2021-08-14 17:25:00","2021-08-17 14:29:00","2021-08-19 02:36:00","65"
"65653","45207","36137","17113","177282","Returned","2022-05-22 11:55:12","2022-05-24 04:30:00","2022-05-24 23:26:00","2022-05-27 09:05:00","65"
"65781","45288","36201","27583","177622","Returned","2019-12-28 00:36:13","2019-12-28 09:58:00","2019-12-31 22:52:00","2020-01-02 08:11:00","65"
"68500","47144","37709","21926","184918","Returned","2022-03-09 14:23:45","2022-03-10 21:11:00","2022-03-12 08:30:00","2022-03-12 10:31:00","65"
"70442","48512","38799","28042","190182","Returned","2022-08-17 12:22:04","2022-08-18 17:34:00","2022-08-19 18:38:00","2022-08-21 08:59:00","65"
"73504","50626","40514","8635","198470","Returned","2022-09-01 00:24:50","2022-09-01 12:16:00","2022-09-04 00:19:00","2022-09-04 12:07:00","65"
"74558","51380","41105","15684","201301","Returned","2020-07-11 06:22:20","2020-07-10 06:18:00","2020-07-13 03:57:00","2020-07-13 12:56:00","65"
"78302","53996","43198","29111","211388","Returned","2021-07-27 03:34:28","2021-07-29 14:35:00","2021-08-02 21:21:00","2021-08-04 17:26:00","65"
"78776","54317","43479","23401","212673","Returned","2022-01-21 14:17:05","2022-01-22 07:24:00","2022-01-26 18:47:00","2022-01-29 10:41:00","65"
"83351","57556","46012","21926","225116","Returned","2020-08-30 00:57:00","2020-08-30 17:05:00","2020-09-02 20:05:00","2020-09-04 23:01:00","65"
"83522","57677","46112","24394","225564","Returned","2021-10-26 02:44:09","2021-10-26 02:07:00","2021-10-26 14:57:00","2021-10-28 18:34:00","65"
"85035","58762","46979","27701","229685","Returned","2020-11-11 14:57:37","2020-11-11 18:20:00","2020-11-16 14:06:00","2020-11-16 14:18:00","65"
"86196","59564","47650","17263","232838","Returned","2022-06-30 02:59:15","2022-07-01 07:27:00","2022-07-05 20:29:00","2022-07-06 08:17:00","65"
"87715","60620","48538","11650","236959","Returned","2022-05-18 13:39:09","2022-05-19 01:12:00","2022-05-22 04:30:00","2022-05-23 10:44:00","65"
"89950","62174","49768","17814","242981","Returned","2020-05-10 12:11:08","2020-05-08 19:05:00","2020-05-10 13:23:00","2020-05-12 08:14:00","65"
"90647","62647","50153","22740","244896","Returned","2021-10-12 01:36:36","2021-10-11 07:52:00","2021-10-14 18:50:00","2021-10-15 22:56:00","65"
"91962","63541","50870","22895","248396","Returned","2020-06-26 09:26:04","2020-06-27 02:29:00","2020-06-27 13:13:00","2020-06-27 14:26:00","65"
"92980","64248","51421","22608","251132","Returned","2022-08-14 14:07:17","2022-08-17 08:53:00","2022-08-21 13:16:00","2022-08-22 09:34:00","65"
"94187","65069","52053","21687","254398","Returned","2022-07-14 07:32:45","2022-07-15 17:09:00","2022-07-17 19:02:00","2022-07-17 20:09:00","65"
"96929","66975","53526","29058","261808","Returned","2022-08-08 16:30:50","2022-08-09 10:28:00","2022-08-09 12:51:00","2022-08-10 17:22:00","65"
"99091","68466","54745","12200","267675","Returned","2021-09-11 12:32:41","2021-09-11 02:12:00","2021-09-16 00:23:00","2021-09-17 22:47:00","65"
"101551","70171","56105","24052","274270","Returned","2019-03-14 09:05:13","2019-03-16 01:57:00","2019-03-18 18:09:00","2019-03-19 12:21:00","65"
"101662","70247","56167","436","274562","Returned","2022-05-18 03:28:34","2022-05-21 01:12:00","2022-05-21 07:18:00","2022-05-22 04:27:00","65"
"101887","70416","56300","21175","275175","Returned","2022-08-05 03:30:08","2022-08-03 11:03:00","2022-08-03 15:48:00","2022-08-04 22:39:00","65"
"103750","71699","57329","23894","280267","Returned","2022-06-04 16:53:59","2022-06-03 23:49:00","2022-06-08 20:47:00","2022-06-09 14:34:00","65"
"104430","72154","57685","10525","282098","Returned","2022-03-10 14:53:22","2022-03-13 06:41:00","2022-03-16 00:48:00","2022-03-18 19:12:00","65"
"105577","72947","58348","22755","285163","Returned","2022-03-02 11:14:11","2022-03-04 00:01:00","2022-03-08 15:57:00","2022-03-10 17:34:00","65"
"107655","74377","59461","12521","290782","Returned","2022-02-26 10:36:53","2022-02-25 18:40:00","2022-02-27 02:57:00","2022-02-27 03:23:00","65"
"109290","75497","60357","16930","295219","Returned","2020-08-30 16:24:48","2020-08-31 15:48:00","2020-09-02 03:29:00","2020-09-03 13:16:00","65"
"110989","76679","61337","7051","299750","Returned","2022-03-01 04:52:07","2022-02-28 12:49:00","2022-03-05 02:14:00","2022-03-07 02:39:00","65"
"111125","76777","61424","26976","300117","Returned","2022-04-06 07:28:26","2022-04-08 04:25:00","2022-04-10 10:47:00","2022-04-11 03:32:00","65"
"113562","78452","62741","11989","306710","Returned","2022-06-03 10:35:10","2022-06-05 23:52:00","2022-06-07 18:23:00","2022-06-08 13:26:00","65"
"114951","79399","63514","27636","310471","Returned","2021-12-23 12:11:16","2021-12-25 11:09:00","2021-12-28 00:42:00","2021-12-29 10:03:00","65"
"115155","79529","63635","22426","311024","Returned","2019-05-19 08:33:02","2019-05-21 10:04:00","2019-05-25 09:53:00","2019-05-27 17:30:00","65"
"116511","80452","64404","13872","314678","Returned","2021-06-22 01:32:36","2021-06-22 06:05:00","2021-06-23 17:49:00","2021-06-25 04:55:00","65"
"118087","81513","65272","14794","318862","Returned","2022-03-15 14:22:11","2022-03-17 13:51:00","2022-03-18 08:25:00","2022-03-18 11:46:00","65"
"121346","83750","67056","23894","327649","Returned","2021-11-13 05:10:49","2021-11-11 08:05:00","2021-11-16 01:21:00","2021-11-16 03:17:00","65"
"123182","84982","68002","27566","332600","Returned","2022-04-03 08:28:28","2022-04-04 05:45:00","2022-04-08 23:43:00","2022-04-10 22:49:00","65"
"124051","85578","68479","21175","334901","Returned","2021-07-05 05:14:40","2021-07-06 05:35:00","2021-07-07 15:23:00","2021-07-08 14:12:00","65"
"126339","87148","69735","27857","341112","Returned","2022-08-21 07:43:11","2022-08-18 10:48:00","2022-08-19 07:09:00","2022-08-21 12:10:00","65"
"127780","88121","70572","16159","344996","Returned","2022-09-01 09:01:14","2022-09-02 09:34:00","2022-09-04 02:12:00","2022-09-06 15:45:00","65"
"130725","90178","72216","22880","352969","Returned","2022-02-07 05:27:08","2022-02-08 01:23:00","2022-02-12 22:43:00","2022-02-15 17:12:00","65"
"132840","91646","73406","27790","358711","Returned","2020-07-10 14:16:09","2020-07-11 19:14:00","2020-07-13 22:15:00","2020-07-15 15:18:00","65"
"137218","94687","75896","16537","370510","Returned","2020-05-26 22:05:57","2020-05-28 02:22:00","2020-05-30 17:56:00","2020-06-02 06:36:00","65"
"139957","96545","77420","27857","377916","Returned","2022-06-03 16:09:46","2022-06-06 11:13:00","2022-06-08 19:33:00","2022-06-11 18:35:00","65"
"140042","96606","77467","27650","378140","Returned","2022-09-02 02:40:22","2022-09-04 16:07:00","2022-09-09 11:29:00","2022-09-12 08:54:00","65"
"144495","99695","79939","27657","390134","Returned","2022-06-25 06:37:33","2022-06-27 06:27:00","2022-06-28 19:55:00","2022-07-01 19:20:00","65"
"144513","99707","79946","1916","390182","Returned","2022-05-28 14:25:17","2022-05-29 05:29:00","2022-06-01 01:05:00","2022-06-03 00:46:00","65"
"146910","101351","81307","28300","396696","Returned","2020-06-12 22:45:39","2020-06-15 15:03:00","2020-06-19 19:22:00","2020-06-21 15:36:00","65"
"148913","102758","82431","27511","402114","Returned","2021-04-09 08:27:42","2021-04-09 10:39:00","2021-04-14 09:32:00","2021-04-16 13:09:00","65"
"149521","103194","82767","23893","403766","Returned","2020-03-14 05:01:20","2020-03-16 05:19:00","2020-03-20 06:58:00","2020-03-21 06:39:00","65"
"149962","103493","83016","22983","404985","Returned","2022-08-31 07:50:40","2022-08-29 13:52:00","2022-08-31 03:11:00","2022-09-01 10:07:00","65"
"150698","103990","83428","28300","406993","Returned","2020-12-27 05:59:07","2020-12-28 01:07:00","2020-12-31 00:10:00","2021-01-02 21:41:00","65"
"152100","104948","84216","28851","410783","Returned","2022-08-31 04:09:25.450635","2022-08-31 11:39:18.450635","2022-09-01 09:43:18.450635","2022-09-01 23:55:18.450635","65"
"153353","105799","84869","10114","414153","Returned","2022-04-20 22:24:33","2022-04-21 17:24:00","2022-04-24 16:43:00","2022-04-27 08:31:00","65"
"154678","106726","85627","27893","417684","Returned","2022-01-02 08:26:27","2022-01-04 21:11:00","2022-01-07 10:56:00","2022-01-10 07:21:00","65"
"155270","107122","85945","18806","419271","Returned","2020-11-25 03:11:38","2020-11-26 12:20:00","2020-11-26 22:20:00","2020-11-29 09:18:00","65"
"156405","107887","86540","8635","422307","Returned","2020-01-27 16:09:03","2020-01-28 02:43:00","2020-02-01 09:00:00","2020-02-01 17:43:00","65"
"160409","110666","88743","12013","433112","Returned","2022-03-18 05:52:13","2022-03-18 14:01:00","2022-03-22 00:06:00","2022-03-24 11:00:00","65"
"161285","111252","89194","22755","435462","Returned","2020-04-26 00:59:23","2020-04-27 11:30:00","2020-05-02 03:16:00","2020-05-04 19:11:00","65"
"161293","111259","89202","22207","435485","Returned","2021-10-02 11:50:26","2021-10-05 04:16:00","2021-10-09 14:37:00","2021-10-10 10:43:00","65"
"162445","112036","89826","27566","438643","Returned","2022-05-22 10:29:13","2022-05-24 19:58:00","2022-05-27 18:51:00","2022-05-28 07:33:00","65"
"164781","113656","91123","7051","445010","Returned","2020-04-21 13:26:54","2020-04-19 18:22:00","2020-04-22 00:09:00","2020-04-23 00:39:00","65"
"165215","113937","91354","9798","446210","Returned","2021-10-14 04:38:22","2021-10-16 01:32:00","2021-10-20 20:49:00","2021-10-21 19:02:00","65"
"166414","114762","91999","28073","449459","Returned","2021-02-13 07:09:51","2021-02-16 07:34:00","2021-02-17 07:24:00","2021-02-19 02:50:00","65"
"168227","116011","93002","17432","454306","Returned","2022-06-05 04:44:06","2022-06-05 07:36:00","2022-06-07 12:44:00","2022-06-09 02:39:00","65"
"168870","116463","93369","21658","456025","Returned","2022-08-03 08:09:04","2022-08-03 07:57:00","2022-08-08 02:51:00","2022-08-09 06:51:00","65"
"169012","116570","93453","11997","456415","Returned","2021-06-23 23:14:47","2021-06-24 08:58:00","2021-06-28 22:37:00","2021-06-29 05:05:00","65"
"169551","116928","93753","9875","457855","Returned","2019-06-30 14:10:42","2019-06-30 07:30:00","2019-07-01 04:34:00","2019-07-01 05:46:00","65"
"172796","119170","95526","15952","466694","Returned","2021-07-07 03:44:51","2021-07-09 12:01:00","2021-07-11 07:34:00","2021-07-11 11:44:00","65"
"173472","119643","95930","24052","468480","Returned","2022-07-13 07:31:44","2022-07-15 02:36:00","2022-07-19 00:50:00","2022-07-21 23:47:00","65"
"173551","119701","95977","26631","468689","Returned","2020-09-17 09:04:56","2020-09-18 15:19:00","2020-09-19 20:07:00","2020-09-21 23:33:00","65"
"174130","120097","96308","27565","470221","Returned","2022-05-28 10:35:45","2022-05-30 08:16:00","2022-06-03 14:58:00","2022-06-04 09:29:00","65"
"174453","120317","96478","11759","471088","Returned","2022-05-19 03:16:26","2022-05-20 08:11:00","2022-05-20 09:53:00","2022-05-21 04:05:00","65"
"174841","120576","96680","27112","472158","Returned","2022-07-07 11:44:06","2022-07-07 05:02:00","2022-07-11 22:42:00","2022-07-13 21:15:00","65"
"176637","121811","97694","23576","477061","Returned","2022-03-11 17:54:47","2022-03-13 13:25:00","2022-03-17 21:01:00","2022-03-20 12:29:00","65"
"179220","123611","99157","18783","483992","Returned","2022-08-26 08:48:35","2022-08-26 14:39:00","2022-08-29 18:16:00","2022-08-31 00:10:00","65"
"179331","123688","99222","22755","484286","Returned","2021-08-21 13:59:29","2021-08-21 19:57:00","2021-08-23 09:54:00","2021-08-23 12:06:00","65"
"179422","123746","99272","8588","484538","Returned","2020-10-01 15:34:33","2020-10-03 17:47:00","2020-10-03 20:38:00","2020-10-05 01:14:00","65"
"334","239","207","22580","882","Cancelled","2021-07-29 12:03:25",NULL,NULL,NULL,"65"
"1726","1203","974","23401","4675","Cancelled","2022-02-28 05:44:41",NULL,NULL,NULL,"65"
"3164","2147","1725","21200","8560","Cancelled","2022-04-07 10:30:31",NULL,NULL,NULL,"65"
"6007","4089","3321","27740","16254","Cancelled","2022-09-05 12:03:56.331322",NULL,NULL,NULL,"65"
"7624","5222","4231","15684","20673","Cancelled","2020-11-03 23:36:21",NULL,NULL,NULL,"65"
"8457","5795","4682","22259","22943","Cancelled","2021-05-04 08:31:22",NULL,NULL,NULL,"65"
"11659","8024","6509","13324","31595","Cancelled","2021-12-07 11:36:56",NULL,NULL,NULL,"65"
"12231","8435","6811","22164","33150","Cancelled","2019-12-09 01:37:23",NULL,NULL,NULL,"65"
"12714","8778","7089","16434","34452","Cancelled","2021-05-22 13:03:49",NULL,NULL,NULL,"65"
"13795","9506","7650","22610","37388","Cancelled","2022-02-02 22:42:27",NULL,NULL,NULL,"65"
"16215","11146","8957","21802","43885","Cancelled","2021-10-14 14:01:52",NULL,NULL,NULL,"65"
"16657","11460","9219","27650","45086","Cancelled","2022-08-12 06:56:35",NULL,NULL,NULL,"65"
"16726","11513","9267","22995","45283","Cancelled","2020-01-27 03:14:23",NULL,NULL,NULL,"65"
"17304","11907","9568","22983","46864","Cancelled","2019-05-26 15:08:50",NULL,NULL,NULL,"65"
"20084","13808","11066","2100","54355","Cancelled","2021-12-04 04:24:24",NULL,NULL,NULL,"65"
"20130","13841","11093","23893","54477","Cancelled","2021-07-17 03:27:29",NULL,NULL,NULL,"65"
"20273","13936","11171","17076","54867","Cancelled","2021-08-03 13:22:21",NULL,NULL,NULL,"65"
"22206","15265","12195","1232","60009","Cancelled","2021-05-23 05:40:22",NULL,NULL,NULL,"65"
"22356","15377","12285","13872","60405","Cancelled","2022-08-18 14:35:39",NULL,NULL,NULL,"65"
"22586","15534","12421","12774","61044","Cancelled","2020-03-24 03:39:33",NULL,NULL,NULL,"65"
"22680","15600","12467","26976","61307","Cancelled","2020-08-29 16:18:53",NULL,NULL,NULL,"65"
"23133","15919","12725","20750","62528","Cancelled","2020-06-20 07:52:37",NULL,NULL,NULL,"65"
"23887","16436","13138","22343","64577","Cancelled","2021-03-14 05:41:48",NULL,NULL,NULL,"65"
"23955","16475","13167","22629","64758","Cancelled","2021-03-26 05:02:01",NULL,NULL,NULL,"65"
"24225","16661","13319","6573","65479","Cancelled","2022-08-16 04:39:38",NULL,NULL,NULL,"65"
"24365","16762","13398","22208","65853","Cancelled","2021-12-07 02:56:40",NULL,NULL,NULL,"65"
"24632","16952","13534","26078","66576","Cancelled","2021-02-26 05:34:01",NULL,NULL,NULL,"65"
"24757","17044","13613","22412","66909","Cancelled","2022-08-31 03:29:44",NULL,NULL,NULL,"65"
"24827","17100","13654","15544","67094","Cancelled","2021-11-16 06:16:58",NULL,NULL,NULL,"65"
"25766","17762","14187","18783","69638","Cancelled","2022-06-28 18:11:22",NULL,NULL,NULL,"65"
"27593","19009","15203","15363","74590","Cancelled","2021-10-25 13:23:41",NULL,NULL,NULL,"65"
"29889","20590","16468","27566","80799","Cancelled","2020-09-17 14:45:07",NULL,NULL,NULL,"65"
"31132","21418","17142","2610","84157","Cancelled","2021-06-18 22:57:26",NULL,NULL,NULL,"65"
"31426","21622","17293","26576","84944","Cancelled","2022-06-03 12:01:53",NULL,NULL,NULL,"65"
"31776","21861","17495","22995","85877","Cancelled","2021-07-30 05:20:42",NULL,NULL,NULL,"65"
"32315","22237","17778","27701","87308","Cancelled","2022-09-05 05:44:06",NULL,NULL,NULL,"65"
"32363","22271","17807","2706","87434","Cancelled","2021-03-14 00:53:41",NULL,NULL,NULL,"65"
"33218","22866","18250","27701","89726","Cancelled","2022-07-23 09:27:37",NULL,NULL,NULL,"65"
"34154","23522","18773","27401","92271","Cancelled","2021-11-24 07:05:38",NULL,NULL,NULL,"65"
"34702","23886","19075","7175","93743","Cancelled","2021-01-03 01:18:18",NULL,NULL,NULL,"65"
"35495","24433","19526","21813","95866","Cancelled","2022-01-17 06:42:42",NULL,NULL,NULL,"65"
"35560","24476","19558","27647","96042","Cancelled","2020-10-17 06:30:56",NULL,NULL,NULL,"65"
"36729","25275","20202","22412","99156","Cancelled","2022-05-30 12:20:58",NULL,NULL,NULL,"65"
"38448","26477","21157","27650","103789","Cancelled","2022-01-06 12:44:53",NULL,NULL,NULL,"65"
"39645","27306","21807","17113","107017","Cancelled","2022-08-18 23:53:32",NULL,NULL,NULL,"65"
"41254","28376","22635","27790","111379","Cancelled","2022-01-06 16:02:59",NULL,NULL,NULL,"65"
"42024","28914","23066","27583","113445","Cancelled","2021-12-20 06:15:15",NULL,NULL,NULL,"65"
"43000","29590","23603","547","116122","Cancelled","2021-04-17 03:14:17",NULL,NULL,NULL,"65"
"44242","30443","24302","21802","119490","Cancelled","2020-07-29 03:17:10",NULL,NULL,NULL,"65"
"45180","31108","24831","17113","122013","Cancelled","2022-09-03 06:39:19.136813",NULL,NULL,NULL,"65"
"46383","31921","25484","11650","125252","Cancelled","2022-07-06 01:25:31",NULL,NULL,NULL,"65"
"47378","32645","26062","17814","127883","Cancelled","2022-08-10 16:36:57",NULL,NULL,NULL,"65"
"47804","32941","26321","17953","129026","Cancelled","2020-07-20 02:04:31",NULL,NULL,NULL,"65"
"47893","32997","26355","21687","129269","Cancelled","2021-06-01 06:20:23",NULL,NULL,NULL,"65"
"50802","35014","27940","23225","137119","Cancelled","2020-03-19 12:55:31",NULL,NULL,NULL,"65"
"54060","37251","29764","22238","145894","Cancelled","2021-09-22 04:28:22",NULL,NULL,NULL,"65"
"56896","39213","31345","21701","153566","Cancelled","2022-06-05 10:03:04",NULL,NULL,NULL,"65"
"57424","39580","31626","27565","154992","Cancelled","2021-06-06 15:29:44",NULL,NULL,NULL,"65"
"57656","39735","31751","16930","155603","Cancelled","2022-02-26 02:15:09",NULL,NULL,NULL,"65"
"58250","40155","32076","27740","157194","Cancelled","2020-08-06 06:05:10",NULL,NULL,NULL,"65"
"59314","40873","32641","2795","160092","Cancelled","2022-08-15 17:32:13",NULL,NULL,NULL,"65"
"59959","41307","32995","21813","161869","Cancelled","2022-01-21 01:41:57",NULL,NULL,NULL,"65"
"60178","41447","33123","16434","162473","Cancelled","2022-03-07 21:53:05",NULL,NULL,NULL,"65"
"60465","41645","33284","22412","163253","Cancelled","2021-10-07 01:45:44",NULL,NULL,NULL,"65"
"60500","41668","33303","21704","163346","Cancelled","2020-09-02 23:17:50",NULL,NULL,NULL,"65"
"61036","42030","33595","8588","164775","Cancelled","2021-03-11 03:51:54",NULL,NULL,NULL,"65"
"62955","43346","34658","27511","169969","Cancelled","2022-02-22 10:11:22",NULL,NULL,NULL,"65"
"63034","43393","34689","21765","170182","Cancelled","2022-08-05 05:33:24",NULL,NULL,NULL,"65"
"64015","44063","35246","24052","172816","Cancelled","2022-08-12 15:07:01",NULL,NULL,NULL,"65"
"64377","44307","35445","1641","173811","Cancelled","2022-08-07 21:47:02",NULL,NULL,NULL,"65"
"67239","46263","36994","27819","181572","Cancelled","2022-05-07 23:18:25",NULL,NULL,NULL,"65"
"68338","47031","37624","28601","184496","Cancelled","2022-08-31 04:51:14",NULL,NULL,NULL,"65"
"69277","47700","38134","8615","186996","Cancelled","2022-07-10 01:11:32",NULL,NULL,NULL,"65"
"72136","49681","39768","1928","194746","Cancelled","2022-08-02 22:22:43",NULL,NULL,NULL,"65"
"73100","50357","40311","21718","197384","Cancelled","2021-11-05 15:06:04",NULL,NULL,NULL,"65"
"74350","51223","40985","27530","200752","Cancelled","2022-05-30 06:39:10",NULL,NULL,NULL,"65"
"75133","51772","41415","1232","202855","Cancelled","2022-06-05 10:43:57",NULL,NULL,NULL,"65"
"76154","52481","42002","9875","205645","Cancelled","2020-08-23 08:03:04",NULL,NULL,NULL,"65"
"76568","52778","42228","21701","206754","Cancelled","2021-04-03 23:31:55",NULL,NULL,NULL,"65"
"78344","54024","43221","28150","211500","Cancelled","2021-05-17 06:30:12",NULL,NULL,NULL,"65"
"78386","54049","43241","23225","211609","Cancelled","2021-12-31 14:04:20",NULL,NULL,NULL,"65"
"79989","55157","44116","22580","215989","Cancelled","2020-12-28 10:57:09",NULL,NULL,NULL,"65"
"80024","55184","44140","1794","216076","Cancelled","2021-05-15 03:17:25",NULL,NULL,NULL,"65"
"81643","56322","45015","27929","220483","Cancelled","2022-05-06 09:42:49",NULL,NULL,NULL,"65"
"81898","56505","45168","23225","221162","Cancelled","2022-02-14 00:20:12",NULL,NULL,NULL,"65"
"82354","56840","45457","22838","222389","Cancelled","2022-05-23 21:27:17",NULL,NULL,NULL,"65"
"84044","58050","46414","12774","226995","Cancelled","2020-04-15 07:39:10",NULL,NULL,NULL,"65"
"84512","58390","46703","23401","228257","Cancelled","2021-01-03 09:24:29",NULL,NULL,NULL,"65"
"85317","58959","47133","27498","230454","Cancelled","2022-07-24 13:23:17",NULL,NULL,NULL,"65"
"85528","59101","47249","11759","231023","Cancelled","2022-05-28 01:59:53",NULL,NULL,NULL,"65"
"86957","60091","48085","27459","234914","Cancelled","2021-08-22 10:38:40",NULL,NULL,NULL,"65"
"88257","60990","48832","26976","238419","Cancelled","2022-08-24 22:55:08",NULL,NULL,NULL,"65"
"88315","61029","48861","6573","238581","Cancelled","2022-07-02 11:44:10",NULL,NULL,NULL,"65"
"89865","62116","49723","17432","242758","Cancelled","2022-04-29 04:49:28",NULL,NULL,NULL,"65"
"90446","62517","50050","22238","244334","Cancelled","2021-10-11 04:06:56",NULL,NULL,NULL,"65"
"90611","62625","50136","503","244797","Cancelled","2021-09-06 10:40:30",NULL,NULL,NULL,"65"
"93916","64890","51928","2795","253666","Cancelled","2022-07-09 16:39:40",NULL,NULL,NULL,"65"
"94836","65523","52417","27770","256184","Cancelled","2021-09-12 06:09:20",NULL,NULL,NULL,"65"
"94868","65547","52433","18783","256261","Cancelled","2022-08-24 00:26:48",NULL,NULL,NULL,"65"
"95397","65938","52746","22426","257694","Cancelled","2022-03-20 07:47:30",NULL,NULL,NULL,"65"
"96531","66707","53325","23681","260734","Cancelled","2019-08-10 17:21:01",NULL,NULL,NULL,"65"
"96863","66927","53489","22426","261631","Cancelled","2021-10-17 11:57:18",NULL,NULL,NULL,"65"
"98538","68079","54413","8588","266191","Cancelled","2022-09-06 16:24:05.17237",NULL,NULL,NULL,"65"
"100077","69165","55302","27594","270304","Cancelled","2021-10-15 06:58:21",NULL,NULL,NULL,"65"
"100738","69615","55673","21865","272072","Cancelled","2021-12-13 08:38:04",NULL,NULL,NULL,"65"
"100919","69748","55772","29111","272570","Cancelled","2021-04-28 14:14:10",NULL,NULL,NULL,"65"
"102524","70844","56637","17953","276942","Cancelled","2021-07-30 16:42:31",NULL,NULL,NULL,"65"
"104237","72028","57584","1794","281568","Cancelled","2020-06-09 03:16:59",NULL,NULL,NULL,"65"
"105616","72973","58367","27452","285279","Cancelled","2022-06-23 08:17:36",NULL,NULL,NULL,"65"
"106447","73559","58826","7175","287521","Cancelled","2022-02-19 11:38:04",NULL,NULL,NULL,"65"
"106809","73800","59013","28073","288494","Cancelled","2022-01-08 22:14:29",NULL,NULL,NULL,"65"
"107958","74578","59620","21592","291624","Cancelled","2022-06-22 02:36:03",NULL,NULL,NULL,"65"
"108354","74859","59861","28216","292704","Cancelled","2021-12-08 11:23:17",NULL,NULL,NULL,"65"
"108825","75179","60119","16434","293963","Cancelled","2022-07-01 04:11:52",NULL,NULL,NULL,"65"
"112571","77755","62192","27805","304044","Cancelled","2022-08-20 01:14:38",NULL,NULL,NULL,"65"
"113827","78629","62881","22608","307431","Cancelled","2021-06-18 08:54:47",NULL,NULL,NULL,"65"
"114964","79407","63522","26702","310509","Cancelled","2022-07-24 23:46:31",NULL,NULL,NULL,"65"
"115022","79441","63562","21926","310671","Cancelled","2022-07-15 23:31:13",NULL,NULL,NULL,"65"
"115292","79629","63702","15363","311387","Cancelled","2022-08-28 22:16:14",NULL,NULL,NULL,"65"
"116137","80197","64194","27875","313668","Cancelled","2021-12-17 05:32:15",NULL,NULL,NULL,"65"
"117107","80852","64730","2500","316240","Cancelled","2022-04-10 23:49:27",NULL,NULL,NULL,"65"
"117919","81393","65185","1845","318434","Cancelled","2022-05-06 03:54:06",NULL,NULL,NULL,"65"
"118648","81903","65574","26377","320371","Cancelled","2022-05-02 11:31:53",NULL,NULL,NULL,"65"
"119591","82553","66095","27770","322882","Cancelled","2020-05-22 14:28:02",NULL,NULL,NULL,"65"
"120531","83186","66609","22441","325461","Cancelled","2022-06-13 12:53:48",NULL,NULL,NULL,"65"
"122382","84428","67578","22580","330435","Cancelled","2022-04-25 02:23:09",NULL,NULL,NULL,"65"
"122597","84581","67700","27857","331017","Cancelled","2022-05-02 00:49:51",NULL,NULL,NULL,"65"
"122869","84770","67841","27636","331769","Cancelled","2022-08-01 12:15:16",NULL,NULL,NULL,"65"
"123200","84996","68010","21701","332647","Cancelled","2021-06-14 11:07:19",NULL,NULL,NULL,"65"
"123984","85532","68439","28073","334728","Cancelled","2020-11-28 08:05:36",NULL,NULL,NULL,"65"
"124656","86002","68833","1916","336526","Cancelled","2020-05-19 23:51:04",NULL,NULL,NULL,"65"
"125207","86377","69121","2100","338047","Cancelled","2021-06-08 13:36:37",NULL,NULL,NULL,"65"
"125657","86681","69354","21704","339241","Cancelled","2021-02-26 10:33:59",NULL,NULL,NULL,"65"
"126625","87336","69905","21865","341891","Cancelled","2019-05-21 14:38:29",NULL,NULL,NULL,"65"
"128698","88762","71092","8635","347503","Cancelled","2022-01-30 05:18:15",NULL,NULL,NULL,"65"
"129752","89488","71685","22238","350317","Cancelled","2021-07-09 05:32:12",NULL,NULL,NULL,"65"
"129946","89623","71781","23576","350856","Cancelled","2020-07-24 14:51:12",NULL,NULL,NULL,"65"
"131424","90657","72633","6675","354855","Cancelled","2022-01-25 02:09:56",NULL,NULL,NULL,"65"
"131533","90727","72687","20906","355136","Cancelled","2021-11-30 02:05:17",NULL,NULL,NULL,"65"
"133474","92089","73760","10053","360414","Cancelled","2022-04-09 16:16:16",NULL,NULL,NULL,"65"
"134754","92961","74473","547","363896","Cancelled","2021-10-25 08:42:52",NULL,NULL,NULL,"65"
"134924","93091","74582","10114","364353","Cancelled","2021-12-11 15:21:11",NULL,NULL,NULL,"65"
"142032","97965","78553","17814","383499","Cancelled","2022-09-03 14:36:45.416643",NULL,NULL,NULL,"65"
"144949","100013","80202","23681","391376","Cancelled","2022-07-15 00:36:45",NULL,NULL,NULL,"65"
"144952","100014","80202","16159","391383","Cancelled","2022-09-01 00:46:39",NULL,NULL,NULL,"65"
"145748","100563","80665","12013","393565","Cancelled","2021-09-07 14:43:12",NULL,NULL,NULL,"65"
"146884","101334","81297","26377","396626","Cancelled","2022-05-23 12:19:05",NULL,NULL,NULL,"65"
"148577","102517","82236","27511","401207","Cancelled","2021-06-11 00:05:09",NULL,NULL,NULL,"65"
"151288","104382","83742","16930","408583","Cancelled","2022-08-23 04:42:18",NULL,NULL,NULL,"65"
"151558","104557","83891","22740","409321","Cancelled","2022-07-08 09:07:15",NULL,NULL,NULL,"65"
"151650","104625","83944","27933","409571","Cancelled","2021-04-04 22:55:02",NULL,NULL,NULL,"65"
"153796","106115","85123","22207","415310","Cancelled","2022-07-06 13:46:59",NULL,NULL,NULL,"65"
"154021","106271","85239","7075","415915","Cancelled","2022-08-09 04:38:32",NULL,NULL,NULL,"65"
"154268","106445","85381","14914","416579","Cancelled","2021-04-24 08:08:46",NULL,NULL,NULL,"65"
"155621","107357","86139","21592","420203","Cancelled","2020-10-31 01:14:45",NULL,NULL,NULL,"65"
"155947","107576","86295","27933","421055","Cancelled","2021-12-23 09:54:28",NULL,NULL,NULL,"65"
"156317","107828","86493","27790","422067","Cancelled","2022-07-31 03:07:28",NULL,NULL,NULL,"65"
"156759","108128","86726","18091","423244","Cancelled","2022-07-05 23:35:35",NULL,NULL,NULL,"65"
"158109","109059","87464","21200","426884","Cancelled","2020-05-27 08:44:55",NULL,NULL,NULL,"65"
"159099","109753","88020","27566","429553","Cancelled","2022-08-16 00:26:37",NULL,NULL,NULL,"65"
"161326","111284","89224","23225","435573","Cancelled","2022-04-23 09:33:39",NULL,NULL,NULL,"65"
"161363","111305","89245","10525","435675","Cancelled","2021-12-17 12:59:00",NULL,NULL,NULL,"65"
"161660","111514","89415","22995","436501","Cancelled","2021-05-20 15:04:42",NULL,NULL,NULL,"65"
"162565","112123","89882","27875","438962","Cancelled","2020-07-21 05:17:07",NULL,NULL,NULL,"65"
"162954","112401","90136","21200","440032","Cancelled","2022-06-29 21:03:12",NULL,NULL,NULL,"65"
"163862","113032","90642","11989","442480","Cancelled","2022-06-24 02:34:46",NULL,NULL,NULL,"65"
"163866","113034","90644","27442","442492","Cancelled","2021-12-08 04:44:04",NULL,NULL,NULL,"65"
"164054","113163","90751","27452","443018","Cancelled","2021-10-08 22:57:54",NULL,NULL,NULL,"65"
"170525","117576","94298","21869","460512","Cancelled","2021-07-24 06:58:12",NULL,NULL,NULL,"65"
"170751","117724","94416","22259","461150","Cancelled","2021-10-16 06:20:51",NULL,NULL,NULL,"65"
"172616","119038","95418","21765","466205","Cancelled","2022-07-18 02:38:01",NULL,NULL,NULL,"65"
"174559","120394","96536","27875","471376","Cancelled","2022-05-26 04:36:00",NULL,NULL,NULL,"65"
"175491","121024","97028","11989","473940","Cancelled","2019-08-22 14:30:20",NULL,NULL,NULL,"65"
"175703","121178","97172","21802","474518","Cancelled","2020-11-06 05:27:59",NULL,NULL,NULL,"65"
"175814","121250","97239","27933","474817","Cancelled","2021-11-15 11:41:58",NULL,NULL,NULL,"65"
"178422","123064","98715","27452","481833","Cancelled","2021-06-06 10:49:34",NULL,NULL,NULL,"65"
"180334","124358","99731","2163","486978","Cancelled","2021-08-23 10:18:38",NULL,NULL,NULL,"65"
"1023","710","593","17379","2744","Processing","2021-07-16 12:30:39",NULL,NULL,NULL,"65"
"1144","793","668","21813","3088","Processing","2021-02-07 11:37:09",NULL,NULL,NULL,"65"
"2427","1666","1347","9875","6567","Processing","2022-05-11 03:54:31",NULL,NULL,NULL,"65"
"2937","2008","1621","27112","7949","Processing","2022-06-21 08:37:09",NULL,NULL,NULL,"65"
"3899","2655","2144","16537","10552","Processing","2022-05-10 02:34:07",NULL,NULL,NULL,"65"
"4294","2929","2348","16821","11643","Processing","2021-04-30 14:24:02",NULL,NULL,NULL,"65"
"4858","3316","2699","22608","13163","Processing","2022-02-14 13:55:28",NULL,NULL,NULL,"65"
"4985","3399","2768","1641","13492","Processing","2021-04-12 22:25:10",NULL,NULL,NULL,"65"
"5345","3650","2982","20906","14473","Processing","2021-06-19 03:08:08",NULL,NULL,NULL,"65"
"6031","4108","3336","11759","16314","Processing","2021-04-08 13:52:19",NULL,NULL,NULL,"65"
"6469","4408","3573","17953","17514","Processing","2021-09-25 17:04:36",NULL,NULL,NULL,"65"
"7084","4826","3912","436","19185","Processing","2020-05-20 01:35:35",NULL,NULL,NULL,"65"
"7444","5091","4129","27594","20173","Processing","2021-07-01 03:44:49",NULL,NULL,NULL,"65"
"8301","5687","4599","14422","22506","Processing","2022-07-07 04:56:49",NULL,NULL,NULL,"65"
"8416","5768","4661","15684","22836","Processing","2022-02-26 06:34:05",NULL,NULL,NULL,"65"
"8936","6122","4950","18091","24232","Processing","2020-12-03 01:56:54",NULL,NULL,NULL,"65"
"9264","6354","5152","20750","25122","Processing","2021-04-12 11:10:27",NULL,NULL,NULL,"65"
"9535","6560","5317","13324","25862","Processing","2020-12-19 14:58:34",NULL,NULL,NULL,"65"
"11788","8121","6578","18927","31932","Processing","2021-12-19 12:59:36",NULL,NULL,NULL,"65"
"14611","10057","8090","13324","39577","Processing","2021-08-22 16:56:46",NULL,NULL,NULL,"65"
"15640","10727","8620","22629","42356","Processing","2022-03-12 06:33:16",NULL,NULL,NULL,"65"
"15688","10756","8640","6675","42486","Processing","2022-04-27 15:49:11",NULL,NULL,NULL,"65"
"16647","11453","9215","12718","45057","Processing","2022-08-06 04:34:11",NULL,NULL,NULL,"65"
"17698","12168","9784","16821","47940","Processing","2020-09-01 22:57:21",NULL,NULL,NULL,"65"
"17947","12338","9923","18091","48618","Processing","2019-12-06 16:32:56",NULL,NULL,NULL,"65"
"20486","14086","11285","27467","55452","Processing","2022-04-30 14:25:08",NULL,NULL,NULL,"65"
"22041","15155","12105","21592","59579","Processing","2020-07-31 06:01:32",NULL,NULL,NULL,"65"
"22529","15489","12376","21883","60890","Processing","2020-07-24 09:37:44",NULL,NULL,NULL,"65"
"22530","15490","12378","503","60894","Processing","2022-08-27 08:24:00",NULL,NULL,NULL,"65"
"23024","15838","12663","27684","62237","Processing","2022-03-26 15:28:14",NULL,NULL,NULL,"65"
"23051","15853","12674","22895","62306","Processing","2022-08-23 07:40:29",NULL,NULL,NULL,"65"
"24249","16679","13337","23893","65538","Processing","2019-12-31 17:21:56",NULL,NULL,NULL,"65"
"25100","17294","13813","21865","67847","Processing","2021-11-22 00:58:42",NULL,NULL,NULL,"65"
"25326","17451","13935","1845","68436","Processing","2022-02-18 14:11:49",NULL,NULL,NULL,"65"
"25812","17791","14215","21883","69757","Processing","2021-07-18 12:28:35",NULL,NULL,NULL,"65"
"26254","18083","14443","27790","70959","Processing","2022-06-06 13:02:25",NULL,NULL,NULL,"65"
"26360","18166","14517","27927","71244","Processing","2022-09-01 08:25:03.462517",NULL,NULL,NULL,"65"
"26885","18523","14792","16159","72659","Processing","2020-11-20 06:07:24",NULL,NULL,NULL,"65"
"26917","18544","14809","20906","72747","Processing","2022-09-03 00:55:42",NULL,NULL,NULL,"65"
"26918","18545","14810","27875","72750","Processing","2022-08-03 01:37:46",NULL,NULL,NULL,"65"
"27664","19055","15234","14794","74784","Processing","2021-02-07 03:07:20",NULL,NULL,NULL,"65"
"29032","19987","15956","22208","78492","Processing","2022-04-03 07:35:39",NULL,NULL,NULL,"65"
"29211","20107","16066","27790","78970","Processing","2021-09-02 04:31:43",NULL,NULL,NULL,"65"
"30401","20941","16769","21765","82207","Processing","2022-07-26 15:52:18",NULL,NULL,NULL,"65"
"30651","21111","16896","3008","82877","Processing","2022-08-20 02:39:15",NULL,NULL,NULL,"65"
"31179","21454","17166","22740","84272","Processing","2021-10-06 15:34:21",NULL,NULL,NULL,"65"
"31434","21627","17295","1928","84967","Processing","2020-08-25 03:08:04",NULL,NULL,NULL,"65"
"31522","21689","17355","9798","85196","Processing","2022-07-25 00:19:35",NULL,NULL,NULL,"65"
"33290","22914","18284","3008","89922","Processing","2022-02-17 03:21:23",NULL,NULL,NULL,"65"
"33626","23148","18483","22740","90841","Processing","2022-01-21 14:19:03",NULL,NULL,NULL,"65"
"34880","24008","19171","10149","94228","Processing","2022-01-30 00:36:19",NULL,NULL,NULL,"65"
"35225","24242","19362","22207","95165","Processing","2021-07-19 16:02:17",NULL,NULL,NULL,"65"
"36047","24815","19841","16821","97349","Processing","2020-05-17 23:41:20",NULL,NULL,NULL,"65"
"38152","26268","20983","22610","103005","Processing","2022-01-20 09:10:00",NULL,NULL,NULL,"65"
"38538","26544","21209","18806","104036","Processing","2022-03-06 23:32:30",NULL,NULL,NULL,"65"
"38948","26821","21425","22412","105146","Processing","2020-07-31 17:52:29",NULL,NULL,NULL,"65"
"40925","28149","22450","21802","110494","Processing","2020-02-03 14:32:11",NULL,NULL,NULL,"65"
"42050","28932","23079","21813","113513","Processing","2022-06-25 04:51:06",NULL,NULL,NULL,"65"
"43733","30080","23979","22838","118106","Processing","2021-12-05 05:22:13",NULL,NULL,NULL,"65"
"44277","30466","24316","26631","119588","Processing","2021-07-15 11:05:51",NULL,NULL,NULL,"65"
"45170","31102","24827","29058","121983","Processing","2022-03-24 14:32:11",NULL,NULL,NULL,"65"
"45751","31501","25141","8635","123539","Processing","2022-04-07 05:56:52",NULL,NULL,NULL,"65"
"47294","32585","26022","16821","127658","Processing","2022-03-16 11:14:58",NULL,NULL,NULL,"65"
"47780","32920","26299","11777","128964","Processing","2021-02-20 02:32:22",NULL,NULL,NULL,"65"
"48449","33385","26660","21592","130748","Processing","2022-04-02 16:23:25",NULL,NULL,NULL,"65"
"48548","33448","26716","11918","131023","Processing","2022-08-20 05:35:59",NULL,NULL,NULL,"65"
"50185","34567","27597","21687","135466","Processing","2021-04-18 14:07:04",NULL,NULL,NULL,"65"
"51774","35677","28505","8588","139752","Processing","2022-07-25 00:26:21",NULL,NULL,NULL,"65"
"51821","35709","28530","21765","139881","Processing","2022-07-08 14:49:45",NULL,NULL,NULL,"65"
"53472","36852","29444","9798","144296","Processing","2022-08-11 04:13:44",NULL,NULL,NULL,"65"
"54428","37505","29969","2610","146858","Processing","2022-02-22 13:52:43",NULL,NULL,NULL,"65"
"55439","38208","30531","11759","149585","Processing","2022-08-28 02:34:51",NULL,NULL,NULL,"65"
"58506","40330","32205","3790","157902","Processing","2022-04-19 06:01:09",NULL,NULL,NULL,"65"
"60113","41409","33078","27565","162300","Processing","2020-08-08 07:24:22",NULL,NULL,NULL,"65"
"63184","43503","34784","1232","170603","Processing","2022-03-19 15:12:32",NULL,NULL,NULL,"65"
"63733","43882","35095","27681","172059","Processing","2020-01-10 14:27:29",NULL,NULL,NULL,"65"
"64190","44176","35332","23338","173288","Processing","2022-08-25 06:23:33",NULL,NULL,NULL,"65"
"65891","45358","36260","16184","177917","Processing","2022-05-12 04:31:11",NULL,NULL,NULL,"65"
"65892","45358","36260","22208","177921","Processing","2022-05-08 05:26:11",NULL,NULL,NULL,"65"
"66176","45540","36401","21718","178693","Processing","2019-10-14 07:51:15",NULL,NULL,NULL,"65"
"67577","46494","37184","27881","182472","Processing","2020-08-17 10:56:30",NULL,NULL,NULL,"65"
"67782","46646","37318","1967","183013","Processing","2021-09-11 09:09:49",NULL,NULL,NULL,"65"
"68432","47097","37676","27647","184744","Processing","2022-02-21 03:17:22",NULL,NULL,NULL,"65"
"69441","47815","38232","22838","187440","Processing","2021-09-26 02:40:02",NULL,NULL,NULL,"65"
"71592","49302","39460","21175","193282","Processing","2021-09-16 09:22:54",NULL,NULL,NULL,"65"
"73529","50644","40524","22838","198538","Processing","2021-07-18 09:40:13",NULL,NULL,NULL,"65"
"73557","50659","40534","22995","198617","Processing","2022-05-16 08:18:04",NULL,NULL,NULL,"65"
"73674","50736","40595","27684","198922","Processing","2021-08-29 21:09:55",NULL,NULL,NULL,"65"
"74081","51031","40837","18783","200021","Processing","2022-06-04 15:05:58",NULL,NULL,NULL,"65"
"75452","51991","41599","27619","203713","Processing","2021-08-22 11:33:16",NULL,NULL,NULL,"65"
"76246","52545","42046","22608","205896","Processing","2020-01-27 23:40:48",NULL,NULL,NULL,"65"
"81041","55896","44688","12200","218866","Processing","2022-08-23 23:39:26",NULL,NULL,NULL,"65"
"82335","56825","45444","27511","222335","Processing","2020-02-21 01:27:44",NULL,NULL,NULL,"65"
"83376","57572","46019","22740","225183","Processing","2022-01-11 21:05:45",NULL,NULL,NULL,"65"
"83669","57786","46198","15702","225968","Processing","2022-07-09 12:33:03",NULL,NULL,NULL,"65"
"83825","57891","46285","16184","226399","Processing","2020-12-05 17:33:03",NULL,NULL,NULL,"65"
"83855","57910","46301","22238","226483","Processing","2022-03-23 00:45:25",NULL,NULL,NULL,"65"
"84565","58423","46729","22608","228403","Processing","2022-07-15 08:42:35",NULL,NULL,NULL,"65"
"84752","58553","46831","21926","228909","Processing","2022-01-24 06:22:51",NULL,NULL,NULL,"65"
"85540","59111","47254","29058","231055","Processing","2021-08-07 16:59:08",NULL,NULL,NULL,"65"
"85760","59267","47410","1232","231652","Processing","2022-05-11 00:39:55",NULL,NULL,NULL,"65"
"85980","59411","47529","7075","232240","Processing","2020-07-29 06:29:58",NULL,NULL,NULL,"65"
"86152","59532","47626","3064","232728","Processing","2020-12-19 05:12:15",NULL,NULL,NULL,"65"
"86867","60029","48026","8635","234668","Processing","2022-02-20 00:16:52",NULL,NULL,NULL,"65"
"88379","61074","48903","27452","238754","Processing","2022-02-27 03:05:53",NULL,NULL,NULL,"65"
"89028","61532","49263","28300","240519","Processing","2022-03-03 11:08:03",NULL,NULL,NULL,"65"
"89050","61546","49268","27929","240572","Processing","2019-11-22 11:21:53",NULL,NULL,NULL,"65"
"89289","61716","49415","27770","241213","Processing","2022-04-18 04:21:21",NULL,NULL,NULL,"65"
"89932","62161","49758","27511","242928","Processing","2022-03-25 11:23:05",NULL,NULL,NULL,"65"
"90340","62444","49992","22580","244049","Processing","2022-05-19 22:04:17",NULL,NULL,NULL,"65"
"91449","63188","50593","2169","247027","Processing","2022-08-09 16:13:23",NULL,NULL,NULL,"65"
"92046","63602","50920","22164","248617","Processing","2022-04-27 13:33:10",NULL,NULL,NULL,"65"
"93393","64541","51643","10525","252233","Processing","2022-03-06 08:58:26",NULL,NULL,NULL,"65"
"93569","64647","51723","26576","252711","Processing","2021-12-22 10:35:57",NULL,NULL,NULL,"65"
"94337","65174","52141","3008","254822","Processing","2022-06-14 03:28:16",NULL,NULL,NULL,"65"
"95084","65709","52567","26976","256842","Processing","2022-07-06 03:34:40",NULL,NULL,NULL,"65"
"95107","65726","52581","10481","256906","Processing","2020-09-15 10:42:20",NULL,NULL,NULL,"65"
"95308","65875","52690","27770","257445","Processing","2022-06-04 05:24:56",NULL,NULL,NULL,"65"
"96061","66395","53084","21767","259485","Processing","2022-07-26 08:22:28",NULL,NULL,NULL,"65"
"97064","67075","53593","27875","262184","Processing","2022-04-21 00:23:31",NULL,NULL,NULL,"65"
"98821","68281","54592","24394","266946","Processing","2022-08-16 02:35:33",NULL,NULL,NULL,"65"
"99976","69108","55259","14422","270029","Processing","2022-08-22 08:01:51",NULL,NULL,NULL,"65"
"100139","69207","55339","18783","270461","Processing","2021-03-27 14:28:01",NULL,NULL,NULL,"65"
"100722","69601","55662","22207","272030","Processing","2020-02-29 13:04:22",NULL,NULL,NULL,"65"
"101394","70067","56013","17379","273841","Processing","2022-03-22 10:33:49",NULL,NULL,NULL,"65"
"102098","70552","56406","1232","275751","Processing","2020-11-13 13:40:26",NULL,NULL,NULL,"65"
"102833","71049","56792","17379","277756","Processing","2022-07-18 04:52:29",NULL,NULL,NULL,"65"
"104849","72448","57922","22208","283213","Processing","2022-05-04 01:02:05",NULL,NULL,NULL,"65"
"106459","73569","58831","21701","287555","Processing","2021-01-29 09:38:07",NULL,NULL,NULL,"65"
"106930","73887","59083","27442","288817","Processing","2022-05-31 17:37:50",NULL,NULL,NULL,"65"
"107436","74226","59346","10481","290188","Processing","2022-07-25 04:49:42",NULL,NULL,NULL,"65"
"107823","74488","59553","10068","291240","Processing","2022-02-08 07:31:07",NULL,NULL,NULL,"65"
"107926","74561","59607","21865","291535","Processing","2021-01-01 01:47:59",NULL,NULL,NULL,"65"
"108167","74726","59755","22259","292203","Processing","2020-12-12 14:16:20",NULL,NULL,NULL,"65"
"108599","75026","59989","20906","293361","Processing","2022-08-09 07:56:08",NULL,NULL,NULL,"65"
"110238","76154","60897","10045","297737","Processing","2022-06-01 02:06:16",NULL,NULL,NULL,"65"
"110393","76255","60982","7051","298141","Processing","2022-07-17 23:11:41",NULL,NULL,NULL,"65"
"113904","78677","62920","17263","307643","Processing","2022-09-04 13:49:09.502364",NULL,NULL,NULL,"65"
"113917","78686","62929","17076","307675","Processing","2021-12-09 10:12:43",NULL,NULL,NULL,"65"
"114660","79195","63348","16821","309682","Processing","2022-07-18 06:20:44",NULL,NULL,NULL,"65"
"115925","80054","64074","21592","313076","Processing","2022-06-01 09:08:39",NULL,NULL,NULL,"65"
"116371","80360","64323","21704","314298","Processing","2022-07-20 07:26:31",NULL,NULL,NULL,"65"
"116385","80370","64337","22426","314333","Processing","2020-12-30 22:59:06",NULL,NULL,NULL,"65"
"117341","80996","64866","22426","316866","Processing","2021-07-30 00:00:50",NULL,NULL,NULL,"65"
"117400","81037","64898","23265","317023","Processing","2020-11-19 05:36:33",NULL,NULL,NULL,"65"
"119090","82208","65819","18927","321542","Processing","2021-07-15 08:14:36",NULL,NULL,NULL,"65"
"119212","82292","65886","23455","321875","Processing","2022-08-27 16:47:57",NULL,NULL,NULL,"65"
"120211","82971","66429","17263","324561","Processing","2021-05-29 14:35:09",NULL,NULL,NULL,"65"
"120529","83185","66608","27881","325453","Processing","2022-03-10 06:33:37",NULL,NULL,NULL,"65"
"121041","83533","66889","27636","326822","Processing","2019-08-13 23:19:34",NULL,NULL,NULL,"65"
"121251","83678","67002","18783","327401","Processing","2020-03-26 06:27:12",NULL,NULL,NULL,"65"
"121260","83683","67006","18548","327424","Processing","2021-06-26 10:54:48",NULL,NULL,NULL,"65"
"121304","83716","67028","1845","327537","Processing","2020-04-09 01:23:44",NULL,NULL,NULL,"65"
"121567","83892","67158","12718","328234","Processing","2022-09-05 17:01:46",NULL,NULL,NULL,"65"
"122527","84535","67666","23265","330833","Processing","2020-11-02 08:53:12",NULL,NULL,NULL,"65"
"122645","84612","67727","11989","331156","Processing","2020-09-27 03:05:50",NULL,NULL,NULL,"65"
"122952","84820","67883","28216","331999","Processing","2022-08-30 09:33:18",NULL,NULL,NULL,"65"
"123242","85026","68036","27857","332760","Processing","2019-05-08 21:54:19",NULL,NULL,NULL,"65"
"124404","85820","68686","16821","335834","Processing","2020-03-18 03:21:01",NULL,NULL,NULL,"65"
"124873","86149","68938","27684","337130","Processing","2019-11-21 06:46:22",NULL,NULL,NULL,"65"
"126659","87358","69919","27681","341988","Processing","2021-10-01 05:26:14",NULL,NULL,NULL,"65"
"128174","88394","70799","28162","346081","Processing","2022-06-13 09:23:00",NULL,NULL,NULL,"65"
"128779","88814","71142","12013","347715","Processing","2022-08-18 05:00:03",NULL,NULL,NULL,"65"
"130727","90179","72218","12802","352976","Processing","2019-11-11 07:59:23",NULL,NULL,NULL,"65"
"131539","90731","72688","27566","355150","Processing","2020-06-09 04:33:34",NULL,NULL,NULL,"65"
"131676","90832","72756","26377","355529","Processing","2022-05-04 05:50:27",NULL,NULL,NULL,"65"
"132387","91325","73131","27857","357466","Processing","2020-12-01 16:01:38",NULL,NULL,NULL,"65"
"133779","92304","73937","12802","361243","Processing","2021-04-23 14:20:31",NULL,NULL,NULL,"65"
"135099","93206","74669","6675","364829","Processing","2022-09-03 15:17:15.66903",NULL,NULL,NULL,"65"
"136445","94165","75482","22838","368432","Processing","2022-06-01 02:41:36",NULL,NULL,NULL,"65"
"137117","94626","75841","23225","370253","Processing","2020-08-13 10:12:59",NULL,NULL,NULL,"65"
"137451","94840","76017","17432","371136","Processing","2022-02-19 15:32:31",NULL,NULL,NULL,"65"
"138952","95886","76887","27647","375219","Processing","2022-05-09 13:59:25",NULL,NULL,NULL,"65"
"140665","97030","77816","8635","379802","Processing","2022-07-05 05:28:24",NULL,NULL,NULL,"65"
"145070","100100","80272","22426","391709","Processing","2022-07-06 09:26:20",NULL,NULL,NULL,"65"
"147341","101659","81532","1232","397835","Processing","2022-01-19 13:59:28",NULL,NULL,NULL,"65"
"148312","102351","82098","21200","400474","Processing","2022-01-21 00:41:35",NULL,NULL,NULL,"65"
"149147","102931","82562","27401","402754","Processing","2022-02-16 15:43:43",NULL,NULL,NULL,"65"
"150273","103693","83179","27681","405854","Processing","2020-08-12 16:13:33",NULL,NULL,NULL,"65"
"150415","103791","83261","22608","406246","Processing","2021-12-28 14:22:52",NULL,NULL,NULL,"65"
"152892","105486","84627","28601","412887","Processing","2021-06-24 12:46:15",NULL,NULL,NULL,"65"
"156108","107688","86388","27684","421487","Processing","2022-05-11 05:25:19",NULL,NULL,NULL,"65"
"157010","108297","86851","27929","423933","Processing","2022-03-15 12:16:15",NULL,NULL,NULL,"65"
"157496","108627","87111","15952","425246","Processing","2021-11-02 03:17:04",NULL,NULL,NULL,"65"
"157722","108779","87239","27805","425854","Processing","2022-09-04 08:31:00.190641",NULL,NULL,NULL,"65"
"157897","108910","87355","20906","426327","Processing","2022-09-04 07:13:30",NULL,NULL,NULL,"65"
"159497","110030","88239","2537","430640","Processing","2022-05-09 03:48:51",NULL,NULL,NULL,"65"
"159530","110052","88255","6675","430723","Processing","2021-12-06 21:19:50",NULL,NULL,NULL,"65"
"159602","110098","88290","27594","430931","Processing","2021-12-23 06:04:46",NULL,NULL,NULL,"65"
"161259","111235","89180","22995","435390","Processing","2021-10-24 07:04:19",NULL,NULL,NULL,"65"
"161394","111328","89263","2105","435758","Processing","2022-05-02 23:45:07",NULL,NULL,NULL,"65"
"162074","111769","89600","8557","437623","Processing","2022-03-14 15:43:49",NULL,NULL,NULL,"65"
"163184","112552","90253","3008","440635","Processing","2022-09-03 02:13:53.552716",NULL,NULL,NULL,"65"
"163361","112681","90353","17814","441108","Processing","2020-12-17 03:00:22",NULL,NULL,NULL,"65"
"163497","112779","90432","12013","441478","Processing","2022-02-03 01:34:19",NULL,NULL,NULL,"65"
"163517","112793","90439","8615","441533","Processing","2021-08-26 07:00:39",NULL,NULL,NULL,"65"
"165355","114039","91428","18548","446597","Processing","2020-03-02 11:38:42",NULL,NULL,NULL,"65"
"165480","114127","91492","26702","446927","Processing","2022-06-02 07:11:50",NULL,NULL,NULL,"65"
"165650","114247","91595","27881","447390","Processing","2021-10-07 04:28:49",NULL,NULL,NULL,"65"
"165728","114298","91628","503","447598","Processing","2022-02-04 15:10:28",NULL,NULL,NULL,"65"
"165860","114389","91699","27933","447962","Processing","2022-06-20 12:11:07",NULL,NULL,NULL,"65"
"165976","114468","91763","18806","448278","Processing","2022-01-17 07:35:31",NULL,NULL,NULL,"65"
"166368","114731","91976","26078","449336","Processing","2020-07-21 21:45:48",NULL,NULL,NULL,"65"
"167630","115597","92653","3790","452704","Processing","2022-05-14 17:13:04",NULL,NULL,NULL,"65"
"169129","116648","93524","22608","456727","Processing","2022-03-13 03:57:28",NULL,NULL,NULL,"65"
"169395","116826","93661","22441","457438","Processing","2019-11-16 00:56:51",NULL,NULL,NULL,"65"
"169406","116835","93667","23576","457465","Processing","2020-03-25 09:47:26",NULL,NULL,NULL,"65"
"169458","116870","93696","27583","457606","Processing","2022-02-20 09:24:11",NULL,NULL,NULL,"65"
"169479","116882","93708","14422","457656","Processing","2022-05-13 09:52:58",NULL,NULL,NULL,"65"
"169705","117026","93835","21865","458273","Processing","2021-09-07 08:07:29",NULL,NULL,NULL,"65"
"170106","117294","94060","18091","459371","Processing","2022-02-24 07:10:04",NULL,NULL,NULL,"65"
"170405","117492","94233","22755","460191","Processing","2019-10-18 01:57:42",NULL,NULL,NULL,"65"
"171606","118324","94891","2537","463454","Processing","2022-07-12 22:47:30",NULL,NULL,NULL,"65"
"173411","119602","95892","28073","468330","Processing","2022-08-02 15:42:43",NULL,NULL,NULL,"65"
"173478","119648","95934","23225","468493","Processing","2019-11-28 02:20:46",NULL,NULL,NULL,"65"
"173830","119897","96143","24394","469419","Processing","2022-05-11 00:35:44",NULL,NULL,NULL,"65"
"175942","121344","97314","10053","475156","Processing","2022-08-30 12:05:42",NULL,NULL,NULL,"65"
"176509","121729","97629","12802","476714","Processing","2022-08-20 00:57:40",NULL,NULL,NULL,"65"
"177706","122561","98297","29058","479928","Processing","2020-12-04 07:56:55",NULL,NULL,NULL,"65"
"177816","122641","98376","10525","480221","Processing","2021-11-26 22:03:28",NULL,NULL,NULL,"65"
"178703","123261","98866","10390","482596","Processing","2020-07-09 23:31:18",NULL,NULL,NULL,"65"
"179096","123522","99080","22983","483649","Processing","2021-09-21 17:20:55",NULL,NULL,NULL,"65"
"179143","123556","99110","7051","483779","Processing","2021-04-26 02:31:07",NULL,NULL,NULL,"65"
"180183","124265","99663","28851","486576","Processing","2021-11-22 09:11:59",NULL,NULL,NULL,"65"
"180540","124503","99835","12802","487530","Processing","2022-06-03 00:14:40",NULL,NULL,NULL,"65"
"1112","771","653","19637","2996","Shipped","2021-12-24 12:44:18","2021-12-26 11:46:00",NULL,NULL,"69"
"1423","987","827","10422","3867","Shipped","2022-02-10 16:26:30","2022-02-08 23:28:00",NULL,NULL,"69"
"1757","1226","987","10551","4755","Shipped","2022-06-26 06:38:42","2022-06-26 16:55:00",NULL,NULL,"69"
"2411","1654","1332","15895","6525","Shipped","2022-03-17 04:32:37","2022-03-14 17:47:00",NULL,NULL,"69"
"2683","1833","1486","17715","7265","Shipped","2020-01-07 10:18:13","2020-01-08 01:35:00",NULL,NULL,"69"
"3110","2110","1695","19637","8408","Shipped","2020-11-01 03:44:52","2020-10-30 04:37:00",NULL,NULL,"69"
"3872","2636","2129","5381","10480","Shipped","2020-08-19 02:28:41","2020-08-21 17:25:00",NULL,NULL,"69"
"5047","3439","2809","19637","13656","Shipped","2022-04-02 15:38:38","2022-04-04 06:42:00",NULL,NULL,"69"
"6423","4382","3555","21552","17385","Shipped","2022-03-16 10:09:32","2022-03-15 09:13:00",NULL,NULL,"69"
"6968","4752","3856","14835","18870","Shipped","2021-06-04 07:36:52","2021-06-02 20:52:00",NULL,NULL,"69"
"7328","5009","4064","11113","19856","Shipped","2022-07-20 03:50:32","2022-07-22 04:24:00",NULL,NULL,"69"
"7814","5355","4335","27027","21199","Shipped","2022-02-14 00:33:35","2022-02-14 14:21:00",NULL,NULL,"69"
"7946","5449","4415","10551","21555","Shipped","2020-10-10 12:12:44","2020-10-08 16:55:00",NULL,NULL,"69"
"8658","5935","4804","3591","23484","Shipped","2022-01-02 05:40:15","2022-01-02 17:31:00",NULL,NULL,"69"
"9299","6378","5171","1002","25214","Shipped","2020-05-03 15:03:52","2020-05-01 23:43:00",NULL,NULL,"69"
"10701","7359","5989","22456","28998","Shipped","2022-01-27 06:09:44","2022-01-27 00:26:00",NULL,NULL,"69"
"11540","7943","6444","10422","31270","Shipped","2021-03-17 11:39:56","2021-03-18 03:56:00",NULL,NULL,"69"
"11553","7949","6449","3725","31304","Shipped","2022-04-17 07:02:38","2022-04-19 18:01:00",NULL,NULL,"69"
"12229","8434","6810","22585","33145","Shipped","2022-05-08 14:44:04","2022-05-09 08:07:00",NULL,NULL,"69"
"12278","8467","6839","21634","33274","Shipped","2021-10-05 00:20:49","2021-10-07 04:21:00",NULL,NULL,"69"
"12323","8494","6863","14798","33402","Shipped","2022-08-07 01:10:40","2022-08-05 06:31:00",NULL,NULL,"69"
"13957","9611","7760","19540","37828","Shipped","2022-06-24 10:31:32","2022-06-22 22:51:00",NULL,NULL,"69"
"14670","10098","8123","9289","39736","Shipped","2022-08-04 01:51:26","2022-08-06 16:52:00",NULL,NULL,"69"
"16502","11349","9126","5771","44670","Shipped","2022-05-28 06:28:22","2022-05-30 03:35:00",NULL,NULL,"69"
"16516","11362","9138","3052","44704","Shipped","2022-09-06 07:39:11.119561","2022-09-05 04:26:49.119561",NULL,NULL,"69"
"18065","12422","9989","27027","48946","Shipped","2020-08-29 06:14:33","2020-08-31 22:45:00",NULL,NULL,"69"
"19372","13314","10679","36","52417","Shipped","2021-08-24 04:07:47","2021-08-24 10:45:00",NULL,NULL,"69"
"19741","13578","10883","11897","53415","Shipped","2022-04-07 04:33:02","2022-04-07 13:44:00",NULL,NULL,"69"
"20068","13800","11058","24845","54308","Shipped","2022-03-24 11:53:24","2022-03-27 06:37:00",NULL,NULL,"69"
"20601","14171","11351","22577","55771","Shipped","2022-02-24 22:20:41","2022-02-26 14:04:00",NULL,NULL,"69"
"21197","14570","11640","20986","57337","Shipped","2021-01-16 03:41:45","2021-01-19 00:25:00",NULL,NULL,"69"
"23538","16200","12958","16682","63617","Shipped","2020-04-14 21:55:39","2020-04-14 05:44:00",NULL,NULL,"69"
"24509","16862","13475","19200","66240","Shipped","2021-02-07 05:18:44","2021-02-10 01:50:00",NULL,NULL,"69"
"24620","16943","13528","18737","66538","Shipped","2022-05-04 15:35:08","2022-05-07 10:30:00",NULL,NULL,"69"
"24688","16995","13569","28033","66727","Shipped","2020-12-04 09:22:30","2020-12-06 15:34:00",NULL,NULL,"69"
"26078","17962","14349","36","70482","Shipped","2022-08-24 15:40:09","2022-08-22 23:33:00",NULL,NULL,"69"
"27526","18958","15168","22585","74408","Shipped","2020-10-15 13:58:32","2020-10-12 20:10:00",NULL,NULL,"69"
"27811","19161","15329","17270","75188","Shipped","2022-08-20 14:05:20","2022-08-19 00:24:00",NULL,NULL,"69"
"29040","19992","15963","8062","78515","Shipped","2020-08-21 15:57:17","2020-08-19 23:13:00",NULL,NULL,"69"
"30559","21049","16853","11339","82633","Shipped","2022-03-16 14:26:57","2022-03-16 00:31:00",NULL,NULL,"69"
"32998","22719","18143","17270","89150","Shipped","2022-06-10 17:54:12","2022-06-10 11:26:00",NULL,NULL,"69"
"33194","22851","18237","23469","89664","Shipped","2022-04-06 11:31:10","2022-04-09 06:20:00",NULL,NULL,"69"
"33301","22924","18292","3969","89956","Shipped","2021-03-13 23:33:26","2021-03-14 12:56:00",NULL,NULL,"69"
"33596","23127","18465","11739","90758","Shipped","2021-11-28 14:11:19","2021-11-26 04:48:00",NULL,NULL,"69"
"34109","23488","18748","21073","92156","Shipped","2020-08-26 00:02:30","2020-08-28 04:48:00",NULL,NULL,"69"
"34352","23644","18860","14471","92803","Shipped","2022-08-19 16:36:38","2022-08-21 05:25:00",NULL,NULL,"69"
"34444","23712","18926","14471","93045","Shipped","2021-06-10 02:43:30","2021-06-13 04:11:00",NULL,NULL,"69"
"34534","23779","18978","4707","93291","Shipped","2021-09-20 02:24:22","2021-09-20 15:18:00",NULL,NULL,"69"
"34757","23921","19100","13149","93888","Shipped","2022-08-13 12:54:55","2022-08-15 13:12:00",NULL,NULL,"69"
"34947","24059","19209","26705","94408","Shipped","2022-09-05 12:22:08","2022-09-06 02:57:00",NULL,NULL,"69"
"35391","24358","19453","3725","95599","Shipped","2022-02-06 15:38:29","2022-02-06 08:33:00",NULL,NULL,"69"
"35692","24562","19630","12050","96385","Shipped","2020-11-14 23:06:07","2020-11-16 23:05:00",NULL,NULL,"69"
"36590","25182","20130","12124","98784","Shipped","2020-11-26 10:46:32","2020-11-27 18:08:00",NULL,NULL,"69"
"36887","25388","20301","10058","99594","Shipped","2021-02-19 08:35:29","2021-02-20 12:00:00",NULL,NULL,"69"
"37783","26009","20784","4251","102003","Shipped","2022-08-28 04:18:54","2022-08-29 03:54:00",NULL,NULL,"69"
"39674","27320","21818","27788","107096","Shipped","2020-06-01 02:24:10","2020-06-03 06:00:00",NULL,NULL,"69"
"41634","28633","22836","16697","112385","Shipped","2020-10-26 16:37:01","2020-10-28 02:03:00",NULL,NULL,"69"
"42381","29158","23252","22585","114433","Shipped","2021-01-14 04:35:10","2021-01-14 14:02:00",NULL,NULL,"69"
"43856","30167","24046","23469","118442","Shipped","2019-07-28 14:53:01","2019-07-29 11:59:00",NULL,NULL,"69"
"46492","32006","25556","2173","125548","Shipped","2022-05-15 14:10:35","2022-05-17 19:35:00",NULL,NULL,"69"
"46868","32282","25785","6769","126535","Shipped","2021-09-24 16:36:54","2021-09-26 18:49:00",NULL,NULL,"69"
"48365","33329","26621","36","130529","Shipped","2022-08-25 02:05:55","2022-08-24 10:24:00",NULL,NULL,"69"
"49263","33921","27091","3591","132964","Shipped","2021-08-06 21:26:56","2021-08-07 04:45:00",NULL,NULL,"69"
"49340","33979","27136","19637","133173","Shipped","2022-07-30 15:18:31","2022-08-01 03:43:00",NULL,NULL,"69"
"49367","33997","27147","4227","133253","Shipped","2022-05-12 06:51:31","2022-05-10 14:04:00",NULL,NULL,"69"
"49467","34066","27196","25942","133518","Shipped","2021-01-01 09:52:54","2021-01-03 19:15:00",NULL,NULL,"69"
"49880","34352","27424","10021","134657","Shipped","2021-06-03 04:49:26","2021-06-02 15:01:00",NULL,NULL,"69"
"50127","34520","27557","17270","135316","Shipped","2022-08-20 10:02:40","2022-08-21 15:24:00",NULL,NULL,"69"
"51377","35412","28284","18737","138671","Shipped","2022-09-03 22:11:04","2022-09-03 07:24:00",NULL,NULL,"69"
"52519","36192","28910","16697","141729","Shipped","2020-09-14 00:23:34","2020-09-15 03:40:00",NULL,NULL,"69"
"53248","36697","29322","5280","143684","Shipped","2021-01-22 02:07:27","2021-01-22 16:46:00",NULL,NULL,"69"
"53322","36750","29369","23187","143889","Shipped","2022-06-29 12:52:19","2022-07-02 07:00:00",NULL,NULL,"69"
"54244","37383","29871","1909","146375","Shipped","2021-01-20 13:08:12","2021-01-21 23:00:00",NULL,NULL,"69"
"55149","38014","30374","4215","148802","Shipped","2021-03-11 05:10:53","2021-03-11 10:38:00",NULL,NULL,"69"
"55214","38058","30405","23518","148967","Shipped","2022-07-19 13:37:58","2022-07-20 11:28:00",NULL,NULL,"69"
"55243","38079","30424","9289","149049","Shipped","2022-09-02 14:49:51","2022-08-31 20:35:00",NULL,NULL,"69"
"55250","38082","30427","36","149069","Shipped","2022-07-27 00:09:00","2022-07-27 05:53:00",NULL,NULL,"69"
"55866","38507","30769","20593","150762","Shipped","2022-02-15 23:00:47","2022-02-13 04:37:00",NULL,NULL,"69"
"55944","38562","30822","17827","150977","Shipped","2021-10-10 12:48:37","2021-10-10 16:35:00",NULL,NULL,"69"
"56170","38720","30963","2173","151577","Shipped","2022-06-18 02:55:54","2022-06-19 01:49:00",NULL,NULL,"69"
"56753","39120","31280","4233","153182","Shipped","2020-11-09 09:57:35","2020-11-07 14:29:00",NULL,NULL,"69"
"57936","39925","31908","14866","156351","Shipped","2021-09-27 05:56:11","2021-09-29 03:56:00",NULL,NULL,"69"
"59354","40897","32661","22052","160203","Shipped","2021-03-13 22:34:05","2021-03-14 04:03:00",NULL,NULL,"69"
"59987","41326","33014","20593","161953","Shipped","2019-03-19 08:55:48","2019-03-19 09:30:00",NULL,NULL,"69"
"60403","41602","33244","9289","163082","Shipped","2021-10-11 05:14:27","2021-10-12 14:48:00",NULL,NULL,"69"
"60696","41800","33411","21073","163864","Shipped","2022-05-03 01:03:18","2022-04-30 13:21:00",NULL,NULL,"69"
"61012","42017","33585","16857","164709","Shipped","2020-06-13 07:32:11","2020-06-14 02:41:00",NULL,NULL,"69"
"61636","42446","33937","680","166386","Shipped","2022-08-26 08:41:38","2022-08-26 11:58:00",NULL,NULL,"69"
"61709","42497","33981","9749","166585","Shipped","2022-06-09 12:03:24","2022-06-10 05:10:00",NULL,NULL,"69"
"64335","44276","35416","22585","173691","Shipped","2019-06-07 05:56:39","2019-06-08 20:44:00",NULL,NULL,"69"
"64732","44556","35648","24624","174779","Shipped","2022-09-03 09:56:33","2022-08-31 11:09:00",NULL,NULL,"69"
"66649","45852","36672","23916","179953","Shipped","2021-04-03 14:13:01","2021-03-31 05:55:00",NULL,NULL,"69"
"66924","46041","36820","23323","180694","Shipped","2022-01-16 21:09:22","2022-01-16 10:41:00",NULL,NULL,"69"
"67426","46392","37101","28035","182071","Shipped","2022-03-22 00:00:53","2022-03-24 03:51:00",NULL,NULL,"69"
"67615","46521","37214","23518","182570","Shipped","2021-11-28 09:09:34","2021-12-01 00:04:00",NULL,NULL,"69"
"67989","46780","37422","28221","183573","Shipped","2020-12-16 11:40:08","2020-12-19 02:12:00",NULL,NULL,"69"
"68492","47140","37705","5280","184898","Shipped","2022-01-23 15:00:51","2022-01-23 02:43:00",NULL,NULL,"69"
"68602","47218","37765","10422","185193","Shipped","2022-06-28 05:58:23","2022-07-01 05:32:00",NULL,NULL,"69"
"68988","47487","37980","15127","186237","Shipped","2022-04-20 09:18:02","2022-04-20 19:14:00",NULL,NULL,"69"
"69417","47800","38219","23518","187369","Shipped","2021-11-24 04:56:10","2021-11-24 13:07:00",NULL,NULL,"69"
"70223","48356","38666","24845","189581","Shipped","2022-01-26 13:00:29","2022-01-27 22:35:00",NULL,NULL,"69"
"72244","49755","39820","27788","195032","Shipped","2021-09-10 03:12:07","2021-09-07 04:02:00",NULL,NULL,"69"
"72371","49843","39902","28221","195388","Shipped","2022-02-21 07:26:37","2022-02-22 00:44:00",NULL,NULL,"69"
"74132","51064","40869","4217","200167","Shipped","2022-08-05 14:01:17","2022-08-03 16:56:00",NULL,NULL,"69"
"74355","51227","40988","2180","200766","Shipped","2022-03-03 12:44:50","2022-03-03 14:26:00",NULL,NULL,"69"
"74653","51443","41160","10159","201559","Shipped","2021-10-28 03:15:21","2021-10-27 10:48:00",NULL,NULL,"69"
"76920","53040","42438","5280","207718","Shipped","2020-11-22 03:42:35","2020-11-18 07:21:00",NULL,NULL,"69"
"77211","53234","42601","25942","208464","Shipped","2022-08-18 10:53:16","2022-08-21 03:42:00",NULL,NULL,"69"
"77344","53332","42669","11896","208800","Shipped","2021-11-01 23:01:30","2021-11-04 17:40:00",NULL,NULL,"69"
"77897","53706","42966","5280","210301","Shipped","2022-07-10 15:10:27","2022-07-12 11:40:00",NULL,NULL,"69"
"78450","54087","43279","2532","211779","Shipped","2022-08-21 18:22:08","2022-08-23 09:05:00",NULL,NULL,"69"
"78803","54335","43487","17270","212741","Shipped","2022-08-29 00:15:32","2022-08-29 15:12:00",NULL,NULL,"69"
"80148","55278","44209","11113","216406","Shipped","2022-04-07 04:21:21","2022-04-09 06:29:00",NULL,NULL,"69"
"80206","55321","44238","4261","216566","Shipped","2021-09-29 04:38:57","2021-09-30 16:16:00",NULL,NULL,"69"
"85153","58847","47050","17976","230009","Shipped","2021-01-28 14:07:38","2021-01-30 01:53:00",NULL,NULL,"69"
"85430","59032","47195","12030","230759","Shipped","2020-02-15 03:40:52","2020-02-15 10:17:00",NULL,NULL,"69"
"87459","60434","48382","9998","236271","Shipped","2022-07-21 08:22:23","2022-07-18 23:07:00",NULL,NULL,"69"
"87702","60610","48532","28033","236927","Shipped","2020-10-11 15:45:51","2020-10-12 02:23:00",NULL,NULL,"69"
"88641","61275","49070","15127","239475","Shipped","2021-09-13 13:00:18","2021-09-11 09:26:00",NULL,NULL,"69"
"89068","61559","49282","4264","240619","Shipped","2021-01-21 23:45:28","2021-01-24 07:06:00",NULL,NULL,"69"
"89756","62046","49665","22574","242474","Shipped","2019-08-18 09:38:30","2019-08-18 13:34:00",NULL,NULL,"69"
"89803","62076","49695","28035","242594","Shipped","2021-02-20 22:03:34","2021-02-22 07:36:00",NULL,NULL,"69"
"90131","62295","49871","9749","243497","Shipped","2022-08-17 04:40:31","2022-08-18 13:46:00",NULL,NULL,"69"
"90481","62541","50065","23178","244429","Shipped","2021-08-29 08:23:36","2021-08-29 09:46:00",NULL,NULL,"69"
"91513","63235","50630","10021","247193","Shipped","2022-07-22 12:11:52","2022-07-22 12:19:00",NULL,NULL,"69"
"91653","63328","50709","21634","247576","Shipped","2020-09-03 23:44:10","2020-09-03 21:46:00",NULL,NULL,"69"
"91783","63418","50774","5683","247919","Shipped","2020-12-19 04:25:44","2020-12-21 16:00:00",NULL,NULL,"69"
"92500","63912","51168","5280","249840","Shipped","2021-10-28 00:58:40","2021-10-30 11:10:00",NULL,NULL,"69"
"93151","64370","51506","18737","251589","Shipped","2021-09-16 07:47:57","2021-09-15 03:12:00",NULL,NULL,"69"
"93653","64712","51781","10613","252946","Shipped","2022-04-30 07:35:45","2022-04-30 20:00:00",NULL,NULL,"69"
"96321","66564","53213","14798","260182","Shipped","2021-02-21 06:33:50","2021-02-21 10:51:00",NULL,NULL,"69"
"96362","66590","53232","11739","260292","Shipped","2021-09-17 07:22:41","2021-09-16 03:37:00",NULL,NULL,"69"
"97014","67040","53569","22585","262044","Shipped","2021-10-29 00:58:39","2021-10-30 08:49:00",NULL,NULL,"69"
"97918","67669","54071","6769","264518","Shipped","2021-04-23 00:10:26","2021-04-25 10:14:00",NULL,NULL,"69"
"98443","68019","54371","14332","265934","Shipped","2022-05-19 03:25:56","2022-05-17 12:05:00",NULL,NULL,"69"
"99046","68433","54717","11739","267557","Shipped","2022-02-12 09:08:04","2022-02-11 07:43:00",NULL,NULL,"69"
"99064","68446","54725","5621","267604","Shipped","2022-05-16 06:16:47","2022-05-16 14:12:00",NULL,NULL,"69"
"99528","68781","54996","5621","268836","Shipped","2022-05-17 11:49:20","2022-05-19 08:36:00",NULL,NULL,"69"
"101235","69955","55936","26705","273397","Shipped","2020-09-11 01:28:13","2020-09-12 20:28:00",NULL,NULL,"69"
"102021","70502","56364","15127","275539","Shipped","2022-01-03 08:28:36","2022-01-01 08:46:00",NULL,NULL,"69"
"102278","70675","56509","10422","276258","Shipped","2021-02-16 13:24:35","2021-02-16 06:40:00",NULL,NULL,"69"
"102364","70731","56554","17976","276499","Shipped","2022-08-30 06:47:20","2022-08-31 00:24:00",NULL,NULL,"69"
"102400","70755","56570","11158","276605","Shipped","2022-01-02 16:58:53","2022-01-01 02:51:00",NULL,NULL,"69"
"102766","70999","56751","10422","277577","Shipped","2020-12-31 08:52:07","2021-01-03 07:26:00",NULL,NULL,"69"
"104716","72357","57850","17816","282853","Shipped","2021-08-20 02:24:32","2021-08-19 17:30:00",NULL,NULL,"69"
"104869","72462","57932","12030","283272","Shipped","2021-09-05 05:55:18","2021-09-05 12:32:00",NULL,NULL,"69"
"107840","74500","59561","14332","291295","Shipped","2022-08-20 14:07:44","2022-08-21 21:52:00",NULL,NULL,"69"
"109365","75551","60397","22585","295414","Shipped","2021-08-11 01:54:48","2021-08-10 05:34:00",NULL,NULL,"69"
"111036","76711","61366","6034","299878","Shipped","2022-06-15 14:43:19","2022-06-16 21:51:00",NULL,NULL,"69"
"111066","76733","61379","23916","299956","Shipped","2022-07-11 13:13:37","2022-07-10 13:39:00",NULL,NULL,"69"
"111450","76990","61603","26705","300994","Shipped","2022-02-07 07:52:06","2022-02-08 15:48:00",NULL,NULL,"69"
"111944","77321","61867","14353","302337","Shipped","2021-08-05 08:24:59","2021-08-07 12:09:00",NULL,NULL,"69"
"112848","77938","62339","6769","304801","Shipped","2022-06-30 02:05:39","2022-06-28 06:51:00",NULL,NULL,"69"
"113628","78501","62778","9992","306893","Shipped","2022-08-13 06:42:21","2022-08-13 02:44:00",NULL,NULL,"69"
"114299","78946","63148","9813","308705","Shipped","2022-06-25 15:50:58","2022-06-25 20:15:00",NULL,NULL,"69"
"114553","79120","63285","23788","309393","Shipped","2022-07-19 01:08:33","2022-07-18 13:18:00",NULL,NULL,"69"
"118267","81641","65372","27788","319344","Shipped","2022-05-25 06:39:26","2022-05-27 12:05:00",NULL,NULL,"69"
"118348","81695","65416","23187","319559","Shipped","2021-02-13 13:53:20","2021-02-13 17:15:00",NULL,NULL,"69"
"119121","82230","65844","14389","321624","Shipped","2021-07-01 16:12:31","2021-06-30 09:18:00",NULL,NULL,"69"
"119585","82550","66095","27654","322866","Shipped","2019-08-22 13:01:36","2019-08-22 08:51:00",NULL,NULL,"69"
"120703","83298","66696","2680","325912","Shipped","2021-07-29 02:30:01","2021-08-01 01:24:00",NULL,NULL,"69"
"121384","83776","67073","22577","327745","Shipped","2022-08-14 22:30:10","2022-08-16 23:14:00",NULL,NULL,"69"
"123591","85263","68239","22585","333679","Shipped","2021-04-18 04:05:38","2021-04-19 12:27:00",NULL,NULL,"69"
"123808","85413","68353","5145","334255","Shipped","2022-01-18 22:59:37","2022-01-19 15:54:00",NULL,NULL,"69"
"125300","86433","69168","14866","338295","Shipped","2022-08-30 22:01:42","2022-09-01 12:27:00",NULL,NULL,"69"
"125791","86760","69423","2532","339596","Shipped","2021-04-06 00:33:02","2021-04-08 11:45:00",NULL,NULL,"69"
"126256","87084","69695","21073","340890","Shipped","2022-08-08 10:04:32","2022-08-08 05:53:00",NULL,NULL,"69"
"127410","87858","70341","3052","343974","Shipped","2021-04-29 14:10:40","2021-04-30 20:27:00",NULL,NULL,"69"
"127888","88202","70634","4227","345294","Shipped","2022-04-11 07:52:19","2022-04-13 10:28:00",NULL,NULL,"69"
"129108","89036","71329","15895","348619","Shipped","2021-10-01 05:52:38","2021-10-01 21:42:00",NULL,NULL,"69"
"132086","91124","72981","19200","356631","Shipped","2022-04-19 23:57:21","2022-04-19 18:26:00",NULL,NULL,"69"
"132519","91410","73203","9749","357829","Shipped","2021-01-05 00:23:45","2021-01-06 01:36:00",NULL,NULL,"69"
"133288","91969","73662","1002","359903","Shipped","2022-03-16 09:02:08","2022-03-13 01:45:00",NULL,NULL,"69"
"133339","92005","73693","14375","360044","Shipped","2022-08-20 08:15:08","2022-08-19 11:34:00",NULL,NULL,"69"
"133612","92186","73830","1002","360787","Shipped","2021-04-13 03:34:54","2021-04-14 17:37:00",NULL,NULL,"69"
"133879","92369","73990","4251","361507","Shipped","2022-08-30 22:50:25","2022-08-31 17:45:00",NULL,NULL,"69"
"134877","93059","74548","23916","364226","Shipped","2021-11-24 16:45:04","2021-11-26 10:52:00",NULL,NULL,"69"
"134919","93087","74580","17270","364341","Shipped","2022-01-02 01:13:34","2022-01-02 21:44:00",NULL,NULL,"69"
"135207","93284","74732","15669","365115","Shipped","2022-08-19 02:09:58","2022-08-16 20:16:00",NULL,NULL,"69"
"135409","93435","74858","4215","365659","Shipped","2022-06-03 23:11:51","2022-06-05 01:08:00",NULL,NULL,"69"
"136070","93898","75257","10613","367445","Shipped","2021-11-28 13:42:48","2021-11-26 09:08:00",NULL,NULL,"69"
"136430","94154","75472","1002","368394","Shipped","2022-02-12 00:43:39","2022-02-12 20:05:00",NULL,NULL,"69"
"137116","94625","75840","22078","370249","Shipped","2022-08-08 22:38:53","2022-08-11 03:28:00",NULL,NULL,"69"
"137334","94765","75965","9979","370824","Shipped","2022-04-11 02:32:15","2022-04-11 03:29:00",NULL,NULL,"69"
"140060","96621","77481","28410","378192","Shipped","2020-02-06 08:47:21","2020-02-03 20:54:00",NULL,NULL,"69"
"140765","97100","77869","6034","380071","Shipped","2022-07-23 02:25:56","2022-07-22 17:15:00",NULL,NULL,"69"
"140998","97256","77999","2388","380692","Shipped","2019-06-21 17:56:11","2019-06-22 23:45:00",NULL,NULL,"69"
"141530","97622","78284","5381","382150","Shipped","2022-05-03 22:23:30","2022-05-04 11:59:00",NULL,NULL,"69"
"141842","97838","78441","3969","382974","Shipped","2022-02-07 07:39:49","2022-02-05 20:52:00",NULL,NULL,"69"
"142125","98039","78612","2171","383747","Shipped","2022-08-05 12:24:44","2022-08-05 12:29:00",NULL,NULL,"69"
"143028","98690","79121","9289","386180","Shipped","2021-02-10 09:04:41","2021-02-09 03:17:00",NULL,NULL,"69"
"143932","99317","79635","5280","388610","Shipped","2021-02-10 12:54:43","2021-02-13 01:31:00",NULL,NULL,"69"
"143998","99361","79666","25942","388799","Shipped","2020-02-04 14:31:02","2020-02-01 00:25:00",NULL,NULL,"69"
"144246","99522","79795","9749","389469","Shipped","2022-07-15 05:37:38","2022-07-17 19:14:00",NULL,NULL,"69"
"144861","99955","80155","21552","391134","Shipped","2020-05-23 08:23:58","2020-05-24 16:46:00",NULL,NULL,"69"
"146676","101189","81188","5145","396063","Shipped","2020-11-21 07:53:11","2020-11-18 22:19:00",NULL,NULL,"69"
"146876","101327","81292","26705","396601","Shipped","2021-07-09 07:31:56","2021-07-11 05:39:00",NULL,NULL,"69"
"149078","102879","82522","2180","402568","Shipped","2020-12-10 01:24:01","2020-12-12 18:43:00",NULL,NULL,"69"
"149362","103084","82685","13086","403330","Shipped","2021-10-15 21:37:50","2021-10-17 11:30:00",NULL,NULL,"69"
"149829","103402","82940","3802","404609","Shipped","2022-08-29 10:41:32","2022-09-01 11:50:00",NULL,NULL,"69"
"150428","103804","83274","4215","406279","Shipped","2020-09-18 14:49:08","2020-09-18 22:32:00",NULL,NULL,"69"
"150459","103824","83298","12050","406364","Shipped","2021-11-18 07:44:11","2021-11-19 00:42:00",NULL,NULL,"69"
"151402","104461","83814","16857","408897","Shipped","2021-07-04 02:48:50","2021-07-06 16:54:00",NULL,NULL,"69"
"152241","105040","84294","21073","411150","Shipped","2022-03-13 11:14:32","2022-03-12 13:31:00",NULL,NULL,"69"
"152789","105415","84572","11339","412611","Shipped","2022-09-05 04:11:27","2022-09-03 05:37:00",NULL,NULL,"69"
"153122","105636","84757","12703","413517","Shipped","2021-10-15 00:42:03","2021-10-17 11:49:00",NULL,NULL,"69"
"153381","105816","84883","14866","414228","Shipped","2020-12-30 12:54:28","2021-01-01 10:26:00",NULL,NULL,"69"
"153602","105973","85008","9289","414808","Shipped","2022-06-29 00:51:44","2022-06-28 08:19:00",NULL,NULL,"69"
"154275","106449","85382","14471","416596","Shipped","2022-08-22 21:28:38","2022-08-20 22:37:00",NULL,NULL,"69"
"155216","107085","85915","14389","419119","Shipped","2021-09-24 05:29:45","2021-09-25 09:20:00",NULL,NULL,"69"
"155759","107453","86213","23187","420569","Shipped","2022-09-05 16:31:37","2022-09-07 19:44:00",NULL,NULL,"69"
"156544","107978","86603","9749","422673","Shipped","2022-08-03 11:41:07","2022-08-04 09:15:00",NULL,NULL,"69"
"156766","108131","86728","11897","423266","Shipped","2019-10-03 07:11:15","2019-10-03 01:02:00",NULL,NULL,"69"
"156868","108200","86786","3052","423550","Shipped","2021-07-18 04:11:53","2021-07-15 14:48:00",NULL,NULL,"69"
"156906","108228","86802","2388","423650","Shipped","2020-08-12 14:36:45","2020-08-11 04:00:00",NULL,NULL,"69"
"157442","108590","87080","22574","425104","Shipped","2022-07-10 08:10:21","2022-07-11 18:27:00",NULL,NULL,"69"
"157703","108767","87227","10613","425805","Shipped","2021-11-10 09:39:52","2021-11-13 05:53:00",NULL,NULL,"69"
"157830","108859","87309","2680","426150","Shipped","2022-07-18 00:38:16","2022-07-19 17:15:00",NULL,NULL,"69"
"157928","108934","87373","6034","426402","Shipped","2021-02-11 23:50:45","2021-02-14 10:02:00",NULL,NULL,"69"
"159529","110051","88254","14389","430719","Shipped","2020-12-10 12:27:45","2020-12-10 09:33:00",NULL,NULL,"69"
"160315","110598","88681","23323","432862","Shipped","2020-09-02 03:24:33","2020-08-31 13:51:00",NULL,NULL,"69"
"161117","111131","89096","27777","435003","Shipped","2020-08-07 07:40:10","2020-08-08 04:03:00",NULL,NULL,"69"
"161119","111132","89098","23518","435008","Shipped","2021-04-02 16:27:33","2021-04-05 09:18:00",NULL,NULL,"69"
"162576","112133","89891","5145","438992","Shipped","2020-12-03 04:46:41","2020-12-04 03:54:00",NULL,NULL,"69"
"164212","113266","90822","27777","443454","Shipped","2022-01-08 12:45:34","2022-01-10 16:07:00",NULL,NULL,"69"
"164764","113647","91118","14389","444963","Shipped","2022-04-30 12:49:26","2022-05-01 01:19:00",NULL,NULL,"69"
"164890","113719","91170","10247","445312","Shipped","2022-08-18 06:02:43","2022-08-20 08:11:00",NULL,NULL,"69"
"165614","114222","91574","2390","447290","Shipped","2022-03-17 23:42:14","2022-03-17 23:52:00",NULL,NULL,"69"
"167099","115237","92364","28410","451297","Shipped","2022-03-01 02:55:16","2022-02-25 17:13:00",NULL,NULL,"69"
"167377","115428","92521","12050","452033","Shipped","2022-06-21 13:24:17","2022-06-17 22:26:00",NULL,NULL,"69"
"168666","116316","93254","27654","455481","Shipped","2022-08-29 10:06:02","2022-08-30 00:04:00",NULL,NULL,"69"
"169057","116598","93483","19637","456540","Shipped","2022-07-25 14:26:10","2022-07-21 16:50:00",NULL,NULL,"69"
"169242","116721","93586","2390","457029","Shipped","2020-07-25 11:37:24","2020-07-28 08:45:00",NULL,NULL,"69"
"169385","116819","93658","19540","457414","Shipped","2022-08-17 22:06:26","2022-08-14 06:23:00",NULL,NULL,"69"
"172081","118656","95127","20986","464764","Shipped","2020-06-23 12:24:24","2020-06-23 19:22:00",NULL,NULL,"69"
"172765","119146","95511","15895","466610","Shipped","2022-03-08 06:49:11","2022-03-08 20:42:00",NULL,NULL,"69"
"173638","119765","96034","23178","468916","Shipped","2021-07-14 10:40:17","2021-07-13 02:04:00",NULL,NULL,"69"
"174450","120314","96477","9289","471081","Shipped","2020-04-10 22:51:34","2020-04-11 08:28:00",NULL,NULL,"69"
"175411","120969","96983","10613","473724","Shipped","2022-07-24 00:06:21","2022-07-25 09:21:00",NULL,NULL,"69"
"176203","121519","97458","15131","475878","Shipped","2022-08-05 10:59:41","2022-08-06 14:19:00",NULL,NULL,"69"
"176325","121602","97526","2532","476209","Shipped","2022-08-11 04:16:08","2022-08-09 15:08:00",NULL,NULL,"69"
"176451","121690","97600","3410","476547","Shipped","2022-07-08 06:33:44","2022-07-10 05:00:00",NULL,NULL,"69"
"177592","122486","98245","22574","479618","Shipped","2020-12-19 08:37:18","2020-12-19 00:14:00",NULL,NULL,"69"
"178702","123260","98865","5280","482594","Shipped","2021-03-11 07:17:52","2021-03-07 09:46:00",NULL,NULL,"69"
"180013","124146","99571","2390","486121","Shipped","2021-03-16 03:55:38","2021-03-16 04:58:00",NULL,NULL,"69"
"3605","2439","1972","4223","9745","Complete","2022-06-26 08:30:46","2022-06-28 12:21:00","2022-06-29 18:31:00",NULL,"69"
"4165","2832","2268","16118","11287","Complete","2022-05-10 12:43:00","2022-05-09 18:12:00","2022-05-11 12:11:00",NULL,"69"
"4620","3166","2573","2180","12525","Complete","2022-09-03 15:30:22.984219","2022-09-04 12:37:57.984219","2022-09-07 05:56:57.984219",NULL,"69"
"6871","4684","3804","28410","18606","Complete","2021-02-11 06:20:21","2021-02-12 14:58:00","2021-02-17 02:02:00",NULL,"69"
"7586","5194","4214","23788","20561","Complete","2021-12-12 12:38:37","2021-12-14 09:48:00","2021-12-15 11:26:00",NULL,"69"
"10446","7185","5848","19066","28313","Complete","2022-08-01 17:12:16","2022-08-01 06:28:00","2022-08-01 21:44:00",NULL,"69"
"10490","7218","5871","16697","28436","Complete","2020-02-08 05:18:28","2020-02-10 03:03:00","2020-02-13 13:09:00",NULL,"69"
"11499","7914","6418","27027","31155","Complete","2022-01-26 23:57:11","2022-01-29 02:10:00","2022-02-02 12:14:00",NULL,"69"
"11638","8012","6499","36","31534","Complete","2022-05-09 05:18:55","2022-05-10 13:12:00","2022-05-11 18:36:00",NULL,"69"
"11875","8187","6622","17976","32175","Complete","2022-05-17 04:52:22","2022-05-19 17:09:00","2022-05-23 07:45:00",NULL,"69"
"15335","10533","8474","3725","41539","Complete","2021-08-19 10:49:09","2021-08-21 11:10:00","2021-08-22 22:40:00",NULL,"69"
"15715","10778","8659","21552","42554","Complete","2020-08-01 13:38:54","2020-08-03 04:02:00","2020-08-03 18:09:00",NULL,"69"
"16036","11012","8836","21552","43398","Complete","2021-03-22 13:03:27","2021-03-21 13:27:00","2021-03-24 06:49:00",NULL,"69"
"16725","11512","9266","20593","45279","Complete","2022-08-11 05:15:43","2022-08-13 15:09:00","2022-08-15 10:52:00",NULL,"69"
"18636","12806","10271","3802","50453","Complete","2022-08-14 18:35:03","2022-08-16 04:13:00","2022-08-18 15:48:00",NULL,"69"
"18738","12881","10338","22078","50723","Complete","2022-02-22 12:56:59","2022-02-19 21:12:00","2022-02-22 00:55:00",NULL,"69"
"18897","12987","10412","27788","51140","Complete","2021-03-02 09:50:46","2021-03-03 13:59:00","2021-03-07 23:16:00",NULL,"69"
"19306","13266","10639","5683","52242","Complete","2022-05-26 07:00:46","2022-05-24 04:20:00","2022-05-25 00:35:00",NULL,"69"
"19461","13380","10732","19200","52660","Complete","2021-01-25 23:42:55","2021-01-26 22:25:00","2021-01-27 22:55:00",NULL,"69"
"19903","13694","10968","11739","53867","Complete","2022-05-17 01:04:36","2022-05-16 07:15:00","2022-05-17 03:32:00",NULL,"69"
"21908","15065","12033","2180","59213","Complete","2022-08-27 01:28:54","2022-08-23 18:23:00","2022-08-28 01:39:00",NULL,"69"
"22145","15226","12167","5683","59855","Complete","2022-06-20 06:33:47","2022-06-21 14:49:00","2022-06-22 22:28:00",NULL,"69"
"22814","15689","12534","544","61667","Complete","2022-05-06 23:24:12","2022-05-06 12:15:00","2022-05-06 14:16:00",NULL,"69"
"24460","16828","13444","10247","66112","Complete","2022-05-01 00:33:04","2022-05-02 14:46:00","2022-05-05 14:14:00",NULL,"69"
"24947","17185","13732","14471","67436","Complete","2022-04-10 03:00:29","2022-04-06 16:20:00","2022-04-07 16:18:00",NULL,"69"
"27493","18940","15149","10422","74324","Complete","2021-08-22 13:10:03","2021-08-20 09:58:00","2021-08-23 02:25:00",NULL,"69"
"28120","19384","15506","16857","76013","Complete","2022-08-19 11:08:03","2022-08-19 23:23:00","2022-08-22 04:07:00",NULL,"69"
"29271","20151","16109","18737","79125","Complete","2022-02-27 22:48:16","2022-02-28 10:54:00","2022-03-02 05:18:00",NULL,"69"
"29866","20575","16455","9749","80738","Complete","2019-05-25 00:10:58","2019-05-23 14:29:00","2019-05-26 02:22:00",NULL,"69"
"30231","20821","16658","16697","81743","Complete","2022-09-02 07:13:22","2022-09-03 22:53:00","2022-09-05 09:09:00",NULL,"69"
"31134","21420","17144","5280","84164","Complete","2022-02-28 02:28:00","2022-02-28 16:44:00","2022-03-04 03:08:00",NULL,"69"
"31813","21887","17513","4233","85976","Complete","2021-03-02 04:28:20","2021-02-28 10:45:00","2021-03-02 21:27:00",NULL,"69"
"32976","22707","18135","544","89090","Complete","2022-07-12 08:07:59","2022-07-11 00:22:00","2022-07-14 07:10:00",NULL,"69"
"34071","23462","18715","12030","92057","Complete","2021-12-12 05:37:33","2021-12-11 11:43:00","2021-12-12 21:04:00",NULL,"69"
"34204","23551","18798","26705","92410","Complete","2022-09-02 03:25:59.083435","2022-09-03 23:14:17.083435","2022-09-06 12:31:17.083435",NULL,"69"
"34205","23552","18799","2388","92412","Complete","2022-08-10 01:58:54","2022-08-12 15:40:00","2022-08-13 17:15:00",NULL,"69"
"34928","24048","19201","18737","94360","Complete","2022-07-18 12:44:03","2022-07-20 08:00:00","2022-07-24 11:16:00",NULL,"69"
"35722","24580","19650","10551","96456","Complete","2022-08-03 11:05:37","2022-08-01 23:50:00","2022-08-05 15:14:00",NULL,"69"
"37790","26015","20790","22078","102021","Complete","2022-08-19 22:59:05","2022-08-17 03:03:00","2022-08-21 21:39:00",NULL,"69"
"38365","26418","21110","23201","103573","Complete","2021-08-07 07:29:02","2021-08-09 10:44:00","2021-08-13 16:14:00",NULL,"69"
"38725","26678","21325","11504","104558","Complete","2022-08-28 04:12:38","2022-08-28 15:47:00","2022-08-31 23:16:00",NULL,"69"
"39246","27018","21579","17270","105964","Complete","2022-01-05 14:19:03","2022-01-07 12:50:00","2022-01-08 19:36:00",NULL,"69"
"39413","27134","21676","17270","106407","Complete","2021-10-15 02:45:14","2021-10-14 05:08:00","2021-10-15 05:05:00",NULL,"69"
"41462","28517","22746","680","111916","Complete","2022-02-08 07:28:06","2022-02-11 00:45:00","2022-02-11 13:18:00",NULL,"69"
"41881","28814","22991","7123","113064","Complete","2019-07-23 01:34:40","2019-07-21 21:38:00","2019-07-26 20:25:00",NULL,"69"
"42455","29205","23286","23788","114646","Complete","2022-02-06 23:37:20","2022-02-08 16:55:00","2022-02-09 04:22:00",NULL,"69"
"43573","29975","23897","17816","117675","Complete","2022-08-27 22:59:34","2022-08-28 16:35:00","2022-08-29 11:14:00",NULL,"69"
"44215","30424","24280","10159","119419","Complete","2022-09-02 11:31:34","2022-09-03 16:02:00","2022-09-07 07:30:00",NULL,"69"
"44317","30499","24345","6769","119691","Complete","2021-12-13 06:55:54","2021-12-13 11:37:00","2021-12-17 07:53:00",NULL,"69"
"44382","30550","24386","21552","119872","Complete","2022-08-02 22:55:54","2022-08-01 16:18:00","2022-08-04 07:55:00",NULL,"69"
"44956","30949","24709","21634","121413","Complete","2021-08-20 11:36:15","2021-08-21 09:32:00","2021-08-21 13:05:00",NULL,"69"
"45469","31309","24985","1002","122785","Complete","2021-06-26 22:47:17","2021-06-28 21:59:00","2021-07-02 05:04:00",NULL,"69"
"45480","31316","24998","17715","122812","Complete","2022-08-30 08:27:08","2022-08-30 12:26:00","2022-08-30 18:43:00",NULL,"69"
"45634","31420","25077","10021","123223","Complete","2022-08-11 01:31:53","2022-08-09 02:26:00","2022-08-11 17:29:00",NULL,"69"
"46515","32025","25569","14519","125609","Complete","2021-12-16 06:21:35","2021-12-15 05:05:00","2021-12-18 03:36:00",NULL,"69"
"47134","32479","25942","23518","127219","Complete","2022-08-16 03:27:19","2022-08-15 12:55:00","2022-08-18 17:59:00",NULL,"69"
"48370","33333","26625","680","130544","Complete","2022-04-30 09:53:20","2022-05-01 01:31:00","2022-05-02 23:56:00",NULL,"69"
"48417","33367","26645","5621","130667","Complete","2022-08-30 00:18:56","2022-08-30 12:36:00","2022-09-02 16:46:00",NULL,"69"
"49253","33915","27089","11897","132933","Complete","2019-07-27 12:04:49","2019-07-29 13:48:00","2019-08-03 02:22:00",NULL,"69"
"49503","34095","27218","12030","133620","Complete","2019-09-28 12:07:11","2019-09-28 22:56:00","2019-09-30 19:02:00",NULL,"69"
"49696","34235","27332","14866","134154","Complete","2022-09-02 11:18:24.663927","2022-09-05 00:57:02.663927","2022-09-08 21:11:02.663927",NULL,"69"
"49961","34405","27478","6034","134869","Complete","2021-03-11 08:19:22","2021-03-14 00:56:00","2021-03-16 12:33:00",NULL,"69"
"50869","35065","27980","4221","137302","Complete","2019-12-02 11:35:30","2019-11-28 16:32:00","2019-11-30 19:08:00",NULL,"69"
"51228","35313","28192","11339","138271","Complete","2022-04-19 08:25:14","2022-04-19 12:28:00","2022-04-20 01:30:00",NULL,"69"
"51541","35527","28383","4707","139118","Complete","2022-04-10 01:38:48","2022-04-09 03:04:00","2022-04-12 01:34:00",NULL,"69"
"51724","35646","28485","17827","139617","Complete","2022-03-27 08:32:50","2022-03-28 00:04:00","2022-03-31 02:23:00",NULL,"69"
"54985","37912","30284","17976","148374","Complete","2019-10-06 00:30:50","2019-10-07 05:17:00","2019-10-11 19:59:00",NULL,"69"
"55712","38403","30690","17816","150334","Complete","2021-11-01 22:21:38","2021-10-31 18:32:00","2021-11-02 10:33:00",NULL,"69"
"56691","39074","31238","16697","153010","Complete","2021-12-02 11:51:12","2021-12-02 21:25:00","2021-12-04 02:01:00",NULL,"69"
"57165","39399","31496","10247","154292","Complete","2019-09-28 10:03:56","2019-10-01 01:38:00","2019-10-05 19:51:00",NULL,"69"
"58055","40012","31970","22574","156678","Complete","2022-08-24 09:15:25","2022-08-24 21:55:00","2022-08-25 06:51:00",NULL,"69"
"58265","40169","32091","22456","157236","Complete","2022-08-22 09:50:05","2022-08-24 14:40:00","2022-08-27 22:24:00",NULL,"69"
"58443","40286","32175","23788","157737","Complete","2019-12-13 22:37:15","2019-12-14 05:37:00","2019-12-15 16:41:00",NULL,"69"
"58733","40477","32328","22574","158518","Complete","2020-11-29 03:33:08","2020-12-02 00:21:00","2020-12-03 22:57:00",NULL,"69"
"59425","40944","32698","14798","160403","Complete","2021-03-19 11:03:57","2021-03-21 17:19:00","2021-03-22 01:52:00",NULL,"69"
"60842","41909","33495","13086","164260","Complete","2020-06-15 03:55:32","2020-06-17 05:34:00","2020-06-21 05:22:00",NULL,"69"
"61146","42103","33654","24624","165077","Complete","2022-04-07 22:51:17","2022-04-08 11:55:00","2022-04-08 14:40:00",NULL,"69"
"61996","42696","34139","4221","167355","Complete","2022-05-01 05:23:55","2022-05-03 17:00:00","2022-05-05 05:09:00",NULL,"69"
"62153","42808","34219","17270","167777","Complete","2022-08-23 23:34:51","2022-08-23 08:34:00","2022-08-27 19:21:00",NULL,"69"
"62749","43208","34554","19200","169401","Complete","2020-06-08 15:12:24","2020-06-11 11:54:00","2020-06-15 01:08:00",NULL,"69"
"62951","43342","34656","680","169960","Complete","2022-07-28 04:37:30","2022-07-28 19:08:00","2022-07-30 06:26:00",NULL,"69"
"64034","44074","35255","2680","172870","Complete","2022-02-25 08:14:18","2022-02-24 04:10:00","2022-02-26 18:29:00",NULL,"69"
"64083","44105","35280","16857","173002","Complete","2022-06-16 11:51:45","2022-06-17 00:06:00","2022-06-18 13:26:00",NULL,"69"
"64146","44148","35314","2328","173168","Complete","2022-07-01 04:22:16","2022-06-29 03:01:00","2022-07-02 04:53:00",NULL,"69"
"64483","44381","35495","14519","174092","Complete","2022-01-01 13:40:24","2022-01-03 09:20:00","2022-01-06 01:51:00",NULL,"69"
"65904","45366","36268","27654","177956","Complete","2022-09-03 04:20:13.108746","2022-09-02 15:53:59.108746","2022-09-05 02:16:59.108746",NULL,"69"
"66426","45703","36543","14332","179368","Complete","2022-04-15 17:07:23","2022-04-15 03:38:00","2022-04-19 14:31:00",NULL,"69"
"67158","46201","36944","9813","181352","Complete","2021-10-27 08:54:20","2021-10-25 12:31:00","2021-10-29 08:40:00",NULL,"69"
"67573","46492","37182","544","182460","Complete","2020-12-06 10:43:07","2020-12-07 00:03:00","2020-12-10 01:36:00",NULL,"69"
"69204","47648","38088","4217","186803","Complete","2022-03-06 02:40:30","2022-03-07 18:08:00","2022-03-10 00:23:00",NULL,"69"
"69435","47812","38229","22585","187420","Complete","2020-08-08 00:02:22","2020-08-09 04:05:00","2020-08-13 16:55:00",NULL,"69"
"71466","49212","39386","6758","192955","Complete","2021-06-30 03:19:50","2021-07-01 05:41:00","2021-07-01 11:39:00",NULL,"69"
"73033","50308","40267","3725","197207","Complete","2020-05-18 12:56:10","2020-05-19 05:04:00","2020-05-21 08:19:00",NULL,"69"
"73060","50332","40289","14332","197276","Complete","2021-06-01 04:01:48","2021-06-01 09:58:00","2021-06-02 05:18:00",NULL,"69"
"73202","50422","40360","2180","197663","Complete","2021-12-28 01:11:07","2021-12-26 07:23:00","2021-12-30 08:43:00",NULL,"69"
"73692","50750","40608","22052","198972","Complete","2022-03-22 14:40:00","2022-03-22 23:31:00","2022-03-25 12:25:00",NULL,"69"
"74443","51291","41037","1909","201006","Complete","2022-04-28 03:23:34","2022-04-26 23:01:00","2022-04-27 11:47:00",NULL,"69"
"74541","51368","41096","4221","201260","Complete","2022-02-12 06:49:48","2022-02-13 02:10:00","2022-02-16 18:17:00",NULL,"69"
"75275","51867","41497","4221","203227","Complete","2022-03-16 05:06:56","2022-03-16 23:58:00","2022-03-21 00:34:00",NULL,"69"
"76406","52666","42140","25942","206319","Complete","2020-09-08 00:08:59","2020-09-09 19:18:00","2020-09-14 02:37:00",NULL,"69"
"79260","54649","43715","23916","214006","Complete","2021-02-11 03:01:25","2021-02-13 17:23:00","2021-02-18 13:30:00",NULL,"69"
"79447","54786","43815","5683","214513","Complete","2022-09-04 08:00:13","2022-09-05 16:12:00","2022-09-08 12:39:00",NULL,"69"
"79624","54912","43913","4251","214999","Complete","2021-06-20 05:03:00","2021-06-18 09:31:00","2021-06-18 21:57:00",NULL,"69"
"79967","55141","44104","6758","215931","Complete","2021-07-23 13:09:33","2021-07-22 06:23:00","2021-07-23 05:05:00",NULL,"69"
"80016","55180","44138","16118","216053","Complete","2022-02-19 15:54:22","2022-02-17 09:12:00","2022-02-20 04:19:00",NULL,"69"
"80856","55760","44574","26705","218378","Complete","2019-10-24 12:50:17","2019-10-24 17:52:00","2019-10-28 07:55:00",NULL,"69"
"81531","56249","44952","17827","220186","Complete","2022-08-20 07:59:49","2022-08-21 23:20:00","2022-08-25 09:19:00",NULL,"69"
"81584","56284","44979","15743","220327","Complete","2022-03-04 05:38:00","2022-03-06 06:24:00","2022-03-08 20:23:00",NULL,"69"
"83411","57599","46046","13086","225270","Complete","2021-12-20 03:31:34","2021-12-20 13:41:00","2021-12-24 15:41:00",NULL,"69"
"83908","57947","46331","9749","226634","Complete","2020-07-15 04:47:24","2020-07-16 06:53:00","2020-07-17 05:39:00",NULL,"69"
"85216","58889","47082","14389","230187","Complete","2022-06-06 01:45:58","2022-06-06 11:41:00","2022-06-09 06:53:00",NULL,"69"
"86827","59999","48006","3802","234567","Complete","2020-05-19 18:00:55","2020-05-21 16:06:00","2020-05-26 12:31:00",NULL,"69"
"86833","60003","48008","14519","234582","Complete","2022-03-24 07:11:19","2022-03-27 07:16:00","2022-03-27 18:48:00",NULL,"69"
"87225","60271","48241","15131","235639","Complete","2022-06-13 06:45:20","2022-06-13 06:10:00","2022-06-16 14:44:00",NULL,"69"
"87706","60613","48535","2388","236935","Complete","2022-07-18 04:43:16","2022-07-16 06:59:00","2022-07-18 02:27:00",NULL,"69"
"87948","60785","48665","5621","237582","Complete","2019-07-05 14:04:32","2019-07-08 05:18:00","2019-07-10 08:10:00",NULL,"69"
"87994","60816","48686","17270","237712","Complete","2022-04-27 16:57:46","2022-04-25 18:26:00","2022-04-28 08:42:00",NULL,"69"
"89312","61732","49424","1002","241276","Complete","2022-07-24 15:53:48","2022-07-26 15:25:00","2022-07-28 09:44:00",NULL,"69"
"90740","62712","50203","27777","245143","Complete","2021-06-21 15:12:13","2021-06-17 20:27:00","2021-06-19 03:25:00",NULL,"69"
"91102","62956","50408","16857","246094","Complete","2022-07-17 03:40:01","2022-07-19 13:36:00","2022-07-22 18:19:00",NULL,"69"
"96049","66387","53078","12030","259454","Complete","2022-03-03 07:55:38","2022-03-02 06:29:00","2022-03-05 16:22:00",NULL,"69"
"96364","66592","53233","22456","260297","Complete","2022-07-17 09:33:21","2022-07-16 07:37:00","2022-07-16 14:54:00",NULL,"69"
"97273","67228","53719","9813","262757","Complete","2022-09-03 01:07:42.888538","2022-09-03 13:01:42.888538","2022-09-08 07:47:42.888538",NULL,"69"
"97869","67633","54044","13086","264386","Complete","2021-06-15 04:56:45","2021-06-15 23:20:00","2021-06-19 08:29:00",NULL,"69"
"97875","67637","54045","18737","264402","Complete","2021-09-17 10:56:36","2021-09-16 02:50:00","2021-09-17 04:37:00",NULL,"69"
"98861","68311","54616","21073","267051","Complete","2022-06-29 11:47:22","2022-07-02 10:11:00","2022-07-02 21:05:00",NULL,"69"
"99143","68504","54772","3969","267814","Complete","2021-08-15 00:10:26","2021-08-13 18:42:00","2021-08-17 03:37:00",NULL,"69"
"100709","69592","55654","23469","271993","Complete","2022-02-13 09:37:55","2022-02-14 02:52:00","2022-02-17 13:18:00",NULL,"69"
"101434","70090","56036","25942","273947","Complete","2022-08-15 07:38:50","2022-08-16 05:44:00","2022-08-17 11:28:00",NULL,"69"
"102466","70800","56603","27949","276786","Complete","2022-08-12 04:04:40","2022-08-13 22:27:00","2022-08-13 23:48:00",NULL,"69"
"103196","71305","56997","26705","278740","Complete","2022-01-05 08:40:40","2022-01-05 19:08:00","2022-01-10 04:46:00",NULL,"69"
"104968","72535","57995","24845","283546","Complete","2020-01-07 16:04:17","2020-01-10 14:43:00","2020-01-14 17:56:00",NULL,"69"
"105510","72902","58313","17827","284982","Complete","2021-06-28 04:27:03","2021-06-25 10:58:00","2021-06-28 04:04:00",NULL,"69"
"106323","73474","58761","21389","287186","Complete","2022-05-28 13:40:02","2022-05-28 13:43:00","2022-06-02 10:09:00",NULL,"69"
"106628","73679","58922","19540","288005","Complete","2019-03-03 04:51:56","2019-03-01 17:45:00","2019-03-06 05:50:00",NULL,"69"
"106679","73709","58949","4261","288147","Complete","2021-05-31 05:54:31","2021-06-02 12:07:00","2021-06-06 19:11:00",NULL,"69"
"106727","73739","58969","1909","288274","Complete","2022-08-01 03:00:01","2022-08-04 00:47:00","2022-08-07 10:50:00",NULL,"69"
"107917","74554","59603","22574","291511","Complete","2021-04-19 11:34:21","2021-04-20 13:24:00","2021-04-23 17:57:00",NULL,"69"
"108630","75050","60012","27788","293440","Complete","2022-01-08 14:34:54","2022-01-11 08:02:00","2022-01-14 13:49:00",NULL,"69"
"111003","76686","61342","2328","299789","Complete","2022-03-27 04:49:55","2022-03-25 07:52:00","2022-03-28 16:45:00",NULL,"69"
"111908","77294","61846","16857","302242","Complete","2021-07-04 06:40:32","2021-07-04 08:04:00","2021-07-06 14:55:00",NULL,"69"
"112771","77892","62306","27654","304594","Complete","2021-11-04 12:25:01","2021-11-06 03:25:00","2021-11-07 16:34:00",NULL,"69"
"115350","79671","63734","10247","311546","Complete","2022-01-23 08:40:45","2022-01-25 05:11:00","2022-01-25 12:39:00",NULL,"69"
"118413","81736","65444","16682","319735","Complete","2021-01-27 22:21:29","2021-01-24 04:15:00","2021-01-27 04:02:00",NULL,"69"
"118603","81871","65553","15127","320242","Complete","2022-09-02 15:13:25","2022-08-30 09:39:00","2022-08-30 12:54:00",NULL,"69"
"119291","82349","65933","17270","322084","Complete","2022-03-19 23:35:46","2022-03-18 05:10:00","2022-03-20 00:05:00",NULL,"69"
"120169","82944","66410","23788","324441","Complete","2022-05-17 03:21:58","2022-05-15 18:43:00","2022-05-16 23:56:00",NULL,"69"
"120356","83058","66499","16118","324964","Complete","2022-06-18 03:34:21","2022-06-19 18:13:00","2022-06-20 13:02:00",NULL,"69"
"121875","84092","67319","15669","329065","Complete","2022-03-28 02:44:45","2022-03-30 22:33:00","2022-04-03 18:11:00",NULL,"69"
"122076","84212","67407","27654","329603","Complete","2022-07-14 15:24:26","2022-07-14 20:44:00","2022-07-17 07:53:00",NULL,"69"
"122450","84478","67614","7123","330623","Complete","2022-08-09 02:43:56","2022-08-11 23:03:00","2022-08-16 03:56:00",NULL,"69"
"123565","85245","68224","15669","333613","Complete","2022-05-23 05:48:34","2022-05-24 09:43:00","2022-05-25 18:24:00",NULL,"69"
"123869","85457","68382","7123","334424","Complete","2022-06-06 23:57:37","2022-06-08 15:01:00","2022-06-08 22:12:00",NULL,"69"
"123995","85541","68444","15131","334758","Complete","2022-08-14 05:47:54","2022-08-16 02:40:00","2022-08-17 01:17:00",NULL,"69"
"125380","86492","69219","28153","338507","Complete","2019-07-15 03:31:48","2019-07-16 17:25:00","2019-07-21 10:46:00",NULL,"69"
"126635","87341","69909","9749","341922","Complete","2022-07-09 14:19:46","2022-07-08 11:13:00","2022-07-10 21:16:00",NULL,"69"
"127479","87905","70385","3591","344169","Complete","2021-10-17 03:23:09","2021-10-19 11:28:00","2021-10-22 20:46:00",NULL,"69"
"127968","88256","70674","6769","345511","Complete","2021-02-05 10:50:57","2021-02-06 02:37:00","2021-02-07 05:12:00",NULL,"69"
"128851","88870","71184","28153","347907","Complete","2022-04-11 16:07:58","2022-04-10 14:35:00","2022-04-13 00:59:00",NULL,"69"
"129288","89161","71429","16697","349110","Complete","2020-09-20 11:47:48","2020-09-22 10:25:00","2020-09-24 08:00:00",NULL,"69"
"131697","90846","72766","12124","355582","Complete","2020-12-07 03:35:40","2020-12-06 04:12:00","2020-12-08 01:34:00",NULL,"69"
"132247","91232","73057","4227","357084","Complete","2022-06-12 06:34:16","2022-06-12 20:30:00","2022-06-13 14:08:00",NULL,"69"
"132629","91486","73268","25942","358136","Complete","2022-06-29 23:19:38","2022-07-01 09:09:00","2022-07-06 03:58:00",NULL,"69"
"132945","91727","73475","10159","358989","Complete","2020-12-28 07:11:48","2020-12-28 10:47:00","2020-12-29 13:47:00",NULL,"69"
"134013","92460","74064","28035","361850","Complete","2022-07-11 01:28:51","2022-07-11 00:42:00","2022-07-11 19:40:00",NULL,"69"
"135246","93318","74755","23187","365221","Complete","2022-07-05 16:43:45","2022-07-06 06:48:00","2022-07-06 14:21:00",NULL,"69"
"135317","93370","74796","17976","365414","Complete","2021-09-07 05:10:59","2021-09-07 13:41:00","2021-09-09 20:52:00",NULL,"69"
"137711","95027","76174","4223","371828","Complete","2020-06-08 07:26:39","2020-06-10 09:48:00","2020-06-13 07:13:00",NULL,"69"
"137897","95159","76278","27777","372339","Complete","2022-08-12 16:02:59","2022-08-11 14:53:00","2022-08-13 08:14:00",NULL,"69"
"138951","95885","76887","26705","375217","Complete","2022-08-18 12:44:24","2022-08-21 15:02:00","2022-08-26 03:11:00",NULL,"69"
"139263","96084","77052","4227","376058","Complete","2020-10-10 17:04:43","2020-10-08 16:29:00","2020-10-10 22:17:00",NULL,"69"
"139996","96573","77440","2173","378020","Complete","2022-06-17 14:55:41","2022-06-18 22:58:00","2022-06-22 09:31:00",NULL,"69"
"141291","97452","78152","11504","381512","Complete","2021-03-01 07:39:42","2021-03-03 15:40:00","2021-03-06 19:15:00",NULL,"69"
"142883","98584","79034","3410","385795","Complete","2022-05-27 10:49:57","2022-05-25 20:54:00","2022-05-30 10:22:00",NULL,"69"
"143089","98728","79152","5621","386349","Complete","2022-06-23 03:46:32","2022-06-20 14:29:00","2022-06-21 00:43:00",NULL,"69"
"143369","98932","79321","10247","387095","Complete","2022-01-06 07:25:56","2022-01-07 20:18:00","2022-01-09 10:51:00",NULL,"69"
"143500","99018","79392","5244","387449","Complete","2022-04-22 14:41:09","2022-04-22 13:34:00","2022-04-26 02:31:00",NULL,"69"
"143595","99079","79448","12124","387710","Complete","2021-10-25 06:22:45","2021-10-25 10:54:00","2021-10-28 22:39:00",NULL,"69"
"144259","99533","79804","12050","389508","Complete","2022-07-18 11:40:15","2022-07-20 16:39:00","2022-07-22 06:59:00",NULL,"69"
"144727","99861","80070","14835","390770","Complete","2020-09-07 11:54:33","2020-09-07 13:41:00","2020-09-07 21:05:00",NULL,"69"
"145436","100345","80461","24845","392716","Complete","2022-04-25 01:34:46","2022-04-24 22:09:00","2022-04-25 18:19:00",NULL,"69"
"145915","100685","80781","4264","394015","Complete","2022-08-20 23:28:36","2022-08-21 13:54:00","2022-08-25 21:22:00",NULL,"69"
"147412","101711","81578","4223","398025","Complete","2020-11-11 00:53:55","2020-11-11 16:41:00","2020-11-13 07:27:00",NULL,"69"
"148416","102412","82155","2388","400755","Complete","2022-03-03 13:55:31","2022-03-04 09:57:00","2022-03-05 00:50:00",NULL,"69"
"148793","102671","82362","27027","401800","Complete","2021-06-05 22:24:15","2021-06-06 10:38:00","2021-06-10 01:03:00",NULL,"69"
"149275","103025","82634","10021","403103","Complete","2022-05-24 03:03:54","2022-05-26 16:24:00","2022-05-27 03:24:00",NULL,"69"
"150838","104090","83506","23469","407381","Complete","2021-12-16 11:16:44","2021-12-15 05:48:00","2021-12-17 17:50:00",NULL,"69"
"150972","104180","83573","14519","407744","Complete","2022-07-31 15:27:37","2022-07-30 15:41:00","2022-08-01 08:58:00",NULL,"69"
"151138","104289","83666","15127","408179","Complete","2022-06-22 04:57:22","2022-06-23 04:22:00","2022-06-27 17:45:00",NULL,"69"
"153375","105812","84879","13149","414209","Complete","2021-10-14 11:11:05","2021-10-15 04:17:00","2021-10-18 04:17:00",NULL,"69"
"153679","106030","85051","16697","415004","Complete","2020-05-13 04:14:25","2020-05-15 06:51:00","2020-05-16 07:08:00",NULL,"69"
"155386","107205","86010","14835","419574","Complete","2022-01-26 11:42:17","2022-01-27 14:18:00","2022-01-28 04:23:00",NULL,"69"
"156878","108208","86789","19540","423576","Complete","2021-05-03 16:16:42","2021-05-04 03:50:00","2021-05-07 18:44:00",NULL,"69"
"157349","108527","87032","23518","424862","Complete","2021-12-27 04:01:01","2021-12-27 14:21:00","2021-12-29 21:43:00",NULL,"69"
"158690","109460","87779","13086","428455","Complete","2020-06-26 07:48:06","2020-06-25 21:53:00","2020-06-27 23:10:00",NULL,"69"
"158992","109675","87956","25942","429270","Complete","2020-11-10 14:11:25","2020-11-11 19:58:00","2020-11-13 09:17:00",NULL,"69"
"159771","110222","88385","4261","431378","Complete","2022-08-01 07:32:18","2022-08-04 09:08:00","2022-08-06 06:59:00",NULL,"69"
"162266","111910","89721","19637","438157","Complete","2022-09-03 03:46:07","2022-09-02 08:39:00","2022-09-03 17:27:00",NULL,"69"
"162949","112398","90132","9749","440019","Complete","2022-08-31 13:40:44","2022-08-31 23:29:00","2022-09-02 23:41:00",NULL,"69"
"163620","112867","90497","2328","441821","Complete","2021-08-26 22:33:28","2021-08-26 22:20:00","2021-08-27 10:08:00",NULL,"69"
"164510","113472","90984","24845","444271","Complete","2020-10-18 08:04:51","2020-10-18 21:54:00","2020-10-20 14:41:00",NULL,"69"
"164855","113701","91155","11896","445221","Complete","2022-07-20 05:35:22","2022-07-22 14:06:00","2022-07-27 11:00:00",NULL,"69"
"165461","114114","91486","20986","446876","Complete","2022-01-12 10:49:32","2022-01-13 13:27:00","2022-01-15 15:13:00",NULL,"69"
"165483","114129","91493","24845","446934","Complete","2020-12-15 04:17:02","2020-12-17 14:05:00","2020-12-18 07:50:00",NULL,"69"
"167057","115208","92340","22574","451178","Complete","2022-08-02 14:50:41","2022-07-31 07:19:00","2022-08-04 14:06:00",NULL,"69"
"167805","115721","92764","20986","453158","Complete","2021-02-05 08:59:14","2021-02-04 04:25:00","2021-02-04 18:12:00",NULL,"69"
"167920","115802","92838","23243","453458","Complete","2020-01-01 05:54:12","2019-12-30 15:45:00","2020-01-04 15:24:00",NULL,"69"
"168035","115885","92903","10058","453768","Complete","2020-08-18 15:55:45","2020-08-21 16:01:00","2020-08-22 06:41:00",NULL,"69"
"169255","116732","93594","14353","457063","Complete","2022-07-31 07:49:21","2022-08-03 03:15:00","2022-08-03 19:12:00",NULL,"69"
"170050","117258","94030","6758","459212","Complete","2022-06-12 01:18:15","2022-06-13 00:56:00","2022-06-14 21:51:00",NULL,"69"
"170756","117726","94418","22574","461164","Complete","2022-06-13 07:16:53","2022-06-14 17:35:00","2022-06-16 16:14:00",NULL,"69"
"171183","118012","94641","10159","462321","Complete","2022-07-23 10:52:43","2022-07-25 08:39:00","2022-07-26 09:45:00",NULL,"69"
"172239","118765","95215","11633","465189","Complete","2022-04-07 14:01:41","2022-04-10 10:27:00","2022-04-14 20:44:00",NULL,"69"
"172498","118958","95370","5381","465888","Complete","2020-06-27 10:19:11","2020-06-27 18:17:00","2020-06-29 12:38:00",NULL,"69"
"173016","119318","95644","11896","467306","Complete","2021-11-13 10:51:52","2021-11-15 16:34:00","2021-11-15 23:09:00",NULL,"69"
"173396","119593","95882","5771","468286","Complete","2022-09-01 01:13:08","2022-09-01 17:53:00","2022-09-02 17:44:00",NULL,"69"
"173968","119992","96218","17270","469783","Complete","2022-01-27 15:11:56","2022-01-28 02:56:00","2022-01-30 08:15:00",NULL,"69"
"173987","120005","96230","10422","469833","Complete","2021-05-29 12:15:22","2021-06-01 10:19:00","2021-06-03 10:39:00",NULL,"69"
"174973","120658","96747","12124","472528","Complete","2021-09-22 13:40:46","2021-09-25 05:02:00","2021-09-26 19:50:00",NULL,"69"
"175019","120689","96767","22574","472655","Complete","2022-05-08 18:26:08","2022-05-09 16:26:00","2022-05-11 14:21:00",NULL,"69"
"177640","122518","98267","22585","479748","Complete","2022-01-11 15:54:23","2022-01-13 22:39:00","2022-01-15 13:42:00",NULL,"69"
"178973","123443","99020","3410","483324","Complete","2022-08-28 05:14:28","2022-08-26 14:33:00","2022-08-31 04:24:00",NULL,"69"
"179087","123518","99077","16682","483631","Complete","2022-07-26 09:29:10","2022-07-27 02:34:00","2022-07-31 12:07:00",NULL,"69"
"6485","4419","3585","4251","17557","Returned","2022-05-24 14:32:49","2022-05-23 10:22:00","2022-05-28 00:49:00","2022-05-29 19:33:00","69"
"7889","5403","4373","17816","21399","Returned","2021-07-14 08:20:24","2021-07-11 16:25:00","2021-07-13 22:33:00","2021-07-16 05:09:00","69"
"9272","6361","5158","2171","25145","Returned","2022-08-24 07:03:09","2022-08-22 20:53:00","2022-08-27 04:53:00","2022-08-27 10:22:00","69"
"10428","7172","5839","11113","28268","Returned","2021-06-14 14:22:43","2021-06-17 14:05:00","2021-06-19 07:51:00","2021-06-20 12:31:00","69"
"10914","7496","6090","14611","29580","Returned","2021-09-01 10:23:46","2021-09-01 20:07:00","2021-09-06 13:12:00","2021-09-06 23:33:00","69"
"15880","10904","8761","12124","42997","Returned","2021-05-15 05:03:23","2021-05-17 22:18:00","2021-05-21 14:06:00","2021-05-21 23:34:00","69"
"17154","11813","9495","2390","46450","Returned","2020-01-29 02:02:07","2020-01-29 07:39:00","2020-02-02 17:48:00","2020-02-04 02:23:00","69"
"17883","12297","9893","21389","48447","Returned","2022-03-14 02:00:41","2022-03-16 12:49:00","2022-03-17 22:56:00","2022-03-19 21:43:00","69"
"19055","13101","10502","10474","51571","Returned","2021-06-28 16:48:55","2021-07-01 13:17:00","2021-07-05 03:14:00","2021-07-07 15:15:00","69"
"19730","13571","10876","10021","53386","Returned","2022-09-06 10:54:14.617872","2022-09-03 06:35:34.617872","2022-09-06 12:25:34.617872","2022-09-07 21:07:34.617872","69"
"26298","18116","14471","11339","71083","Returned","2022-03-20 09:21:05","2022-03-23 07:36:00","2022-03-27 01:27:00","2022-03-29 13:47:00","69"
"27764","19129","15297","23323","75059","Returned","2022-09-03 09:51:42.561332","2022-09-04 21:19:36.561332","2022-09-06 18:02:36.561332","2022-09-09 06:22:36.561332","69"
"29405","20245","16184","9749","79489","Returned","2022-07-10 09:14:30","2022-07-08 02:43:00","2022-07-11 22:22:00","2022-07-14 20:44:00","69"
"29822","20546","16422","23187","80619","Returned","2022-07-20 15:30:02","2022-07-21 19:36:00","2022-07-23 17:18:00","2022-07-24 13:14:00","69"
"30215","20809","16650","2173","81698","Returned","2022-07-22 09:18:04","2022-07-24 13:56:00","2022-07-28 12:09:00","2022-07-29 16:47:00","69"
"32181","22146","17713","9992","86942","Returned","2019-08-23 04:34:43","2019-08-19 14:50:00","2019-08-20 08:11:00","2019-08-23 04:01:00","69"
"34710","23891","19078","5381","93767","Returned","2021-06-30 22:56:39","2021-06-30 21:01:00","2021-07-03 10:25:00","2021-07-06 02:20:00","69"
"36682","25245","20178","544","99018","Returned","2021-03-09 10:20:50","2021-03-09 18:15:00","2021-03-12 07:57:00","2021-03-13 17:10:00","69"
"36857","25365","20281","11896","99502","Returned","2021-04-16 17:07:22","2021-04-16 13:43:00","2021-04-17 06:13:00","2021-04-19 21:04:00","69"
"36896","25397","20307","11339","99620","Returned","2022-04-09 01:58:45","2022-04-05 21:01:00","2022-04-09 14:58:00","2022-04-11 09:36:00","69"
"40508","27872","22250","11970","109356","Returned","2022-07-14 07:16:59","2022-07-12 22:05:00","2022-07-16 11:23:00","2022-07-17 17:00:00","69"
"45733","31487","25126","3591","123486","Returned","2021-03-30 01:59:15","2021-03-31 13:44:00","2021-03-31 15:25:00","2021-03-31 18:54:00","69"
"46423","31949","25509","13149","125368","Returned","2022-08-07 14:16:34","2022-08-10 12:23:00","2022-08-14 18:46:00","2022-08-16 22:56:00","69"
"47199","32526","25973","14611","127398","Returned","2022-06-07 11:00:39","2022-06-06 16:09:00","2022-06-07 21:19:00","2022-06-10 14:49:00","69"
"51607","35575","28427","14519","139303","Returned","2022-01-31 09:48:35","2022-01-31 15:41:00","2022-02-04 17:46:00","2022-02-06 00:56:00","69"
"53725","37023","29581","3802","144988","Returned","2022-09-06 08:13:49.899135","2022-09-03 11:01:02.899135","2022-09-05 16:16:02.899135","2022-09-07 06:45:02.899135","69"
"56497","38944","31132","3802","152486","Returned","2020-02-17 17:35:40","2020-02-17 09:03:00","2020-02-18 10:58:00","2020-02-21 09:58:00","69"
"60672","41784","33400","17715","163803","Returned","2022-09-06 00:51:10.586501","2022-09-05 12:10:43.586501","2022-09-08 16:42:43.586501","2022-09-10 06:02:43.586501","69"
"61185","42128","33675","3802","165177","Returned","2021-09-07 08:09:25","2021-09-09 05:47:00","2021-09-10 04:10:00","2021-09-11 04:52:00","69"
"61325","42225","33759","4227","165541","Returned","2020-11-29 23:47:17","2020-11-30 17:52:00","2020-12-03 07:12:00","2020-12-04 15:35:00","69"
"61401","42280","33806","5771","165755","Returned","2021-07-16 03:13:23","2021-07-17 23:58:00","2021-07-18 03:29:00","2021-07-20 14:30:00","69"
"68423","47089","37671","10247","184724","Returned","2022-08-28 07:11:33","2022-08-30 05:05:00","2022-08-31 01:28:00","2022-08-31 23:44:00","69"
"69330","47739","38167","27777","187140","Returned","2022-07-26 00:30:01","2022-07-26 22:04:00","2022-07-27 07:09:00","2022-07-29 07:18:00","69"
"69754","48025","38400","10613","188298","Returned","2022-05-24 04:58:11","2022-05-22 15:18:00","2022-05-25 03:21:00","2022-05-27 10:46:00","69"
"70104","48270","38599","10247","189252","Returned","2022-07-16 04:16:03","2022-07-18 01:17:00","2022-07-20 08:12:00","2022-07-22 12:38:00","69"
"85125","58825","47032","21389","229937","Returned","2022-08-28 04:41:47","2022-08-28 04:55:00","2022-08-28 19:14:00","2022-08-30 06:58:00","69"
"88065","60868","48721","2390","237900","Returned","2020-02-23 01:12:20","2020-02-24 21:56:00","2020-02-29 07:29:00","2020-02-29 23:33:00","69"
"89184","61645","49354","14332","240928","Returned","2022-05-13 02:56:04","2022-05-15 13:48:00","2022-05-20 05:20:00","2022-05-21 20:33:00","69"
"92222","63723","51022","23323","249089","Returned","2021-02-27 22:56:45","2021-03-03 02:27:00","2021-03-04 16:46:00","2021-03-06 07:50:00","69"
"96876","66935","53495","3591","261662","Returned","2021-07-04 07:52:05","2021-07-06 10:14:00","2021-07-10 13:06:00","2021-07-13 03:49:00","69"
"98114","67800","54175","28410","265045","Returned","2022-06-30 03:08:22","2022-07-02 22:22:00","2022-07-03 17:02:00","2022-07-05 08:34:00","69"
"104006","71871","57470","10551","280948","Returned","2020-09-20 04:04:49","2020-09-22 20:33:00","2020-09-26 14:56:00","2020-09-27 08:18:00","69"
"104930","72506","57969","11896","283443","Returned","2022-08-08 05:28:46","2022-08-11 06:02:00","2022-08-12 03:28:00","2022-08-14 19:10:00","69"
"108681","75086","60033","11339","293575","Returned","2021-11-27 06:47:36","2021-11-26 07:46:00","2021-11-28 14:28:00","2021-11-30 06:00:00","69"
"113386","78330","62648","3869","306250","Returned","2022-08-24 06:09:33","2022-08-26 15:58:00","2022-08-28 02:43:00","2022-08-29 21:32:00","69"
"114536","79109","63276","22456","309348","Returned","2022-01-08 05:44:49","2022-01-07 00:01:00","2022-01-08 03:09:00","2022-01-08 04:10:00","69"
"114734","79249","63396","19637","309891","Returned","2022-04-06 07:51:28","2022-04-08 16:49:00","2022-04-11 15:17:00","2022-04-14 11:50:00","69"
"115070","79473","63593","4217","310800","Returned","2019-11-13 12:31:51","2019-11-15 13:18:00","2019-11-18 02:09:00","2019-11-18 19:24:00","69"
"115763","79942","63975","5280","312645","Returned","2021-09-28 06:00:30","2021-09-28 06:15:00","2021-09-30 16:21:00","2021-10-02 06:56:00","69"
"116731","80587","64525","10422","315270","Returned","2022-09-05 03:04:20.960672","2022-09-04 13:25:35.960672","2022-09-09 01:34:35.960672","2022-09-10 20:37:35.960672","69"
"119128","82234","65848","3052","321641","Returned","2022-05-13 10:52:53","2022-05-10 20:42:00","2022-05-14 16:40:00","2022-05-15 16:28:00","69"
"119533","82515","66065","9992","322730","Returned","2022-03-01 00:53:07","2022-03-01 14:34:00","2022-03-04 11:51:00","2022-03-06 22:57:00","69"
"120692","83292","66694","14389","325880","Returned","2022-03-07 07:30:56","2022-03-07 23:24:00","2022-03-12 01:14:00","2022-03-12 09:48:00","69"
"122614","84595","67714","13149","331068","Returned","2022-02-11 03:32:56","2022-02-12 20:27:00","2022-02-16 14:29:00","2022-02-18 11:26:00","69"
"122785","84707","67792","24845","331538","Returned","2022-09-05 11:49:17.826019","2022-09-07 11:55:01.826019","2022-09-10 12:54:01.826019","2022-09-10 19:30:01.826019","69"
"128266","88466","70868","23201","346333","Returned","2022-07-08 03:13:14","2022-07-08 06:55:00","2022-07-12 08:42:00","2022-07-13 18:13:00","69"
"128873","88883","71198","4221","347960","Returned","2022-07-11 01:47:15","2022-07-13 05:28:00","2022-07-16 13:36:00","2022-07-17 11:43:00","69"
"129789","89518","71705","22456","350423","Returned","2021-10-06 07:51:29","2021-10-09 03:19:00","2021-10-11 00:23:00","2021-10-13 09:48:00","69"
"129811","89534","71713","6758","350483","Returned","2022-07-19 04:29:35","2022-07-17 13:58:00","2022-07-20 23:41:00","2022-07-21 20:20:00","69"
"130510","90022","72107","10551","352366","Returned","2022-07-29 15:28:34","2022-07-31 00:10:00","2022-07-31 17:14:00","2022-08-03 05:40:00","69"
"130842","90254","72283","4707","353287","Returned","2022-06-23 23:02:05","2022-06-21 00:04:00","2022-06-21 22:43:00","2022-06-23 20:10:00","69"
"133062","91813","73541","3591","359314","Returned","2020-05-21 04:26:12","2020-05-23 08:50:00","2020-05-25 08:49:00","2020-05-26 19:28:00","69"
"134993","93131","74617","11896","364527","Returned","2022-07-20 03:05:38","2022-07-18 03:34:00","2022-07-21 06:08:00","2022-07-22 17:37:00","69"
"135223","93297","74743","2173","365154","Returned","2020-07-20 12:19:51","2020-07-21 16:57:00","2020-07-25 02:21:00","2020-07-25 20:42:00","69"
"138493","95564","76620","17715","373968","Returned","2022-08-29 02:25:50","2022-08-27 01:17:00","2022-08-27 08:15:00","2022-08-29 01:18:00","69"
"138635","95666","76695","27654","374353","Returned","2022-08-22 16:58:45","2022-08-21 18:18:00","2022-08-22 15:59:00","2022-08-23 17:54:00","69"
"138812","95789","76796","24624","374830","Returned","2022-07-16 01:05:29","2022-07-17 05:16:00","2022-07-20 19:51:00","2022-07-21 05:03:00","69"
"140031","96598","77460","23788","378113","Returned","2022-06-02 16:57:27","2022-05-31 03:59:00","2022-06-03 10:08:00","2022-06-05 02:40:00","69"
"141094","97314","78040","22078","380958","Returned","2022-05-19 16:57:26","2022-05-19 21:42:00","2022-05-20 04:08:00","2022-05-20 22:59:00","69"
"142750","98491","78960","27027","385429","Returned","2021-02-20 06:21:42","2021-02-21 14:37:00","2021-02-21 15:26:00","2021-02-23 16:42:00","69"
"142784","98515","78983","20986","385520","Returned","2020-11-27 06:16:12","2020-11-28 16:30:00","2020-11-28 20:15:00","2020-12-01 03:42:00","69"
"144241","99518","79791","21634","389458","Returned","2021-10-10 06:00:56","2021-10-10 13:32:00","2021-10-11 18:52:00","2021-10-14 03:08:00","69"
"148034","102153","81937","4223","399703","Returned","2019-09-11 08:42:12","2019-09-11 21:25:00","2019-09-16 04:58:00","2019-09-17 15:16:00","69"
"148429","102418","82158","1002","400789","Returned","2022-05-22 13:13:02","2022-05-23 11:20:00","2022-05-25 13:24:00","2022-05-26 09:45:00","69"
"151621","104603","83926","13149","409492","Returned","2021-11-18 11:49:41","2021-11-19 07:05:00","2021-11-20 14:13:00","2021-11-22 16:25:00","69"
"158525","109350","87697","27949","428002","Returned","2021-05-14 08:56:01","2021-05-17 06:52:00","2021-05-18 23:48:00","2021-05-20 22:40:00","69"
"161489","111392","89315","5280","436022","Returned","2022-09-04 10:05:28","2022-09-03 01:51:00","2022-09-03 19:36:00","2022-09-04 17:34:00","69"
"163054","112471","90193","14835","440293","Returned","2019-04-24 07:37:09","2019-04-22 05:06:00","2019-04-24 20:09:00","2019-04-25 04:43:00","69"
"169095","116623","93503","4223","456635","Returned","2021-03-09 08:57:54","2021-03-07 12:39:00","2021-03-10 00:43:00","2021-03-10 14:24:00","69"
"169507","116898","93727","23187","457736","Returned","2022-01-15 13:40:50","2022-01-17 07:18:00","2022-01-21 05:37:00","2022-01-21 16:39:00","69"
"172061","118640","95115","10058","464712","Returned","2020-06-05 01:39:09","2020-06-02 21:57:00","2020-06-03 21:19:00","2020-06-04 17:15:00","69"
"173692","119798","96062","19637","469058","Returned","2022-06-15 13:45:17","2022-06-16 03:36:00","2022-06-17 22:09:00","2022-06-20 08:46:00","69"
"179550","123832","99327","5280","484885","Returned","2020-05-10 14:12:02","2020-05-12 02:13:00","2020-05-14 11:28:00","2020-05-16 06:02:00","69"
"636","457","395","21634","1698","Cancelled","2022-06-26 23:11:20",NULL,NULL,NULL,"69"
"1372","952","801","5683","3729","Cancelled","2021-10-08 04:22:54",NULL,NULL,NULL,"69"
"1702","1184","956","14389","4607","Cancelled","2022-09-04 13:48:37",NULL,NULL,NULL,"69"
"1786","1248","1003","2388","4834","Cancelled","2021-02-22 00:02:53",NULL,NULL,NULL,"69"
"5450","3720","3037","23518","14766","Cancelled","2021-03-25 01:42:43",NULL,NULL,NULL,"69"
"6144","4190","3400","23187","16621","Cancelled","2022-08-27 12:15:20",NULL,NULL,NULL,"69"
"7560","5175","4203","9749","20488","Cancelled","2020-11-21 00:49:33",NULL,NULL,NULL,"69"
"9026","6185","4996","544","24470","Cancelled","2022-04-01 15:02:19",NULL,NULL,NULL,"69"
"10830","7443","6056","16682","29352","Cancelled","2021-05-11 05:08:05",NULL,NULL,NULL,"69"
"11704","8055","6531","21552","31710","Cancelled","2022-08-21 05:25:46",NULL,NULL,NULL,"69"
"13692","9434","7598","24624","37108","Cancelled","2022-07-18 17:01:06",NULL,NULL,NULL,"69"
"14515","9988","8039","11633","39339","Cancelled","2019-09-12 06:56:12",NULL,NULL,NULL,"69"
"15588","10694","8601","28410","42223","Cancelled","2021-03-17 14:03:54",NULL,NULL,NULL,"69"
"17975","12357","9940","22078","48697","Cancelled","2020-07-05 01:14:18",NULL,NULL,NULL,"69"
"19041","13091","10496","9289","51538","Cancelled","2020-03-31 15:47:28",NULL,NULL,NULL,"69"
"19595","13467","10803","17827","53023","Cancelled","2021-11-04 12:08:42",NULL,NULL,NULL,"69"
"20163","13864","11116","17827","54569","Cancelled","2020-02-22 14:19:02",NULL,NULL,NULL,"69"
"21195","14568","11639","4251","57331","Cancelled","2021-02-04 21:25:43",NULL,NULL,NULL,"69"
"23397","16099","12872","10613","63239","Cancelled","2022-08-23 06:52:59",NULL,NULL,NULL,"69"
"23719","16326","13061","7123","64122","Cancelled","2021-05-24 17:14:51",NULL,NULL,NULL,"69"
"24135","16601","13269","15127","65242","Cancelled","2021-03-28 07:22:37",NULL,NULL,NULL,"69"
"25632","17658","14100","22577","69265","Cancelled","2021-08-11 11:00:13",NULL,NULL,NULL,"69"
"28414","19572","15650","13149","76816","Cancelled","2022-06-21 11:19:41",NULL,NULL,NULL,"69"
"28757","19791","15816","9998","77737","Cancelled","2021-07-28 06:19:16",NULL,NULL,NULL,"69"
"30278","20850","16683","14519","81865","Cancelled","2019-12-09 00:12:24",NULL,NULL,NULL,"69"
"33759","23247","18556","17270","91201","Cancelled","2020-07-31 15:03:36",NULL,NULL,NULL,"69"
"37502","25810","20620","16118","101268","Cancelled","2022-05-04 10:04:50",NULL,NULL,NULL,"69"
"41301","28407","22660","5621","111498","Cancelled","2022-09-04 10:30:01.686285",NULL,NULL,NULL,"69"
"41467","28520","22749","28410","111928","Cancelled","2022-06-20 12:20:05",NULL,NULL,NULL,"69"
"41919","28840","23013","10247","113169","Cancelled","2022-05-31 17:56:16",NULL,NULL,NULL,"69"
"42574","29295","23360","2390","114968","Cancelled","2022-08-25 01:33:48",NULL,NULL,NULL,"69"
"42650","29347","23395","14866","115166","Cancelled","2020-08-11 04:40:42",NULL,NULL,NULL,"69"
"43276","29767","23738","3591","116859","Cancelled","2021-06-09 15:27:11",NULL,NULL,NULL,"69"
"45701","31463","25113","15669","123406","Cancelled","2022-08-19 02:51:04",NULL,NULL,NULL,"69"
"46671","32143","25670","3869","126014","Cancelled","2022-08-04 12:24:44",NULL,NULL,NULL,"69"
"47752","32898","26277","2390","128883","Cancelled","2022-07-08 15:15:23",NULL,NULL,NULL,"69"
"47788","32928","26308","10551","128984","Cancelled","2021-10-11 13:08:33",NULL,NULL,NULL,"69"
"48640","33512","26770","27027","131266","Cancelled","2021-11-14 01:59:21",NULL,NULL,NULL,"69"
"49782","34291","27379","680","134380","Cancelled","2020-03-06 05:51:45",NULL,NULL,NULL,"69"
"50002","34436","27501","3052","134979","Cancelled","2020-12-14 06:25:38",NULL,NULL,NULL,"69"
"52305","36048","28788","23916","141143","Cancelled","2020-12-19 04:02:09",NULL,NULL,NULL,"69"
"53541","36891","29475","14332","144478","Cancelled","2022-02-27 09:56:18",NULL,NULL,NULL,"69"
"53848","37105","29640","5280","145334","Cancelled","2022-08-17 15:35:52",NULL,NULL,NULL,"69"
"54577","37626","30066","27654","147262","Cancelled","2021-08-26 09:04:19",NULL,NULL,NULL,"69"
"54615","37652","30087","4251","147361","Cancelled","2021-06-13 15:47:26",NULL,NULL,NULL,"69"
"55636","38351","30653","11896","150121","Cancelled","2020-06-17 08:09:44",NULL,NULL,NULL,"69"
"56356","38847","31057","11339","152100","Cancelled","2021-12-03 11:03:09",NULL,NULL,NULL,"69"
"58296","40190","32107","23187","157324","Cancelled","2020-09-02 22:33:11",NULL,NULL,NULL,"69"
"59780","41183","32908","9749","161379","Cancelled","2022-01-31 14:51:52",NULL,NULL,NULL,"69"
"61960","42669","34115","21073","167264","Cancelled","2021-05-01 11:39:42",NULL,NULL,NULL,"69"
"62038","42727","34162","22574","167470","Cancelled","2022-03-17 10:27:36",NULL,NULL,NULL,"69"
"63415","43661","34921","14611","171223","Cancelled","2021-09-29 13:45:05",NULL,NULL,NULL,"69"
"66846","45986","36780","11970","180488","Cancelled","2022-07-01 03:33:09",NULL,NULL,NULL,"69"
"69077","47557","38026","22585","186469","Cancelled","2021-09-22 16:06:24",NULL,NULL,NULL,"69"
"74193","51111","40912","12703","200336","Cancelled","2022-03-05 05:06:40",NULL,NULL,NULL,"69"
"77324","53316","42656","7123","208749","Cancelled","2020-08-06 12:10:33",NULL,NULL,NULL,"69"
"77567","53481","42791","23187","209391","Cancelled","2022-01-21 00:24:06",NULL,NULL,NULL,"69"
"79389","54744","43785","14798","214351","Cancelled","2020-09-16 07:29:39",NULL,NULL,NULL,"69"
"79585","54885","43894","22577","214894","Cancelled","2021-11-08 14:10:42",NULL,NULL,NULL,"69"
"79743","54995","43977","15895","215326","Cancelled","2022-05-07 10:05:32",NULL,NULL,NULL,"69"
"80041","55194","44144","19540","216118","Cancelled","2021-11-12 07:55:31",NULL,NULL,NULL,"69"
"80185","55304","44227","27788","216510","Cancelled","2020-09-10 13:33:31",NULL,NULL,NULL,"69"
"80496","55520","44385","27027","217369","Cancelled","2021-11-27 15:35:56",NULL,NULL,NULL,"69"
"80505","55528","44390","23243","217396","Cancelled","2020-02-15 14:29:16",NULL,NULL,NULL,"69"
"81507","56231","44942","8062","220123","Cancelled","2021-02-10 04:20:13",NULL,NULL,NULL,"69"
"83215","57464","45937","10551","224748","Cancelled","2020-11-13 10:07:49",NULL,NULL,NULL,"69"
"85450","59047","47206","4215","230812","Cancelled","2022-04-04 13:34:05",NULL,NULL,NULL,"69"
"87630","60553","48488","9979","236728","Cancelled","2019-09-20 11:14:14",NULL,NULL,NULL,"69"
"88259","60992","48833","22574","238426","Cancelled","2021-09-03 00:29:33",NULL,NULL,NULL,"69"
"88417","61106","48929","12703","238868","Cancelled","2021-04-21 01:08:25",NULL,NULL,NULL,"69"
"91880","63488","50835","22577","248180","Cancelled","2021-08-21 12:20:04",NULL,NULL,NULL,"69"
"92323","63785","51063","19066","249359","Cancelled","2022-07-22 03:15:28",NULL,NULL,NULL,"69"
"94470","65267","52217","11113","255186","Cancelled","2022-08-29 03:32:33",NULL,NULL,NULL,"69"
"95092","65715","52572","27027","256864","Cancelled","2022-01-21 14:13:07",NULL,NULL,NULL,"69"
"95685","66137","52893","23469","258477","Cancelled","2022-08-23 09:18:51",NULL,NULL,NULL,"69"
"99733","68936","55120","27027","269382","Cancelled","2022-04-20 00:51:13",NULL,NULL,NULL,"69"
"100349","69349","55451","11504","271024","Cancelled","2021-08-08 12:31:44",NULL,NULL,NULL,"69"
"100641","69545","55624","11739","271791","Cancelled","2022-07-14 02:23:31",NULL,NULL,NULL,"69"
"104598","72275","57786","14611","282535","Cancelled","2022-06-15 15:25:47",NULL,NULL,NULL,"69"
"105272","72749","58179","21389","284330","Cancelled","2022-07-21 04:21:39",NULL,NULL,NULL,"69"
"106006","73260","58601","13086","286341","Cancelled","2021-08-09 06:09:06",NULL,NULL,NULL,"69"
"106589","73655","58898","11739","287911","Cancelled","2021-11-03 14:25:24",NULL,NULL,NULL,"69"
"108271","74799","59814","22577","292486","Cancelled","2022-04-26 06:55:21",NULL,NULL,NULL,"69"
"110419","76273","60999","18737","298209","Cancelled","2022-09-02 01:04:49",NULL,NULL,NULL,"69"
"113154","78157","62517","3869","305622","Cancelled","2021-10-30 15:21:54",NULL,NULL,NULL,"69"
"113764","78589","62846","26705","307257","Cancelled","2022-08-24 01:01:06",NULL,NULL,NULL,"69"
"114231","78898","63107","14519","308524","Cancelled","2022-06-11 15:24:17",NULL,NULL,NULL,"69"
"114345","78979","63169","5381","308836","Cancelled","2022-04-27 20:48:09",NULL,NULL,NULL,"69"
"118744","81976","65627","23469","320637","Cancelled","2022-09-01 15:04:19",NULL,NULL,NULL,"69"
"123884","85465","68388","23916","334461","Cancelled","2021-07-14 13:14:48",NULL,NULL,NULL,"69"
"126325","87138","69731","27949","341076","Cancelled","2022-09-09 11:46:38.609819",NULL,NULL,NULL,"69"
"127989","88265","70681","10551","345573","Cancelled","2021-03-17 13:33:28",NULL,NULL,NULL,"69"
"128500","88622","70985","10058","346969","Cancelled","2022-02-04 11:23:14",NULL,NULL,NULL,"69"
"129190","89098","71379","17816","348842","Cancelled","2022-03-12 01:01:59",NULL,NULL,NULL,"69"
"129525","89328","71559","4221","349721","Cancelled","2022-07-10 04:18:11",NULL,NULL,NULL,"69"
"132035","91086","72959","1002","356486","Cancelled","2022-08-18 23:33:10",NULL,NULL,NULL,"69"
"132279","91252","73069","14332","357178","Cancelled","2021-12-22 11:44:11",NULL,NULL,NULL,"69"
"132359","91307","73113","2328","357398","Cancelled","2022-08-08 14:26:32",NULL,NULL,NULL,"69"
"133482","92096","73764","12050","360433","Cancelled","2020-07-01 06:49:34",NULL,NULL,NULL,"69"
"134025","92468","74073","4227","361887","Cancelled","2021-02-15 09:13:25",NULL,NULL,NULL,"69"
"136179","93974","75315","24845","367733","Cancelled","2022-06-30 13:18:58",NULL,NULL,NULL,"69"
"136181","93975","75316","14611","367738","Cancelled","2021-07-24 04:38:47",NULL,NULL,NULL,"69"
"136622","94277","75562","18737","368909","Cancelled","2022-02-15 16:46:05",NULL,NULL,NULL,"69"
"137781","95075","76215","36","372019","Cancelled","2021-11-10 00:18:37",NULL,NULL,NULL,"69"
"137876","95145","76266","14519","372283","Cancelled","2022-06-15 02:40:08",NULL,NULL,NULL,"69"
"139558","96275","77217","3869","376860","Cancelled","2021-03-01 04:46:24",NULL,NULL,NULL,"69"
"141275","97440","78139","6758","381465","Cancelled","2022-04-13 06:22:40",NULL,NULL,NULL,"69"
"142039","97972","78559","3725","383515","Cancelled","2022-09-05 15:29:50.609067",NULL,NULL,NULL,"69"
"143489","99010","79387","27654","387417","Cancelled","2021-05-08 06:58:26",NULL,NULL,NULL,"69"
"143775","99203","79535","4215","388179","Cancelled","2022-05-27 03:06:23",NULL,NULL,NULL,"69"
"143925","99313","79633","3802","388593","Cancelled","2022-06-28 03:12:40",NULL,NULL,NULL,"69"
"146243","100906","80956","14835","394899","Cancelled","2022-03-27 05:34:16",NULL,NULL,NULL,"69"
"147584","101842","81688","5683","398487","Cancelled","2022-05-10 22:15:07",NULL,NULL,NULL,"69"
"148120","102209","81992","11633","399946","Cancelled","2021-12-01 09:09:17",NULL,NULL,NULL,"69"
"148292","102339","82090","5280","400412","Cancelled","2022-07-22 02:38:48",NULL,NULL,NULL,"69"
"151077","104251","83631","14611","408010","Cancelled","2019-09-05 02:34:55",NULL,NULL,NULL,"69"
"152115","104958","84226","4223","410826","Cancelled","2022-01-01 01:31:32",NULL,NULL,NULL,"69"
"153670","106024","85045","1002","414982","Cancelled","2021-02-11 13:49:56",NULL,NULL,NULL,"69"
"158520","109345","87695","17976","427991","Cancelled","2022-07-14 07:47:11",NULL,NULL,NULL,"69"
"158689","109459","87778","3591","428451","Cancelled","2021-03-04 08:06:20",NULL,NULL,NULL,"69"
"158827","109554","87858","23187","428829","Cancelled","2022-06-27 09:44:05",NULL,NULL,NULL,"69"
"158834","109559","87862","4221","428843","Cancelled","2022-05-05 14:24:35",NULL,NULL,NULL,"69"
"160008","110389","88533","4221","432024","Cancelled","2021-10-31 14:34:23",NULL,NULL,NULL,"69"
"160515","110740","88805","23518","433400","Cancelled","2020-08-10 13:11:41",NULL,NULL,NULL,"69"
"160947","111027","89013","27654","434555","Cancelled","2022-08-10 00:25:25",NULL,NULL,NULL,"69"
"161789","111596","89476","4251","436857","Cancelled","2022-08-31 12:26:11",NULL,NULL,NULL,"69"
"163181","112551","90253","14519","440629","Cancelled","2022-09-02 02:26:25.552716",NULL,NULL,NULL,"69"
"163347","112669","90341","4251","441068","Cancelled","2019-11-16 22:19:20",NULL,NULL,NULL,"69"
"163844","113017","90630","4707","442428","Cancelled","2022-08-03 06:18:23",NULL,NULL,NULL,"69"
"164662","113575","91069","23178","444683","Cancelled","2022-08-19 09:33:31",NULL,NULL,NULL,"69"
"165666","114257","91602","23788","447436","Cancelled","2021-10-12 17:16:40",NULL,NULL,NULL,"69"
"166274","114671","91930","2532","449076","Cancelled","2022-05-25 12:13:52",NULL,NULL,NULL,"69"
"167037","115194","92328","5280","451133","Cancelled","2022-03-16 06:32:37",NULL,NULL,NULL,"69"
"170987","117884","94534","19066","461805","Cancelled","2022-03-24 05:15:11",NULL,NULL,NULL,"69"
"172154","118711","95170","3869","464962","Cancelled","2021-11-11 06:54:12",NULL,NULL,NULL,"69"
"175621","121114","97110","4227","474285","Cancelled","2022-08-26 07:13:11",NULL,NULL,NULL,"69"
"176760","121902","97757","14835","477394","Cancelled","2020-08-24 22:18:19",NULL,NULL,NULL,"69"
"2100","1446","1167","12050","5685","Processing","2022-06-04 22:35:33",NULL,NULL,NULL,"69"
"3330","2262","1818","11158","9009","Processing","2022-09-05 15:04:19",NULL,NULL,NULL,"69"
"4990","3404","2772","23469","13503","Processing","2022-08-22 07:15:35",NULL,NULL,NULL,"69"
"5176","3527","2879","17976","14006","Processing","2020-11-19 07:04:08",NULL,NULL,NULL,"69"
"7118","4850","3933","7123","19279","Processing","2019-08-28 05:50:25",NULL,NULL,NULL,"69"
"7366","5035","4084","9979","19966","Processing","2021-01-16 21:04:24",NULL,NULL,NULL,"69"
"8858","6076","4912","14611","24027","Processing","2022-07-02 08:24:12",NULL,NULL,NULL,"69"
"10691","7354","5984","14798","28973","Processing","2022-06-03 07:01:08",NULL,NULL,NULL,"69"
"14721","10132","8146","12030","39876","Processing","2020-07-14 04:28:40",NULL,NULL,NULL,"69"
"19057","13102","10502","12030","51575","Processing","2021-08-19 14:15:51",NULL,NULL,NULL,"69"
"19143","13159","10549","14866","51795","Processing","2021-11-11 01:40:41",NULL,NULL,NULL,"69"
"19145","13160","10550","23518","51800","Processing","2022-07-14 03:08:41",NULL,NULL,NULL,"69"
"19350","13299","10664","13086","52357","Processing","2021-05-15 04:31:04",NULL,NULL,NULL,"69"
"19918","13702","10977","5771","53905","Processing","2020-04-22 15:42:23",NULL,NULL,NULL,"69"
"26281","18103","14458","4217","71033","Processing","2022-05-28 09:12:34",NULL,NULL,NULL,"69"
"27176","18717","14961","3591","73470","Processing","2022-09-01 01:43:05",NULL,NULL,NULL,"69"
"28656","19731","15777","15127","77455","Processing","2020-05-04 17:03:39",NULL,NULL,NULL,"69"
"28939","19928","15917","19200","78244","Processing","2022-02-22 23:01:02",NULL,NULL,NULL,"69"
"29709","20464","16342","10159","80316","Processing","2022-08-27 09:00:36",NULL,NULL,NULL,"69"
"30225","20817","16654","28153","81723","Processing","2020-11-17 12:45:24",NULL,NULL,NULL,"69"
"30610","21082","16872","28033","82766","Processing","2022-08-08 08:45:07",NULL,NULL,NULL,"69"
"32757","22551","18008","11158","88522","Processing","2021-01-31 03:31:48",NULL,NULL,NULL,"69"
"33649","23167","18495","17976","90904","Processing","2022-07-05 04:00:25",NULL,NULL,NULL,"69"
"41027","28215","22513","4221","110764","Processing","2021-07-02 08:37:01",NULL,NULL,NULL,"69"
"41984","28889","23044","4251","113338","Processing","2022-09-05 07:07:37.300787",NULL,NULL,NULL,"69"
"41993","28896","23050","2532","113361","Processing","2022-04-07 09:28:50",NULL,NULL,NULL,"69"
"42465","29213","23291","27788","114677","Processing","2022-07-04 09:45:20",NULL,NULL,NULL,"69"
"42973","29569","23590","4221","116047","Processing","2022-06-12 15:35:59",NULL,NULL,NULL,"69"
"44071","30322","24186","2171","119035","Processing","2022-05-07 04:17:07",NULL,NULL,NULL,"69"
"45039","31011","24755","4223","121634","Processing","2022-05-14 17:15:14",NULL,NULL,NULL,"69"
"47058","32416","25897","17715","127013","Processing","2022-09-03 07:28:48.879589",NULL,NULL,NULL,"69"
"48456","33389","26661","12050","130766","Processing","2022-03-20 02:59:37",NULL,NULL,NULL,"69"
"50477","34772","27757","2328","136255","Processing","2022-02-08 06:12:56",NULL,NULL,NULL,"69"
"51255","35330","28204","10247","138344","Processing","2022-09-02 08:27:21.913164",NULL,NULL,NULL,"69"
"51699","35629","28469","16682","139551","Processing","2022-05-16 16:54:37",NULL,NULL,NULL,"69"
"53729","37024","29581","9289","145001","Processing","2022-09-06 07:37:00.899135",NULL,NULL,NULL,"69"
"54356","37455","29929","15131","146675","Processing","2021-09-24 09:16:20",NULL,NULL,NULL,"69"
"57058","39325","31435","25942","154000","Processing","2019-12-21 13:10:29",NULL,NULL,NULL,"69"
"57804","39835","31840","4251","155990","Processing","2022-07-17 03:56:21",NULL,NULL,NULL,"69"
"57964","39944","31923","20986","156427","Processing","2021-04-21 09:31:19",NULL,NULL,NULL,"69"
"58554","40364","32234","10551","158032","Processing","2021-08-12 02:50:42",NULL,NULL,NULL,"69"
"60681","41791","33405","24624","163826","Processing","2020-07-11 07:05:31",NULL,NULL,NULL,"69"
"61487","42340","33844","17715","165981","Processing","2021-10-15 13:37:13",NULL,NULL,NULL,"69"
"64135","44139","35304","9979","173137","Processing","2021-09-20 03:10:55",NULL,NULL,NULL,"69"
"64958","44716","35761","5280","175416","Processing","2021-11-10 07:18:15",NULL,NULL,NULL,"69"
"72615","50017","40025","11970","196082","Processing","2022-01-15 02:39:43",NULL,NULL,NULL,"69"
"75169","51795","41434","17715","202950","Processing","2021-12-17 11:00:00",NULL,NULL,NULL,"69"
"77071","53140","42516","12124","208092","Processing","2020-03-11 13:01:33",NULL,NULL,NULL,"69"
"78149","53890","43109","9749","210979","Processing","2022-07-02 03:29:00",NULL,NULL,NULL,"69"
"78893","54399","43534","14611","212976","Processing","2022-08-06 06:33:18",NULL,NULL,NULL,"69"
"81051","55902","44691","10551","218893","Processing","2020-06-16 04:23:06",NULL,NULL,NULL,"69"
"81480","56212","44928","11970","220046","Processing","2022-08-14 15:28:45",NULL,NULL,NULL,"69"
"82079","56638","45281","16118","221638","Processing","2021-08-28 10:00:48",NULL,NULL,NULL,"69"
"83499","57662","46098","23178","225502","Processing","2022-06-09 07:40:00",NULL,NULL,NULL,"69"
"83831","57895","46289","22585","226415","Processing","2021-10-01 00:55:20",NULL,NULL,NULL,"69"
"84679","58500","46788","4707","228713","Processing","2021-05-10 12:09:57",NULL,NULL,NULL,"69"
"85394","59007","47173","10613","230659","Processing","2022-07-25 02:29:46",NULL,NULL,NULL,"69"
"85846","59323","47458","17816","231883","Processing","2020-01-03 11:10:58",NULL,NULL,NULL,"69"
"88486","61154","48976","16697","239045","Processing","2022-07-27 11:35:19",NULL,NULL,NULL,"69"
"89369","61768","49455","9979","241418","Processing","2022-08-29 15:04:07",NULL,NULL,NULL,"69"
"90217","62358","49921","16697","243725","Processing","2022-08-21 11:49:18",NULL,NULL,NULL,"69"
"90306","62422","49977","5683","243957","Processing","2022-07-01 03:59:51",NULL,NULL,NULL,"69"
"90352","62451","49996","10021","244079","Processing","2019-12-20 08:37:55",NULL,NULL,NULL,"69"
"91942","63528","50863","14866","248345","Processing","2022-04-09 05:27:53",NULL,NULL,NULL,"69"
"93122","64350","51491","10159","251515","Processing","2022-01-19 02:06:09",NULL,NULL,NULL,"69"
"93789","64802","51867","1909","253308","Processing","2021-06-09 23:50:26",NULL,NULL,NULL,"69"
"96468","66667","53295","11633","260580","Processing","2021-08-20 23:40:58",NULL,NULL,NULL,"69"
"96758","66853","53434","28153","261346","Processing","2022-05-04 12:29:17",NULL,NULL,NULL,"69"
"97806","67594","54019","23469","264213","Processing","2022-02-26 16:09:48",NULL,NULL,NULL,"69"
"98733","68217","54537","15127","266718","Processing","2021-04-16 06:54:25",NULL,NULL,NULL,"69"
"99222","68564","54814","22574","268028","Processing","2020-09-22 01:41:21",NULL,NULL,NULL,"69"
"100090","69177","55311","27654","270340","Processing","2022-08-08 07:28:00",NULL,NULL,NULL,"69"
"100875","69717","55750","2390","272450","Processing","2021-10-26 16:42:49",NULL,NULL,NULL,"69"
"102100","70552","56406","15131","275759","Processing","2020-11-11 10:33:05",NULL,NULL,NULL,"69"
"108243","74777","59795","22574","292409","Processing","2022-09-04 10:38:10",NULL,NULL,NULL,"69"
"108257","74789","59805","14353","292447","Processing","2022-04-07 08:57:20",NULL,NULL,NULL,"69"
"110553","76366","61075","23243","298577","Processing","2022-08-04 02:20:40",NULL,NULL,NULL,"69"
"111807","77236","61798","9813","301963","Processing","2021-09-12 15:36:41",NULL,NULL,NULL,"69"
"112012","77368","61901","5244","302530","Processing","2021-11-22 08:31:17",NULL,NULL,NULL,"69"
"112962","78027","62420","11113","305120","Processing","2022-09-02 23:15:35",NULL,NULL,NULL,"69"
"113238","78223","62562","22078","305848","Processing","2021-07-01 06:28:29",NULL,NULL,NULL,"69"
"114359","78987","63178","2532","308873","Processing","2020-10-08 10:49:42",NULL,NULL,NULL,"69"
"115985","80095","64112","18737","313253","Processing","2022-07-31 06:15:05",NULL,NULL,NULL,"69"
"116049","80137","64146","4221","313422","Processing","2021-11-20 13:48:04",NULL,NULL,NULL,"69"
"116783","80622","64551","16682","315400","Processing","2019-12-27 09:24:41",NULL,NULL,NULL,"69"
"117132","80869","64744","5280","316309","Processing","2021-09-07 22:15:55",NULL,NULL,NULL,"69"
"117209","80911","64786","13149","316520","Processing","2022-03-01 23:45:16",NULL,NULL,NULL,"69"
"117996","81445","65221","27654","318624","Processing","2022-09-03 14:23:27.365822",NULL,NULL,NULL,"69"
"118620","81882","65564","19540","320293","Processing","2022-07-24 10:32:48",NULL,NULL,NULL,"69"
"118625","81887","65566","24624","320309","Processing","2022-04-23 03:10:23",NULL,NULL,NULL,"69"
"120109","82905","66378","9749","324285","Processing","2022-01-04 11:15:52",NULL,NULL,NULL,"69"
"121586","83906","67172","27027","328284","Processing","2020-06-15 01:47:19",NULL,NULL,NULL,"69"
"121830","84061","67298","10247","328945","Processing","2022-05-24 00:32:36",NULL,NULL,NULL,"69"
"123486","85202","68189","28153","333410","Processing","2021-10-14 22:53:29",NULL,NULL,NULL,"69"
"123816","85418","68355","3969","334276","Processing","2020-11-12 13:22:38",NULL,NULL,NULL,"69"
"124300","85752","68625","9749","335557","Processing","2021-10-02 03:13:49",NULL,NULL,NULL,"69"
"125347","86471","69199","36","338418","Processing","2022-08-13 11:17:06",NULL,NULL,NULL,"69"
"125579","86630","69314","23178","339040","Processing","2021-05-21 04:42:04",NULL,NULL,NULL,"69"
"125580","86630","69314","21552","339044","Processing","2021-05-22 05:51:07",NULL,NULL,NULL,"69"
"125637","86666","69345","28035","339192","Processing","2020-04-16 10:54:42",NULL,NULL,NULL,"69"
"128453","88599","70966","15895","346847","Processing","2019-07-25 15:40:27",NULL,NULL,NULL,"69"
"128836","88861","71175","20986","347867","Processing","2022-08-19 14:40:28",NULL,NULL,NULL,"69"
"130087","89723","71863","8062","351238","Processing","2021-03-15 09:29:05",NULL,NULL,NULL,"69"
"133072","91819","73545","19540","359339","Processing","2021-09-18 11:23:55",NULL,NULL,NULL,"69"
"134089","92517","74113","27654","362056","Processing","2022-07-08 08:42:36",NULL,NULL,NULL,"69"
"135668","93628","75010","20593","366361","Processing","2020-05-03 09:38:41",NULL,NULL,NULL,"69"
"136026","93870","75230","12703","367325","Processing","2022-04-21 05:41:42",NULL,NULL,NULL,"69"
"137551","94913","76079","2680","371407","Processing","2021-12-15 01:57:59",NULL,NULL,NULL,"69"
"142294","98162","78712","9289","384198","Processing","2022-07-23 20:21:49",NULL,NULL,NULL,"69"
"143820","99235","79566","2180","388303","Processing","2021-06-01 03:05:36",NULL,NULL,NULL,"69"
"147251","101596","81490","17816","397586","Processing","2021-12-28 14:30:16",NULL,NULL,NULL,"69"
"147973","102114","81907","23187","399538","Processing","2022-06-16 05:36:37",NULL,NULL,NULL,"69"
"148959","102792","82458","10474","402240","Processing","2021-07-10 02:15:48",NULL,NULL,NULL,"69"
"150022","103525","83037","20986","405150","Processing","2021-10-06 01:14:57",NULL,NULL,NULL,"69"
"151220","104342","83712","26705","408406","Processing","2021-01-26 05:02:57",NULL,NULL,NULL,"69"
"155980","107599","86314","2328","421140","Processing","2022-05-25 04:06:37",NULL,NULL,NULL,"69"
"157130","108385","86919","2390","424259","Processing","2021-10-29 03:05:22",NULL,NULL,NULL,"69"
"157911","108921","87363","21552","426360","Processing","2021-12-06 04:05:41",NULL,NULL,NULL,"69"
"158901","109609","87905","17816","429026","Processing","2022-08-21 11:29:03",NULL,NULL,NULL,"69"
"159320","109910","88143","4217","430161","Processing","2021-09-25 10:35:21",NULL,NULL,NULL,"69"
"159645","110135","88318","10159","431043","Processing","2022-06-28 18:28:06",NULL,NULL,NULL,"69"
"160828","110939","88947","2390","434239","Processing","2020-07-31 12:55:09",NULL,NULL,NULL,"69"
"162627","112172","89929","14835","439137","Processing","2021-08-11 09:18:34",NULL,NULL,NULL,"69"
"162815","112306","90058","16682","439654","Processing","2021-11-11 12:34:29",NULL,NULL,NULL,"69"
"163846","113019","90632","11896","442432","Processing","2022-04-03 23:45:27",NULL,NULL,NULL,"69"
"165498","114141","91502","27654","446970","Processing","2022-06-28 22:37:10",NULL,NULL,NULL,"69"
"165537","114165","91526","16697","447074","Processing","2022-07-05 10:50:09",NULL,NULL,NULL,"69"
"166085","114541","91829","10422","448551","Processing","2022-06-27 03:21:10",NULL,NULL,NULL,"69"
"167294","115370","92480","3869","451817","Processing","2022-01-29 10:32:39",NULL,NULL,NULL,"69"
"168833","116437","93348","12124","455921","Processing","2022-07-08 05:59:59",NULL,NULL,NULL,"69"
"169391","116822","93659","21634","457429","Processing","2021-12-27 04:56:13",NULL,NULL,NULL,"69"
"169407","116836","93667","27788","457467","Processing","2021-07-19 08:46:37",NULL,NULL,NULL,"69"
"169862","117140","93927","2180","458700","Processing","2022-08-28 12:35:32",NULL,NULL,NULL,"69"
"171471","118227","94821","2171","463092","Processing","2021-05-01 13:36:23",NULL,NULL,NULL,"69"
"171861","118501","95006","9813","464158","Processing","2021-03-30 09:56:27",NULL,NULL,NULL,"69"
"175146","120780","96835","22052","472997","Processing","2019-12-22 09:24:48",NULL,NULL,NULL,"69"
"175532","121050","97049","5280","474055","Processing","2022-05-15 11:29:52",NULL,NULL,NULL,"69"
"175809","121248","97236","27777","474805","Processing","2021-03-11 15:54:34",NULL,NULL,NULL,"69"
"177100","122135","97939","3725","478312","Processing","2021-04-07 03:11:00",NULL,NULL,NULL,"69"
"179425","123749","99274","5381","484545","Processing","2022-05-13 11:16:08",NULL,NULL,NULL,"69"
"180094","124203","99620","4264","486350","Processing","2022-08-26 02:56:44",NULL,NULL,NULL,"69"
"11478","7900","6409","9967","31100","Shipped","2021-11-23 03:12:15","2021-11-25 21:45:00",NULL,NULL,"73"
"19043","13093","10499","12764","51542","Shipped","2021-08-20 07:59:59","2021-08-22 06:24:00",NULL,NULL,"73"
"22169","15242","12182","11356","59914","Shipped","2022-08-11 02:07:14","2022-08-12 19:50:00",NULL,NULL,"73"
"23047","15851","12672","13442","62294","Shipped","2022-02-14 00:46:26","2022-02-14 23:47:00",NULL,NULL,"73"
"58611","40401","32271","767","158186","Shipped","2022-04-26 13:15:51","2022-04-25 17:23:00",NULL,NULL,"73"
"100319","69334","55439","9967","270936","Shipped","2022-02-06 06:08:57","2022-02-06 14:10:00",NULL,NULL,"73"
"102118","70562","56414","9967","275812","Shipped","2021-09-01 23:18:20","2021-09-04 17:28:00",NULL,NULL,"73"
"103242","71337","57026","13442","278864","Shipped","2021-02-07 03:04:39","2021-02-10 01:36:00",NULL,NULL,"73"
"104641","72309","57812","13442","282651","Shipped","2022-05-24 12:22:51","2022-05-23 03:38:00",NULL,NULL,"73"
"126085","86965","69604","12764","340437","Shipped","2020-10-17 23:55:52","2020-10-19 08:30:00",NULL,NULL,"73"
"134182","92585","74170","5772","362322","Shipped","2022-08-06 21:40:47","2022-08-07 06:42:00",NULL,NULL,"73"
"136740","94354","75623","5772","369234","Shipped","2022-09-04 14:59:09","2022-09-06 11:21:00",NULL,NULL,"73"
"1158","801","672","12764","3128","Complete","2021-12-22 11:08:39","2021-12-20 03:08:00","2021-12-20 20:00:00",NULL,"73"
"47486","32713","26117","13442","128170","Complete","2021-08-26 12:34:04","2021-08-28 05:16:00","2021-09-02 03:52:00",NULL,"73"
"65937","45387","36287","11356","178049","Complete","2021-07-13 13:06:26","2021-07-14 10:42:00","2021-07-18 04:29:00",NULL,"73"
"96975","67008","53546","11356","261936","Complete","2022-03-06 00:43:10","2022-03-06 19:15:00","2022-03-07 11:16:00",NULL,"73"
"100644","69546","55624","11356","271801","Complete","2022-06-07 02:50:08","2022-06-07 16:35:00","2022-06-08 15:47:00",NULL,"73"
"117269","80949","64821","11356","316685","Complete","2021-08-26 07:39:51","2021-08-24 09:03:00","2021-08-26 21:15:00",NULL,"73"
"124892","86161","68944","767","337184","Complete","2022-06-19 16:15:33","2022-06-19 01:11:00","2022-06-21 14:02:00",NULL,"73"
"128250","88455","70852","11356","346291","Complete","2022-08-08 02:11:36","2022-08-08 15:59:00","2022-08-09 08:19:00",NULL,"73"
"130172","89781","71906","9967","351458","Complete","2022-02-17 07:05:14","2022-02-17 12:31:00","2022-02-17 21:51:00",NULL,"73"
"148356","102378","82122","767","400590","Complete","2022-08-16 10:19:15","2022-08-15 15:29:00","2022-08-19 21:09:00",NULL,"73"
"163622","112867","90497","5632","441829","Complete","2021-08-29 23:47:02","2021-08-26 22:20:00","2021-08-27 10:08:00",NULL,"73"
"175851","121275","97259","13442","474911","Complete","2022-05-11 14:56:31","2022-05-10 04:47:00","2022-05-12 07:45:00",NULL,"73"
"9511","6543","5310","12764","25793","Returned","2022-01-07 18:05:54","2022-01-07 19:32:00","2022-01-08 01:10:00","2022-01-08 22:14:00","73"
"58479","40311","32188","5772","157835","Returned","2022-02-24 04:42:21","2022-02-23 21:48:00","2022-02-24 02:58:00","2022-02-26 18:19:00","73"
"81545","56258","44958","13442","220219","Returned","2019-12-09 21:15:39","2019-12-10 07:34:00","2019-12-13 01:57:00","2019-12-14 13:02:00","73"
"125107","86307","69063","5632","337778","Returned","2021-10-07 17:28:44","2021-10-10 12:43:00","2021-10-11 14:29:00","2021-10-12 14:58:00","73"
"174479","120338","96492","9967","471160","Returned","2021-12-22 15:04:46","2021-12-24 23:59:00","2021-12-29 04:17:00","2021-12-29 12:35:00","73"
"62401","42975","34353","767","168443","Cancelled","2022-03-05 14:44:41",NULL,NULL,NULL,"73"
"113024","78073","62456","9967","305284","Cancelled","2022-02-17 22:00:05",NULL,NULL,NULL,"73"
"166325","114705","91958","5632","449216","Cancelled","2021-12-22 09:56:43",NULL,NULL,NULL,"73"
"7266","4963","4024","9967","19685","Processing","2020-09-06 13:52:42",NULL,NULL,NULL,"73"
"38342","26402","21094","767","103507","Processing","2021-06-28 12:46:28",NULL,NULL,NULL,"73"
"58321","40208","32121","5632","157394","Processing","2022-08-15 11:22:25",NULL,NULL,NULL,"73"
"77080","53148","42524","12764","208115","Processing","2021-10-21 17:56:52",NULL,NULL,NULL,"73"
"150400","103783","83257","11356","406202","Processing","2022-04-08 15:29:39",NULL,NULL,NULL,"73"
"160232","110540","88642","13442","432631","Processing","2021-10-06 03:36:04",NULL,NULL,NULL,"73"
"616","444","387","19120","1639","Shipped","2022-08-31 15:06:24","2022-08-31 22:09:00",NULL,NULL,"77"
"5455","3724","3040","19177","14779","Shipped","2021-11-07 13:30:27","2021-11-08 20:03:00",NULL,NULL,"77"
"6444","4395","3565","19177","17446","Shipped","2022-08-15 05:19:40","2022-08-17 02:50:00",NULL,NULL,"77"
"13573","9350","7535","19120","36785","Shipped","2021-06-25 06:30:47","2021-06-26 04:19:00",NULL,NULL,"77"
"24618","16941","13527","7681","66530","Shipped","2022-05-15 11:28:14","2022-05-17 19:09:00",NULL,NULL,"77"
"29053","20000","15971","2978","78550","Shipped","2020-04-21 11:55:23","2020-04-24 07:02:00",NULL,NULL,"77"
"49397","34016","27158","5263","133327","Shipped","2020-10-24 03:00:45","2020-10-26 21:30:00",NULL,NULL,"77"
"73006","50293","40255","21875","197131","Shipped","2021-10-27 07:55:01","2021-10-27 15:02:00",NULL,NULL,"77"
"74063","51018","40825","19120","199977","Shipped","2022-06-15 14:18:22","2022-06-15 14:48:00",NULL,NULL,"77"
"123390","85135","68137","19120","333145","Shipped","2020-07-23 04:46:53","2020-07-23 13:44:00",NULL,NULL,"77"
"125142","86332","69087","7681","337873","Shipped","2022-05-24 05:29:53","2022-05-23 14:33:00",NULL,NULL,"77"
"134954","93106","74593","2978","364426","Shipped","2021-07-10 07:45:36","2021-07-12 20:03:00",NULL,NULL,"77"
"135344","93388","74813","10204","365482","Shipped","2022-08-02 05:10:49","2022-08-03 23:40:00",NULL,NULL,"77"
"135502","93504","74918","2596","365919","Shipped","2021-05-26 10:32:34","2021-05-24 02:14:00",NULL,NULL,"77"
"141346","97492","78184","2978","381655","Shipped","2021-06-14 06:56:30","2021-06-16 13:24:00",NULL,NULL,"77"
"142147","98055","78627","2978","383805","Shipped","2021-08-30 06:00:16","2021-09-01 22:31:00",NULL,NULL,"77"
"142466","98284","78807","19177","384662","Shipped","2021-08-02 01:43:55","2021-08-04 20:53:00",NULL,NULL,"77"
"148042","102160","81945","7029","399724","Shipped","2022-01-11 05:57:08","2022-01-09 22:54:00",NULL,NULL,"77"
"148518","102475","82205","19120","401049","Shipped","2022-04-23 23:45:09","2022-04-25 17:40:00",NULL,NULL,"77"
"172966","119292","95617","7029","467171","Shipped","2021-06-22 16:05:50","2021-06-23 16:34:00",NULL,NULL,"77"
"9584","6595","5356","5263","26006","Complete","2020-03-21 15:21:48","2020-03-23 23:14:00","2020-03-25 05:08:00",NULL,"77"
"28799","19825","15842","7681","77850","Complete","2022-05-01 01:06:44","2022-04-30 17:45:00","2022-05-04 00:34:00",NULL,"77"
"50343","34678","27683","2978","135899","Complete","2022-04-12 08:41:18","2022-04-10 23:25:00","2022-04-13 22:49:00",NULL,"77"
"52435","36131","28861","19120","141503","Complete","2022-02-21 00:41:40","2022-02-22 00:26:00","2022-02-24 17:01:00",NULL,"77"
"59069","40707","32514","7681","159410","Complete","2022-06-17 04:45:28","2022-06-13 11:20:00","2022-06-17 13:59:00",NULL,"77"
"104836","72435","57914","19177","283182","Complete","2021-01-25 16:07:29","2021-01-28 17:39:00","2021-01-30 20:49:00",NULL,"77"
"118000","81448","65222","21875","318634","Complete","2021-12-10 14:25:11","2021-12-12 21:35:00","2021-12-14 05:27:00",NULL,"77"
"119790","82701","66203","19120","323409","Complete","2022-02-16 13:15:58","2022-02-16 12:15:00","2022-02-17 08:38:00",NULL,"77"
"121715","83984","67239","10204","328642","Complete","2022-05-23 22:37:43","2022-05-24 20:27:00","2022-05-27 17:19:00",NULL,"77"
"126544","87288","69858","21875","341676","Complete","2022-06-14 23:45:52","2022-06-12 05:09:00","2022-06-14 03:03:00",NULL,"77"
"137275","94722","75931","19177","370675","Complete","2022-05-17 03:52:06","2022-05-16 01:32:00","2022-05-18 09:14:00",NULL,"77"
"161389","111325","89262","21875","435742","Complete","2022-05-23 23:24:28","2022-05-23 04:16:00","2022-05-26 05:57:00",NULL,"77"
"164874","113712","91163","5263","445269","Complete","2022-03-27 18:36:16","2022-03-23 20:29:00","2022-03-25 01:51:00",NULL,"77"
"166602","114888","92102","21875","449961","Complete","2020-12-13 09:16:21","2020-12-12 01:48:00","2020-12-16 16:42:00",NULL,"77"
"989","690","577","7681","2655","Returned","2022-08-03 01:22:34","2022-08-03 16:47:00","2022-08-05 15:10:00","2022-08-08 00:31:00","77"
"39133","26947","21519","7681","105660","Returned","2022-09-02 04:39:50","2022-09-03 11:27:00","2022-09-05 05:39:00","2022-09-07 12:22:00","77"
"81105","55939","44722","19177","219037","Returned","2021-10-16 04:04:39","2021-10-17 00:13:00","2021-10-18 06:14:00","2021-10-19 08:58:00","77"
"111882","77280","61836","19177","302170","Returned","2022-01-05 07:31:54","2022-01-03 09:52:00","2022-01-03 14:15:00","2022-01-04 15:21:00","77"
"128440","88587","70959","2596","346807","Returned","2020-08-18 22:02:15","2020-08-18 10:31:00","2020-08-19 22:51:00","2020-08-21 06:15:00","77"
"143330","98901","79301","19120","386997","Returned","2022-07-18 04:16:27","2022-07-16 23:43:00","2022-07-20 06:14:00","2022-07-22 13:53:00","77"
"164632","113552","91047","2596","444602","Returned","2021-08-24 13:29:58","2021-08-22 11:45:00","2021-08-23 00:50:00","2021-08-23 16:09:00","77"
"164948","113759","91200","7029","445466","Returned","2022-08-18 16:32:58","2022-08-19 06:30:00","2022-08-24 00:28:00","2022-08-26 04:30:00","77"
"172788","119163","95522","2978","466672","Returned","2022-05-14 01:14:55","2022-05-16 02:40:00","2022-05-19 23:52:00","2022-05-21 07:05:00","77"
"8693","5961","4823","10204","23574","Cancelled","2022-06-26 22:52:01",NULL,NULL,NULL,"77"
"35870","24693","19745","21875","96863","Cancelled","2021-04-19 09:47:04",NULL,NULL,NULL,"77"
"43849","30163","24043","19120","118424","Cancelled","2020-06-12 09:28:00",NULL,NULL,NULL,"77"
"169304","116765","93619","7681","457191","Cancelled","2021-09-10 13:22:12",NULL,NULL,NULL,"77"
"46906","32306","25800","7029","126626","Processing","2022-07-29 13:53:23",NULL,NULL,NULL,"77"
"71027","48899","39117","7029","191751","Processing","2022-01-22 04:12:40",NULL,NULL,NULL,"77"
"83639","57764","46178","11303","225886","Processing","2022-07-14 12:00:35",NULL,NULL,NULL,"77"
"85399","59011","47176","11303","230671","Processing","2022-04-29 17:00:04",NULL,NULL,NULL,"77"
"115689","79892","63935","10204","312439","Processing","2022-08-01 16:56:19",NULL,NULL,NULL,"77"
"119921","82789","66270","19177","323784","Processing","2022-09-04 02:56:34.749018",NULL,NULL,NULL,"77"
"150549","103885","83338","7681","406601","Processing","2022-05-29 09:11:03",NULL,NULL,NULL,"77"
"154629","106695","85595","10204","417555","Processing","2021-06-04 11:54:24",NULL,NULL,NULL,"77"
"168175","115980","92977","11303","454161","Processing","2021-01-14 01:42:37",NULL,NULL,NULL,"77"
"177901","122701","98421","2596","480447","Processing","2022-09-08 08:14:53.617143",NULL,NULL,NULL,"77"
"7251","4957","4020","19098","19646","Shipped","2021-12-10 12:35:10","2021-12-08 19:18:00",NULL,NULL,"81"
"26454","18233","14574","13303","71501","Shipped","2020-10-07 13:39:39","2020-10-10 14:55:00",NULL,NULL,"81"
"35696","24565","19632","1142","96394","Shipped","2021-12-19 21:51:10","2021-12-21 16:20:00",NULL,NULL,"81"
"46669","32141","25667","3642","126007","Shipped","2021-10-09 15:53:22","2021-10-10 13:59:00",NULL,NULL,"81"
"50456","34755","27743","7064","136202","Shipped","2020-02-14 00:39:14","2020-02-13 11:34:00",NULL,NULL,"81"
"77200","53224","42592","7064","208432","Shipped","2021-05-30 03:32:28","2021-06-02 00:17:00",NULL,NULL,"81"
"106842","73823","59025","3642","288577","Shipped","2022-03-28 23:48:28","2022-03-30 19:01:00",NULL,NULL,"81"
"165228","113947","91360","13303","446249","Shipped","2021-12-05 14:05:30","2021-12-02 18:18:00",NULL,NULL,"81"
"174290","120204","96398","13303","470660","Shipped","2022-08-25 16:46:20","2022-08-25 23:05:00",NULL,NULL,"81"
"12711","8776","7088","7064","34444","Complete","2021-07-15 17:54:10","2021-07-17 12:57:00","2021-07-19 12:50:00",NULL,"81"
"39859","27443","21914","4039","107602","Complete","2022-03-02 13:04:14","2022-03-03 06:49:00","2022-03-04 22:06:00",NULL,"81"
"58177","40102","32042","3642","156998","Complete","2022-09-02 15:43:00.724146","2022-09-05 07:42:07.724146","2022-09-08 14:17:07.724146",NULL,"81"
"164307","113337","90880","4039","443716","Complete","2022-08-31 10:17:28","2022-09-03 07:18:00","2022-09-04 15:24:00",NULL,"81"
"51079","35211","28105","3642","137881","Returned","2021-02-22 06:21:27","2021-02-24 19:41:00","2021-02-26 10:46:00","2021-03-01 07:59:00","81"
"116056","80142","64150","13303","313439","Returned","2022-08-14 06:25:42","2022-08-16 14:43:00","2022-08-17 00:10:00","2022-08-19 20:31:00","81"
"11779","8113","6570","3642","31908","Cancelled","2022-07-10 01:35:15",NULL,NULL,NULL,"81"
"25110","17302","13821","3642","67872","Cancelled","2021-02-06 06:24:16",NULL,NULL,NULL,"81"
"47981","33054","26403","1142","129513","Cancelled","2022-09-02 05:29:37.168448",NULL,NULL,NULL,"81"
"89255","61697","49398","4039","241122","Cancelled","2021-07-27 01:30:10",NULL,NULL,NULL,"81"
"100881","69721","55752","7064","272471","Cancelled","2022-08-29 12:36:38",NULL,NULL,NULL,"81"
"116206","80240","64229","4039","313849","Cancelled","2021-05-29 01:40:32",NULL,NULL,NULL,"81"
"127399","87850","70334","19098","343947","Cancelled","2021-09-03 11:16:43",NULL,NULL,NULL,"81"
"155565","107321","86112","3642","420056","Cancelled","2021-06-11 10:16:48",NULL,NULL,NULL,"81"
"1704","1186","958","19098","4613","Processing","2022-08-02 03:54:26",NULL,NULL,NULL,"81"
"17785","12226","9837","1142","48173","Processing","2021-04-01 14:40:43",NULL,NULL,NULL,"81"
"29302","20173","16135","4039","79207","Processing","2022-07-16 00:14:27",NULL,NULL,NULL,"81"
"48493","33413","26684","1142","130875","Processing","2021-01-16 02:59:26",NULL,NULL,NULL,"81"
"66438","45711","36550","4039","179401","Processing","2020-02-13 11:35:17",NULL,NULL,NULL,"81"
"77274","53276","42630","3642","208621","Processing","2022-07-06 13:21:31",NULL,NULL,NULL,"81"
"104972","72539","58000","7064","283554","Processing","2021-08-09 23:29:38",NULL,NULL,NULL,"81"
"139505","96245","77190","19098","376717","Processing","2022-01-31 09:35:17",NULL,NULL,NULL,"81"
"141978","97928","78526","13303","383343","Processing","2021-08-10 03:15:37",NULL,NULL,NULL,"81"
"833","593","497","2275","2232","Shipped","2022-09-01 00:21:06","2022-09-02 09:28:00",NULL,NULL,"85"
"6258","4268","3470","24200","16933","Shipped","2021-08-24 08:22:35","2021-08-24 08:30:00",NULL,NULL,"85"
"7017","4785","3880","18925","18997","Shipped","2022-04-22 06:24:15","2022-04-20 00:01:00",NULL,NULL,"85"
"8735","5993","4853","9713","23689","Shipped","2022-09-07 06:00:56.58754","2022-09-05 01:53:56.58754",NULL,NULL,"85"
"9236","6333","5135","18662","25049","Shipped","2022-04-04 07:32:27","2022-04-03 09:25:00",NULL,NULL,"85"
"13097","9042","7295","2838","35479","Shipped","2020-09-13 14:43:23","2020-09-15 03:38:00",NULL,NULL,"85"
"13213","9120","7354","8654","35795","Shipped","2022-08-30 00:46:01","2022-08-27 16:25:00",NULL,NULL,"85"
"14165","9751","7866","4353","38386","Shipped","2022-08-05 01:57:08","2022-08-07 04:26:00",NULL,NULL,"85"
"16589","11412","9177","2639","44893","Shipped","2022-07-30 06:21:27","2022-07-30 15:02:00",NULL,NULL,"85"
"17778","12222","9833","2273","48154","Shipped","2022-03-15 08:17:44","2022-03-16 10:41:00",NULL,NULL,"85"
"17957","12345","9929","22319","48644","Shipped","2021-12-21 11:33:00","2021-12-23 21:56:00",NULL,NULL,"85"
"19081","13120","10512","13297","51632","Shipped","2021-06-13 08:11:40","2021-06-14 06:05:00",NULL,NULL,"85"
"19225","13209","10590","22597","52013","Shipped","2022-07-28 23:50:36","2022-07-30 15:05:00",NULL,NULL,"85"
"19829","13643","10925","15091","53662","Shipped","2020-06-03 09:30:04","2020-06-02 23:05:00",NULL,NULL,"85"
"20946","14404","11526","11308","56688","Shipped","2021-06-12 03:49:23","2021-06-12 08:54:00",NULL,NULL,"85"
"21226","14592","11656","14161","57408","Shipped","2022-03-29 16:18:23","2022-03-30 17:38:00",NULL,NULL,"85"
"22535","15495","12382","2639","60908","Shipped","2021-04-17 16:51:31","2021-04-20 07:08:00",NULL,NULL,"85"
"23960","16479","13172","17844","64769","Shipped","2022-03-30 03:49:10","2022-03-30 18:05:00",NULL,NULL,"85"
"24494","16852","13466","20188","66197","Shipped","2022-05-12 09:56:40","2022-05-12 13:22:00",NULL,NULL,"85"
"25234","17388","13890","23990","68194","Shipped","2021-05-02 14:58:36","2021-05-03 11:06:00",NULL,NULL,"85"
"25363","17476","13959","22597","68534","Shipped","2021-04-13 07:31:38","2021-04-15 16:57:00",NULL,NULL,"85"
"27387","18864","15086","22203","74036","Shipped","2022-05-04 21:26:37","2022-05-06 04:22:00",NULL,NULL,"85"
"28551","19660","15719","11625","77173","Shipped","2020-12-30 16:29:46","2020-12-30 12:51:00",NULL,NULL,"85"
"32691","22503","17980","19144","88348","Shipped","2022-08-04 11:05:33","2022-08-03 19:46:00",NULL,NULL,"85"
"35775","24621","19683","15120","96605","Shipped","2020-01-22 04:07:44","2020-01-23 09:09:00",NULL,NULL,"85"
"37738","25981","20759","4683","101876","Shipped","2022-07-25 15:47:00","2022-07-23 20:54:00",NULL,NULL,"85"
"41474","28525","22753","23990","111951","Shipped","2021-06-30 10:12:13","2021-07-02 19:56:00",NULL,NULL,"85"
"41937","28852","23020","24200","113220","Shipped","2021-09-20 01:10:29","2021-09-17 04:33:00",NULL,NULL,"85"
"42336","29126","23229","5003","114309","Shipped","2020-03-07 01:53:36","2020-03-07 11:36:00",NULL,NULL,"85"
"46575","32071","25604","28768","125757","Shipped","2022-02-24 02:02:30","2022-02-26 16:33:00",NULL,NULL,"85"
"48043","33090","26436","15775","129682","Shipped","2022-06-11 14:10:00","2022-06-08 19:59:00",NULL,NULL,"85"
"48053","33096","26441","18955","129713","Shipped","2021-12-13 13:03:15","2021-12-12 09:49:00",NULL,NULL,"85"
"48080","33113","26455","22350","129784","Shipped","2022-07-26 23:24:11","2022-07-28 07:37:00",NULL,NULL,"85"
"49053","33783","26985","16013","132381","Shipped","2022-07-14 05:07:44","2022-07-12 03:28:00",NULL,NULL,"85"
"49403","34022","27162","22350","133342","Shipped","2022-06-10 13:42:14","2022-06-12 10:17:00",NULL,NULL,"85"
"50137","34526","27562","22938","135342","Shipped","2021-11-26 15:41:14","2021-11-29 02:03:00",NULL,NULL,"85"
"51722","35645","28484","17100","139612","Shipped","2021-02-20 01:43:27","2021-02-21 15:17:00",NULL,NULL,"85"
"55997","38597","30853","16013","151116","Shipped","2020-08-25 10:58:12","2020-08-26 01:34:00",NULL,NULL,"85"
"56414","38886","31086","19185","152258","Shipped","2021-11-17 05:33:49","2021-11-18 21:23:00",NULL,NULL,"85"
"56959","39256","31378","11701","153722","Shipped","2022-08-21 18:37:05","2022-08-24 04:00:00",NULL,NULL,"85"
"57844","39861","31857","24225","156094","Shipped","2020-09-23 01:02:01","2020-09-24 03:50:00",NULL,NULL,"85"
"57857","39872","31865","22155","156131","Shipped","2022-04-27 08:27:36","2022-04-24 10:09:00",NULL,NULL,"85"
"58844","40554","32385","14161","158811","Shipped","2019-09-18 06:21:24","2019-09-19 13:34:00",NULL,NULL,"85"
"59342","40891","32657","9966","160168","Shipped","2021-10-06 17:32:33","2021-10-07 07:55:00",NULL,NULL,"85"
"59441","40955","32708","28647","160441","Shipped","2022-07-21 01:14:02","2022-07-20 20:24:00",NULL,NULL,"85"
"60458","41639","33278","22155","163231","Shipped","2021-10-25 02:38:36","2021-10-27 11:48:00",NULL,NULL,"85"
"60469","41648","33287","8438","163265","Shipped","2022-05-12 15:24:47","2022-05-12 00:14:00",NULL,NULL,"85"
"63934","44012","35202","19185","172594","Shipped","2021-10-04 10:20:35","2021-10-01 15:38:00",NULL,NULL,"85"
"64009","44059","35240","28647","172801","Shipped","2021-02-11 03:41:16","2021-02-11 12:46:00",NULL,NULL,"85"
"65842","45326","36234","22938","177790","Shipped","2020-01-25 00:48:34","2020-01-25 11:27:00",NULL,NULL,"85"
"66529","45772","36601","4714","179636","Shipped","2022-07-11 07:11:48","2022-07-09 12:34:00",NULL,NULL,"85"
"67145","46192","36939","11771","181315","Shipped","2020-07-30 02:47:08","2020-07-31 17:02:00",NULL,NULL,"85"
"68640","47241","37782","19185","185294","Shipped","2022-08-28 02:43:29","2022-08-29 23:00:00",NULL,NULL,"85"
"72024","49606","39712","28088","194433","Shipped","2022-05-06 17:47:26","2022-05-07 01:47:00",NULL,NULL,"85"
"72245","49755","39820","18662","195036","Shipped","2021-09-07 04:13:47","2021-09-07 04:02:00",NULL,NULL,"85"
"73041","50316","40274","15091","197231","Shipped","2022-07-30 21:23:14","2022-08-02 02:56:00",NULL,NULL,"85"
"75061","51723","41379","18922","202663","Shipped","2022-02-01 22:59:23","2022-02-01 16:17:00",NULL,NULL,"85"
"75656","52136","41746","15091","204270","Shipped","2022-01-10 15:59:07","2022-01-12 08:49:00",NULL,NULL,"85"
"76713","52885","42317","17342","207161","Shipped","2022-08-10 06:13:29","2022-08-12 13:15:00",NULL,NULL,"85"
"79633","54919","43918","2273","215025","Shipped","2021-10-26 11:06:55","2021-10-26 05:15:00",NULL,NULL,"85"
"80666","55630","44466","22155","217844","Shipped","2022-05-14 04:37:51","2022-05-15 20:03:00",NULL,NULL,"85"
"82578","56998","45569","17844","223011","Shipped","2022-04-13 23:09:48","2022-04-12 08:02:00",NULL,NULL,"85"
"83173","57431","45910","15091","224638","Shipped","2022-08-07 02:48:18","2022-08-08 00:09:00",NULL,NULL,"85"
"84759","58556","46833","3471","228931","Shipped","2020-05-20 07:16:36","2020-05-20 11:12:00",NULL,NULL,"85"
"85068","58785","47000","11701","229776","Shipped","2022-09-06 15:11:12","2022-09-04 09:48:00",NULL,NULL,"85"
"85771","59273","47413","18925","231680","Shipped","2020-12-30 07:11:05","2020-12-30 10:56:00",NULL,NULL,"85"
"94084","65005","52011","13297","254122","Shipped","2021-07-21 12:59:53","2021-07-22 21:48:00",NULL,NULL,"85"
"95353","65905","52718","24200","257570","Shipped","2022-01-02 13:44:08","2022-01-02 10:53:00",NULL,NULL,"85"
"97161","67139","53640","22455","262448","Shipped","2022-08-27 09:15:33","2022-08-29 13:42:00",NULL,NULL,"85"
"99450","68725","54949","12779","268632","Shipped","2022-06-19 08:43:18","2022-06-22 08:50:00",NULL,NULL,"85"
"101925","70439","56313","19713","275283","Shipped","2020-07-17 08:30:14","2020-07-19 12:43:00",NULL,NULL,"85"
"105365","72808","58239","12779","284590","Shipped","2021-09-28 12:27:23","2021-09-29 12:15:00",NULL,NULL,"85"
"106181","73381","58698","16656","286804","Shipped","2022-06-05 18:38:17","2022-06-05 22:11:00",NULL,NULL,"85"
"106304","73459","58753","16764","287140","Shipped","2021-08-08 14:49:26","2021-08-09 06:24:00",NULL,NULL,"85"
"108292","74816","59828","22938","292540","Shipped","2021-06-18 05:54:51","2021-06-17 10:06:00",NULL,NULL,"85"
"110176","76108","60861","4353","297574","Shipped","2021-05-27 12:31:27","2021-05-28 09:22:00",NULL,NULL,"85"
"110606","76405","61104","16013","298710","Shipped","2020-06-05 06:31:35","2020-06-06 14:00:00",NULL,NULL,"85"
"111913","77297","61848","5444","302258","Shipped","2022-02-21 03:53:06","2022-02-23 12:55:00",NULL,NULL,"85"
"113141","78147","62509","18662","305587","Shipped","2021-12-23 11:24:06","2021-12-25 12:31:00",NULL,NULL,"85"
"114332","78973","63164","22203","308793","Shipped","2022-05-22 02:31:00","2022-05-25 01:54:00",NULL,NULL,"85"
"116985","80773","64667","5444","315919","Shipped","2020-04-29 08:37:13","2020-04-27 18:05:00",NULL,NULL,"85"
"117447","81072","64933","27322","317144","Shipped","2020-08-19 13:02:50","2020-08-19 14:13:00",NULL,NULL,"85"
"118871","82065","65705","22239","320965","Shipped","2020-10-22 23:01:11","2020-10-22 17:18:00",NULL,NULL,"85"
"119988","82832","66309","15775","323969","Shipped","2022-04-27 05:34:40","2022-04-27 11:19:00",NULL,NULL,"85"
"120346","83051","66496","28203","324933","Shipped","2022-01-14 15:45:16","2022-01-13 20:17:00",NULL,NULL,"85"
"120616","83243","66661","21122","325677","Shipped","2022-04-22 09:02:26","2022-04-23 19:03:00",NULL,NULL,"85"
"123944","85502","68411","2273","334616","Shipped","2021-01-29 07:51:00","2021-01-26 09:48:00",NULL,NULL,"85"
"123957","85511","68421","24200","334649","Shipped","2022-02-20 00:33:07","2022-02-20 03:22:00",NULL,NULL,"85"
"127384","87841","70326","22646","343905","Shipped","2022-05-30 13:01:13","2022-05-29 12:04:00",NULL,NULL,"85"
"129924","89607","71768","13297","350790","Shipped","2019-07-12 04:24:22","2019-07-12 08:46:00",NULL,NULL,"85"
"130385","89929","72040","28091","352041","Shipped","2021-01-23 01:34:12","2021-01-23 10:00:00",NULL,NULL,"85"
"131658","90818","72742","19713","355479","Shipped","2021-01-05 06:35:23","2021-01-06 01:34:00",NULL,NULL,"85"
"132544","91428","73221","5003","357899","Shipped","2022-01-04 05:38:50","2022-01-04 17:45:00",NULL,NULL,"85"
"133489","92097","73766","12779","360452","Shipped","2021-10-30 01:29:05","2021-10-28 11:57:00",NULL,NULL,"85"
"133687","92241","73883","28203","360989","Shipped","2021-07-05 10:59:23","2021-07-07 07:04:00",NULL,NULL,"85"
"134141","92558","74145","22350","362206","Shipped","2020-05-14 21:47:09","2020-05-16 10:08:00",NULL,NULL,"85"
"134283","92655","74227","17342","362600","Shipped","2022-07-16 11:08:52","2022-07-17 13:57:00",NULL,NULL,"85"
"134740","92953","74470","22239","363863","Shipped","2022-04-24 15:01:12","2022-04-25 14:56:00",NULL,NULL,"85"
"137044","94577","75808","18925","370055","Shipped","2022-04-30 21:08:39","2022-05-02 00:25:00",NULL,NULL,"85"
"138930","95873","76874","18138","375162","Shipped","2022-04-25 11:41:31","2022-04-28 08:08:00",NULL,NULL,"85"
"140078","96636","77496","24200","378239","Shipped","2022-09-02 13:37:56","2022-09-02 21:04:00",NULL,NULL,"85"
"140833","97144","77911","28647","380256","Shipped","2022-06-10 11:40:51","2022-06-11 15:08:00",NULL,NULL,"85"
"141420","97552","78240","3471","381858","Shipped","2019-08-05 06:43:47","2019-08-08 01:25:00",NULL,NULL,"85"
"141876","97860","78462","11625","383066","Shipped","2020-01-03 07:46:27","2020-01-03 05:02:00",NULL,NULL,"85"
"143755","99190","79523","17844","388119","Shipped","2021-01-30 07:28:12","2021-02-01 19:12:00",NULL,NULL,"85"
"145157","100158","80316","16047","391953","Shipped","2022-07-08 11:34:24","2022-07-09 19:12:00",NULL,NULL,"85"
"146678","101189","81188","4683","396071","Shipped","2020-11-21 06:37:38","2020-11-18 22:19:00",NULL,NULL,"85"
"147136","101514","81430","21122","397287","Shipped","2021-10-01 13:19:11","2021-10-01 20:38:00",NULL,NULL,"85"
"147711","101928","81750","18925","398829","Shipped","2019-09-30 07:17:48","2019-09-26 17:25:00",NULL,NULL,"85"
"148349","102373","82118","2174","400568","Shipped","2021-04-10 16:48:40","2021-04-13 09:17:00",NULL,NULL,"85"
"151751","104694","83996","5444","409831","Shipped","2020-07-01 00:33:16","2020-07-03 14:24:00",NULL,NULL,"85"
"152312","105088","84327","18662","411342","Shipped","2020-04-16 16:18:46","2020-04-15 17:47:00",NULL,NULL,"85"
"152586","105286","84470","11308","412071","Shipped","2020-06-10 14:11:14","2020-06-12 11:27:00",NULL,NULL,"85"
"154064","106302","85261","8438","416033","Shipped","2022-06-04 00:38:48","2022-06-07 03:25:00",NULL,NULL,"85"
"155676","107388","86163","22239","420350","Shipped","2022-03-26 03:17:41","2022-03-27 05:21:00",NULL,NULL,"85"
"156232","107769","86454","13297","421841","Shipped","2021-09-13 10:34:45","2021-09-11 01:33:00",NULL,NULL,"85"
"157718","108775","87235","21122","425844","Shipped","2019-12-18 05:12:35","2019-12-14 13:51:00",NULL,NULL,"85"
"157889","108904","87348","27322","426304","Shipped","2022-07-12 13:51:14","2022-07-13 17:43:00",NULL,NULL,"85"
"158505","109333","87686","14161","427948","Shipped","2020-02-07 11:37:14","2020-02-09 08:20:00",NULL,NULL,"85"
"159303","109899","88132","3471","430114","Shipped","2021-11-27 08:37:10","2021-11-27 03:04:00",NULL,NULL,"85"
"163258","112608","90300","22597","440829","Shipped","2022-06-26 15:09:02","2022-06-25 13:35:00",NULL,NULL,"85"
"163910","113068","90674","4575","442617","Shipped","2019-12-08 01:40:16","2019-12-09 15:10:00",NULL,NULL,"85"
"164838","113692","91145","22155","445177","Shipped","2022-03-15 09:41:47","2022-03-15 13:11:00",NULL,NULL,"85"
"167472","115491","92571","22646","452284","Shipped","2020-07-02 04:37:41","2020-07-02 18:07:00",NULL,NULL,"85"
"169287","116752","93611","4683","457150","Shipped","2022-09-04 06:53:08","2022-09-01 02:36:00",NULL,NULL,"85"
"172918","119258","95594","16764","467037","Shipped","2022-07-29 07:32:58","2022-07-26 18:09:00",NULL,NULL,"85"
"175420","120975","96989","17100","473749","Shipped","2021-05-02 12:44:29","2021-05-03 09:17:00",NULL,NULL,"85"
"176810","121938","97794","18605","477534","Shipped","2021-11-19 22:11:35","2021-11-21 11:32:00",NULL,NULL,"85"
"176972","122052","97884","17100","477956","Shipped","2022-05-26 09:20:29","2022-05-28 07:10:00",NULL,NULL,"85"
"178915","123403","98983","20911","483163","Shipped","2021-06-02 22:39:41","2021-06-04 09:56:00",NULL,NULL,"85"
"179909","124073","99513","16013","485834","Shipped","2020-11-27 06:23:03","2020-11-28 06:43:00",NULL,NULL,"85"
"2993","2040","1647","8484","8100","Complete","2022-09-03 22:47:02","2022-09-01 20:19:00","2022-09-02 02:27:00",NULL,"85"
"4391","3000","2419","16013","11913","Complete","2020-01-24 01:54:57","2020-01-24 14:02:00","2020-01-28 00:59:00",NULL,"85"
"11301","7770","6300","22350","30612","Complete","2019-12-03 04:22:22","2019-12-04 10:24:00","2019-12-07 18:43:00",NULL,"85"
"11809","8135","6589","17436","31992","Complete","2022-07-21 03:12:33","2022-07-20 07:38:00","2022-07-23 18:56:00",NULL,"85"
"12437","8575","6920","17633","33697","Complete","2021-07-16 00:19:41","2021-07-15 20:31:00","2021-07-16 17:38:00",NULL,"85"
"16034","11012","8836","28768","43392","Complete","2021-03-20 13:15:54","2021-03-21 13:27:00","2021-03-24 06:49:00",NULL,"85"
"16532","11376","9148","28091","44749","Complete","2020-06-17 09:07:00","2020-06-17 09:26:00","2020-06-21 13:44:00",NULL,"85"
"16722","11511","9266","28091","45269","Complete","2022-08-02 05:39:13","2022-07-31 20:13:00","2022-08-02 09:15:00",NULL,"85"
"17891","12303","9899","22938","48469","Complete","2021-06-02 06:47:07","2021-06-04 04:12:00","2021-06-07 09:08:00",NULL,"85"
"18319","12592","10098","14161","49614","Complete","2022-06-12 16:14:26","2022-06-14 18:22:00","2022-06-17 01:48:00",NULL,"85"
"20507","14099","11294","16764","55509","Complete","2021-06-26 13:02:29","2021-06-25 07:13:00","2021-06-26 19:47:00",NULL,"85"
"21274","14627","11690","19185","57535","Complete","2021-10-22 05:20:05","2021-10-25 07:01:00","2021-10-25 07:45:00",NULL,"85"
"23320","16038","12810","28647","63027","Complete","2021-12-29 13:50:50","2021-12-30 21:55:00","2022-01-04 09:23:00",NULL,"85"
"23631","16263","13015","3471","63885","Complete","2019-07-12 03:41:37","2019-07-13 20:57:00","2019-07-15 03:08:00",NULL,"85"
"24268","16692","13345","8484","65589","Complete","2021-04-29 10:35:31","2021-04-25 19:40:00","2021-04-29 10:19:00",NULL,"85"
"25082","17281","13803","22203","67797","Complete","2021-12-29 10:11:44","2021-12-26 01:46:00","2021-12-29 21:43:00",NULL,"85"
"27168","18713","14960","15775","73452","Complete","2022-02-03 02:58:21","2022-02-01 02:52:00","2022-02-03 06:24:00",NULL,"85"
"28689","19755","15792","28768","77540","Complete","2021-12-03 01:38:51","2021-12-05 00:10:00","2021-12-08 05:01:00",NULL,"85"
"30008","20674","16536","3471","81126","Complete","2021-10-11 11:42:33","2021-10-14 08:48:00","2021-10-17 23:39:00",NULL,"85"
"32185","22149","17715","8438","86954","Complete","2022-04-27 23:08:18","2022-04-28 22:57:00","2022-05-01 07:08:00",NULL,"85"
"32608","22445","17945","18138","88119","Complete","2022-01-18 10:03:29","2022-01-18 14:51:00","2022-01-22 03:56:00",NULL,"85"
"37258","25657","20503","11771","100607","Complete","2019-10-11 03:45:52","2019-10-10 20:14:00","2019-10-13 02:47:00",NULL,"85"
"40610","27937","22297","4353","109644","Complete","2022-09-01 01:55:45.331299","2022-09-03 13:26:51.331299","2022-09-04 01:01:51.331299",NULL,"85"
"44059","30312","24180","13297","119003","Complete","2020-06-28 02:25:24","2020-06-29 12:32:00","2020-07-01 03:55:00",NULL,"85"
"45022","30998","24744","17436","121590","Complete","2022-09-01 12:49:05","2022-09-02 10:25:00","2022-09-06 22:40:00",NULL,"85"
"47959","33042","26395","12779","129452","Complete","2021-11-06 13:06:31","2021-11-03 19:49:00","2021-11-08 02:59:00",NULL,"85"
"52408","36115","28848","4714","141425","Complete","2022-08-16 05:45:29","2022-08-14 07:11:00","2022-08-19 05:01:00",NULL,"85"
"55181","38032","30385","22938","148881","Complete","2021-03-21 15:35:46","2021-03-22 03:53:00","2021-03-25 22:50:00",NULL,"85"
"56095","38670","30917","4575","151381","Complete","2021-02-02 14:41:30","2021-02-02 11:57:00","2021-02-04 14:22:00",NULL,"85"
"56523","38960","31148","16656","152553","Complete","2021-03-05 16:30:33","2021-03-04 15:13:00","2021-03-05 11:43:00",NULL,"85"
"58179","40103","32044","22203","157005","Complete","2021-07-31 16:51:23","2021-07-31 04:57:00","2021-08-04 18:45:00",NULL,"85"
"61456","42319","33824","22155","165899","Complete","2021-08-31 16:05:44","2021-09-02 11:34:00","2021-09-03 22:56:00",NULL,"85"
"66154","45525","36391","28203","178635","Complete","2022-02-19 08:15:21","2022-02-20 09:13:00","2022-02-20 18:45:00",NULL,"85"
"67533","46462","37159","28091","182350","Complete","2022-07-24 01:40:28","2022-07-26 05:14:00","2022-07-29 23:29:00",NULL,"85"
"68651","47248","37788","2174","185323","Complete","2021-10-18 22:35:18","2021-10-19 16:17:00","2021-10-23 07:05:00",NULL,"85"
"70195","48336","38652","2174","189504","Complete","2022-05-17 17:15:09","2022-05-20 09:23:00","2022-05-22 22:55:00",NULL,"85"
"72489","49925","39958","3351","195736","Complete","2022-08-12 10:20:52","2022-08-13 16:44:00","2022-08-14 08:52:00",NULL,"85"
"73696","50753","40611","22155","198982","Complete","2021-05-05 11:18:55","2021-05-07 05:55:00","2021-05-08 18:17:00",NULL,"85"
"74086","51034","40840","5444","200036","Complete","2021-06-04 04:46:09","2021-06-04 01:29:00","2021-06-04 21:35:00",NULL,"85"
"75653","52133","41742","16047","204261","Complete","2022-07-17 03:32:42","2022-07-15 17:07:00","2022-07-16 13:07:00",NULL,"85"
"78633","54209","43398","5444","212281","Complete","2021-07-02 03:13:03","2021-06-29 09:29:00","2021-07-03 18:08:00",NULL,"85"
"79716","54978","43966","2639","215248","Complete","2021-05-22 14:27:34","2021-05-25 03:46:00","2021-05-27 23:42:00",NULL,"85"
"83032","57330","45829","11771","224240","Complete","2021-09-14 07:21:16","2021-09-10 18:08:00","2021-09-15 00:44:00",NULL,"85"
"84254","58207","46544","28647","227566","Complete","2022-05-21 18:24:51","2022-05-21 23:42:00","2022-05-24 20:27:00",NULL,"85"
"85984","59415","47530","22350","232250","Complete","2021-08-20 03:57:03","2021-08-21 03:45:00","2021-08-21 07:57:00",NULL,"85"
"88110","60899","48741","16656","238019","Complete","2022-05-29 08:51:42","2022-06-01 04:19:00","2022-06-05 13:44:00",NULL,"85"
"88919","61458","49204","8502","240235","Complete","2022-08-27 09:47:47","2022-08-26 22:30:00","2022-08-30 04:37:00",NULL,"85"
"89124","61603","49315","18605","240774","Complete","2022-05-17 14:43:31","2022-05-18 03:37:00","2022-05-18 15:47:00",NULL,"85"
"90797","62746","50228","20188","245285","Complete","2022-05-31 16:10:20","2022-06-01 02:06:00","2022-06-05 10:09:00",NULL,"85"
"91676","63347","50720","17633","247636","Complete","2021-07-28 07:13:04","2021-07-31 06:40:00","2021-08-01 02:01:00",NULL,"85"
"91739","63393","50753","17840","247801","Complete","2022-06-20 12:50:42","2022-06-19 06:48:00","2022-06-21 20:30:00",NULL,"85"
"92744","64081","51290","28091","250498","Complete","2022-05-20 06:23:27","2022-05-22 15:08:00","2022-05-23 01:25:00",NULL,"85"
"97268","67224","53712","4683","262745","Complete","2022-04-02 03:12:47","2022-04-01 12:16:00","2022-04-03 08:47:00",NULL,"85"
"98514","68068","54403","23990","266126","Complete","2021-08-20 17:11:31","2021-08-23 10:16:00","2021-08-25 18:21:00",NULL,"85"
"101424","70085","56031","17436","273924","Complete","2021-10-16 04:16:34","2021-10-16 18:40:00","2021-10-19 01:11:00",NULL,"85"
"102475","70808","56610","21122","276808","Complete","2021-04-16 05:16:55","2021-04-16 19:24:00","2021-04-21 13:28:00",NULL,"85"
"103278","71362","57041","17844","278968","Complete","2022-01-21 07:47:04","2022-01-20 20:52:00","2022-01-25 14:59:00",NULL,"85"
"104825","72429","57910","15775","283155","Complete","2022-04-12 00:30:47","2022-04-15 01:22:00","2022-04-16 15:59:00",NULL,"85"
"105123","72647","58092","18605","283954","Complete","2022-04-02 12:05:45","2022-04-04 16:55:00","2022-04-05 20:35:00",NULL,"85"
"105735","73062","58433","28768","285606","Complete","2020-04-03 23:58:29","2020-04-06 04:17:00","2020-04-10 00:27:00",NULL,"85"
"105913","73191","58546","18955","286092","Complete","2021-05-25 08:08:16","2021-05-27 11:47:00","2021-05-28 22:03:00",NULL,"85"
"109728","75789","60591","19504","296400","Complete","2022-07-24 00:14:35","2022-07-23 00:52:00","2022-07-23 03:03:00",NULL,"85"
"109879","75891","60676","11625","296790","Complete","2022-02-19 03:28:15","2022-02-22 02:32:00","2022-02-22 08:24:00",NULL,"85"
"110021","75995","60765","8654","297167","Complete","2022-06-26 15:11:29","2022-06-27 07:50:00","2022-06-28 14:51:00",NULL,"85"
"110492","76323","61043","19504","298410","Complete","2019-05-20 12:24:55","2019-05-20 22:54:00","2019-05-24 08:05:00",NULL,"85"
"111079","76741","61387","3351","299987","Complete","2022-04-07 01:39:24","2022-04-07 22:18:00","2022-04-09 01:31:00",NULL,"85"
"111766","77208","61778","2639","301851","Complete","2021-01-29 00:16:06","2021-01-31 22:03:00","2021-02-01 22:41:00",NULL,"85"
"164416","113414","90935","24225","444018","Cancelled","2021-03-18 08:24:01",NULL,NULL,NULL,"85"
"115478","79759","63816","14161","311879","Complete","2022-09-03 12:51:39.488984","2022-09-05 05:12:16.488984","2022-09-07 07:55:16.488984",NULL,"85"
"115711","79908","63946","17436","312498","Complete","2022-06-08 06:24:15","2022-06-10 20:42:00","2022-06-13 13:18:00",NULL,"85"
"116134","80195","64192","19504","313657","Complete","2022-05-10 11:26:51","2022-05-09 08:26:00","2022-05-12 19:58:00",NULL,"85"
"119969","82817","66298","4575","323918","Complete","2022-04-09 15:31:57","2022-04-09 13:49:00","2022-04-10 18:32:00",NULL,"85"
"122369","84418","67574","27322","330399","Complete","2021-05-19 01:02:35","2021-05-19 03:32:00","2021-05-22 19:42:00",NULL,"85"
"123617","85283","68253","13297","333748","Complete","2022-05-23 23:42:03","2022-05-26 02:15:00","2022-05-29 10:24:00",NULL,"85"
"125989","86894","69540","19504","340159","Complete","2022-03-19 10:57:25","2022-03-19 12:31:00","2022-03-19 22:31:00",NULL,"85"
"126455","87228","69812","16013","341423","Complete","2022-05-21 14:48:52","2022-05-23 00:20:00","2022-05-23 21:40:00",NULL,"85"
"126906","87530","70071","5003","342650","Complete","2021-05-22 08:58:31","2021-05-22 20:08:00","2021-05-27 10:23:00",NULL,"85"
"127962","88252","70673","17100","345497","Complete","2022-07-19 03:14:33","2022-07-21 07:19:00","2022-07-24 22:25:00",NULL,"85"
"130993","90364","72378","16764","353691","Complete","2020-11-30 23:28:06","2020-11-28 08:12:00","2020-11-30 22:41:00",NULL,"85"
"131009","90373","72385","12779","353733","Complete","2022-03-14 04:09:05","2022-03-12 04:32:00","2022-03-16 01:58:00",NULL,"85"
"131032","90386","72398","8438","353789","Complete","2022-09-01 14:46:19","2022-08-31 19:56:00","2022-09-03 13:03:00",NULL,"85"
"132842","91648","73406","18925","358717","Complete","2022-08-02 14:36:03","2022-08-05 09:26:00","2022-08-09 08:29:00",NULL,"85"
"133807","92325","73949","12779","361318","Complete","2022-01-06 05:01:37","2022-01-09 00:56:00","2022-01-10 19:16:00",NULL,"85"
"133821","92335","73956","18662","361355","Complete","2022-06-26 00:25:09","2022-06-26 14:03:00","2022-06-29 11:19:00",NULL,"85"
"134253","92630","74205","22350","362519","Complete","2021-12-13 11:31:30","2021-12-15 19:04:00","2021-12-17 06:51:00",NULL,"85"
"136453","94169","75485","28088","368455","Complete","2021-07-28 05:03:02","2021-07-28 00:53:00","2021-07-28 19:50:00",NULL,"85"
"139908","96513","77394","17840","377782","Complete","2022-04-09 06:24:56","2022-04-10 19:18:00","2022-04-14 08:31:00",NULL,"85"
"140972","97236","77986","4575","380630","Complete","2022-08-05 08:59:10","2022-08-06 16:19:00","2022-08-10 21:05:00",NULL,"85"
"141904","97875","78474","9966","383144","Complete","2021-11-20 14:15:19","2021-11-19 21:35:00","2021-11-22 07:35:00",NULL,"85"
"143150","98771","79194","28091","386512","Complete","2021-01-06 10:21:53","2021-01-08 15:55:00","2021-01-13 05:23:00",NULL,"85"
"144464","99670","79915","19504","390054","Complete","2022-08-24 11:54:53","2022-08-24 05:59:00","2022-08-26 06:11:00",NULL,"85"
"149640","103279","82839","27322","404090","Complete","2020-11-03 10:09:31","2020-11-04 11:18:00","2020-11-04 21:43:00",NULL,"85"
"149903","103453","82983","15775","404816","Complete","2020-05-11 01:18:28","2020-05-12 04:39:00","2020-05-14 19:51:00",NULL,"85"
"153851","106160","85164","27322","415455","Complete","2020-01-06 00:48:45","2020-01-06 14:20:00","2020-01-10 13:58:00",NULL,"85"
"156461","107929","86571","28203","422447","Complete","2021-10-15 02:12:31","2021-10-15 20:23:00","2021-10-16 17:37:00",NULL,"85"
"157084","108351","86889","17844","424135","Complete","2021-03-13 02:31:57","2021-03-10 04:48:00","2021-03-10 06:11:00",NULL,"85"
"158157","109088","87486","28647","427010","Complete","2022-07-22 13:56:36","2022-07-19 18:21:00","2022-07-22 16:42:00",NULL,"85"
"163380","112690","90360","2174","441164","Complete","2022-05-20 03:36:21","2022-05-22 15:25:00","2022-05-23 20:32:00",NULL,"85"
"163616","112864","90496","19144","441810","Complete","2022-06-12 05:37:56","2022-06-08 21:47:00","2022-06-11 04:10:00",NULL,"85"
"164074","113174","90759","17840","443072","Complete","2022-01-28 13:12:34","2022-01-28 18:06:00","2022-02-01 10:54:00",NULL,"85"
"165376","114058","91444","22350","446654","Complete","2022-08-08 03:55:52","2022-08-10 17:32:00","2022-08-13 01:13:00",NULL,"85"
"169427","116850","93677","22597","457520","Complete","2022-06-23 05:49:15","2022-06-24 18:29:00","2022-06-27 15:49:00",NULL,"85"
"169734","117050","93855","28647","458353","Complete","2022-01-24 02:30:04","2022-01-22 09:36:00","2022-01-22 16:10:00",NULL,"85"
"170183","117349","94104","18138","459592","Complete","2022-08-15 14:23:25","2022-08-18 01:58:00","2022-08-22 20:59:00",NULL,"85"
"171891","118527","95026","5003","464244","Complete","2021-05-15 08:56:29","2021-05-14 15:55:00","2021-05-16 17:53:00",NULL,"85"
"173247","119485","95794","28647","467907","Complete","2020-09-07 11:02:58","2020-09-08 20:15:00","2020-09-09 14:09:00",NULL,"85"
"174926","120630","96723","28647","472395","Complete","2020-04-11 14:19:19","2020-04-14 11:57:00","2020-04-19 09:13:00",NULL,"85"
"176494","121721","97626","20188","476669","Complete","2020-09-03 05:28:10","2020-09-03 07:57:00","2020-09-05 07:42:00",NULL,"85"
"177131","122154","97949","22319","478399","Complete","2021-07-17 06:57:00","2021-07-16 21:13:00","2021-07-19 21:44:00",NULL,"85"
"178386","123037","98688","22646","481732","Complete","2022-08-04 03:47:54","2022-08-02 11:50:00","2022-08-03 00:10:00",NULL,"85"
"178979","123446","99022","27322","483341","Complete","2022-02-10 04:08:07","2022-02-10 12:18:00","2022-02-14 22:41:00",NULL,"85"
"3047","2074","1670","3351","8238","Returned","2020-03-23 14:47:13","2020-03-26 04:19:00","2020-03-30 15:52:00","2020-04-02 04:16:00","85"
"5978","4068","3303","19185","16175","Returned","2020-05-10 01:19:03","2020-05-10 10:36:00","2020-05-12 22:12:00","2020-05-13 02:15:00","85"
"9111","6247","5055","12779","24694","Returned","2020-10-26 12:34:13","2020-10-24 14:12:00","2020-10-29 11:07:00","2020-10-31 04:31:00","85"
"11442","7871","6380","19144","30998","Returned","2020-01-10 23:04:57","2020-01-11 00:04:00","2020-01-15 18:14:00","2020-01-17 19:35:00","85"
"12834","8859","7147","11308","34778","Returned","2022-05-26 06:53:50","2022-05-28 20:56:00","2022-05-31 09:30:00","2022-06-01 19:16:00","85"
"14764","10156","8166","18925","39994","Returned","2021-01-23 17:23:51","2021-01-25 19:32:00","2021-01-26 04:04:00","2021-01-26 08:18:00","85"
"16963","11673","9398","22350","45934","Returned","2020-11-07 09:49:34","2020-11-07 17:26:00","2020-11-08 04:34:00","2020-11-10 21:59:00","85"
"18461","12687","10181","18922","49984","Returned","2022-05-09 04:54:05","2022-05-07 13:12:00","2022-05-07 13:14:00","2022-05-10 11:56:00","85"
"20780","14291","11435","3351","56251","Returned","2022-09-02 14:11:03.282354","2022-09-04 09:22:49.282354","2022-09-07 16:35:49.282354","2022-09-10 04:58:49.282354","85"
"21962","15102","12055","28088","59367","Returned","2020-11-26 12:05:49","2020-11-26 04:42:00","2020-11-30 12:48:00","2020-12-02 15:01:00","85"
"23604","16243","12997","20188","63813","Returned","2021-08-25 23:13:03","2021-08-27 23:32:00","2021-08-30 02:53:00","2021-08-31 23:03:00","85"
"23841","16407","13114","5444","64453","Returned","2021-10-26 08:13:17","2021-10-29 04:20:00","2021-11-01 00:04:00","2021-11-03 09:13:00","85"
"29167","20076","16041","19504","78852","Returned","2021-03-22 06:52:45","2021-03-22 19:14:00","2021-03-26 11:10:00","2021-03-26 22:07:00","85"
"30493","21007","16823","17436","82454","Returned","2022-08-16 12:09:31","2022-08-16 23:55:00","2022-08-19 05:06:00","2022-08-20 19:04:00","85"
"32202","22157","17723","20188","87002","Returned","2022-05-18 01:59:24","2022-05-19 19:54:00","2022-05-24 13:03:00","2022-05-26 01:57:00","85"
"43587","29983","23904","18955","117712","Returned","2020-10-04 03:24:15","2020-10-06 01:10:00","2020-10-08 05:56:00","2020-10-10 20:30:00","85"
"44249","30445","24302","22597","119510","Returned","2020-10-08 05:38:46","2020-10-08 20:56:00","2020-10-09 12:42:00","2020-10-11 22:33:00","85"
"57842","39860","31857","20188","156088","Returned","2019-12-22 01:28:36","2019-12-23 02:03:00","2019-12-23 06:41:00","2019-12-25 22:05:00","85"
"61120","42084","33637","17342","165010","Returned","2021-01-31 17:10:10","2021-02-02 01:12:00","2021-02-02 01:27:00","2021-02-02 10:58:00","85"
"65479","45091","36045","19144","176817","Returned","2020-06-06 04:54:07","2020-06-06 11:59:00","2020-06-08 02:18:00","2020-06-10 04:57:00","85"
"70540","48583","38859","28203","190432","Returned","2019-05-15 05:30:08","2019-05-12 23:47:00","2019-05-14 21:13:00","2019-05-17 11:44:00","85"
"74326","51208","40976","8502","200690","Returned","2022-04-06 23:32:27","2022-04-08 16:43:00","2022-04-11 23:36:00","2022-04-12 00:54:00","85"
"74556","51380","41105","8502","201296","Returned","2020-07-09 04:06:38","2020-07-10 06:18:00","2020-07-13 03:57:00","2020-07-13 12:56:00","85"
"81986","56565","45219","991","221397","Returned","2022-02-14 06:17:16","2022-02-14 16:58:00","2022-02-19 05:34:00","2022-02-19 22:47:00","85"
"88001","60822","48689","22350","237731","Returned","2020-01-03 03:42:39","2020-01-03 20:46:00","2020-01-05 05:48:00","2020-01-07 17:38:00","85"
"88932","61465","49209","16013","240270","Returned","2022-05-06 22:36:18","2022-05-07 21:03:00","2022-05-10 09:44:00","2022-05-10 18:34:00","85"
"89599","61937","49582","23990","242036","Returned","2021-12-22 16:31:19","2021-12-23 11:24:00","2021-12-25 11:43:00","2021-12-27 07:12:00","85"
"89967","62185","49778","22319","243025","Returned","2021-02-14 07:54:24","2021-02-13 21:25:00","2021-02-16 05:30:00","2021-02-17 10:25:00","85"
"90064","62248","49821","17633","243302","Returned","2022-04-07 02:12:51","2022-04-09 18:28:00","2022-04-12 21:11:00","2022-04-14 03:58:00","85"
"94993","65638","52514","18605","256604","Returned","2021-07-02 05:29:13","2021-06-30 11:19:00","2021-06-30 11:50:00","2021-07-02 06:23:00","85"
"97736","67544","53981","11625","264023","Returned","2022-07-18 16:21:41","2022-07-19 00:47:00","2022-07-23 21:22:00","2022-07-26 16:37:00","85"
"107504","74279","59383","16656","290371","Returned","2022-08-29 11:07:33","2022-08-31 10:15:00","2022-08-31 15:33:00","2022-09-03 03:03:00","85"
"107612","74346","59433","18605","290669","Returned","2022-07-06 04:59:50","2022-07-08 06:26:00","2022-07-08 21:59:00","2022-07-11 01:00:00","85"
"109716","75784","60588","2838","296365","Returned","2020-04-30 02:36:56","2020-04-29 17:42:00","2020-05-01 15:01:00","2020-05-02 18:18:00","85"
"120448","83134","66561","24225","325232","Returned","2022-03-21 23:04:39","2022-03-21 11:25:00","2022-03-22 12:32:00","2022-03-25 05:13:00","85"
"123628","85289","68256","22646","333774","Returned","2022-06-17 11:51:28","2022-06-18 17:54:00","2022-06-22 08:17:00","2022-06-25 02:01:00","85"
"126601","87320","69888","8484","341826","Returned","2022-09-02 18:37:56","2022-09-02 23:11:00","2022-09-03 22:27:00","2022-09-05 00:11:00","85"
"129891","89587","71754","2838","350696","Returned","2022-05-17 13:51:42","2022-05-16 17:15:00","2022-05-20 12:49:00","2022-05-20 15:16:00","85"
"133908","92391","74005","18955","361578","Returned","2022-07-19 13:08:47","2022-07-21 22:06:00","2022-07-25 13:12:00","2022-07-25 19:15:00","85"
"141217","97397","78111","5444","381303","Returned","2020-12-16 14:18:56","2020-12-19 02:24:00","2020-12-23 08:45:00","2020-12-25 02:49:00","85"
"142433","98261","78788","12779","384577","Returned","2019-06-08 15:57:31","2019-06-09 15:45:00","2019-06-14 07:53:00","2019-06-14 17:43:00","85"
"156850","108189","86778","14161","423502","Returned","2022-09-01 11:01:49","2022-09-01 18:57:00","2022-09-01 20:38:00","2022-09-02 15:36:00","85"
"166453","114789","92018","17342","449562","Returned","2022-09-05 11:56:51","2022-09-04 07:28:00","2022-09-04 22:47:00","2022-09-07 07:50:00","85"
"170588","117621","94330","16764","460695","Returned","2021-07-03 08:07:32","2021-07-03 17:22:00","2021-07-04 08:08:00","2021-07-07 06:19:00","85"
"175419","120974","96989","20188","473746","Returned","2022-03-22 13:07:14","2022-03-22 18:28:00","2022-03-24 10:47:00","2022-03-25 03:17:00","85"
"176189","121510","97454","15120","475841","Returned","2022-02-06 14:32:06","2022-02-08 04:08:00","2022-02-12 09:07:00","2022-02-12 11:05:00","85"
"176299","121584","97508","20188","476139","Returned","2021-02-05 06:15:27","2021-02-07 13:59:00","2021-02-08 04:30:00","2021-02-08 05:13:00","85"
"3030","2064","1665","8484","8194","Cancelled","2022-02-12 06:45:02",NULL,NULL,NULL,"85"
"5507","3760","3063","11771","14919","Cancelled","2020-12-15 03:21:48",NULL,NULL,NULL,"85"
"10837","7447","6060","2838","29374","Cancelled","2022-01-12 13:35:29",NULL,NULL,NULL,"85"
"12972","8952","7221","19185","35143","Cancelled","2021-03-03 10:26:42",NULL,NULL,NULL,"85"
"15369","10557","8489","15091","41633","Cancelled","2022-08-07 10:38:21",NULL,NULL,NULL,"85"
"20828","14323","11459","5003","56377","Cancelled","2022-07-12 15:35:00",NULL,NULL,NULL,"85"
"22618","15554","12432","15120","61133","Cancelled","2022-03-09 12:58:43",NULL,NULL,NULL,"85"
"22990","15813","12644","991","62148","Cancelled","2022-04-29 17:30:01",NULL,NULL,NULL,"85"
"25487","17561","14031","16764","68872","Cancelled","2021-04-10 03:32:38",NULL,NULL,NULL,"85"
"25828","17799","14225","4575","69795","Cancelled","2021-08-18 07:18:11",NULL,NULL,NULL,"85"
"27515","18954","15164","18662","74379","Cancelled","2021-09-22 06:00:36",NULL,NULL,NULL,"85"
"38872","26771","21384","28647","104942","Cancelled","2022-02-22 18:22:59",NULL,NULL,NULL,"85"
"44429","30583","24411","17633","119995","Cancelled","2022-07-16 22:00:21",NULL,NULL,NULL,"85"
"44705","30772","24560","17342","120750","Cancelled","2021-12-06 11:34:35",NULL,NULL,NULL,"85"
"51450","35466","28335","22239","138877","Cancelled","2022-08-24 08:41:38",NULL,NULL,NULL,"85"
"53430","36829","29427","11701","144181","Cancelled","2022-08-13 00:02:57",NULL,NULL,NULL,"85"
"64535","44421","35526","16656","174242","Cancelled","2022-07-24 15:55:28",NULL,NULL,NULL,"85"
"68991","47489","37981","22239","186244","Cancelled","2022-05-26 15:34:51",NULL,NULL,NULL,"85"
"70278","48396","38698","16013","189731","Cancelled","2022-02-09 15:05:16",NULL,NULL,NULL,"85"
"70518","48567","38847","17840","190380","Cancelled","2022-06-22 03:51:10",NULL,NULL,NULL,"85"
"74610","51413","41137","28768","201442","Cancelled","2021-11-23 03:01:52",NULL,NULL,NULL,"85"
"76061","52417","41953","19713","205389","Cancelled","2021-09-03 00:53:15",NULL,NULL,NULL,"85"
"76124","52461","41987","8502","205558","Cancelled","2020-10-31 06:49:52",NULL,NULL,NULL,"85"
"82315","56809","45429","17633","222280","Cancelled","2021-06-27 01:45:32",NULL,NULL,NULL,"85"
"83406","57594","46040","17100","225258","Cancelled","2021-08-02 08:05:54",NULL,NULL,NULL,"85"
"84868","58629","46882","22239","229241","Cancelled","2022-01-29 09:35:56",NULL,NULL,NULL,"85"
"86516","59772","47821","22319","233707","Cancelled","2021-11-03 14:14:58",NULL,NULL,NULL,"85"
"86987","60114","48107","16656","234994","Cancelled","2021-09-16 13:38:22",NULL,NULL,NULL,"85"
"87686","60596","48522","18925","236887","Cancelled","2021-04-29 10:37:32",NULL,NULL,NULL,"85"
"89404","61792","49473","18922","241509","Cancelled","2020-07-30 05:40:25",NULL,NULL,NULL,"85"
"90067","62249","49822","14161","243311","Cancelled","2022-08-20 11:29:12",NULL,NULL,NULL,"85"
"94116","65027","52027","19504","254203","Cancelled","2022-07-06 23:53:25",NULL,NULL,NULL,"85"
"100612","69528","55610","4714","271718","Cancelled","2022-07-04 01:37:49",NULL,NULL,NULL,"85"
"101191","69926","55916","19504","273282","Cancelled","2021-06-08 02:51:02",NULL,NULL,NULL,"85"
"101543","70165","56100","17633","274253","Cancelled","2022-05-15 14:23:17",NULL,NULL,NULL,"85"
"101750","70311","56220","2838","274796","Cancelled","2022-06-12 16:07:18",NULL,NULL,NULL,"85"
"103473","71504","57165","19144","279495","Cancelled","2021-06-10 11:17:20",NULL,NULL,NULL,"85"
"109404","75577","60414","4714","295516","Cancelled","2021-01-26 10:19:45",NULL,NULL,NULL,"85"
"111558","77069","61658","18662","301289","Cancelled","2020-07-10 10:07:37",NULL,NULL,NULL,"85"
"112180","77485","61986","8484","302997","Cancelled","2022-01-16 23:40:49",NULL,NULL,NULL,"85"
"112199","77497","61994","17633","303053","Cancelled","2021-07-21 11:54:23",NULL,NULL,NULL,"85"
"112815","77919","62322","13297","304707","Cancelled","2021-06-30 10:41:04",NULL,NULL,NULL,"85"
"117629","81202","65041","16047","317636","Cancelled","2022-02-11 12:04:23",NULL,NULL,NULL,"85"
"123706","85342","68292","5003","333983","Cancelled","2022-06-28 12:34:56",NULL,NULL,NULL,"85"
"125082","86290","69046","24225","337702","Cancelled","2022-01-24 04:11:13",NULL,NULL,NULL,"85"
"125874","86817","69476","22597","339830","Cancelled","2021-08-26 16:07:16",NULL,NULL,NULL,"85"
"125943","86864","69512","22938","340025","Cancelled","2022-07-07 01:27:18",NULL,NULL,NULL,"85"
"126498","87261","69840","16047","341546","Cancelled","2022-09-03 13:35:50",NULL,NULL,NULL,"85"
"126704","87388","69949","20188","342106","Cancelled","2021-10-31 14:44:20",NULL,NULL,NULL,"85"
"130147","89765","71892","3471","351392","Cancelled","2021-08-18 14:03:45",NULL,NULL,NULL,"85"
"130542","90044","72127","22350","352452","Cancelled","2022-01-25 12:54:18",NULL,NULL,NULL,"85"
"133140","91869","73587","22938","359508","Cancelled","2022-09-05 10:20:04.15728",NULL,NULL,NULL,"85"
"138439","95531","76593","3471","373824","Cancelled","2022-05-15 08:21:29",NULL,NULL,NULL,"85"
"138568","95620","76664","22597","374181","Cancelled","2021-12-02 05:49:45",NULL,NULL,NULL,"85"
"138595","95636","76676","15091","374252","Cancelled","2021-07-06 14:03:37",NULL,NULL,NULL,"85"
"144146","99455","79740","3471","389191","Cancelled","2021-06-16 00:22:00",NULL,NULL,NULL,"85"
"146809","101283","81256","18605","396421","Cancelled","2021-01-05 12:47:01",NULL,NULL,NULL,"85"
"147486","101770","81628","28088","398230","Cancelled","2020-06-19 04:25:37",NULL,NULL,NULL,"85"
"148431","102420","82160","28203","400795","Cancelled","2022-06-08 09:16:33",NULL,NULL,NULL,"85"
"154674","106723","85623","18922","417670","Cancelled","2021-09-22 02:59:28",NULL,NULL,NULL,"85"
"157852","108876","87320","22646","426205","Cancelled","2022-01-03 23:49:42",NULL,NULL,NULL,"85"
"164277","113312","90854","12779","443630","Cancelled","2022-08-28 10:07:57",NULL,NULL,NULL,"85"
"166777","115017","92195","18922","450423","Cancelled","2022-06-27 03:22:30",NULL,NULL,NULL,"85"
"167414","115449","92537","27322","452131","Cancelled","2022-04-18 04:15:29",NULL,NULL,NULL,"85"
"169879","117148","93934","18605","458746","Cancelled","2021-12-19 03:50:47",NULL,NULL,NULL,"85"
"171153","117993","94624","17436","462238","Cancelled","2021-01-26 07:30:32",NULL,NULL,NULL,"85"
"171373","118147","94750","18605","462842","Cancelled","2020-05-02 11:56:10",NULL,NULL,NULL,"85"
"174161","120119","96325","28088","470303","Cancelled","2020-12-05 08:36:34",NULL,NULL,NULL,"85"
"178629","123210","98825","22938","482407","Cancelled","2022-06-07 12:41:26",NULL,NULL,NULL,"85"
"179330","123687","99221","3471","484283","Cancelled","2022-03-29 04:32:54",NULL,NULL,NULL,"85"
"180293","124326","99710","16764","486870","Cancelled","2022-07-19 01:06:14",NULL,NULL,NULL,"85"
"4085","2772","2227","4714","11057","Processing","2022-07-05 09:50:14",NULL,NULL,NULL,"85"
"11789","8121","6578","28768","31935","Processing","2021-12-20 13:38:02",NULL,NULL,NULL,"85"
"12397","8547","6903","20911","33602","Processing","2019-11-30 07:41:59",NULL,NULL,NULL,"85"
"13450","9275","7478","16013","36450","Processing","2022-09-09 07:47:06.092579",NULL,NULL,NULL,"85"
"14881","10233","8231","22646","40301","Processing","2022-05-05 09:40:49",NULL,NULL,NULL,"85"
"14883","10234","8232","2838","40306","Processing","2022-06-25 14:53:02",NULL,NULL,NULL,"85"
"15305","10511","8459","22455","41452","Processing","2021-01-12 03:45:18",NULL,NULL,NULL,"85"
"16071","11041","8862","8654","43496","Processing","2022-04-04 14:18:13",NULL,NULL,NULL,"85"
"18110","12449","10012","17844","49065","Processing","2019-10-29 13:39:33",NULL,NULL,NULL,"85"
"20798","14301","11445","22455","56298","Processing","2020-06-18 06:01:54",NULL,NULL,NULL,"85"
"23290","16019","12791","18662","62952","Processing","2021-11-12 02:05:24",NULL,NULL,NULL,"85"
"27328","18818","15047","3019","73874","Processing","2022-08-25 07:22:20",NULL,NULL,NULL,"85"
"31289","21526","17229","17633","84564","Processing","2022-03-01 01:58:49",NULL,NULL,NULL,"85"
"31842","21908","17528","4575","86057","Processing","2022-08-21 01:21:40",NULL,NULL,NULL,"85"
"33834","23303","18602","22455","91401","Processing","2022-08-15 15:09:24",NULL,NULL,NULL,"85"
"40804","28066","22387","20188","110182","Processing","2021-08-02 00:50:36",NULL,NULL,NULL,"85"
"45037","31010","24753","22239","121626","Processing","2021-07-25 15:27:19",NULL,NULL,NULL,"85"
"47997","33064","26412","18922","129555","Processing","2022-01-03 06:58:48",NULL,NULL,NULL,"85"
"49904","34366","27441","15091","134727","Processing","2021-08-18 15:34:55",NULL,NULL,NULL,"85"
"51765","35670","28500","16047","139732","Processing","2022-02-18 16:19:05",NULL,NULL,NULL,"85"
"54311","37424","29905","23990","146562","Processing","2022-02-19 01:05:14",NULL,NULL,NULL,"85"
"54454","37527","29981","28091","146932","Processing","2021-02-15 14:05:37",NULL,NULL,NULL,"85"
"55334","38142","30475","2273","149292","Processing","2022-06-09 12:05:11",NULL,NULL,NULL,"85"
"55926","38547","30809","18138","150933","Processing","2020-01-08 01:39:03",NULL,NULL,NULL,"85"
"57484","39620","31656","16656","155151","Processing","2022-08-18 12:45:19",NULL,NULL,NULL,"85"
"62197","42835","34242","22597","167895","Processing","2020-07-19 06:52:08",NULL,NULL,NULL,"85"
"63389","43642","34901","2275","171152","Processing","2022-01-04 04:28:07",NULL,NULL,NULL,"85"
"63813","43935","35145","2273","172274","Processing","2021-03-14 01:51:27",NULL,NULL,NULL,"85"
"64351","44288","35426","5444","173733","Processing","2021-06-22 10:25:54",NULL,NULL,NULL,"85"
"66413","45693","36522","22455","179333","Processing","2022-08-20 04:05:36",NULL,NULL,NULL,"85"
"66484","45741","36580","18662","179515","Processing","2021-01-07 23:22:01",NULL,NULL,NULL,"85"
"68327","47027","37621","19185","184472","Processing","2019-04-19 11:24:27",NULL,NULL,NULL,"85"
"72337","49818","39875","18955","195291","Processing","2021-06-08 02:59:43",NULL,NULL,NULL,"85"
"72492","49927","39960","18662","195745","Processing","2021-08-30 13:36:28",NULL,NULL,NULL,"85"
"80979","55846","44648","17633","218711","Processing","2021-11-13 07:20:56",NULL,NULL,NULL,"85"
"81165","55986","44758","28088","219195","Processing","2021-10-22 03:41:59",NULL,NULL,NULL,"85"
"81178","55997","44765","18662","219229","Processing","2020-11-20 15:49:02",NULL,NULL,NULL,"85"
"82465","56915","45510","28768","222687","Processing","2021-12-24 14:42:19",NULL,NULL,NULL,"85"
"82671","57065","45619","3351","223267","Processing","2022-09-03 15:34:37.252903",NULL,NULL,NULL,"85"
"82805","57165","45711","17342","223634","Processing","2021-06-04 08:43:55",NULL,NULL,NULL,"85"
"83998","58011","46387","24225","226874","Processing","2020-04-06 16:30:13",NULL,NULL,NULL,"85"
"90186","62336","49902","19713","243648","Processing","2022-02-06 00:12:33",NULL,NULL,NULL,"85"
"94065","64989","52002","28647","254074","Processing","2020-03-29 02:42:06",NULL,NULL,NULL,"85"
"94534","65311","52253","23990","255360","Processing","2021-03-25 07:38:07",NULL,NULL,NULL,"85"
"96089","66416","53104","16013","259558","Processing","2022-04-11 08:21:35",NULL,NULL,NULL,"85"
"99993","69116","55264","22455","270074","Processing","2022-08-02 16:23:28",NULL,NULL,NULL,"85"
"100392","69380","55473","19185","271139","Processing","2022-01-11 18:28:45",NULL,NULL,NULL,"85"
"101005","69804","55818","3019","272792","Processing","2022-06-20 10:29:28",NULL,NULL,NULL,"85"
"102749","70985","56733","17633","277532","Processing","2022-04-08 07:29:32",NULL,NULL,NULL,"85"
"106919","73879","59076","22455","288791","Processing","2021-09-07 03:55:28",NULL,NULL,NULL,"85"
"108140","74706","59737","11625","292132","Processing","2019-10-15 14:08:28",NULL,NULL,NULL,"85"
"115111","79500","63614","22646","310908","Processing","2022-09-01 02:37:24",NULL,NULL,NULL,"85"
"117371","81019","64885","19504","316948","Processing","2021-12-07 00:17:25",NULL,NULL,NULL,"85"
"122152","84267","67463","16047","329813","Processing","2022-06-06 00:26:27",NULL,NULL,NULL,"85"
"122322","84385","67551","13905","330269","Processing","2021-08-29 15:28:37",NULL,NULL,NULL,"85"
"123125","84940","67970","8484","332449","Processing","2020-05-17 05:07:12",NULL,NULL,NULL,"85"
"124979","86222","68989","22319","337418","Processing","2022-05-09 23:32:52",NULL,NULL,NULL,"85"
"125503","86578","69283","5003","338847","Processing","2022-04-16 06:09:44",NULL,NULL,NULL,"85"
"126174","87029","69654","13297","340665","Processing","2022-07-19 07:28:58",NULL,NULL,NULL,"85"
"128060","88321","70736","17840","345770","Processing","2022-08-30 01:44:57",NULL,NULL,NULL,"85"
"128646","88728","71067","24200","347365","Processing","2022-01-25 15:10:16",NULL,NULL,NULL,"85"
"131744","90878","72793","22938","355705","Processing","2019-11-05 09:12:07",NULL,NULL,NULL,"85"
"133549","92138","73796","18662","360621","Processing","2022-05-25 07:35:23",NULL,NULL,NULL,"85"
"134390","92722","74286","18922","362888","Processing","2021-07-11 01:52:34",NULL,NULL,NULL,"85"
"135982","93836","75203","17342","367212","Processing","2022-07-16 03:57:34",NULL,NULL,NULL,"85"
"136563","94240","75530","22597","368748","Processing","2021-12-21 13:31:25",NULL,NULL,NULL,"85"
"139022","95930","76920","991","375412","Processing","2021-12-14 09:45:23",NULL,NULL,NULL,"85"
"143012","98680","79111","18662","386137","Processing","2021-08-13 05:09:04",NULL,NULL,NULL,"85"
"144351","99599","79856","28088","389760","Processing","2021-08-01 14:25:07",NULL,NULL,NULL,"85"
"146217","100890","80942","15091","394823","Processing","2021-02-22 03:06:57",NULL,NULL,NULL,"85"
"146344","100972","81013","11701","395181","Processing","2022-01-15 22:09:05",NULL,NULL,NULL,"85"
"146710","101211","81202","19713","396161","Processing","2021-12-24 09:29:56",NULL,NULL,NULL,"85"
"146838","101301","81265","16656","396501","Processing","2021-08-07 01:47:24",NULL,NULL,NULL,"85"
"147455","101744","81605","11771","398141","Processing","2021-02-18 22:51:14",NULL,NULL,NULL,"85"
"150806","104064","83485","19504","407290","Processing","2021-10-08 00:28:16",NULL,NULL,NULL,"85"
"151739","104686","83992","13297","409803","Processing","2021-08-12 16:06:40",NULL,NULL,NULL,"85"
"153526","105917","84960","11701","414605","Processing","2020-09-22 23:42:04",NULL,NULL,NULL,"85"
"153925","106207","85194","24200","415656","Processing","2022-07-29 09:00:43",NULL,NULL,NULL,"85"
"157691","108758","87220","22646","425772","Processing","2022-02-27 14:04:37",NULL,NULL,NULL,"85"
"158581","109388","87717","18925","428155","Processing","2022-06-03 03:44:15",NULL,NULL,NULL,"85"
"158927","109627","87920","17633","429092","Processing","2022-04-06 10:48:59",NULL,NULL,NULL,"85"
"160325","110606","88687","2275","432888","Processing","2022-04-01 11:52:51",NULL,NULL,NULL,"85"
"162455","112046","89832","28088","438668","Processing","2021-06-18 01:25:08",NULL,NULL,NULL,"85"
"163272","112617","90304","2838","440867","Processing","2022-04-23 05:11:33",NULL,NULL,NULL,"85"
"164916","113738","91187","17633","445386","Processing","2021-02-27 22:23:07",NULL,NULL,NULL,"85"
"165996","114481","91775","13905","448329","Processing","2022-03-05 00:59:58",NULL,NULL,NULL,"85"
"167959","115830","92861","18922","453557","Processing","2021-11-27 12:53:58",NULL,NULL,NULL,"85"
"168176","115980","92977","9713","454163","Processing","2021-01-15 01:03:11",NULL,NULL,NULL,"85"
"169388","116821","93658","23990","457420","Processing","2022-08-21 22:22:01",NULL,NULL,NULL,"85"
"171253","118064","94678","20911","462513","Processing","2020-11-16 09:21:13",NULL,NULL,NULL,"85"
"172930","119267","95600","18662","467067","Processing","2022-01-03 03:42:46",NULL,NULL,NULL,"85"
"177441","122373","98145","3351","479219","Processing","2022-06-18 01:27:05",NULL,NULL,NULL,"85"
"930","657","549","20706","2498","Shipped","2021-12-11 17:16:32","2021-12-14 04:22:00",NULL,NULL,"89"
"1574","1093","898","19241","4264","Shipped","2019-12-16 06:46:47","2019-12-17 22:33:00",NULL,NULL,"89"
"2924","1999","1611","20810","7915","Shipped","2019-11-27 15:49:29","2019-11-28 22:44:00",NULL,NULL,"89"
"3381","2291","1839","7622","9140","Shipped","2022-02-20 22:28:12","2022-02-19 19:36:00",NULL,NULL,"89"
"5302","3619","2958","8566","14351","Shipped","2022-07-22 13:20:18","2022-07-23 17:24:00",NULL,NULL,"89"
"10600","7290","5937","17744","28723","Shipped","2022-02-26 05:40:43","2022-02-25 12:27:00",NULL,NULL,"89"
"12068","8331","6728","24285","32710","Shipped","2022-01-08 09:11:25","2022-01-09 19:01:00",NULL,NULL,"89"
"13978","9622","7769","20706","37884","Shipped","2022-09-01 17:07:46","2022-09-01 10:59:00",NULL,NULL,"89"
"17944","12335","9923","17444","48610","Shipped","2021-09-26 16:28:53","2021-09-24 16:17:00",NULL,NULL,"89"
"23074","15871","12686","34","62367","Shipped","2021-11-04 03:58:30","2021-11-03 12:14:00",NULL,NULL,"89"
"24799","17077","13641","7622","67020","Shipped","2022-03-13 11:16:16","2022-03-15 03:40:00",NULL,NULL,"89"
"26554","18299","14621","10136","71769","Shipped","2021-11-25 02:07:46","2021-11-22 14:53:00",NULL,NULL,"89"
"28467","19602","15672","3795","76952","Shipped","2022-08-31 00:23:14","2022-09-01 23:35:00",NULL,NULL,"89"
"29011","19978","15951","7622","78435","Shipped","2020-11-10 01:37:49","2020-11-06 22:27:00",NULL,NULL,"89"
"29955","20638","16503","20810","80979","Shipped","2021-09-28 00:53:02","2021-09-26 09:48:00",NULL,NULL,"89"
"31994","22022","17613","22282","86452","Shipped","2022-03-06 11:58:19","2022-03-09 00:37:00",NULL,NULL,"89"
"34486","23742","18946","20810","93164","Shipped","2022-08-25 21:55:30","2022-08-27 15:29:00",NULL,NULL,"89"
"36845","25359","20278","21102","99469","Shipped","2021-07-25 03:07:23","2021-07-26 03:50:00",NULL,NULL,"89"
"38473","26496","21173","3023","103855","Shipped","2022-03-17 00:29:01","2022-03-19 15:26:00",NULL,NULL,"89"
"38932","26809","21418","18953","105104","Shipped","2022-05-10 21:36:22","2022-05-09 17:34:00",NULL,NULL,"89"
"41008","28202","22500","7372","110712","Shipped","2022-02-03 09:01:27","2022-02-04 03:39:00",NULL,NULL,"89"
"41537","28568","22786","21398","112123","Shipped","2020-06-16 18:20:39","2020-06-15 20:40:00",NULL,NULL,"89"
"42206","29034","23153","18921","113949","Shipped","2022-04-21 21:46:29","2022-04-22 18:35:00",NULL,NULL,"89"
"43071","29634","23637","7668","116301","Shipped","2019-12-12 15:37:33","2019-12-13 09:53:00",NULL,NULL,"89"
"44523","30649","24466","795","120248","Shipped","2021-10-29 16:12:50","2021-10-25 21:49:00",NULL,NULL,"89"
"47344","32617","26047","9827","127791","Shipped","2022-09-02 05:47:10","2022-09-02 11:40:00",NULL,NULL,"89"
"50813","35023","27947","17778","137147","Shipped","2020-07-23 01:56:48","2020-07-25 02:48:00",NULL,NULL,"89"
"51436","35452","28325","1456","138835","Shipped","2022-07-09 18:11:13","2022-07-12 14:11:00",NULL,NULL,"89"
"53589","36923","29502","1277","144609","Shipped","2022-02-07 23:13:51","2022-02-07 08:19:00",NULL,NULL,"89"
"54596","37638","30074","12712","147311","Shipped","2022-08-06 03:11:45","2022-08-07 00:11:00",NULL,NULL,"89"
"56020","38619","30869","17527","151183","Shipped","2022-04-22 04:04:24","2022-04-22 06:08:00",NULL,NULL,"89"
"56276","38793","31016","5848","151877","Shipped","2022-04-13 07:18:22","2022-04-10 20:34:00",NULL,NULL,"89"
"60619","41748","33377","3140","163666","Shipped","2020-01-31 13:46:56","2020-01-31 16:09:00",NULL,NULL,"89"
"61190","42131","33675","7142","165192","Shipped","2022-08-10 08:22:04","2022-08-11 22:26:00",NULL,NULL,"89"
"61889","42617","34070","7822","167080","Shipped","2022-07-13 01:28:39","2022-07-13 14:16:00",NULL,NULL,"89"
"63847","43956","35163","3453","172358","Shipped","2021-09-24 09:22:08","2021-09-24 23:33:00",NULL,NULL,"89"
"64791","44597","35681","3453","174949","Shipped","2021-10-19 14:46:25","2021-10-16 01:38:00",NULL,NULL,"89"
"64905","44677","35734","4640","175274","Shipped","2021-02-05 14:05:36","2021-02-03 02:50:00",NULL,NULL,"89"
"66925","46041","36820","17444","180698","Shipped","2022-01-15 21:25:15","2022-01-16 10:41:00",NULL,NULL,"89"
"67924","46740","37390","3878","183396","Shipped","2022-08-14 09:25:16","2022-08-14 15:13:00",NULL,NULL,"89"
"68768","47331","37857","17130","185645","Shipped","2022-07-12 10:09:24","2022-07-12 10:44:00",NULL,NULL,"89"
"69124","47590","38051","23456","186596","Shipped","2019-06-22 08:13:18","2019-06-20 14:51:00",NULL,NULL,"89"
"69875","48103","38464","7785","188627","Shipped","2022-09-05 09:19:29.664119","2022-09-07 09:03:57.664119",NULL,NULL,"89"
"71976","49576","39688","4640","194308","Shipped","2020-01-29 00:52:37","2020-01-29 18:03:00",NULL,NULL,"89"
"72000","49590","39703","12712","194370","Shipped","2022-08-07 16:22:44","2022-08-08 17:16:00",NULL,NULL,"89"
"72787","50134","40124","795","196541","Shipped","2022-01-27 03:42:50","2022-01-29 20:26:00",NULL,NULL,"89"
"73191","50417","40357","3730","197633","Shipped","2021-05-14 16:48:02","2021-05-17 16:11:00",NULL,NULL,"89"
"73534","50647","40527","3453","198550","Shipped","2022-04-12 04:06:11","2022-04-12 07:06:00",NULL,NULL,"89"
"74004","50982","40791","1456","199818","Shipped","2022-08-08 17:05:00","2022-08-09 17:01:00",NULL,NULL,"89"
"135910","93787","75159","28796","367003","Shipped","2021-03-20 09:33:36","2021-03-21 19:54:00",NULL,NULL,"49"
"137627","94967","76123","11478","371601","Shipped","2021-04-19 17:50:22","2021-04-16 18:17:00",NULL,NULL,"49"
"139367","96151","77104","11990","376354","Shipped","2021-08-30 18:31:15","2021-08-29 15:14:00",NULL,NULL,"49"
"139394","96170","77121","13278","376426","Shipped","2020-11-23 13:47:07","2020-11-22 02:36:00",NULL,NULL,"49"
"139497","96240","77188","9539","376700","Shipped","2022-04-17 02:21:37","2022-04-18 23:44:00",NULL,NULL,"49"
"139504","96244","77190","22862","376715","Shipped","2022-06-14 09:16:09","2022-06-15 23:50:00",NULL,NULL,"49"
"139834","96461","77349","17388","377587","Shipped","2022-08-13 07:08:13","2022-08-16 04:09:00",NULL,NULL,"49"
"144421","99642","79891","22135","389932","Shipped","2022-07-03 13:09:35","2022-07-04 18:27:00",NULL,NULL,"49"
"144557","99738","79969","13222","390290","Shipped","2021-12-26 11:09:29","2021-12-27 04:54:00",NULL,NULL,"49"
"146715","101216","81203","8593","396173","Shipped","2022-03-30 13:36:00","2022-03-31 22:55:00",NULL,NULL,"49"
"147195","101554","81458","26738","397442","Shipped","2022-07-21 22:53:20","2022-07-23 11:31:00",NULL,NULL,"49"
"148053","102168","81952","13278","399754","Shipped","2022-05-21 06:59:34","2022-05-19 17:02:00",NULL,NULL,"49"
"148526","102481","82212","22095","401072","Shipped","2022-09-04 15:12:49","2022-09-05 21:09:00",NULL,NULL,"49"
"151049","104228","83610","5420","407940","Shipped","2021-12-25 16:44:26","2021-12-26 19:05:00",NULL,NULL,"49"
"154182","106382","85329","13964","416340","Shipped","2022-07-14 22:47:48","2022-07-16 02:45:00",NULL,NULL,"49"
"157904","108915","87360","9597","426342","Shipped","2021-07-13 12:33:02","2021-07-15 00:43:00",NULL,NULL,"49"
"157959","108958","87385","2198","426487","Shipped","2019-09-02 16:04:22","2019-09-05 08:05:00",NULL,NULL,"49"
"158422","109272","87642","25574","427730","Shipped","2021-09-30 14:46:22","2021-09-27 20:26:00",NULL,NULL,"49"
"159196","109817","88068","22862","429821","Shipped","2021-03-06 10:31:29","2021-03-07 16:47:00",NULL,NULL,"49"
"159468","110010","88225","2198","430559","Shipped","2021-08-23 03:23:57","2021-08-24 01:11:00",NULL,NULL,"49"
"160462","110698","88767","23206","433259","Shipped","2022-05-30 06:24:16","2022-05-29 21:01:00",NULL,NULL,"49"
"160478","110711","88780","23549","433302","Shipped","2020-11-22 03:31:43","2020-11-22 23:51:00",NULL,NULL,"49"
"120832","83393","66775","12241","326254","Cancelled","2020-08-10 08:15:08",NULL,NULL,NULL,"49"
"160833","110942","88948","23365","434249","Shipped","2022-07-28 00:54:03","2022-07-29 18:54:00",NULL,NULL,"49"
"161936","111692","89550","17072","437258","Shipped","2022-07-13 09:27:54","2022-07-15 10:48:00",NULL,NULL,"49"
"162292","111931","89740","27280","438219","Shipped","2021-04-06 13:15:13","2021-04-04 12:02:00",NULL,NULL,"49"
"162681","112209","89963","12861","439289","Shipped","2020-01-25 02:22:59","2020-01-25 09:59:00",NULL,NULL,"49"
"163159","112536","90243","9934","440570","Shipped","2022-07-21 05:08:36","2022-07-22 05:51:00",NULL,NULL,"49"
"163593","112846","90482","6061","441750","Shipped","2022-08-04 12:34:27","2022-08-05 02:38:00",NULL,NULL,"49"
"163951","113093","90691","17388","442741","Shipped","2022-05-10 06:24:35","2022-05-09 02:07:00",NULL,NULL,"49"
"164245","113288","90836","9934","443539","Shipped","2022-07-21 23:25:07","2022-07-20 08:22:00",NULL,NULL,"49"
"164845","113697","91149","23206","445196","Shipped","2022-09-02 16:04:34","2022-09-01 09:57:00",NULL,NULL,"49"
"165232","113950","91361","432","446261","Shipped","2021-01-10 11:17:02","2021-01-10 19:24:00",NULL,NULL,"49"
"166069","114533","91821","23549","448511","Shipped","2020-01-15 12:20:15","2020-01-18 04:54:00",NULL,NULL,"49"
"170213","117365","94115","25420","459668","Shipped","2022-06-14 05:27:16","2022-06-15 16:09:00",NULL,NULL,"49"
"171435","118198","94794","10081","462999","Shipped","2021-06-29 06:07:37","2021-07-01 09:42:00",NULL,NULL,"49"
"171748","118420","94952","9435","463844","Shipped","2022-07-18 11:29:45","2022-07-16 20:14:00",NULL,NULL,"49"
"173162","119424","95746","1","467685","Shipped","2021-04-17 01:26:06","2021-04-18 05:23:00",NULL,NULL,"49"
"173711","119810","96071","27280","469104","Shipped","2022-08-25 07:32:57","2022-08-27 05:28:00",NULL,NULL,"49"
"175629","121121","97114","27613","474309","Shipped","2022-09-04 16:08:32","2022-09-05 07:44:00",NULL,NULL,"49"
"176680","121841","97713","18443","477183","Shipped","2021-06-07 03:52:16","2021-06-06 11:17:00",NULL,NULL,"49"
"176996","122070","97895","27209","478034","Shipped","2020-12-19 21:48:18","2020-12-21 15:23:00",NULL,NULL,"49"
"178312","122984","98642","14061","481544","Shipped","2022-04-18 05:18:49","2022-04-20 05:09:00",NULL,NULL,"49"
"178941","123421","98998","13536","483236","Shipped","2020-05-03 05:18:25","2020-05-03 21:00:00",NULL,NULL,"49"
"179074","123511","99074","23206","483598","Shipped","2022-08-05 11:08:43","2022-08-05 21:34:00",NULL,NULL,"49"
"179565","123843","99335","23289","484922","Shipped","2020-04-14 08:19:24","2020-04-14 17:51:00",NULL,NULL,"49"
"1637","1137","928","12778","4431","Complete","2022-02-19 06:25:32","2022-02-22 05:07:00","2022-02-23 02:12:00",NULL,"49"
"2001","1385","1119","26738","5420","Complete","2021-04-06 10:13:06","2021-04-04 19:33:00","2021-04-05 15:08:00",NULL,"49"
"2886","1972","1592","21828","7811","Complete","2022-04-26 15:33:48","2022-04-26 21:43:00","2022-04-27 06:12:00",NULL,"49"
"5291","3609","2949","15135","14322","Complete","2022-02-05 16:42:09","2022-02-05 00:10:00","2022-02-06 21:00:00",NULL,"49"
"5909","4020","3263","27209","15992","Complete","2021-03-28 06:36:24","2021-03-24 11:20:00","2021-03-27 00:34:00",NULL,"49"
"6117","4172","3381","14387","16552","Complete","2020-04-21 10:57:33","2020-04-22 09:57:00","2020-04-26 20:26:00",NULL,"49"
"6332","4321","3509","2198","17127","Complete","2021-10-05 13:19:18","2021-10-03 07:36:00","2021-10-04 21:39:00",NULL,"49"
"6616","4509","3655","9435","17913","Complete","2021-07-11 16:17:44","2021-07-12 11:46:00","2021-07-14 02:00:00",NULL,"49"
"6949","4741","3848","13964","18822","Complete","2022-04-27 04:42:26","2022-04-28 12:36:00","2022-05-03 09:09:00",NULL,"49"
"6995","4774","3871","44","18939","Complete","2021-11-24 21:54:39","2021-11-26 08:55:00","2021-11-27 06:05:00",NULL,"49"
"8044","5514","4465","9015","21825","Complete","2022-02-06 05:44:41","2022-02-07 04:06:00","2022-02-11 16:30:00",NULL,"49"
"10191","7012","5708","7721","27642","Complete","2022-02-06 09:52:44","2022-02-08 19:31:00","2022-02-13 12:20:00",NULL,"49"
"11165","7680","6236","20610","30254","Complete","2022-04-23 00:54:20","2022-04-23 17:09:00","2022-04-28 05:38:00",NULL,"49"
"15564","10681","8586","6242","42160","Complete","2022-09-05 21:39:44.342633","2022-09-06 17:11:34.342633","2022-09-08 10:06:34.342633",NULL,"49"
"15823","10857","8725","27613","42843","Complete","2022-05-14 05:23:55","2022-05-13 11:17:00","2022-05-16 00:44:00",NULL,"49"
"17707","12174","9794","25574","47963","Complete","2021-07-09 23:59:05","2021-07-07 21:29:00","2021-07-09 10:33:00",NULL,"49"
"17962","12350","9931","845","48659","Complete","2022-03-06 16:57:11","2022-03-05 01:13:00","2022-03-07 01:46:00",NULL,"49"
"18372","12634","10135","15207","49755","Complete","2021-02-03 06:54:08","2021-02-03 07:13:00","2021-02-07 03:29:00",NULL,"49"
"19902","13694","10968","13278","53865","Complete","2022-05-17 00:23:23","2022-05-16 07:15:00","2022-05-17 03:32:00",NULL,"49"
"20641","14193","11367","22862","55874","Complete","2022-04-03 14:44:02","2022-04-02 03:42:00","2022-04-04 17:29:00",NULL,"49"
"21312","14654","11708","23206","57633","Complete","2022-09-03 05:18:56.38462","2022-09-05 12:22:56.38462","2022-09-09 13:59:56.38462",NULL,"49"
"22519","15482","12368","845","60861","Complete","2020-01-27 02:31:47","2020-01-27 23:59:00","2020-01-29 19:16:00",NULL,"49"
"25571","17615","14070","15585","69096","Complete","2022-06-25 06:46:07","2022-06-27 03:18:00","2022-07-01 01:23:00",NULL,"49"
"26639","18357","14665","18443","72004","Complete","2021-03-18 07:56:29","2021-03-19 04:26:00","2021-03-24 03:22:00",NULL,"49"
"27757","19125","15294","39","75037","Complete","2022-03-06 06:21:36","2022-03-07 09:38:00","2022-03-08 04:12:00",NULL,"49"
"28231","19457","15562","22135","76318","Complete","2021-08-06 05:17:20","2021-08-08 02:19:00","2021-08-09 01:23:00",NULL,"49"
"28252","19469","15573","6242","76378","Complete","2021-09-02 06:55:12","2021-09-02 17:15:00","2021-09-02 18:30:00",NULL,"49"
"30109","20734","16576","27613","81391","Complete","2021-11-18 09:18:18","2021-11-21 10:37:00","2021-11-21 10:54:00",NULL,"49"
"33975","23395","18669","22862","91793","Complete","2020-02-17 00:45:40","2020-02-19 14:10:00","2020-02-21 02:28:00",NULL,"49"
"34736","23907","19089","27613","93831","Complete","2020-10-11 02:15:12","2020-10-09 19:48:00","2020-10-09 23:23:00",NULL,"49"
"35906","24716","19763","14703","96957","Complete","2021-11-14 02:12:37","2021-11-15 13:01:00","2021-11-18 21:27:00",NULL,"49"
"36062","24827","19849","26704","97392","Complete","2021-05-08 15:21:01","2021-05-09 00:09:00","2021-05-11 18:54:00",NULL,"49"
"36395","25063","20040","14061","98266","Complete","2022-08-13 00:42:54","2022-08-14 21:57:00","2022-08-16 11:07:00",NULL,"49"
"37259","25657","20503","14160","100611","Complete","2019-10-14 02:08:25","2019-10-10 20:14:00","2019-10-13 02:47:00",NULL,"49"
"37270","25665","20509","9539","100644","Complete","2019-09-21 03:52:37","2019-09-22 09:20:00","2019-09-23 12:19:00",NULL,"49"
"38790","26719","21350","26504","104734","Complete","2022-01-21 08:19:38","2022-01-22 08:25:00","2022-01-25 23:01:00",NULL,"49"
"40149","27638","22074","23614","108370","Complete","2022-04-19 14:08:28","2022-04-21 22:46:00","2022-04-23 13:58:00",NULL,"49"
"41028","28216","22514","44","110768","Complete","2022-03-20 10:56:46","2022-03-18 04:14:00","2022-03-22 21:56:00",NULL,"49"
"41996","28899","23051","5560","113371","Complete","2022-06-03 23:04:16","2022-06-06 11:06:00","2022-06-09 17:22:00",NULL,"49"
"43008","29594","23607","5420","116143","Complete","2021-12-25 12:23:48","2021-12-27 05:18:00","2021-12-29 01:13:00",NULL,"49"
"43971","30248","24120","22959","118770","Complete","2022-05-17 03:14:56","2022-05-19 15:24:00","2022-05-23 18:15:00",NULL,"49"
"44624","30713","24512","7721","120526","Complete","2020-10-14 01:26:10","2020-10-15 15:33:00","2020-10-16 23:18:00",NULL,"49"
"46168","31781","25362","9597","124662","Complete","2022-08-22 15:18:34","2022-08-23 15:31:00","2022-08-23 20:49:00",NULL,"49"
"47119","32466","25935","27209","127177","Complete","2022-04-08 16:57:54","2022-04-10 11:22:00","2022-04-11 11:23:00",NULL,"49"
"47953","33040","26394","9015","129434","Complete","2022-03-13 12:41:09","2022-03-12 06:59:00","2022-03-16 20:06:00",NULL,"49"
"49472","34070","27199","9015","133534","Complete","2020-06-23 18:05:28","2020-06-25 12:57:00","2020-06-29 11:17:00",NULL,"49"
"50117","34512","27552","13278","135290","Complete","2020-12-27 10:33:52","2020-12-27 03:35:00","2020-12-31 21:01:00",NULL,"49"
"50649","34893","27841","12088","136709","Complete","2021-12-08 07:32:36","2021-12-07 11:09:00","2021-12-07 13:14:00",NULL,"49"
"50915","35101","28012","23365","137428","Complete","2020-07-07 09:03:00","2020-07-08 15:49:00","2020-07-11 15:44:00",NULL,"49"
"50956","35129","28034","9923","137541","Complete","2022-06-09 07:49:42","2022-06-09 22:14:00","2022-06-10 20:36:00",NULL,"49"
"51204","35295","28176","8593","138201","Complete","2021-12-26 12:02:06","2021-12-27 18:30:00","2021-12-29 19:56:00",NULL,"49"
"54602","37643","30080","27209","147327","Complete","2020-09-30 07:07:44","2020-10-02 06:13:00","2020-10-02 06:29:00",NULL,"49"
"55271","38094","30436","21828","149127","Complete","2019-05-29 17:29:29","2019-05-30 11:39:00","2019-05-31 15:19:00",NULL,"49"
"56348","38841","31054","11478","152081","Complete","2021-12-09 17:38:55","2021-12-10 05:05:00","2021-12-11 02:47:00",NULL,"49"
"56714","39090","31252","22095","153075","Complete","2022-05-12 14:15:44","2022-05-13 14:23:00","2022-05-15 02:23:00",NULL,"49"
"57767","39811","31822","11990","155884","Complete","2021-05-30 16:28:30","2021-05-31 19:21:00","2021-06-01 04:48:00",NULL,"49"
"58499","40325","32198","5408","157885","Complete","2020-07-03 04:10:09","2020-07-04 14:06:00","2020-07-05 22:06:00",NULL,"49"
"59230","40814","32599","2198","159855","Complete","2022-07-16 13:14:49","2022-07-13 12:40:00","2022-07-15 16:35:00",NULL,"49"
"59624","41086","32823","12861","160942","Complete","2021-06-19 14:52:56","2021-06-17 04:07:00","2021-06-20 10:17:00",NULL,"49"
"60394","41596","33237","14387","163054","Complete","2022-05-12 22:13:38","2022-05-13 16:03:00","2022-05-17 19:32:00",NULL,"49"
"61008","42014","33583","23206","164697","Complete","2021-09-19 15:24:15","2021-09-22 08:42:00","2021-09-23 12:02:00",NULL,"49"
"61669","42471","33960","12861","166471","Complete","2021-09-13 14:48:25","2021-09-14 12:45:00","2021-09-18 00:49:00",NULL,"49"
"63863","43966","35170","12778","172400","Complete","2022-01-20 12:51:05","2022-01-19 16:39:00","2022-01-22 15:01:00",NULL,"49"
"65741","45263","36181","28070","177520","Complete","2021-03-08 07:12:22","2021-03-09 07:59:00","2021-03-13 08:25:00",NULL,"49"
"65793","45295","36205","1","177659","Complete","2021-05-30 14:11:15","2021-05-30 03:25:00","2021-05-30 08:36:00",NULL,"49"
"66934","46046","36824","14703","180721","Complete","2021-07-16 23:48:22","2021-07-19 00:54:00","2021-07-22 21:37:00",NULL,"49"
"69198","47644","38083","1","186787","Complete","2019-08-10 02:52:16","2019-08-07 10:38:00","2019-08-10 15:24:00",NULL,"49"
"69780","48042","38411","28070","188366","Complete","2022-03-04 03:01:40","2022-03-01 12:31:00","2022-03-04 00:01:00",NULL,"49"
"71155","48989","39200","542","192113","Complete","2022-03-22 17:10:49","2022-03-20 21:53:00","2022-03-24 14:51:00",NULL,"49"
"72629","50025","40035","5420","196118","Complete","2021-01-11 01:25:08","2021-01-12 09:47:00","2021-01-14 17:29:00",NULL,"49"
"72802","50147","40141","17388","196581","Complete","2021-02-27 02:56:51","2021-03-01 16:17:00","2021-03-04 05:48:00",NULL,"49"
"73787","50815","40653","13933","199228","Complete","2019-05-07 13:05:10","2019-05-09 03:32:00","2019-05-10 22:36:00",NULL,"49"
"74484","51322","41065","22862","201102","Complete","2021-04-19 08:40:33","2021-04-20 17:06:00","2021-04-22 05:13:00",NULL,"49"
"74519","51348","41079","23206","201202","Complete","2022-08-23 03:38:31","2022-08-22 20:06:00","2022-08-23 13:36:00",NULL,"49"
"74664","51451","41170","14160","201587","Complete","2022-05-29 01:48:28","2022-05-29 14:32:00","2022-06-02 22:02:00",NULL,"49"
"77998","53785","43026","26738","210566","Complete","2022-07-16 23:23:55","2022-07-17 07:20:00","2022-07-19 10:10:00",NULL,"49"
"78215","53938","43148","28796","211162","Complete","2021-11-29 03:20:19","2021-11-29 06:52:00","2021-12-03 17:05:00",NULL,"49"
"78253","53963","43168","6840","211264","Complete","2022-08-15 08:25:54","2022-08-16 14:50:00","2022-08-17 05:01:00",NULL,"49"
"79294","54674","43735","6840","214093","Complete","2022-09-02 13:47:30","2022-09-04 05:25:00","2022-09-06 08:53:00",NULL,"49"
"79870","55077","44050","15135","215671","Complete","2022-09-05 05:29:13.844447","2022-09-03 22:35:25.844447","2022-09-06 20:39:25.844447",NULL,"49"
"80716","55666","44496","9539","217986","Complete","2019-05-29 16:16:29","2019-05-29 02:39:00","2019-05-31 05:47:00",NULL,"49"
"82006","56581","45229","14387","221450","Complete","2021-08-29 06:14:24","2021-08-31 10:50:00","2021-09-05 04:07:00",NULL,"49"
"82047","56610","45254","44","221554","Complete","2021-01-25 08:35:32","2021-01-26 00:26:00","2021-01-29 00:52:00",NULL,"49"
"83642","57767","46181","26704","225893","Complete","2022-07-11 10:04:49","2022-07-11 21:52:00","2022-07-12 20:16:00",NULL,"49"
"83795","57870","46271","9539","226312","Complete","2020-10-28 10:26:35","2020-10-30 00:24:00","2020-11-01 22:41:00",NULL,"49"
"84870","58631","46884","26704","229245","Complete","2021-02-22 08:03:50","2021-02-23 04:30:00","2021-02-27 01:24:00",NULL,"49"
"85812","59302","47433","6242","231794","Complete","2022-05-10 12:17:16","2022-05-12 23:52:00","2022-05-14 06:31:00",NULL,"49"
"85888","59354","47485","11726","231996","Complete","2022-04-07 02:06:01","2022-04-08 20:17:00","2022-04-13 05:56:00",NULL,"49"
"86512","59768","47819","11726","233699","Complete","2021-04-28 14:41:49","2021-04-30 04:15:00","2021-05-01 12:38:00",NULL,"49"
"87553","60499","48433","25420","236525","Complete","2020-12-08 13:58:10","2020-12-09 11:30:00","2020-12-14 00:16:00",NULL,"49"
"88681","61302","49093","11726","239580","Complete","2020-10-10 07:01:18","2020-10-12 12:57:00","2020-10-16 04:53:00",NULL,"49"
"89132","61608","49318","26812","240791","Complete","2022-08-21 18:30:34","2022-08-23 03:29:00","2022-08-24 00:11:00",NULL,"49"
"89254","61696","49397","23549","241118","Complete","2021-08-16 14:48:04","2021-08-16 22:54:00","2021-08-20 20:40:00",NULL,"49"
"89377","61772","49458","432","241442","Complete","2021-10-06 00:38:16","2021-10-05 19:00:00","2021-10-07 11:48:00",NULL,"49"
"95983","66339","53047","20807","259278","Complete","2022-09-04 06:33:09.700212","2022-09-04 12:33:25.700212","2022-09-05 06:38:25.700212",NULL,"49"
"96141","66449","53123","28079","259695","Complete","2022-06-05 21:49:44","2022-06-07 02:59:00","2022-06-07 22:33:00",NULL,"49"
"97911","67664","54068","11955","264500","Complete","2022-08-24 17:47:40","2022-08-27 08:24:00","2022-08-27 21:51:00",NULL,"49"
"98748","68231","54546","28079","266752","Complete","2022-03-11 04:29:52","2022-03-11 06:36:00","2022-03-12 20:51:00",NULL,"49"
"99304","68622","54860","28796","268248","Complete","2022-01-13 21:21:11","2022-01-15 05:40:00","2022-01-15 19:10:00",NULL,"49"
"101766","70321","56227","23206","274838","Complete","2022-01-07 23:34:19","2022-01-09 20:46:00","2022-01-11 05:46:00",NULL,"49"
"102864","71072","56811","15207","277838","Complete","2021-12-23 02:21:43","2021-12-21 14:30:00","2021-12-25 21:34:00",NULL,"49"
"103177","71290","56982","23206","278685","Complete","2022-01-19 01:50:27","2022-01-20 15:00:00","2022-01-21 11:07:00",NULL,"49"
"103592","71592","57236","9015","279827","Complete","2022-08-08 13:57:20","2022-08-09 14:15:00","2022-08-12 22:15:00",NULL,"49"
"103741","71693","57323","15135","280243","Complete","2022-07-28 07:56:16","2022-07-29 07:17:00","2022-08-03 00:37:00",NULL,"49"
"105496","72891","58305","22959","284945","Complete","2022-03-19 05:57:01","2022-03-20 18:07:00","2022-03-23 20:32:00",NULL,"49"
"105895","73179","58540","5420","286044","Complete","2021-03-12 04:07:40","2021-03-09 14:42:00","2021-03-10 05:49:00",NULL,"49"
"109772","75819","60618","13536","296515","Complete","2021-01-09 22:10:11","2021-01-11 10:30:00","2021-01-12 18:59:00",NULL,"49"
"111667","77134","61714","14160","301588","Complete","2021-06-14 15:53:59","2021-06-16 03:59:00","2021-06-16 15:17:00",NULL,"49"
"113162","78163","62520","10081","305642","Complete","2020-10-08 10:02:55","2020-10-05 19:51:00","2020-10-07 16:34:00",NULL,"49"
"114064","78788","63024","12241","308061","Complete","2022-06-20 01:25:30","2022-06-20 10:00:00","2022-06-24 13:29:00",NULL,"49"
"114895","79358","63482","11990","310323","Complete","2021-10-06 05:55:04","2021-10-06 05:03:00","2021-10-09 23:33:00",NULL,"49"
"116808","80641","64566","28079","315467","Complete","2021-10-26 22:28:43","2021-10-28 03:13:00","2021-10-30 20:59:00",NULL,"49"
"117140","80872","64749","21828","316332","Complete","2020-05-21 11:06:17","2020-05-18 01:51:00","2020-05-22 07:10:00",NULL,"49"
"118865","82063","65703","14107","320950","Complete","2022-06-21 11:03:51","2022-06-24 03:13:00","2022-06-27 01:39:00",NULL,"49"
"121836","84065","67301","2198","328961","Complete","2022-09-05 04:36:15.038962","2022-09-06 03:50:49.038962","2022-09-07 15:36:49.038962",NULL,"49"
"122112","84238","67434","26812","329699","Complete","2019-10-12 02:39:38","2019-10-13 08:22:00","2019-10-17 05:46:00",NULL,"49"
"122280","84352","67530","12241","330162","Complete","2021-08-11 07:50:45","2021-08-12 08:57:00","2021-08-15 12:51:00",NULL,"49"
"122411","84450","67594","20610","330519","Complete","2020-10-18 12:03:12","2020-10-21 06:18:00","2020-10-23 04:47:00",NULL,"49"
"123207","85003","68019","15197","332669","Complete","2022-05-29 14:24:25","2022-06-01 01:56:00","2022-06-05 22:39:00",NULL,"49"
"123533","85228","68211","14061","333529","Complete","2022-02-22 05:42:13","2022-02-21 04:03:00","2022-02-21 04:24:00",NULL,"49"
"123538","85230","68213","5408","333544","Complete","2022-05-14 05:42:01","2022-05-14 03:32:00","2022-05-17 12:24:00",NULL,"49"
"124297","85750","68623","27209","335549","Complete","2021-11-26 13:09:11","2021-11-26 19:30:00","2021-11-29 02:51:00",NULL,"49"
"124893","86161","68944","6061","337188","Complete","2022-06-16 14:26:26","2022-06-19 01:11:00","2022-06-21 14:02:00",NULL,"49"
"126124","86991","69623","2004","340538","Complete","2022-05-12 04:46:26","2022-05-12 23:41:00","2022-05-16 23:42:00",NULL,"49"
"129248","89137","71409","9923","349001","Complete","2021-06-16 04:04:38","2021-06-16 14:59:00","2021-06-21 13:45:00",NULL,"49"
"132668","91516","73293","18443","358250","Complete","2022-01-04 11:21:58","2022-01-05 04:04:00","2022-01-09 01:49:00",NULL,"49"
"133624","92196","73840","20807","360820","Complete","2021-05-20 06:45:16","2021-05-21 23:33:00","2021-05-22 12:15:00",NULL,"49"
"136338","94088","75413","27080","368158","Complete","2021-06-26 10:08:01","2021-06-28 08:18:00","2021-06-29 01:42:00",NULL,"49"
"137683","95008","76158","28079","371756","Complete","2022-06-27 03:19:40","2022-06-28 21:30:00","2022-07-01 16:30:00",NULL,"49"
"138062","95275","76379","27024","372794","Complete","2021-06-29 17:32:49","2021-07-01 01:43:00","2021-07-05 15:48:00",NULL,"49"
"138602","95643","76679","18443","374268","Complete","2021-12-23 10:36:03","2021-12-25 16:13:00","2021-12-30 00:25:00",NULL,"49"
"139146","96012","76984","26504","375753","Complete","2022-09-02 22:44:22","2022-09-03 17:22:00","2022-09-06 06:37:00",NULL,"49"
"141071","97303","78034","28079","380896","Complete","2022-07-31 16:26:57","2022-08-01 00:21:00","2022-08-04 17:37:00",NULL,"49"
"141567","97644","78301","23614","382255","Complete","2022-01-16 12:40:09","2022-01-17 01:08:00","2022-01-17 18:13:00",NULL,"49"
"141785","97805","78421","12086","382827","Complete","2022-07-16 09:43:41","2022-07-15 00:22:00","2022-07-15 14:45:00",NULL,"49"
"142616","98398","78903","27280","385066","Complete","2020-01-10 13:30:36","2020-01-11 06:49:00","2020-01-11 09:23:00",NULL,"49"
"144567","99746","79978","26704","390319","Complete","2022-04-04 22:34:21","2022-04-04 07:29:00","2022-04-08 02:34:00",NULL,"49"
"146641","101169","81175","11478","395979","Complete","2021-06-12 11:30:06","2021-06-09 21:35:00","2021-06-12 21:28:00",NULL,"49"
"146776","101258","81235","7583","396340","Complete","2021-06-29 06:24:09","2021-06-30 05:58:00","2021-07-02 12:07:00",NULL,"49"
"147731","101941","81768","432","398884","Complete","2021-06-26 12:56:13","2021-06-25 17:48:00","2021-06-25 21:53:00",NULL,"49"
"148596","102532","82248","22862","401252","Complete","2022-07-17 00:00:26","2022-07-14 06:18:00","2022-07-16 21:17:00",NULL,"49"
"150075","103561","83061","27613","405306","Complete","2021-11-28 17:02:10","2021-11-28 20:08:00","2021-11-29 00:31:00",NULL,"49"
"152235","105036","84292","18443","411136","Complete","2021-02-05 06:35:00","2021-02-07 03:16:00","2021-02-08 17:17:00",NULL,"49"
"153391","105824","84888","14107","414252","Complete","2022-03-04 12:31:41","2022-03-05 23:54:00","2022-03-06 01:57:00",NULL,"49"
"154601","106675","85572","27209","417479","Complete","2019-12-02 16:47:38","2019-11-30 00:43:00","2019-12-01 19:54:00",NULL,"49"
"155606","107349","86134","13341","420163","Complete","2021-09-19 03:25:57","2021-09-15 19:23:00","2021-09-19 22:05:00",NULL,"49"
"156496","107953","86586","27209","422543","Complete","2022-05-15 03:28:35","2022-05-17 01:21:00","2022-05-17 07:29:00",NULL,"49"
"156572","107997","86617","28796","422747","Complete","2022-08-26 23:40:55","2022-08-27 18:11:00","2022-08-31 04:24:00",NULL,"49"
"158290","109181","87565","17072","427367","Complete","2022-01-15 04:59:35","2022-01-17 16:56:00","2022-01-18 06:15:00",NULL,"49"
"159126","109769","88031","14703","429627","Complete","2022-07-11 01:14:15","2022-07-08 05:35:00","2022-07-11 21:28:00",NULL,"49"
"161919","111683","89542","13964","437211","Complete","2020-08-07 01:23:16","2020-08-06 13:54:00","2020-08-08 20:35:00",NULL,"49"
"163150","112529","90234","9015","440546","Complete","2021-06-16 14:04:08","2021-06-17 05:36:00","2021-06-21 05:21:00",NULL,"49"
"163722","112942","90560","16160","442091","Complete","2022-04-07 00:17:13","2022-04-09 05:27:00","2022-04-11 09:22:00",NULL,"49"
"163949","113091","90688","25574","442735","Complete","2021-12-23 18:55:11","2021-12-21 20:18:00","2021-12-22 20:09:00",NULL,"49"
"164761","113645","91115","20610","444955","Complete","2022-02-02 11:15:13","2022-02-03 23:34:00","2022-02-07 21:06:00",NULL,"49"
"166199","114624","91895","12088","448874","Complete","2021-06-26 11:38:48","2021-06-26 14:54:00","2021-07-01 13:05:00",NULL,"49"
"166661","114932","92135","10316","450115","Complete","2021-04-11 00:38:17","2021-04-12 14:21:00","2021-04-12 17:10:00",NULL,"49"
"168205","115997","92990","9597","454245","Complete","2020-12-02 01:54:39","2020-12-04 00:47:00","2020-12-07 07:22:00",NULL,"49"
"168382","116123","93106","23206","454724","Complete","2021-10-13 16:21:12","2021-10-10 20:05:00","2021-10-14 09:22:00",NULL,"49"
"168714","116352","93280","27281","455608","Complete","2021-04-01 11:41:01","2021-04-03 10:27:00","2021-04-05 01:11:00",NULL,"49"
"170782","117743","94429","9435","461237","Complete","2022-01-04 10:11:12","2022-01-05 07:42:00","2022-01-08 13:02:00",NULL,"49"
"171739","118414","94945","22135","463813","Complete","2022-05-04 04:37:45","2022-05-06 01:30:00","2022-05-10 04:40:00",NULL,"49"
"173635","119763","96033","27613","468906","Complete","2022-03-02 09:34:02","2022-03-03 22:37:00","2022-03-06 15:05:00",NULL,"49"
"174041","120035","96257","1","469984","Complete","2021-11-26 23:04:37","2021-11-29 17:50:00","2021-12-01 16:18:00",NULL,"49"
"176464","121700","97610","14585","476588","Complete","2020-12-30 04:04:14","2020-12-31 01:37:00","2021-01-02 12:04:00",NULL,"49"
"178164","122882","98565","15827","481143","Complete","2021-02-02 11:43:05","2021-02-02 22:44:00","2021-02-04 08:46:00",NULL,"49"
"197","143","117","1","518","Returned","2021-02-06 01:02:57","2021-02-03 02:45:00","2021-02-04 08:37:00","2021-02-05 18:01:00","49"
"2316","1589","1279","6840","6267","Returned","2021-12-28 03:36:52","2021-12-26 02:08:00","2021-12-30 04:26:00","2021-12-31 05:03:00","49"
"5618","3831","3122","17072","15206","Returned","2021-10-11 15:06:43","2021-10-14 02:40:00","2021-10-18 20:37:00","2021-10-20 02:15:00","49"
"6862","4681","3802","20807","18582","Returned","2021-11-04 00:05:57","2021-11-06 23:12:00","2021-11-11 11:45:00","2021-11-13 15:25:00","49"
"7185","4907","3979","44","19467","Returned","2022-06-14 15:41:42","2022-06-14 19:44:00","2022-06-19 11:03:00","2022-06-20 03:39:00","49"
"15911","10924","8779","2198","43072","Returned","2022-02-27 08:29:55","2022-02-27 19:04:00","2022-02-28 19:24:00","2022-03-02 13:03:00","49"
"17948","12339","9924","13964","48621","Returned","2019-10-08 22:40:06","2019-10-08 09:41:00","2019-10-08 13:20:00","2019-10-09 12:18:00","49"
"20445","14057","11265","14387","55335","Returned","2021-03-18 15:14:50","2021-03-18 16:59:00","2021-03-21 06:43:00","2021-03-23 02:35:00","49"
"22240","15288","12215","2004","60100","Returned","2022-05-09 06:59:08","2022-05-10 19:39:00","2022-05-14 17:13:00","2022-05-17 15:05:00","49"
"25884","17835","14254","6061","69947","Returned","2021-09-15 06:46:16","2021-09-17 17:01:00","2021-09-21 09:07:00","2021-09-22 02:52:00","49"
"33148","22825","18216","15827","89547","Returned","2021-09-11 04:20:51","2021-09-11 14:21:00","2021-09-15 12:04:00","2021-09-18 02:53:00","49"
"33642","23160","18490","26504","90884","Returned","2021-10-17 00:17:37","2021-10-17 15:15:00","2021-10-20 22:58:00","2021-10-23 13:35:00","49"
"40858","28102","22420","28070","110317","Returned","2022-08-08 15:36:01","2022-08-10 13:50:00","2022-08-11 07:47:00","2022-08-14 03:32:00","49"
"47012","32380","25860","9015","126898","Returned","2022-02-27 12:55:05","2022-02-26 18:58:00","2022-02-28 18:39:00","2022-03-02 00:27:00","49"
"48618","33493","26753","23289","131204","Returned","2021-12-07 14:36:42","2021-12-09 16:24:00","2021-12-10 14:39:00","2021-12-13 00:49:00","49"
"54469","37542","29993","6061","146972","Returned","2022-07-10 14:56:50","2022-07-13 04:57:00","2022-07-16 04:36:00","2022-07-18 09:00:00","49"
"56357","38848","31059","542","152102","Returned","2021-08-25 01:39:50","2021-08-25 13:06:00","2021-08-27 19:33:00","2021-08-29 12:47:00","49"
"61234","42161","33705","15197","165313","Returned","2021-06-30 00:05:36","2021-06-29 03:04:00","2021-06-29 09:20:00","2021-06-30 13:27:00","49"
"64558","44438","35540","23614","174300","Returned","2021-10-13 07:16:07","2021-10-15 19:19:00","2021-10-19 08:02:00","2021-10-19 19:20:00","49"
"67694","46581","37265","17072","182781","Returned","2022-06-28 10:59:57","2022-07-01 04:26:00","2022-07-06 01:04:00","2022-07-06 20:57:00","49"
"68418","47087","37670","21828","184710","Returned","2020-06-01 15:55:14","2020-06-02 14:23:00","2020-06-03 09:26:00","2020-06-05 01:58:00","49"
"68745","47315","37842","7583","185585","Returned","2019-12-06 04:58:29","2019-12-06 17:07:00","2019-12-11 13:46:00","2019-12-13 07:30:00","49"
"70113","48278","38605","26704","189278","Returned","2021-09-02 17:24:07","2021-09-02 02:12:00","2021-09-02 10:50:00","2021-09-03 15:30:00","49"
"73328","50510","40428","28796","198007","Returned","2022-06-13 11:13:34","2022-06-15 17:40:00","2022-06-20 08:19:00","2022-06-23 04:33:00","49"
"76798","52952","42361","12241","207386","Returned","2020-11-26 07:39:30","2020-11-27 04:03:00","2020-12-01 00:43:00","2020-12-03 07:38:00","49"
"78856","54375","43515","1","212882","Returned","2022-04-09 00:30:40","2022-04-09 19:15:00","2022-04-10 04:13:00","2022-04-13 01:02:00","49"
"84909","58661","46906","26504","229343","Returned","2022-01-20 14:39:27","2022-01-22 20:33:00","2022-01-26 10:36:00","2022-01-28 01:07:00","49"
"87701","60609","48531","14703","236923","Returned","2020-12-20 01:33:03","2020-12-21 04:20:00","2020-12-22 06:58:00","2020-12-24 23:59:00","49"
"89654","61979","49610","39","242181","Returned","2021-11-24 07:37:29","2021-11-27 02:55:00","2021-11-30 13:02:00","2021-12-02 13:24:00","49"
"89656","61980","49610","12241","242186","Returned","2021-07-12 06:17:22","2021-07-13 06:12:00","2021-07-16 09:37:00","2021-07-18 23:47:00","49"
"91775","63412","50770","44","247895","Returned","2020-12-22 01:55:58","2020-12-23 21:58:00","2020-12-28 02:31:00","2020-12-29 12:40:00","49"
"98462","68034","54381","5825","265985","Returned","2022-06-07 01:52:38","2022-06-09 13:04:00","2022-06-11 21:03:00","2022-06-13 14:55:00","49"
"98738","68222","54540","27613","266728","Returned","2020-12-22 03:06:55","2020-12-22 10:44:00","2020-12-23 18:49:00","2020-12-25 22:04:00","49"
"123945","85503","68411","9015","334618","Cancelled","2021-02-07 06:13:44",NULL,NULL,NULL,"49"
"107866","74518","59573","27080","291365","Returned","2021-11-09 16:38:37","2021-11-10 06:01:00","2021-11-10 15:18:00","2021-11-12 10:53:00","49"
"121237","83668","66995","13536","327360","Returned","2020-08-06 15:32:13","2020-08-04 13:11:00","2020-08-05 14:08:00","2020-08-06 02:38:00","49"
"123458","85186","68174","12778","333332","Returned","2021-12-17 04:40:55","2021-12-15 09:15:00","2021-12-17 20:35:00","2021-12-19 16:42:00","49"
"123525","85224","68206","13933","333507","Returned","2022-05-24 04:14:58","2022-05-25 12:43:00","2022-05-29 01:49:00","2022-05-31 09:44:00","49"
"124638","85985","68817","27209","336477","Returned","2021-07-06 04:10:32","2021-07-09 02:59:00","2021-07-13 09:29:00","2021-07-13 16:49:00","49"
"124937","86193","68964","9015","337307","Returned","2020-10-20 15:28:27","2020-10-21 13:49:00","2020-10-23 14:12:00","2020-10-25 18:12:00","49"
"125995","86896","69544","12086","340175","Returned","2021-07-13 00:44:07","2021-07-10 10:51:00","2021-07-10 19:40:00","2021-07-11 07:12:00","49"
"129194","89101","71381","10316","348855","Returned","2020-02-09 12:07:10","2020-02-10 22:21:00","2020-02-12 11:05:00","2020-02-13 07:38:00","49"
"130338","89899","72016","23508","351910","Returned","2022-08-21 02:21:02","2022-08-21 14:47:00","2022-08-26 01:20:00","2022-08-27 06:16:00","49"
"131724","90863","72779","14160","355655","Returned","2022-01-18 01:41:07","2022-01-16 21:57:00","2022-01-21 05:20:00","2022-01-22 22:59:00","49"
"133076","91823","73547","9934","359349","Returned","2022-06-17 13:50:46","2022-06-15 19:14:00","2022-06-20 09:12:00","2022-06-22 07:17:00","49"
"133161","91882","73596","9539","359565","Returned","2020-09-15 21:49:11","2020-09-15 09:48:00","2020-09-15 16:37:00","2020-09-18 01:03:00","49"
"135352","93395","74823","23289","365504","Returned","2020-08-06 15:34:46","2020-08-09 13:09:00","2020-08-11 11:46:00","2020-08-14 01:52:00","49"
"136103","93922","75272","26738","367537","Returned","2022-09-02 01:30:14","2022-09-02 13:37:00","2022-09-04 20:46:00","2022-09-04 23:34:00","49"
"136392","94127","75450","9934","368299","Returned","2021-02-10 12:42:42","2021-02-12 13:01:00","2021-02-15 10:47:00","2021-02-16 04:04:00","49"
"141860","97849","78452","5408","383022","Returned","2021-05-16 01:11:06","2021-05-15 12:52:00","2021-05-16 20:09:00","2021-05-18 17:02:00","49"
"144284","99550","79820","11955","389578","Returned","2020-11-07 15:20:52","2020-11-08 21:34:00","2020-11-13 15:02:00","2020-11-16 12:41:00","49"
"145419","100335","80455","29043","392665","Returned","2019-07-06 16:29:58","2019-07-06 23:00:00","2019-07-07 02:16:00","2019-07-07 10:33:00","49"
"146948","101380","81328","6061","396798","Returned","2022-05-17 11:08:58","2022-05-18 23:26:00","2022-05-22 02:20:00","2022-05-23 21:54:00","49"
"148134","102217","82001","6840","399985","Returned","2021-11-30 09:19:39","2021-11-30 12:22:00","2021-12-05 10:11:00","2021-12-06 12:58:00","49"
"148890","102740","82415","17388","402050","Returned","2020-01-06 08:37:18","2020-01-09 08:21:00","2020-01-10 21:11:00","2020-01-12 07:42:00","49"
"152770","105406","84567","12861","412557","Returned","2022-07-13 13:31:27","2022-07-15 02:42:00","2022-07-16 03:24:00","2022-07-16 10:27:00","49"
"153179","105675","84782","17072","413672","Returned","2020-02-19 21:27:51","2020-02-22 04:39:00","2020-02-26 19:55:00","2020-02-28 20:57:00","49"
"156363","107863","86522","28796","422189","Returned","2022-06-19 05:35:26","2022-06-22 01:16:00","2022-06-24 21:29:00","2022-06-25 11:00:00","49"
"157076","108344","86883","16160","424113","Returned","2022-09-03 12:02:56.459452","2022-09-05 07:44:31.459452","2022-09-06 02:52:31.459452","2022-09-06 05:26:31.459452","49"
"165736","114304","91634","1","447620","Returned","2021-10-21 23:17:22","2021-10-18 16:52:00","2021-10-19 14:55:00","2021-10-20 08:23:00","49"
"167820","115729","92770","20807","453198","Returned","2022-09-02 03:12:50","2022-09-02 07:34:00","2022-09-05 11:26:00","2022-09-07 15:25:00","49"
"171751","118423","94953","27080","463854","Returned","2022-09-04 19:05:55.879413","2022-09-04 06:24:09.879413","2022-09-07 20:12:09.879413","2022-09-10 01:30:09.879413","49"
"171991","118590","95075","22959","464520","Returned","2022-03-19 06:03:54","2022-03-17 04:35:00","2022-03-18 21:47:00","2022-03-21 07:46:00","49"
"172179","118727","95186","12241","465030","Returned","2020-10-25 00:22:38","2020-10-26 01:51:00","2020-10-28 06:05:00","2020-10-29 02:03:00","49"
"172631","119051","95430","21828","466242","Returned","2022-09-04 08:57:49.672933","2022-09-06 15:24:22.672933","2022-09-10 19:47:22.672933","2022-09-11 01:29:22.672933","49"
"1106","765","643","6061","2982","Cancelled","2021-12-02 12:52:52",NULL,NULL,NULL,"49"
"5822","3959","3208","9597","15755","Cancelled","2021-08-28 02:43:42",NULL,NULL,NULL,"49"
"6765","4609","3744","12778","18321","Cancelled","2020-11-15 00:24:00",NULL,NULL,NULL,"49"
"7296","4985","4042","27024","19767","Cancelled","2022-05-04 08:11:10",NULL,NULL,NULL,"49"
"8474","5803","4698","9923","22990","Cancelled","2022-09-04 14:02:06.554379",NULL,NULL,NULL,"49"
"13201","9114","7351","23549","35763","Cancelled","2021-10-18 13:42:52",NULL,NULL,NULL,"49"
"20111","13829","11085","1","54427","Cancelled","2020-06-22 21:01:56",NULL,NULL,NULL,"49"
"20251","13923","11161","20610","54807","Cancelled","2022-08-13 11:29:00",NULL,NULL,NULL,"49"
"23330","16047","12820","20610","63052","Cancelled","2022-08-16 06:29:54",NULL,NULL,NULL,"49"
"24376","16771","13404","2004","65880","Cancelled","2022-08-16 07:16:00",NULL,NULL,NULL,"49"
"24514","16865","13477","26812","66257","Cancelled","2021-06-22 11:01:41",NULL,NULL,NULL,"49"
"25510","17578","14044","7721","68935","Cancelled","2022-07-07 14:46:19",NULL,NULL,NULL,"49"
"25756","17753","14179","2004","69611","Cancelled","2022-06-15 15:59:56",NULL,NULL,NULL,"49"
"35004","24093","19239","845","94566","Cancelled","2021-07-06 06:42:55",NULL,NULL,NULL,"49"
"37629","25910","20693","26738","101604","Cancelled","2021-08-11 14:20:06",NULL,NULL,NULL,"49"
"37734","25979","20757","432","101866","Cancelled","2019-07-28 09:12:07",NULL,NULL,NULL,"49"
"42972","29568","23590","13933","116045","Cancelled","2022-05-28 14:04:16",NULL,NULL,NULL,"49"
"45075","31035","24779","18443","121731","Cancelled","2020-07-19 23:35:20",NULL,NULL,NULL,"49"
"45890","31589","25196","27613","123898","Cancelled","2020-11-14 10:53:27",NULL,NULL,NULL,"49"
"47288","32582","26019","15135","127642","Cancelled","2022-03-19 11:39:42",NULL,NULL,NULL,"49"
"47734","32888","26267","26504","128838","Cancelled","2022-08-03 02:23:06",NULL,NULL,NULL,"49"
"51885","35754","28563","22865","140056","Cancelled","2021-05-29 11:36:19",NULL,NULL,NULL,"49"
"53899","37143","29679","12861","145472","Cancelled","2022-06-26 14:38:31",NULL,NULL,NULL,"49"
"60836","41903","33492","13933","164246","Cancelled","2021-07-21 00:27:10",NULL,NULL,NULL,"49"
"62029","42721","34158","27280","167445","Cancelled","2021-07-05 23:38:14",NULL,NULL,NULL,"49"
"64580","44452","35555","27613","174366","Cancelled","2022-08-27 11:02:08",NULL,NULL,NULL,"49"
"66690","45883","36692","23365","180065","Cancelled","2022-05-02 05:56:10",NULL,NULL,NULL,"49"
"67893","46722","37383","14107","183311","Cancelled","2022-06-25 14:32:27",NULL,NULL,NULL,"49"
"74663","51450","41169","20807","201584","Cancelled","2021-03-01 14:56:56",NULL,NULL,NULL,"49"
"75876","52293","41867","26738","204886","Cancelled","2022-06-09 05:32:56",NULL,NULL,NULL,"49"
"79063","54511","43618","20610","213468","Cancelled","2020-07-11 06:14:00",NULL,NULL,NULL,"49"
"83653","57775","46189","15827","225922","Cancelled","2022-07-07 02:17:16",NULL,NULL,NULL,"49"
"89911","62147","49749","23289","242873","Cancelled","2020-10-17 08:32:56",NULL,NULL,NULL,"49"
"97029","67050","53575","25420","262085","Cancelled","2021-03-03 07:07:52",NULL,NULL,NULL,"49"
"101015","69811","55828","6061","272821","Cancelled","2021-07-14 14:23:44",NULL,NULL,NULL,"49"
"102754","70989","56739","15207","277546","Cancelled","2021-11-08 08:29:05",NULL,NULL,NULL,"49"
"102972","71147","56872","23508","278126","Cancelled","2021-11-30 22:10:02",NULL,NULL,NULL,"49"
"105283","72754","58184","28079","284362","Cancelled","2022-06-10 13:24:23",NULL,NULL,NULL,"49"
"106405","73529","58796","25420","287405","Cancelled","2021-04-17 04:08:25",NULL,NULL,NULL,"49"
"109946","75946","60726","23365","296968","Cancelled","2022-07-07 22:46:01",NULL,NULL,NULL,"49"
"111732","77181","61753","13964","301763","Cancelled","2022-06-28 12:59:58",NULL,NULL,NULL,"49"
"113490","78402","62695","14160","306524","Cancelled","2019-12-22 00:00:26",NULL,NULL,NULL,"49"
"114549","79118","63284","13278","309383","Cancelled","2021-10-08 04:00:33",NULL,NULL,NULL,"49"
"117822","81332","65130","13341","318164","Cancelled","2021-02-06 06:59:40",NULL,NULL,NULL,"49"
"118507","81806","65502","15207","319984","Cancelled","2021-03-01 14:47:58",NULL,NULL,NULL,"49"
"118676","81925","65588","25574","320444","Cancelled","2022-08-25 15:31:12",NULL,NULL,NULL,"49"
"119055","82185","65803","11955","321444","Cancelled","2022-06-27 16:29:24",NULL,NULL,NULL,"49"
"126361","87162","69744","14061","341170","Cancelled","2022-08-04 23:00:43",NULL,NULL,NULL,"49"
"132554","91434","73228","13933","357932","Cancelled","2022-02-22 10:32:29",NULL,NULL,NULL,"49"
"133472","92088","73759","26812","360409","Cancelled","2021-10-03 13:59:51",NULL,NULL,NULL,"49"
"135271","93339","74772","22865","365285","Cancelled","2022-01-31 22:00:29",NULL,NULL,NULL,"49"
"136271","94039","75375","14160","367982","Cancelled","2021-05-24 07:28:06",NULL,NULL,NULL,"49"
"138430","95527","76591","20610","373801","Cancelled","2022-08-16 21:10:47",NULL,NULL,NULL,"49"
"141994","97939","78535","2004","383393","Cancelled","2021-12-07 09:52:20",NULL,NULL,NULL,"49"
"146520","101091","81108","23365","395650","Cancelled","2021-06-29 14:18:21",NULL,NULL,NULL,"49"
"149383","103097","82697","23260","403386","Cancelled","2019-11-21 08:23:05",NULL,NULL,NULL,"49"
"152626","105310","84490","27080","412180","Cancelled","2021-04-04 14:34:53",NULL,NULL,NULL,"49"
"153528","105918","84961","7721","414610","Cancelled","2021-09-06 10:49:13",NULL,NULL,NULL,"49"
"153999","106257","85229","14387","415857","Cancelled","2020-10-16 05:02:43",NULL,NULL,NULL,"49"
"155211","107083","85911","29043","419107","Cancelled","2022-07-05 13:04:02",NULL,NULL,NULL,"49"
"157178","108418","86940","15135","424395","Cancelled","2022-08-11 13:21:33",NULL,NULL,NULL,"49"
"161228","111209","89166","8593","435311","Cancelled","2021-06-20 13:10:32",NULL,NULL,NULL,"49"
"162027","111744","89588","26812","437502","Cancelled","2022-04-09 03:47:11",NULL,NULL,NULL,"49"
"165290","113988","91389","44","446411","Cancelled","2022-02-17 10:48:13",NULL,NULL,NULL,"49"
"165416","114086","91464","9934","446757","Cancelled","2021-11-26 17:20:40",NULL,NULL,NULL,"49"
"166733","114986","92169","28079","450308","Cancelled","2022-01-28 15:16:25",NULL,NULL,NULL,"49"
"171734","118409","94942","14703","463803","Cancelled","2020-10-19 02:39:58",NULL,NULL,NULL,"49"
"172134","118696","95159","27024","464909","Cancelled","2022-07-28 11:58:03",NULL,NULL,NULL,"49"
"174822","120561","96668","12086","472107","Cancelled","2022-08-27 08:16:31",NULL,NULL,NULL,"49"
"178694","123254","98860","23508","482575","Cancelled","2021-06-17 14:56:14",NULL,NULL,NULL,"49"
"2209","1512","1226","23365","5986","Processing","2021-02-15 13:30:11",NULL,NULL,NULL,"49"
"3866","2630","2125","17072","10465","Processing","2022-08-30 08:49:00",NULL,NULL,NULL,"49"
"4135","2809","2254","10316","11202","Processing","2021-12-05 22:07:37",NULL,NULL,NULL,"49"
"5670","3864","3147","29043","15344","Processing","2022-08-20 07:42:04",NULL,NULL,NULL,"49"
"6238","4257","3459","5420","16876","Processing","2019-09-23 02:18:53",NULL,NULL,NULL,"49"
"7205","4922","3989","22959","19524","Processing","2021-07-16 23:11:33",NULL,NULL,NULL,"49"
"7479","5121","4156","14160","20265","Processing","2021-12-21 15:09:32",NULL,NULL,NULL,"49"
"7492","5129","4160","39","20298","Processing","2019-11-13 10:04:31",NULL,NULL,NULL,"49"
"7595","5200","4220","26738","20592","Processing","2021-12-13 12:59:15",NULL,NULL,NULL,"49"
"9315","6392","5186","13222","25257","Processing","2022-08-01 14:45:04",NULL,NULL,NULL,"49"
"10628","7310","5953","18443","28804","Processing","2021-06-30 05:32:07",NULL,NULL,NULL,"49"
"11529","7936","6438","28079","31237","Processing","2022-02-15 17:35:42",NULL,NULL,NULL,"49"
"11662","8026","6511","15207","31602","Processing","2019-04-30 01:02:10",NULL,NULL,NULL,"49"
"15513","10654","8563","9597","42023","Processing","2022-08-18 23:11:39",NULL,NULL,NULL,"49"
"15972","10967","8809","8593","43224","Processing","2020-03-28 00:43:32",NULL,NULL,NULL,"49"
"19720","13563","10873","12088","53359","Processing","2021-08-20 04:57:18",NULL,NULL,NULL,"49"
"21073","14493","11594","9435","57010","Processing","2022-05-26 03:06:40",NULL,NULL,NULL,"49"
"21273","14626","11690","23289","57533","Processing","2020-09-15 06:09:30",NULL,NULL,NULL,"49"
"22103","15195","12135","22862","59742","Processing","2022-03-15 06:26:52",NULL,NULL,NULL,"49"
"22517","15480","12366","6840","60857","Processing","2021-04-23 09:53:53",NULL,NULL,NULL,"49"
"23340","16055","12828","14585","63080","Processing","2021-03-13 07:15:14",NULL,NULL,NULL,"49"
"23718","16325","13060","13222","64120","Processing","2022-08-15 03:37:51",NULL,NULL,NULL,"49"
"24833","17106","13658","26812","67114","Processing","2021-12-27 08:59:53",NULL,NULL,NULL,"49"
"25534","17592","14054","27209","68998","Processing","2021-04-25 11:33:56",NULL,NULL,NULL,"49"
"26066","17958","14347","26504","70443","Processing","2022-02-16 07:39:28",NULL,NULL,NULL,"49"
"28347","19534","15620","14061","76633","Processing","2022-09-04 18:14:44",NULL,NULL,NULL,"49"
"29422","20253","16189","2004","79533","Processing","2022-05-26 05:02:44",NULL,NULL,NULL,"49"
"29841","20558","16439","6840","80670","Processing","2022-09-06 04:21:55.179019",NULL,NULL,NULL,"49"
"32533","22391","17899","5560","87907","Processing","2022-08-18 09:47:01",NULL,NULL,NULL,"49"
"33344","22956","18321","12086","90084","Processing","2021-09-28 12:49:49",NULL,NULL,NULL,"49"
"33630","23152","18486","21828","90852","Processing","2022-08-15 23:33:11",NULL,NULL,NULL,"49"
"35736","24593","19661","14160","96499","Processing","2021-10-10 10:11:44",NULL,NULL,NULL,"49"
"36132","24878","19888","20610","97573","Processing","2022-02-04 00:54:15",NULL,NULL,NULL,"49"
"36614","25196","20146","23289","98844","Processing","2021-10-25 03:01:02",NULL,NULL,NULL,"49"
"38002","26165","20913","27024","102600","Processing","2022-05-16 01:42:15",NULL,NULL,NULL,"49"
"40435","27824","22220","9923","109153","Processing","2022-02-24 12:50:34",NULL,NULL,NULL,"49"
"41363","28445","22692","44","111664","Processing","2022-07-13 05:32:30",NULL,NULL,NULL,"49"
"42186","29020","23144","21828","113883","Processing","2020-10-25 09:17:49",NULL,NULL,NULL,"49"
"45077","31037","24781","9704","121738","Processing","2021-05-23 11:06:32",NULL,NULL,NULL,"49"
"45451","31297","24977","14160","122735","Processing","2022-03-21 07:25:24",NULL,NULL,NULL,"49"
"47797","32935","26314","6061","129009","Processing","2020-11-28 13:31:58",NULL,NULL,NULL,"49"
"47823","32956","26331","26738","129078","Processing","2022-08-31 09:19:13",NULL,NULL,NULL,"49"
"54018","37223","29740","13933","145782","Processing","2020-06-26 11:03:47",NULL,NULL,NULL,"49"
"54364","37462","29934","28070","146696","Processing","2022-07-26 08:05:18",NULL,NULL,NULL,"49"
"55650","38358","30657","5825","150157","Processing","2022-08-26 03:48:13",NULL,NULL,NULL,"49"
"57235","39449","31529","14387","154475","Processing","2022-09-05 14:03:52.212466",NULL,NULL,NULL,"49"
"57385","39554","31607","5560","154886","Processing","2019-12-01 05:53:23",NULL,NULL,NULL,"49"
"57505","39631","31663","18443","155203","Processing","2022-01-09 14:27:54",NULL,NULL,NULL,"49"
"57604","39699","31719","29043","155462","Processing","2022-05-07 08:55:40",NULL,NULL,NULL,"49"
"57902","39905","31894","10213","156262","Processing","2021-11-20 03:27:59",NULL,NULL,NULL,"49"
"58603","40394","32264","27080","158166","Processing","2022-08-16 03:14:43",NULL,NULL,NULL,"49"
"59531","41018","32761","18443","160688","Processing","2021-04-29 14:02:05",NULL,NULL,NULL,"49"
"59954","41304","32992","28070","161856","Processing","2020-11-22 06:42:03",NULL,NULL,NULL,"49"
"63994","44050","35234","13933","172763","Processing","2022-04-30 12:18:51",NULL,NULL,NULL,"49"
"65679","45222","36144","28070","177351","Processing","2022-08-22 05:56:21",NULL,NULL,NULL,"49"
"66705","45896","36701","12778","180102","Processing","2021-04-10 03:27:05",NULL,NULL,NULL,"49"
"67118","46174","36925","13536","181236","Processing","2021-03-27 11:27:27",NULL,NULL,NULL,"49"
"67151","46196","36940","17072","181331","Processing","2022-07-06 01:05:57",NULL,NULL,NULL,"49"
"71954","49561","39678","13933","194242","Processing","2022-01-06 23:50:19",NULL,NULL,NULL,"49"
"72846","50178","40166","11955","196697","Processing","2022-08-02 22:14:26",NULL,NULL,NULL,"49"
"73306","50490","40415","16160","197941","Processing","2022-05-01 05:47:26",NULL,NULL,NULL,"49"
"74859","51579","41277","13341","202113","Processing","2022-05-23 08:06:17",NULL,NULL,NULL,"49"
"74886","51600","41290","23549","202185","Processing","2020-04-23 14:36:46",NULL,NULL,NULL,"49"
"74937","51634","41314","23549","202323","Processing","2021-12-02 16:56:58",NULL,NULL,NULL,"49"
"82484","56933","45524","15827","222744","Processing","2021-07-20 05:29:40",NULL,NULL,NULL,"49"
"84058","58059","46422","23206","227037","Processing","2022-01-04 07:04:04",NULL,NULL,NULL,"49"
"84203","58164","46505","1","227431","Processing","2019-12-30 00:33:42",NULL,NULL,NULL,"49"
"84350","58273","46604","9934","227815","Processing","2021-08-06 02:00:33",NULL,NULL,NULL,"49"
"84906","58658","46904","27024","229335","Processing","2022-07-23 09:40:49",NULL,NULL,NULL,"49"
"88569","61215","49025","12086","239287","Processing","2021-09-18 22:59:46",NULL,NULL,NULL,"49"
"89063","61555","49279","11726","240608","Processing","2020-09-21 00:09:09",NULL,NULL,NULL,"49"
"91377","63143","50554","23508","246834","Processing","2021-10-17 14:31:57",NULL,NULL,NULL,"49"
"93946","64907","51944","13964","253743","Processing","2021-11-04 11:01:48",NULL,NULL,NULL,"49"
"94092","65010","52013","12241","254144","Processing","2022-01-10 12:52:39",NULL,NULL,NULL,"49"
"96184","66474","53146","26738","259812","Processing","2022-03-30 10:06:44",NULL,NULL,NULL,"49"
"96803","66884","53457","26738","261472","Processing","2022-08-22 12:30:17",NULL,NULL,NULL,"49"
"97489","67376","53839","13933","263343","Processing","2022-01-05 23:31:43",NULL,NULL,NULL,"49"
"99747","68946","55125","18443","269420","Processing","2022-08-09 03:16:30",NULL,NULL,NULL,"49"
"99767","68960","55134","22865","269477","Processing","2022-03-15 16:51:30",NULL,NULL,NULL,"49"
"102169","70599","56446","22862","275952","Processing","2021-01-27 02:09:04",NULL,NULL,NULL,"49"
"112224","77515","62004","15585","303123","Processing","2019-12-30 07:50:25",NULL,NULL,NULL,"49"
"113409","78348","62657","27613","306317","Processing","2021-12-18 10:29:03",NULL,NULL,NULL,"49"
"114082","78803","63035","23508","308111","Processing","2020-10-03 23:42:03",NULL,NULL,NULL,"49"
"114942","79391","63511","5408","310449","Processing","2020-12-19 02:01:03",NULL,NULL,NULL,"49"
"115411","79711","63771","17072","311709","Processing","2021-10-03 23:10:00",NULL,NULL,NULL,"49"
"122258","84337","67518","17072","330101","Processing","2022-08-06 07:46:38",NULL,NULL,NULL,"49"
"123355","85110","68114","5825","333056","Processing","2022-08-20 14:08:32",NULL,NULL,NULL,"49"
"124551","85923","68771","16160","336231","Processing","2020-07-15 07:10:36",NULL,NULL,NULL,"49"
"125384","86494","69220","14585","338516","Processing","2020-08-05 01:06:12",NULL,NULL,NULL,"49"
"127776","88118","70570","9435","344982","Processing","2021-02-03 03:26:17",NULL,NULL,NULL,"49"
"129559","89350","71574","18443","349813","Processing","2022-03-19 10:56:23",NULL,NULL,NULL,"49"
"131785","90904","72815","44","355814","Processing","2020-07-30 15:11:41",NULL,NULL,NULL,"49"
"132146","91162","73007","26738","356807","Processing","2020-10-31 07:48:51",NULL,NULL,NULL,"49"
"132302","91268","73081","9923","357240","Processing","2022-03-21 23:49:38",NULL,NULL,NULL,"49"
"132721","91554","73329","2004","358394","Processing","2020-03-14 03:13:43",NULL,NULL,NULL,"49"
"132838","91644","73405","13222","358703","Processing","2021-10-02 18:38:34",NULL,NULL,NULL,"49"
"133322","91993","73682","22865","359997","Processing","2020-12-09 07:24:25",NULL,NULL,NULL,"49"
"133897","92381","73999","27281","361550","Processing","2021-02-23 01:23:46",NULL,NULL,NULL,"49"
"134408","92734","74296","10213","362935","Processing","2022-08-23 01:47:22",NULL,NULL,NULL,"49"
"135535","93530","74941","28070","365999","Processing","2021-09-01 14:06:40",NULL,NULL,NULL,"49"
"137629","94968","76124","9934","371608","Processing","2022-05-25 06:18:27",NULL,NULL,NULL,"49"
"137807","95094","76226","20807","372086","Processing","2022-02-06 22:37:55",NULL,NULL,NULL,"49"
"141538","97625","78286","22865","382172","Processing","2021-12-13 06:38:42",NULL,NULL,NULL,"49"
"145079","100106","80278","27024","391736","Processing","2021-10-26 14:18:44",NULL,NULL,NULL,"49"
"145379","100305","80435","12778","392551","Processing","2022-02-28 07:55:32",NULL,NULL,NULL,"49"
"146540","101104","81118","18443","395708","Processing","2021-11-10 23:50:56",NULL,NULL,NULL,"49"
"147169","101539","81448","9704","397370","Processing","2022-07-31 15:04:05",NULL,NULL,NULL,"49"
"149673","103301","82863","5408","404183","Processing","2022-06-08 06:25:04",NULL,NULL,NULL,"49"
"150401","103783","83257","13278","406206","Processing","2022-04-10 15:11:01",NULL,NULL,NULL,"49"
"150501","103853","83318","11955","406476","Processing","2022-01-02 21:10:05",NULL,NULL,NULL,"49"
"150663","103965","83410","9923","406902","Processing","2021-10-22 15:49:45",NULL,NULL,NULL,"49"
"153675","106026","85047","1","414994","Processing","2022-08-31 10:31:00",NULL,NULL,NULL,"49"
"153751","106082","85094","23614","415194","Processing","2020-08-05 03:02:40",NULL,NULL,NULL,"49"
"155725","107427","86189","1","420479","Processing","2020-06-30 23:24:45",NULL,NULL,NULL,"49"
"156358","107861","86520","14585","422176","Processing","2020-11-28 14:37:06",NULL,NULL,NULL,"49"
"158225","109132","87524","27280","427193","Processing","2021-05-23 13:20:15",NULL,NULL,NULL,"49"
"159079","109733","88003","15207","429501","Processing","2022-01-29 13:26:12",NULL,NULL,NULL,"49"
"159947","110351","88500","10316","431868","Processing","2021-12-25 00:01:47",NULL,NULL,NULL,"49"
"160207","110521","88631","8593","432566","Processing","2022-07-15 07:56:23",NULL,NULL,NULL,"49"
"160468","110702","88770","11955","433275","Processing","2022-07-03 11:09:29",NULL,NULL,NULL,"49"
"160586","110792","88842","5420","433591","Processing","2022-03-05 13:58:58",NULL,NULL,NULL,"49"
"161673","111523","89423","28079","436535","Processing","2020-04-23 11:57:10",NULL,NULL,NULL,"49"
"162248","111899","89714","22959","438107","Processing","2022-08-16 05:21:42",NULL,NULL,NULL,"49"
"163881","113048","90655","22095","442536","Processing","2020-06-18 14:14:26",NULL,NULL,NULL,"49"
"165153","113896","91317","9539","446029","Processing","2022-06-06 11:37:20",NULL,NULL,NULL,"49"
"169464","116874","93702","17072","457620","Processing","2020-09-23 05:21:52",NULL,NULL,NULL,"49"
"169942","117187","93962","8593","458916","Processing","2022-04-09 06:29:50",NULL,NULL,NULL,"49"
"172878","119229","95574","27024","466922","Processing","2021-11-27 07:17:35",NULL,NULL,NULL,"49"
"174473","120332","96487","11478","471146","Processing","2021-01-26 12:09:58",NULL,NULL,NULL,"49"
"177023","122087","97905","13278","478108","Processing","2021-12-28 07:15:14",NULL,NULL,NULL,"49"
"177295","122268","98036","17388","478825","Processing","2021-02-16 13:42:39",NULL,NULL,NULL,"49"
"177818","122643","98379","17072","480225","Processing","2019-11-25 06:24:49",NULL,NULL,NULL,"49"
"180460","124443","99787","9934","487313","Processing","2022-05-02 10:47:09",NULL,NULL,NULL,"49"
"1660","1154","941","21589","4494","Shipped","2022-01-13 16:12:22","2022-01-16 01:47:00",NULL,NULL,"51"
"4229","2877","2308","21589","11470","Shipped","2021-02-06 02:05:39","2021-02-06 08:48:00",NULL,NULL,"51"
"4639","3181","2586","7672","12575","Shipped","2021-10-21 04:24:32","2021-10-21 16:20:00",NULL,NULL,"51"
"7934","5440","4406","28876","21522","Shipped","2022-04-24 13:44:49","2022-04-26 17:35:00",NULL,NULL,"51"
"12073","8334","6732","5654","32722","Shipped","2020-01-02 08:14:42","2020-01-03 03:28:00",NULL,NULL,"51"
"12425","8566","6913","5654","33668","Shipped","2020-10-13 03:52:39","2020-10-14 14:01:00",NULL,NULL,"51"
"16169","11114","8930","17323","43761","Shipped","2021-07-17 15:19:32","2021-07-19 14:42:00",NULL,NULL,"51"
"17134","11799","9486","1634","46392","Shipped","2019-08-07 12:47:19","2019-08-08 14:26:00",NULL,NULL,"51"
"18175","12492","10039","9636","49233","Shipped","2022-04-21 07:08:33","2022-04-21 06:44:00",NULL,NULL,"51"
"34644","23843","19043","12956","93592","Shipped","2022-05-17 05:24:05","2022-05-18 07:49:00",NULL,NULL,"51"
"43781","30117","24009","2344","118249","Shipped","2021-07-30 02:26:26","2021-07-29 18:15:00",NULL,NULL,"51"
"46678","32147","25671","2344","126031","Shipped","2022-01-10 07:42:46","2022-01-10 23:19:00",NULL,NULL,"51"
"61708","42497","33981","2330","166583","Shipped","2022-06-11 12:41:17","2022-06-10 05:10:00",NULL,NULL,"51"
"62013","42710","34149","6856","167400","Shipped","2022-08-31 23:24:02","2022-09-01 22:25:00",NULL,NULL,"51"
"71562","49280","39442","2330","193204","Shipped","2021-10-14 01:35:10","2021-10-14 02:10:00",NULL,NULL,"51"
"72704","50081","40085","9636","196326","Shipped","2021-12-08 14:02:50","2021-12-09 02:03:00",NULL,NULL,"51"
"77462","53410","42746","2330","209110","Shipped","2022-04-12 14:11:41","2022-04-15 01:27:00",NULL,NULL,"51"
"78114","53867","43087","28876","210884","Shipped","2021-12-31 18:14:33","2022-01-03 14:30:00",NULL,NULL,"51"
"79096","54532","43631","6856","213563","Shipped","2019-10-17 03:45:40","2019-10-16 21:15:00",NULL,NULL,"51"
"94046","64975","51994","17323","254018","Shipped","2021-11-05 15:22:11","2021-11-02 06:11:00",NULL,NULL,"51"
"101111","69874","55878","6856","273066","Shipped","2021-12-24 14:09:17","2021-12-21 19:18:00",NULL,NULL,"51"
"109042","75325","60220","17323","294552","Shipped","2022-03-06 12:06:32","2022-03-09 09:26:00",NULL,NULL,"51"
"119218","82295","65890","12956","321890","Shipped","2022-03-28 03:18:11","2022-03-29 23:00:00",NULL,NULL,"51"
"120084","82888","66354","13057","324223","Shipped","2021-08-08 04:18:10","2021-08-09 19:19:00",NULL,NULL,"51"
"121986","84154","67364","9636","329357","Shipped","2022-08-30 01:56:05","2022-08-28 18:12:00",NULL,NULL,"51"
"127751","88101","70557","13363","344915","Shipped","2022-07-27 12:27:59","2022-07-29 19:19:00",NULL,NULL,"51"
"130877","90280","72303","5654","353375","Shipped","2021-10-18 13:06:56","2021-10-20 23:28:00",NULL,NULL,"51"
"138752","95749","76766","17323","374671","Shipped","2022-06-21 10:15:28","2022-06-23 23:03:00",NULL,NULL,"51"
"139597","96300","77238","21589","376958","Shipped","2022-06-27 13:09:28","2022-06-30 09:00:00",NULL,NULL,"51"
"150287","103703","83189","2344","405895","Shipped","2022-01-22 12:40:20","2022-01-22 11:09:00",NULL,NULL,"51"
"156546","107980","86603","13429","422679","Shipped","2022-05-04 13:08:57","2022-05-07 12:50:00",NULL,NULL,"51"
"160206","110520","88630","9636","432564","Shipped","2022-02-28 12:02:19","2022-02-28 22:06:00",NULL,NULL,"51"
"164414","113413","90934","1634","444013","Shipped","2020-09-03 05:01:27","2020-09-03 23:41:00",NULL,NULL,"51"
"170394","117484","94225","13057","460163","Shipped","2022-04-08 04:39:15","2022-04-10 03:44:00",NULL,NULL,"51"
"178091","122831","98523","1634","480955","Shipped","2021-03-08 01:27:00","2021-03-10 12:47:00",NULL,NULL,"51"
"9118","6251","5059","13057","24710","Complete","2021-03-05 11:01:12","2021-03-07 07:15:00","2021-03-07 13:00:00",NULL,"51"
"11424","7860","6369","9636","30951","Complete","2022-08-30 09:59:15","2022-08-31 16:18:00","2022-09-01 19:56:00",NULL,"51"
"36885","25387","20300","7672","99588","Complete","2022-07-21 01:17:16","2022-07-22 10:38:00","2022-07-24 03:14:00",NULL,"51"
"53019","36552","29207","7672","143070","Complete","2022-08-23 14:39:47","2022-08-23 20:53:00","2022-08-26 07:55:00",NULL,"51"
"53183","36659","29293","17323","143503","Complete","2022-03-24 23:20:40","2022-03-27 07:55:00","2022-03-29 04:02:00",NULL,"51"
"53285","36726","29352","9636","143788","Complete","2020-12-12 09:33:00","2020-12-14 03:46:00","2020-12-14 05:46:00",NULL,"51"
"55666","38369","30662","17323","150197","Complete","2021-04-10 10:36:37","2021-04-13 05:11:00","2021-04-15 20:46:00",NULL,"51"
"56361","38849","31059","1634","152112","Complete","2021-07-30 01:55:12","2021-07-30 04:07:00","2021-07-31 17:55:00",NULL,"51"
"68794","47348","37867","13363","185718","Complete","2021-05-23 10:06:53","2021-05-26 06:54:00","2021-05-30 11:54:00",NULL,"51"
"98285","67918","54273","2330","265515","Complete","2022-06-30 23:27:09","2022-06-29 06:43:00","2022-07-02 08:09:00",NULL,"51"
"110724","76485","61169","21003","299019","Complete","2022-07-06 23:01:15","2022-07-07 02:29:00","2022-07-08 21:59:00",NULL,"51"
"138919","95864","76864","11927","375128","Complete","2022-09-02 01:21:55","2022-08-30 01:19:00","2022-09-02 08:51:00",NULL,"51"
"151264","104365","83730","13363","408521","Complete","2019-12-06 02:05:29","2019-12-05 17:20:00","2019-12-05 20:27:00",NULL,"51"
"153319","105772","84848","21003","414057","Complete","2022-03-10 13:11:53","2022-03-11 03:57:00","2022-03-12 12:03:00",NULL,"51"
"155280","107129","85950","9636","419301","Complete","2022-07-29 14:39:48","2022-07-28 06:10:00","2022-07-30 05:00:00",NULL,"51"
"157145","108397","86927","13057","424302","Complete","2022-07-13 13:30:12","2022-07-15 03:16:00","2022-07-16 12:08:00",NULL,"51"
"157745","108797","87259","21003","425917","Complete","2022-01-09 05:03:12","2022-01-06 15:54:00","2022-01-09 22:17:00",NULL,"51"
"166422","114769","92004","21589","449478","Complete","2022-02-27 14:40:29","2022-02-28 06:20:00","2022-03-01 11:45:00",NULL,"51"
"172876","119228","95573","28876","466918","Complete","2022-05-26 15:57:51","2022-05-27 15:08:00","2022-05-31 13:08:00",NULL,"51"
"173333","119548","95851","13363","468127","Complete","2022-01-27 23:49:48","2022-01-31 02:59:00","2022-02-01 19:06:00",NULL,"51"
"178513","123133","98764","28876","482088","Complete","2022-01-09 07:18:13","2022-01-09 15:26:00","2022-01-14 09:17:00",NULL,"51"
"69969","48173","38525","12041","188884","Returned","2022-06-29 13:05:40","2022-06-30 11:42:00","2022-07-02 19:31:00","2022-07-04 01:08:00","51"
"90434","62508","50043","21003","244303","Returned","2022-09-04 09:08:37.051703","2022-09-05 20:26:07.051703","2022-09-10 13:56:07.051703","2022-09-11 05:27:07.051703","51"
"105648","73000","58389","6856","285366","Returned","2021-12-24 07:45:55","2021-12-25 21:53:00","2021-12-27 08:50:00","2021-12-28 22:53:00","51"
"154375","106511","85438","12956","416844","Returned","2020-01-21 09:01:28","2020-01-20 08:43:00","2020-01-21 00:30:00","2020-01-23 15:14:00","51"
"178521","123138","98771","6856","482109","Returned","2022-01-16 18:28:55","2022-01-18 06:41:00","2022-01-19 01:19:00","2022-01-21 13:24:00","51"
"180544","124505","99839","21003","487541","Returned","2020-11-07 11:19:44","2020-11-07 17:04:00","2020-11-08 21:30:00","2020-11-09 16:35:00","51"
"3247","2210","1773","9636","8789","Cancelled","2020-08-28 00:16:52",NULL,NULL,NULL,"51"
"11632","8007","6496","13363","31516","Cancelled","2022-02-11 00:52:37",NULL,NULL,NULL,"51"
"12903","8901","7182","17323","34956","Cancelled","2022-08-02 10:01:47",NULL,NULL,NULL,"51"
"26579","18315","14633","17323","71835","Cancelled","2020-04-28 02:29:38",NULL,NULL,NULL,"51"
"30572","21059","16859","28876","82667","Cancelled","2020-10-23 04:24:18",NULL,NULL,NULL,"51"
"61372","42259","33788","2344","165673","Cancelled","2022-03-10 13:03:59",NULL,NULL,NULL,"51"
"93092","64329","51477","21589","251436","Cancelled","2022-07-23 08:55:02",NULL,NULL,NULL,"51"
"104195","72004","57571","2344","281459","Cancelled","2021-05-22 18:16:28",NULL,NULL,NULL,"51"
"104335","72091","57636","21589","281835","Cancelled","2020-12-23 08:58:45",NULL,NULL,NULL,"51"
"104646","72314","57815","12956","282662","Cancelled","2021-10-07 10:13:00",NULL,NULL,NULL,"51"
"120721","83312","66709","1634","325961","Cancelled","2022-07-22 08:08:40",NULL,NULL,NULL,"51"
"125852","86802","69458","13363","339763","Cancelled","2022-08-18 15:08:09",NULL,NULL,NULL,"51"
"126778","87434","69984","9636","342307","Cancelled","2021-08-22 03:23:26",NULL,NULL,NULL,"51"
"138495","95565","76621","17323","373975","Cancelled","2022-05-04 03:47:34",NULL,NULL,NULL,"51"
"162447","112038","89826","21003","438649","Cancelled","2019-11-14 09:04:41",NULL,NULL,NULL,"51"
"176415","121666","97580","28876","476446","Cancelled","2022-08-11 17:09:58",NULL,NULL,NULL,"51"
"176597","121786","97678","13363","476952","Cancelled","2022-08-15 03:53:47",NULL,NULL,NULL,"51"
"5845","3977","3228","1634","15821","Processing","2020-08-27 09:52:28",NULL,NULL,NULL,"51"
"25458","17542","14013","5654","68790","Processing","2021-07-13 12:27:08",NULL,NULL,NULL,"51"
"32352","22263","17802","28876","87406","Processing","2019-03-21 13:38:42",NULL,NULL,NULL,"51"
"36271","24975","19968","5654","97930","Processing","2022-06-14 12:03:06",NULL,NULL,NULL,"51"
"41946","28860","23023","1634","113246","Processing","2022-03-25 07:16:58",NULL,NULL,NULL,"51"
"50787","35002","27932","28876","137077","Processing","2021-04-09 13:43:14",NULL,NULL,NULL,"51"
"107801","74475","59544","13057","291188","Processing","2021-02-10 02:15:49",NULL,NULL,NULL,"51"
"141940","97901","78505","21589","383241","Processing","2021-11-11 10:30:53",NULL,NULL,NULL,"51"
"146618","101156","81164","17323","395922","Processing","2020-07-29 14:05:49",NULL,NULL,NULL,"51"
"154427","106554","85474","13363","416990","Processing","2022-09-02 02:28:01.540073",NULL,NULL,NULL,"51"
"167051","115206","92338","1634","451166","Processing","2019-08-31 03:52:32",NULL,NULL,NULL,"51"
"176084","121435","97390","21003","475554","Processing","2022-01-21 05:14:58",NULL,NULL,NULL,"51"
"179373","123715","99249","28876","484399","Processing","2022-07-18 13:57:40",NULL,NULL,NULL,"51"
"2904","1984","1597","22006","7858","Shipped","2022-05-29 00:56:00","2022-05-27 10:47:00",NULL,NULL,"53"
"5593","3815","3113","22006","15144","Shipped","2019-07-11 23:19:52","2019-07-10 08:54:00",NULL,NULL,"53"
"8880","6086","4924","21657","24081","Shipped","2022-06-23 11:22:29","2022-06-23 13:43:00",NULL,NULL,"53"
"9937","6839","5543","21738","26964","Shipped","2020-07-17 11:48:12","2020-07-18 09:54:00",NULL,NULL,"53"
"16626","11439","9203","20641","45001","Shipped","2021-09-27 03:33:18","2021-09-29 11:05:00",NULL,NULL,"53"
"20597","14169","11350","23294","55758","Shipped","2022-07-13 00:37:44","2022-07-15 22:41:00",NULL,NULL,"53"
"22993","15815","12645","16144","62159","Shipped","2022-01-25 08:34:27","2022-01-27 12:56:00",NULL,NULL,"53"
"23497","16167","12925","22153","63502","Shipped","2022-02-11 14:43:14","2022-02-14 10:23:00",NULL,NULL,"53"
"30854","21240","17015","7011","83408","Shipped","2021-11-06 00:54:11","2021-11-06 11:59:00",NULL,NULL,"53"
"40005","27534","21989","14684","107980","Shipped","2022-09-02 22:25:53.496621","2022-09-05 01:52:42.496621",NULL,NULL,"53"
"45084","31044","24784","16538","121758","Shipped","2022-06-05 10:20:09","2022-06-08 08:20:00",NULL,NULL,"53"
"48391","33347","26634","16144","130599","Shipped","2021-02-10 17:43:27","2021-02-10 14:11:00",NULL,NULL,"53"
"56355","38846","31055","16144","152098","Shipped","2022-09-03 06:43:59.297475","2022-09-03 16:28:41.297475",NULL,NULL,"53"
"61137","42097","33647","28308","165053","Shipped","2022-06-12 01:46:56","2022-06-14 16:23:00",NULL,NULL,"53"
"65195","44886","35895","23450","176046","Shipped","2022-03-09 09:41:47","2022-03-10 18:30:00",NULL,NULL,"53"
"66113","45500","36379","18347","178527","Shipped","2021-01-13 23:19:29","2021-01-11 00:28:00",NULL,NULL,"53"
"66323","45641","36483","26045","179095","Shipped","2022-04-06 13:43:20","2022-04-06 05:53:00",NULL,NULL,"53"
"66826","45974","36769","22006","180427","Shipped","2022-02-06 05:00:13","2022-02-06 13:00:00",NULL,NULL,"53"
"67519","46456","37155","17354","182308","Shipped","2021-07-12 12:11:40","2021-07-15 05:14:00",NULL,NULL,"53"
"70210","48346","38657","22006","189540","Shipped","2022-02-06 21:10:40","2022-02-06 09:03:00",NULL,NULL,"53"
"75738","52190","41792","15209","204488","Shipped","2021-10-18 13:24:49","2021-10-20 07:49:00",NULL,NULL,"53"
"79415","54765","43805","11984","214425","Shipped","2022-01-14 06:10:01","2022-01-15 12:38:00",NULL,NULL,"53"
"107042","73964","59143","10446","289111","Shipped","2022-02-28 17:23:52","2022-03-02 22:35:00",NULL,NULL,"53"
"121868","84086","67312","28308","329044","Shipped","2021-07-28 13:31:27","2021-07-28 03:01:00",NULL,NULL,"53"
"127295","87785","70289","22006","343668","Shipped","2021-11-01 09:10:54","2021-11-01 22:51:00",NULL,NULL,"53"
"127444","87884","70364","23294","344066","Shipped","2022-05-18 10:18:54","2022-05-20 01:30:00",NULL,NULL,"53"
"133909","92392","74006","2955","361580","Shipped","2021-04-06 15:55:12","2021-04-04 16:19:00",NULL,NULL,"53"
"137321","94752","75954","10446","370790","Shipped","2022-09-04 00:43:04.230763","2022-09-05 02:54:37.230763",NULL,NULL,"53"
"144063","99407","79702","17138","388974","Shipped","2022-05-26 05:55:20","2022-05-25 07:49:00",NULL,NULL,"53"
"148236","102298","82059","20641","400253","Shipped","2022-02-16 14:23:34","2022-02-14 14:24:00",NULL,NULL,"53"
"152351","105117","84343","7049","411451","Shipped","2022-08-10 09:13:54","2022-08-12 06:01:00",NULL,NULL,"53"
"152995","105550","84683","26045","413157","Shipped","2022-06-20 15:03:08","2022-06-22 04:39:00",NULL,NULL,"53"
"162432","112027","89817","18347","438605","Shipped","2021-06-30 17:52:03","2021-07-03 07:06:00",NULL,NULL,"53"
"162823","112313","90062","26045","439675","Shipped","2022-07-24 10:49:30","2022-07-22 03:14:00",NULL,NULL,"53"
"163823","113004","90619","11737","442365","Shipped","2022-08-14 23:47:32","2022-08-13 15:12:00",NULL,NULL,"53"
"167980","115845","92873","7011","453609","Shipped","2021-05-29 21:47:37","2021-05-31 16:17:00",NULL,NULL,"53"
"168741","116372","93297","16538","455682","Shipped","2021-03-05 09:44:49","2021-03-06 10:11:00",NULL,NULL,"53"
"170230","117377","94124","18347","459715","Shipped","2022-08-03 23:57:54","2022-08-04 22:44:00",NULL,NULL,"53"
"177548","122452","98218","22153","479495","Shipped","2020-09-09 07:50:59","2020-09-10 10:26:00",NULL,NULL,"53"
"178018","122781","98480","7011","480763","Shipped","2022-05-31 02:58:34","2022-05-30 03:10:00",NULL,NULL,"53"
"178118","122850","98535","18347","481022","Shipped","2022-09-05 03:25:14","2022-09-03 12:10:00",NULL,NULL,"53"
"4374","2987","2408","21738","11866","Complete","2022-04-24 05:34:44","2022-04-22 14:53:00","2022-04-26 19:01:00",NULL,"53"
"6068","4137","3353","2955","16416","Complete","2022-07-30 08:21:47","2022-07-27 10:47:00","2022-07-31 10:16:00",NULL,"53"
"10491","7218","5871","18347","28438","Complete","2020-02-11 05:10:33","2020-02-10 03:03:00","2020-02-13 13:09:00",NULL,"53"
"13102","9047","7299","11984","35490","Complete","2020-02-16 04:31:37","2020-02-17 12:25:00","2020-02-20 00:17:00",NULL,"53"
"16292","11201","9004","16144","44105","Complete","2022-05-08 13:38:10","2022-05-10 10:18:00","2022-05-11 20:21:00",NULL,"53"
"32390","22290","17818","22153","87513","Complete","2022-03-28 08:27:21","2022-03-28 05:28:00","2022-03-28 13:36:00",NULL,"53"
"36921","25417","20325","15209","99694","Complete","2022-08-23 22:49:11","2022-08-24 11:09:00","2022-08-24 14:55:00",NULL,"53"
"37159","25591","20448","20641","100338","Complete","2021-03-09 02:04:26","2021-03-09 22:08:00","2021-03-13 12:23:00",NULL,"53"
"39665","27315","21812","16538","107071","Complete","2020-12-08 16:06:19","2020-12-08 05:48:00","2020-12-12 09:41:00",NULL,"53"
"40871","28109","22425","17138","110354","Complete","2022-08-09 05:01:59","2022-08-08 21:37:00","2022-08-13 21:18:00",NULL,"53"
"41574","28592","22806","10446","112225","Complete","2020-01-07 05:37:17","2020-01-09 20:08:00","2020-01-12 19:20:00",NULL,"53"
"52829","36414","29096","11737","142562","Complete","2022-04-07 13:37:45","2022-04-06 01:39:00","2022-04-09 11:12:00",NULL,"53"
"57354","39537","31596","14684","154801","Complete","2022-08-16 01:59:18","2022-08-17 15:53:00","2022-08-19 06:49:00",NULL,"53"
"57861","39874","31865","17354","156144","Complete","2021-12-06 06:37:21","2021-12-07 07:41:00","2021-12-09 14:02:00",NULL,"53"
"59899","41263","32961","26045","161693","Complete","2022-09-03 06:13:49.814169","2022-09-03 23:21:31.814169","2022-09-08 10:49:31.814169",NULL,"53"
"68052","46826","37465","16144","183737","Complete","2021-12-24 09:08:01","2021-12-24 19:43:00","2021-12-25 18:22:00",NULL,"53"
"83194","57448","45923","23294","224695","Complete","2021-05-12 04:32:24","2021-05-13 15:36:00","2021-05-15 22:06:00",NULL,"53"
"85886","59354","47485","10594","231991","Complete","2022-04-10 22:16:28","2022-04-08 20:17:00","2022-04-13 05:56:00",NULL,"53"
"86414","59708","47772","23294","233431","Complete","2022-04-27 04:46:07","2022-04-29 03:25:00","2022-05-03 04:02:00",NULL,"53"
"87017","60138","48127","10594","235070","Complete","2021-12-21 22:47:58","2021-12-23 02:13:00","2021-12-27 07:27:00",NULL,"53"
"87988","60813","48683","22006","237697","Complete","2022-03-26 04:27:41","2022-03-26 14:40:00","2022-03-27 02:21:00",NULL,"53"
"89008","61519","49252","10446","240471","Complete","2021-11-05 12:13:13","2021-11-07 08:23:00","2021-11-11 22:18:00",NULL,"53"
"93692","64735","51802","7049","253052","Complete","2022-08-15 08:28:15","2022-08-16 13:01:00","2022-08-20 20:56:00",NULL,"53"
"93754","64776","51845","928","253218","Complete","2021-06-07 02:05:38","2021-06-07 15:17:00","2021-06-10 18:45:00",NULL,"53"
"94660","65390","52318","21657","255704","Complete","2021-11-28 02:25:37","2021-11-26 00:23:00","2021-11-29 05:22:00",NULL,"53"
"94789","65481","52384","10594","256053","Complete","2021-08-26 09:59:00","2021-08-23 17:36:00","2021-08-26 05:37:00",NULL,"53"
"96790","66877","53453","16538","261433","Complete","2022-05-01 04:04:36","2022-05-04 04:02:00","2022-05-06 14:00:00",NULL,"53"
"117470","81088","64947","21657","317205","Complete","2020-07-12 13:46:56","2020-07-13 17:22:00","2020-07-13 19:43:00",NULL,"53"
"120044","82863","66336","21657","324119","Complete","2021-05-27 09:02:20","2021-05-27 15:19:00","2021-05-30 13:20:00",NULL,"53"
"121406","83790","67081","20709","327804","Complete","2022-05-20 15:01:34","2022-05-19 14:46:00","2022-05-23 20:18:00",NULL,"53"
"125178","86356","69104","7049","337970","Complete","2021-09-09 08:44:46","2021-09-11 14:39:00","2021-09-15 06:19:00",NULL,"53"
"128413","88567","70947","17138","346734","Complete","2022-03-20 23:59:46","2022-03-21 16:08:00","2022-03-24 22:00:00",NULL,"53"
"131472","90688","72659","17138","354975","Complete","2022-06-13 14:16:44","2022-06-16 09:19:00","2022-06-20 21:39:00",NULL,"53"
"136444","94164","75481","7011","368430","Complete","2021-02-21 12:31:47","2021-02-22 16:45:00","2021-02-24 16:03:00",NULL,"53"
"137262","94713","75925","928","370641","Complete","2022-07-30 20:24:02","2022-08-02 23:23:00","2022-08-03 20:05:00",NULL,"53"
"138407","95511","76580","21738","373741","Complete","2022-08-03 22:07:37","2022-08-06 22:39:00","2022-08-11 10:31:00",NULL,"53"
"138669","95687","76715","11984","374446","Complete","2022-01-07 08:34:09","2022-01-03 18:58:00","2022-01-04 00:13:00",NULL,"53"
"141070","97303","78034","17138","380892","Complete","2022-08-01 18:06:51","2022-08-01 00:21:00","2022-08-04 17:37:00",NULL,"53"
"157379","108546","87046","18866","424940","Complete","2022-04-05 07:19:23","2022-04-02 10:34:00","2022-04-05 08:59:00",NULL,"53"
"157419","108573","87069","18866","425048","Complete","2021-06-27 15:35:09","2021-06-28 03:04:00","2021-06-30 16:01:00",NULL,"53"
"160389","110656","88735","20641","433056","Complete","2022-08-18 12:55:02","2022-08-19 21:31:00","2022-08-22 01:45:00",NULL,"53"
"163527","112800","90447","10594","441562","Complete","2022-09-06 06:07:54.862111","2022-09-03 01:23:07.862111","2022-09-03 15:48:07.862111",NULL,"53"
"177741","122585","98321","17138","480028","Complete","2021-03-12 12:37:28","2021-03-15 11:19:00","2021-03-16 12:30:00",NULL,"53"
"9363","6429","5222","11984","25392","Returned","2020-12-28 13:35:57","2020-12-31 11:07:00","2021-01-05 10:16:00","2021-01-06 02:25:00","53"
"14477","9960","8025","23450","39237","Returned","2022-05-10 17:21:35","2022-05-09 00:25:00","2022-05-11 21:53:00","2022-05-14 02:43:00","53"
"29668","20433","16318","20641","80199","Returned","2021-02-18 01:06:50","2021-02-18 11:46:00","2021-02-18 17:48:00","2021-02-20 09:13:00","53"
"33240","22883","18259","16538","89787","Returned","2021-10-03 15:45:56","2021-10-03 16:59:00","2021-10-04 05:12:00","2021-10-06 18:48:00","53"
"100673","69567","55637","21657","271887","Returned","2021-03-31 21:50:11","2021-04-03 09:46:00","2021-04-05 04:39:00","2021-04-06 14:25:00","53"
"100702","69588","55653","22006","271971","Returned","2021-08-14 00:57:52","2021-08-11 20:16:00","2021-08-15 17:29:00","2021-08-18 05:59:00","53"
"106502","73596","58851","7011","287671","Returned","2022-09-02 02:46:59","2022-08-31 22:53:00","2022-09-03 19:06:00","2022-09-05 07:43:00","53"
"109111","75373","60260","7049","294728","Returned","2021-12-23 03:48:51","2021-12-24 01:23:00","2021-12-27 13:09:00","2021-12-27 17:52:00","53"
"115249","79595","63679","7049","311275","Returned","2022-03-26 08:42:02","2022-03-26 18:08:00","2022-03-27 10:38:00","2022-03-28 16:32:00","53"
"129608","89386","71604","26045","349936","Returned","2022-07-05 22:50:34","2022-07-08 11:26:00","2022-07-10 13:52:00","2022-07-13 07:20:00","53"
"141556","97637","78295","10594","382224","Returned","2020-12-01 12:29:31","2020-12-03 09:13:00","2020-12-07 18:21:00","2020-12-10 08:41:00","53"
"166383","114742","91986","16538","449378","Returned","2020-04-26 11:43:46","2020-04-27 21:15:00","2020-04-30 13:34:00","2020-05-02 17:40:00","53"
"175645","121134","97128","2955","474354","Returned","2022-05-04 23:03:59","2022-05-06 23:43:00","2022-05-07 18:57:00","2022-05-08 13:11:00","53"
"12974","8954","7223","17138","35148","Cancelled","2022-01-16 10:36:05",NULL,NULL,NULL,"53"
"21501","14786","11811","18347","58126","Cancelled","2020-03-27 01:54:25",NULL,NULL,NULL,"53"
"66676","45872","36685","17138","180030","Cancelled","2021-09-22 14:19:16",NULL,NULL,NULL,"53"
"70563","48597","38874","22006","190493","Cancelled","2021-10-10 03:39:34",NULL,NULL,NULL,"53"
"109658","75746","60556","16538","296205","Cancelled","2022-08-06 08:54:31",NULL,NULL,NULL,"53"
"122255","84335","67517","20709","330094","Cancelled","2021-03-24 02:53:10",NULL,NULL,NULL,"53"
"152314","105089","84328","928","411348","Cancelled","2020-03-02 00:55:35",NULL,NULL,NULL,"53"
"159637","110128","88311","7049","431024","Cancelled","2022-06-06 08:39:37",NULL,NULL,NULL,"53"
"167511","115518","92589","23294","452386","Cancelled","2021-06-14 10:02:51",NULL,NULL,NULL,"53"
"180685","124609","99917","10594","487920","Cancelled","2022-06-22 04:57:25",NULL,NULL,NULL,"53"
"5517","3767","3069","18347","14947","Processing","2022-08-28 15:05:58",NULL,NULL,NULL,"53"
"15386","10566","8495","18347","41680","Processing","2022-07-15 15:41:09",NULL,NULL,NULL,"53"
"16773","11543","9293","16144","45419","Processing","2020-04-27 12:28:58",NULL,NULL,NULL,"53"
"30652","21111","16896","2955","82881","Processing","2022-08-21 02:22:38",NULL,NULL,NULL,"53"
"34953","24062","19212","26045","94422","Processing","2022-01-30 06:59:04",NULL,NULL,NULL,"53"
"43328","29802","23762","18866","117002","Processing","2021-08-03 00:44:21",NULL,NULL,NULL,"53"
"45932","31613","25211","11984","124013","Processing","2022-08-26 13:53:23",NULL,NULL,NULL,"53"
"49204","33883","27059","16538","132800","Processing","2022-06-09 12:11:42",NULL,NULL,NULL,"53"
"49555","34134","27247","17354","133771","Processing","2021-07-16 05:21:09",NULL,NULL,NULL,"53"
"57958","39938","31919","7049","156412","Processing","2021-11-29 05:42:00",NULL,NULL,NULL,"53"
"62754","43210","34555","20641","169419","Processing","2021-01-02 16:37:09",NULL,NULL,NULL,"53"
"76494","52725","42190","10594","206567","Processing","2022-09-06 03:20:07.682534",NULL,NULL,NULL,"53"
"83115","57389","45872","20641","224482","Processing","2022-03-22 05:09:15",NULL,NULL,NULL,"53"
"83132","57398","45879","17354","224531","Processing","2022-08-17 02:23:46",NULL,NULL,NULL,"53"
"88173","60939","48786","15209","238196","Processing","2022-09-03 03:57:51.564912",NULL,NULL,NULL,"53"
"92964","64235","51410","10910","251094","Processing","2022-05-07 23:15:19",NULL,NULL,NULL,"53"
"93362","64517","51627","23294","252143","Processing","2022-03-01 14:27:43",NULL,NULL,NULL,"53"
"93672","64724","51791","21738","252992","Processing","2022-05-20 11:35:50",NULL,NULL,NULL,"53"
"102919","71112","56844","23294","277983","Processing","2021-12-27 10:56:58",NULL,NULL,NULL,"53"
"110887","76604","61276","21657","299469","Processing","2022-08-30 11:42:37",NULL,NULL,NULL,"53"
"112452","77671","62131","16144","303728","Processing","2021-03-26 16:31:43",NULL,NULL,NULL,"53"
"114592","79144","63301","16538","309497","Processing","2022-07-15 05:22:11",NULL,NULL,NULL,"53"
"118444","81757","65459","28308","319811","Processing","2021-10-08 12:51:13",NULL,NULL,NULL,"53"
"119795","82704","66204","26045","323422","Processing","2021-11-15 10:17:06",NULL,NULL,NULL,"53"
"121318","83727","67038","23450","327575","Processing","2022-08-15 01:31:42",NULL,NULL,NULL,"53"
"128118","88361","70772","20641","345932","Processing","2022-09-02 03:49:25",NULL,NULL,NULL,"53"
"128799","88829","71151","20641","347768","Processing","2022-05-20 10:05:41",NULL,NULL,NULL,"53"
"129475","89294","71536","22006","349594","Processing","2022-07-29 07:56:34",NULL,NULL,NULL,"53"
"157386","108551","87049","21657","424957","Processing","2020-10-19 12:42:29",NULL,NULL,NULL,"53"
"161937","111693","89551","28308","437262","Processing","2021-12-06 07:10:16",NULL,NULL,NULL,"53"
"165126","113876","91298","23294","445948","Processing","2020-08-13 21:25:37",NULL,NULL,NULL,"53"
"165155","113897","91317","10446","446036","Processing","2020-09-13 12:26:28",NULL,NULL,NULL,"53"
"170990","117886","94535","10594","461812","Processing","2022-03-07 02:39:30",NULL,NULL,NULL,"53"
"172643","119059","95434","928","466274","Processing","2022-07-04 11:11:35",NULL,NULL,NULL,"53"
"180586","124539","99866","22006","487660","Processing","2021-08-23 15:07:57",NULL,NULL,NULL,"53"
"693","488","415","1925","1848","Shipped","2022-07-31 22:52:59","2022-07-29 04:28:00",NULL,NULL,"55"
"784","560","471","14883","2098","Shipped","2019-10-16 03:41:31","2019-10-17 21:19:00",NULL,NULL,"55"
"1451","1010","845","11698","3941","Shipped","2022-07-06 15:09:20","2022-07-07 03:20:00",NULL,NULL,"55"
"2225","1525","1237","28109","6027","Shipped","2022-08-30 13:24:58","2022-08-31 02:25:00",NULL,NULL,"55"
"3174","2152","1728","18874","8585","Shipped","2022-07-06 09:48:22","2022-07-07 09:24:00",NULL,NULL,"55"
"3352","2274","1826","23432","9066","Shipped","2022-07-25 06:35:58","2022-07-25 12:31:00",NULL,NULL,"55"
"3577","2418","1959","17156","9672","Shipped","2021-07-13 03:09:46","2021-07-12 11:47:00",NULL,NULL,"55"
"4449","3043","2455","17469","12066","Shipped","2022-06-15 13:45:56","2022-06-15 15:31:00",NULL,NULL,"55"
"5943","4042","3279","23013","16084","Shipped","2020-07-31 07:30:45","2020-08-01 09:28:00",NULL,NULL,"55"
"5952","4049","3284","17090","16104","Shipped","2021-12-31 04:52:05","2022-01-01 10:34:00",NULL,NULL,"55"
"6208","4234","3435","17469","16793","Shipped","2021-10-19 13:11:36","2021-10-21 08:06:00",NULL,NULL,"55"
"6865","4682","3802","18893","18591","Shipped","2021-05-19 23:05:03","2021-05-20 21:53:00",NULL,NULL,"55"
"8976","6153","4971","28087","24344","Shipped","2022-07-20 10:26:27","2022-07-19 11:36:00",NULL,NULL,"55"
"9240","6335","5137","21789","25059","Shipped","2021-02-06 06:44:31","2021-02-08 15:15:00",NULL,NULL,"55"
"9283","6367","5159","16632","25175","Shipped","2021-12-10 01:18:26","2021-12-08 19:00:00",NULL,NULL,"55"
"9284","6367","5159","22992","25177","Shipped","2021-12-09 04:31:23","2021-12-08 19:00:00",NULL,NULL,"55"
"9310","6387","5182","16989","25242","Shipped","2022-07-21 17:13:45","2022-07-22 16:05:00",NULL,NULL,"55"
"9737","6704","5431","22703","26424","Shipped","2022-04-16 04:14:13","2022-04-13 15:40:00",NULL,NULL,"55"
"9999","6879","5581","17282","27126","Shipped","2022-08-19 12:49:21","2022-08-20 15:58:00",NULL,NULL,"55"
"10503","7223","5876","17156","28472","Shipped","2021-12-17 16:00:31","2021-12-17 18:47:00",NULL,NULL,"55"
"10937","7515","6107","27738","29644","Shipped","2020-11-08 23:01:36","2020-11-10 02:47:00",NULL,NULL,"55"
"11608","7987","6479","7323","31452","Shipped","2022-06-08 06:28:38","2022-06-09 02:10:00",NULL,NULL,"55"
"11650","8018","6504","23262","31569","Shipped","2022-05-31 01:47:26","2022-06-01 11:31:00",NULL,NULL,"55"
"11698","8050","6526","874","31693","Shipped","2022-03-02 09:35:12","2022-03-02 11:29:00",NULL,NULL,"55"
"11782","8115","6572","20910","31916","Shipped","2021-10-13 22:36:20","2021-10-16 01:27:00",NULL,NULL,"55"
"12441","8577","6922","22706","33707","Shipped","2022-04-10 00:59:23","2022-04-10 03:10:00",NULL,NULL,"55"
"12529","8635","6968","17189","33949","Shipped","2022-03-09 01:26:31","2022-03-10 07:31:00",NULL,NULL,"55"
"13090","9038","7293","22149","35460","Shipped","2022-01-31 06:57:35","2022-02-02 07:04:00",NULL,NULL,"55"
"13711","9447","7604","22816","37158","Shipped","2022-08-31 02:21:39","2022-08-28 07:41:00",NULL,NULL,"55"
"14058","9680","7811","1925","38094","Shipped","2021-07-24 02:02:02","2021-07-23 04:46:00",NULL,NULL,"55"
"14812","10190","8194","27631","40125","Shipped","2022-06-29 09:14:42","2022-06-27 10:48:00",NULL,NULL,"55"
"14819","10197","8201","23032","40145","Shipped","2022-05-12 04:49:45","2022-05-14 09:25:00",NULL,NULL,"55"
"15283","10499","8451","19539","41392","Shipped","2019-05-09 06:31:05","2019-05-09 20:50:00",NULL,NULL,"55"
"15611","10708","8612","17089","42284","Shipped","2021-11-19 10:52:29","2021-11-21 11:51:00",NULL,NULL,"55"
"16043","11019","8840","23262","43420","Shipped","2020-02-02 04:33:15","2020-02-01 06:44:00",NULL,NULL,"55"
"16376","11257","9047","1853","44326","Shipped","2021-03-11 04:30:19","2021-03-13 23:59:00",NULL,NULL,"55"
"16429","11295","9078","318","44469","Shipped","2020-10-20 11:47:59","2020-10-19 05:08:00",NULL,NULL,"55"
"18077","12432","9999","18874","48981","Shipped","2022-08-17 07:28:06","2022-08-19 01:07:00",NULL,NULL,"55"
"18522","12724","10206","27605","50155","Shipped","2022-05-13 06:39:08","2022-05-15 23:03:00",NULL,NULL,"55"
"18683","12843","10307","18092","50572","Shipped","2021-03-16 12:41:32","2021-03-15 22:52:00",NULL,NULL,"55"
"18780","12906","10359","16848","50836","Shipped","2022-06-22 07:06:44","2022-06-23 16:53:00",NULL,NULL,"55"
"19321","13277","10646","20544","52280","Shipped","2021-07-24 05:54:04","2021-07-23 22:47:00",NULL,NULL,"55"
"20069","13801","11059","2683","54312","Shipped","2022-04-20 06:43:08","2022-04-21 04:42:00",NULL,NULL,"55"
"20219","13904","11147","19318","54715","Shipped","2022-05-10 06:02:55","2022-05-09 11:30:00",NULL,NULL,"55"
"20417","14039","11247","17189","55267","Shipped","2021-04-01 10:59:45","2021-04-01 19:34:00",NULL,NULL,"55"
"20561","14139","11324","27405","55660","Shipped","2022-03-03 09:30:18","2022-03-04 04:30:00",NULL,NULL,"55"
"21492","14781","11806","17001","58097","Shipped","2022-08-18 12:38:56","2022-08-18 14:26:00",NULL,NULL,"55"
"21667","14898","11899","27177","58570","Shipped","2021-10-03 01:07:02","2021-10-04 03:24:00",NULL,NULL,"55"
"21946","15095","12052","17469","59317","Shipped","2022-07-06 08:45:15","2022-07-04 01:02:00",NULL,NULL,"55"
"22005","15132","12085","27450","59483","Shipped","2022-07-19 00:46:22","2022-07-21 14:30:00",NULL,NULL,"55"
"22151","15229","12168","11698","59869","Shipped","2022-01-13 06:31:35","2022-01-13 23:35:00",NULL,NULL,"55"
"22741","15643","12498","28119","61466","Shipped","2022-05-30 13:45:09","2022-05-29 21:04:00",NULL,NULL,"55"
"23188","15958","12753","12064","62672","Shipped","2022-07-12 15:02:04","2022-07-11 17:11:00",NULL,NULL,"55"
"23592","16236","12988","27661","63780","Shipped","2021-05-06 02:11:35","2021-05-04 04:28:00",NULL,NULL,"55"
"24512","16864","13477","18497","66251","Shipped","2021-10-16 11:38:09","2021-10-17 22:48:00",NULL,NULL,"55"
"25410","17505","13984","6417","68659","Shipped","2021-07-05 15:51:14","2021-07-02 20:03:00",NULL,NULL,"55"
"25586","17624","14077","27874","69135","Shipped","2020-10-25 18:13:47","2020-10-28 02:52:00",NULL,NULL,"55"
"25867","17824","14248","22992","69901","Shipped","2022-05-06 10:05:12","2022-05-04 01:27:00",NULL,NULL,"55"
"26076","17962","14349","6011","70476","Shipped","2022-08-23 12:13:09","2022-08-22 23:33:00",NULL,NULL,"55"
"26704","18397","14694","23157","72183","Shipped","2020-11-13 02:52:20","2020-11-09 07:02:00",NULL,NULL,"55"
"27224","18751","14994","22873","73601","Shipped","2021-05-26 11:32:35","2021-05-27 09:24:00",NULL,NULL,"55"
"27954","19271","15408","27856","75570","Shipped","2020-02-24 09:27:09","2020-02-26 09:04:00",NULL,NULL,"55"
"28136","19395","15513","23181","76053","Shipped","2022-03-27 09:01:59","2022-03-27 15:54:00",NULL,NULL,"55"
"28553","19661","15720","21789","77178","Shipped","2020-12-24 08:52:44","2020-12-24 14:48:00",NULL,NULL,"55"
"29175","20081","16045","26384","78874","Shipped","2022-08-29 09:51:49","2022-08-30 12:04:00",NULL,NULL,"55"
"29823","20547","16425","28245","80623","Shipped","2021-12-31 08:08:20","2021-12-31 13:36:00",NULL,NULL,"55"
"30352","20903","16733","20945","82073","Shipped","2022-02-22 15:17:46","2022-02-25 02:40:00",NULL,NULL,"55"
"31972","22005","17604","22149","86394","Shipped","2021-10-14 14:30:27","2021-10-14 23:15:00",NULL,NULL,"55"
"32211","22164","17728","23982","87026","Shipped","2022-09-04 03:17:07.164858","2022-09-06 13:11:47.164858",NULL,NULL,"55"
"33401","22997","18348","12804","90238","Shipped","2022-07-22 08:18:21","2022-07-22 18:28:00",NULL,NULL,"55"
"33472","23042","18392","21280","90431","Shipped","2021-05-11 21:46:53","2021-05-13 04:46:00",NULL,NULL,"55"
"33866","23323","18621","23036","91493","Shipped","2021-12-20 12:53:35","2021-12-22 05:31:00",NULL,NULL,"55"
"34068","23460","18715","3056","92046","Shipped","2021-02-15 07:26:28","2021-02-15 18:32:00",NULL,NULL,"55"
"34075","23463","18716","19430","92066","Shipped","2022-05-05 22:36:12","2022-05-08 20:34:00",NULL,NULL,"55"
"34902","24025","19184","19173","94289","Shipped","2021-11-19 01:22:17","2021-11-19 23:45:00",NULL,NULL,"55"
"38114","26240","20963","1703","102897","Shipped","2021-04-28 23:45:38","2021-04-28 18:25:00",NULL,NULL,"55"
"38357","26414","21108","22703","103550","Shipped","2022-09-01 21:52:50","2022-09-01 08:43:00",NULL,NULL,"55"
"38412","26454","21137","22643","103694","Shipped","2021-04-09 01:47:13","2021-04-11 06:34:00",NULL,NULL,"55"
"39258","27025","21584","27656","105999","Shipped","2022-07-11 23:41:41","2022-07-13 14:04:00",NULL,NULL,"55"
"39472","27182","21717","874","106560","Shipped","2021-11-03 14:48:01","2021-11-05 13:54:00",NULL,NULL,"55"
"39647","27308","21807","27874","107022","Shipped","2021-11-22 01:29:45","2021-11-23 19:21:00",NULL,NULL,"55"
"40562","27907","22271","17083","109509","Shipped","2020-12-14 08:06:42","2020-12-14 04:09:00",NULL,NULL,"55"
"40612","27939","22300","23024","109650","Shipped","2022-08-10 15:55:21","2022-08-11 02:41:00",NULL,NULL,"55"
"40919","28145","22444","20897","110477","Shipped","2021-07-20 11:26:30","2021-07-18 11:45:00",NULL,NULL,"55"
"41068","28242","22532","19539","110871","Shipped","2021-04-25 00:19:39","2021-04-27 01:38:00",NULL,NULL,"55"
"41360","28444","22691","1667","111657","Shipped","2020-03-10 13:55:44","2020-03-10 23:17:00",NULL,NULL,"55"
"42065","28943","23086","6395","113556","Shipped","2022-08-20 23:23:26","2022-08-21 01:55:00",NULL,NULL,"55"
"43291","29778","23742","21789","116900","Shipped","2021-09-25 10:35:42","2021-09-26 00:15:00",NULL,NULL,"55"
"43881","30188","24063","17091","118514","Shipped","2021-03-02 20:35:06","2021-03-03 15:13:00",NULL,NULL,"55"
"44088","30331","24193","23013","119079","Shipped","2021-07-31 01:04:02","2021-08-02 00:32:00",NULL,NULL,"55"
"44633","30720","24519","22127","120550","Shipped","2022-07-05 23:40:13","2022-07-05 04:49:00",NULL,NULL,"55"
"44841","30859","24636","6417","121113","Shipped","2021-04-15 23:56:44","2021-04-16 22:47:00",NULL,NULL,"55"
"44867","30878","24651","27656","121176","Shipped","2022-09-05 12:45:04.583438","2022-09-07 15:41:52.583438",NULL,NULL,"55"
"44901","30903","24674","20558","121263","Shipped","2022-02-13 15:43:29","2022-02-16 05:23:00",NULL,NULL,"55"
"45554","31365","25039","22645","123005","Shipped","2021-07-07 05:25:46","2021-07-04 16:31:00",NULL,NULL,"55"
"46291","31863","25424","22168","124992","Shipped","2021-05-19 05:25:38","2021-05-21 20:42:00",NULL,NULL,"55"
"47258","32564","26002","23209","127563","Shipped","2021-11-18 04:13:07","2021-11-18 10:24:00",NULL,NULL,"55"
"47652","32837","26221","22816","128616","Shipped","2021-04-29 09:43:28","2021-04-30 05:46:00",NULL,NULL,"55"
"47887","32994","26354","27572","129254","Shipped","2022-06-16 09:53:19","2022-06-18 00:44:00",NULL,NULL,"55"
"48061","33100","26446","21932","129735","Shipped","2022-05-29 02:18:45","2022-05-31 12:05:00",NULL,NULL,"55"
"48162","33173","26503","1703","129995","Shipped","2021-07-16 06:25:59","2021-07-18 08:18:00",NULL,NULL,"55"
"48947","33723","26928","22694","132092","Shipped","2022-09-04 10:06:22.299349","2022-09-05 05:10:52.299349",NULL,NULL,"55"
"49114","33822","27017","3056","132547","Shipped","2022-05-12 05:39:32","2022-05-12 09:20:00",NULL,NULL,"55"
"49406","34025","27164","19173","133351","Shipped","2022-08-03 04:24:41","2022-08-05 06:22:00",NULL,NULL,"55"
"49589","34161","27272","17083","133859","Shipped","2020-05-17 05:29:09","2020-05-17 03:55:00",NULL,NULL,"55"
"50573","34842","27804","22453","136509","Shipped","2022-04-10 10:42:03","2022-04-08 11:52:00",NULL,NULL,"55"
"51314","35366","28238","16632","138497","Shipped","2022-08-18 16:18:20","2022-08-21 07:42:00",NULL,NULL,"55"
"51686","35620","28459","28994","139515","Shipped","2022-05-13 11:13:55","2022-05-14 06:42:00",NULL,NULL,"55"
"51723","35645","28484","20945","139615","Shipped","2021-02-23 03:39:40","2021-02-21 15:17:00",NULL,NULL,"55"
"51742","35657","28491","27994","139665","Shipped","2022-04-21 22:48:28","2022-04-24 08:11:00",NULL,NULL,"55"
"52158","35944","28709","23217","140767","Shipped","2020-11-28 12:33:58","2020-11-27 01:00:00",NULL,NULL,"55"
"53134","36633","29273","17193","143371","Shipped","2022-07-05 05:06:04","2022-07-06 11:38:00",NULL,NULL,"55"
"53307","36740","29363","27474","143851","Shipped","2021-07-12 14:28:59","2021-07-09 21:46:00",NULL,NULL,"55"
"53582","36919","29499","17193","144591","Shipped","2022-05-26 11:34:55","2022-05-26 14:25:00",NULL,NULL,"55"
"54611","37650","30086","21280","147350","Shipped","2021-07-15 03:26:43","2021-07-15 22:06:00",NULL,NULL,"55"
"54736","37735","30150","22706","147714","Shipped","2019-07-05 06:52:15","2019-07-06 02:51:00",NULL,NULL,"55"
"55037","37946","30311","16938","148508","Shipped","2022-02-15 11:39:44","2022-02-18 02:02:00",NULL,NULL,"55"
"55461","38224","30546","22453","149642","Shipped","2019-12-12 08:43:49","2019-12-14 10:51:00",NULL,NULL,"55"
"57034","39305","31420","1700","153931","Shipped","2021-02-14 07:56:55","2021-02-13 15:35:00",NULL,NULL,"55"
"57055","39322","31432","12064","153992","Shipped","2021-05-21 02:56:37","2021-05-22 08:13:00",NULL,NULL,"55"
"57455","39604","31642","23209","155074","Shipped","2021-05-02 04:29:10","2021-05-01 06:17:00",NULL,NULL,"55"
"57855","39871","31865","27661","156125","Shipped","2022-01-09 09:06:55","2022-01-12 09:49:00",NULL,NULL,"55"
"58074","40024","31980","27994","156726","Shipped","2022-03-28 03:34:01","2022-03-30 20:06:00",NULL,NULL,"55"
"58641","40419","32287","17090","158267","Shipped","2022-01-15 11:47:08","2022-01-14 22:01:00",NULL,NULL,"55"
"58696","40451","32313","23157","158414","Shipped","2022-08-17 17:37:36","2022-08-17 09:03:00",NULL,NULL,"55"
"59331","40884","32653","23269","160137","Shipped","2022-07-01 23:19:56","2022-07-01 14:11:00",NULL,NULL,"55"
"59453","40966","32718","18784","160475","Shipped","2022-03-05 15:11:31","2022-03-07 22:07:00",NULL,NULL,"55"
"59557","41038","32780","17156","160755","Shipped","2021-12-20 00:55:45","2021-12-21 14:28:00",NULL,NULL,"55"
"60097","41396","33066","27735","162252","Shipped","2022-07-13 14:35:59","2022-07-14 00:51:00",NULL,NULL,"55"
"60467","41647","33286","22816","163259","Shipped","2022-08-08 01:46:11","2022-08-10 22:48:00",NULL,NULL,"55"
"61281","42195","33737","6916","165436","Shipped","2022-08-03 14:43:55","2022-08-06 17:33:00",NULL,NULL,"55"
"61524","42366","33864","19173","166075","Shipped","2021-10-31 22:13:26","2021-11-02 06:44:00",NULL,NULL,"55"
"61605","42424","33925","27847","166303","Shipped","2022-02-06 03:03:53","2022-02-03 14:51:00",NULL,NULL,"55"
"62132","42792","34209","1608","167722","Shipped","2022-06-19 16:46:03","2022-06-20 10:15:00",NULL,NULL,"55"
"62166","42816","34224","18893","167811","Shipped","2022-08-02 01:06:10","2022-08-03 09:46:00",NULL,NULL,"55"
"62546","43078","34445","18092","168850","Shipped","2022-04-09 07:57:09","2022-04-09 22:19:00",NULL,NULL,"55"
"62994","43367","34671","28087","170075","Shipped","2022-03-13 16:28:41","2022-03-16 13:54:00",NULL,NULL,"55"
"63200","43514","34793","20692","170642","Shipped","2022-04-07 23:14:30","2022-04-08 09:27:00",NULL,NULL,"55"
"63324","43598","34859","27738","170987","Shipped","2022-03-29 16:00:16","2022-03-31 18:12:00",NULL,NULL,"55"
"63534","43748","34985","22631","171525","Shipped","2021-04-03 22:47:22","2021-04-04 08:24:00",NULL,NULL,"55"
"63762","43899","35110","318","172135","Shipped","2021-11-01 13:17:29","2021-10-31 07:49:00",NULL,NULL,"55"
"64022","44068","35250","17730","172834","Shipped","2020-03-16 04:36:36","2020-03-13 14:28:00",NULL,NULL,"55"
"64202","44185","35338","27907","173321","Shipped","2022-08-29 03:32:35","2022-08-28 13:00:00",NULL,NULL,"55"
"66926","46041","36820","21287","180700","Shipped","2022-01-14 22:25:14","2022-01-16 10:41:00",NULL,NULL,"55"
"67382","46362","37076","12801","181958","Shipped","2021-07-13 05:46:09","2021-07-13 12:54:00",NULL,NULL,"55"
"68061","46832","37468","22956","183759","Shipped","2020-12-05 02:26:04","2020-12-03 12:49:00",NULL,NULL,"55"
"68121","46881","37503","27661","183923","Shipped","2022-04-23 02:58:56","2022-04-20 11:08:00",NULL,NULL,"55"
"68344","47036","37628","28023","184515","Shipped","2022-05-07 21:30:44","2022-05-05 05:30:00",NULL,NULL,"55"
"68822","47368","37883","17386","185790","Shipped","2020-08-21 13:08:42","2020-08-22 22:58:00",NULL,NULL,"55"
"69890","48114","38476","18538","188671","Shipped","2022-03-13 05:09:29","2022-03-12 06:58:00",NULL,NULL,"55"
"70777","48738","38992","24187","191077","Shipped","2021-12-24 23:03:36","2021-12-24 22:41:00",NULL,NULL,"55"
"73193","50417","40357","7323","197638","Shipped","2021-05-18 15:43:38","2021-05-17 16:11:00",NULL,NULL,"55"
"73364","50537","40447","23048","198095","Shipped","2021-11-08 02:37:52","2021-11-10 10:16:00",NULL,NULL,"55"
"73986","50965","40779","17001","199767","Shipped","2020-06-02 21:25:59","2020-06-05 16:02:00",NULL,NULL,"55"
"74242","51146","40935","22956","200471","Shipped","2021-10-10 15:10:45","2021-10-13 11:07:00",NULL,NULL,"55"
"74341","51217","40983","27410","200727","Shipped","2021-06-30 23:58:12","2021-06-29 11:09:00",NULL,NULL,"55"
"74379","51244","40997","1703","200828","Shipped","2022-01-15 06:08:39","2022-01-15 08:02:00",NULL,NULL,"55"
"74607","51411","41135","27410","201435","Shipped","2022-04-15 06:33:51","2022-04-15 21:57:00",NULL,NULL,"55"
"74884","51598","41290","18951","202181","Shipped","2022-07-09 16:59:55","2022-07-08 21:48:00",NULL,NULL,"55"
"75126","51769","41413","27738","202839","Shipped","2021-07-13 01:40:27","2021-07-12 02:24:00",NULL,NULL,"55"
"76036","52398","41944","27474","205324","Shipped","2021-04-01 10:45:29","2021-04-03 10:35:00",NULL,NULL,"55"
"76267","52560","42059","22873","205954","Shipped","2019-10-16 10:26:39","2019-10-12 21:16:00",NULL,NULL,"55"
"76609","52806","42254","17189","206862","Shipped","2021-08-09 08:12:12","2021-08-11 00:11:00",NULL,NULL,"55"
"76623","52817","42260","21287","206901","Shipped","2020-05-14 00:36:04","2020-05-10 05:18:00",NULL,NULL,"55"
"76737","52903","42327","22720","207221","Shipped","2022-06-07 07:07:45","2022-06-09 06:28:00",NULL,NULL,"55"
"76887","53017","42422","28245","207627","Shipped","2021-05-26 23:43:39","2021-05-29 10:36:00",NULL,NULL,"55"
"77661","53551","42843","17414","209635","Shipped","2019-05-11 06:10:00","2019-05-11 22:50:00",NULL,NULL,"55"
"78082","53848","43068","17001","210798","Shipped","2022-07-03 10:41:28","2022-07-02 00:02:00",NULL,NULL,"55"
"78083","53848","43068","20945","210800","Shipped","2022-07-01 10:50:10","2022-07-02 00:02:00",NULL,NULL,"55"
"78472","54102","43299","22332","211836","Shipped","2022-08-29 08:30:40","2022-08-29 13:19:00",NULL,NULL,"55"
"78770","54312","43475","24187","212659","Shipped","2019-09-10 06:14:58","2019-09-11 14:12:00",NULL,NULL,"55"
"79506","54831","43848","20693","214678","Shipped","2020-05-19 11:10:32","2020-05-15 19:04:00",NULL,NULL,"55"
"79847","55063","44037","22149","215618","Shipped","2022-01-12 09:32:08","2022-01-09 08:49:00",NULL,NULL,"55"
"81119","55951","44731","23181","219075","Shipped","2021-06-30 22:31:17","2021-06-29 08:50:00",NULL,NULL,"55"
"83458","57632","46071","9578","225399","Shipped","2020-07-03 05:57:21","2020-06-29 16:42:00",NULL,NULL,"55"
"83822","57890","46285","18758","226389","Shipped","2020-09-03 14:48:42","2020-09-04 20:04:00",NULL,NULL,"55"
"83990","58009","46384","20945","226853","Shipped","2021-05-19 05:38:39","2021-05-16 10:03:00",NULL,NULL,"55"
"84060","58061","46423","21280","227043","Shipped","2021-11-17 05:57:37","2021-11-17 17:50:00",NULL,NULL,"55"
"84574","58429","46735","21769","228430","Shipped","2022-07-15 02:53:39","2022-07-17 21:08:00",NULL,NULL,"55"
"84591","58440","46743","20692","228475","Shipped","2022-08-11 22:17:50","2022-08-12 11:59:00",NULL,NULL,"55"
"84804","58585","46854","27405","229055","Shipped","2021-05-25 23:20:44","2021-05-28 04:00:00",NULL,NULL,"55"
"85680","59213","47350","22631","231445","Shipped","2021-06-25 09:27:37","2021-06-24 22:38:00",NULL,NULL,"55"
"86913","60062","48061","3056","234796","Shipped","2021-11-28 07:20:54","2021-11-26 13:10:00",NULL,NULL,"55"
"87460","60434","48382","7323","236273","Shipped","2022-07-22 09:33:05","2022-07-18 23:07:00",NULL,NULL,"55"
"88037","60851","48707","18092","237825","Shipped","2022-02-04 06:00:42","2022-02-05 19:44:00",NULL,NULL,"55"
"88181","60945","48788","20558","238219","Shipped","2022-01-05 14:25:22","2022-01-06 02:47:00",NULL,NULL,"55"
"88215","60966","48809","19539","238306","Shipped","2022-02-22 08:35:16","2022-02-25 00:08:00",NULL,NULL,"55"
"88579","61222","49031","17083","239314","Shipped","2022-08-05 13:18:50","2022-08-05 05:50:00",NULL,NULL,"55"
"88843","61410","49168","13558","240036","Shipped","2020-04-08 16:54:52","2020-04-09 11:29:00",NULL,NULL,"55"
"88997","61509","49246","665","240442","Shipped","2022-08-28 01:50:07","2022-08-28 22:33:00",NULL,NULL,"55"
"89035","61538","49265","18530","240536","Shipped","2021-05-04 06:57:14","2021-05-05 13:03:00",NULL,NULL,"55"
"90397","62482","50021","1925","244192","Shipped","2022-08-18 10:11:19","2022-08-20 16:08:00",NULL,NULL,"55"
"90700","62681","50182","22643","245035","Shipped","2019-08-04 04:54:38","2019-08-05 09:26:00",NULL,NULL,"55"
"90825","62763","50242","7323","245357","Shipped","2021-10-27 21:22:34","2021-10-29 05:34:00",NULL,NULL,"55"
"91117","62964","50412","26384","246138","Shipped","2022-04-07 16:39:56","2022-04-07 22:23:00",NULL,NULL,"55"
"91309","63089","50507","23036","246662","Shipped","2020-08-18 02:28:47","2020-08-17 11:18:00",NULL,NULL,"55"
"91311","63090","50507","17730","246667","Shipped","2022-08-02 23:41:16","2022-07-31 09:13:00",NULL,NULL,"55"
"91636","63317","50698","16725","247531","Shipped","2022-06-12 12:52:44","2022-06-12 12:37:00",NULL,NULL,"55"
"91717","63377","50743","13826","247744","Shipped","2022-07-14 03:08:50","2022-07-14 17:21:00",NULL,NULL,"55"
"92297","63767","51052","28534","249293","Shipped","2022-02-10 15:17:21","2022-02-09 12:39:00",NULL,NULL,"55"
"93014","64270","51436","17282","251222","Shipped","2022-08-04 14:05:21","2022-08-06 08:39:00",NULL,NULL,"55"
"93134","64359","51496","18497","251549","Shipped","2022-03-26 09:33:16","2022-03-24 18:03:00",NULL,NULL,"55"
"93150","64370","51506","27738","251587","Shipped","2021-09-16 09:19:11","2021-09-15 03:12:00",NULL,NULL,"55"
"94148","65044","52036","19430","254286","Shipped","2022-08-27 05:40:36","2022-08-24 16:39:00",NULL,NULL,"55"
"94376","65203","52167","17362","254931","Shipped","2021-02-13 22:48:07","2021-02-16 08:03:00",NULL,NULL,"55"
"95879","66269","52989","6395","259008","Shipped","2022-07-02 22:40:58","2022-07-04 06:55:00",NULL,NULL,"55"
"97105","67102","53616","22149","262300","Shipped","2022-04-23 10:02:25","2022-04-21 12:16:00",NULL,NULL,"55"
"98106","67797","54171","22992","265022","Shipped","2020-09-21 04:44:26","2020-09-22 08:17:00",NULL,NULL,"55"
"98573","68105","54435","28119","266288","Shipped","2021-12-04 03:56:30","2021-12-05 13:39:00",NULL,NULL,"55"
"99354","68655","54885","17386","268375","Shipped","2022-08-27 07:33:37","2022-08-28 10:59:00",NULL,NULL,"55"
"99462","68732","54953","3859","268664","Shipped","2020-10-01 03:36:54","2020-10-01 22:06:00",NULL,NULL,"55"
"99626","68852","55058","22790","269107","Shipped","2021-02-15 09:54:58","2021-02-18 09:01:00",NULL,NULL,"55"
"100818","69676","55715","27450","272293","Shipped","2021-03-08 21:58:54","2021-03-10 08:57:00",NULL,NULL,"55"
"101037","69825","55842","17083","272880","Shipped","2021-05-04 14:42:02","2021-05-04 16:57:00",NULL,NULL,"55"
"101433","70089","56035","17189","273945","Shipped","2021-04-22 06:41:18","2021-04-19 16:01:00",NULL,NULL,"55"
"101772","70326","56231","27546","274859","Shipped","2021-08-20 12:09:02","2021-08-23 02:08:00",NULL,NULL,"55"
"102671","70935","56701","6916","277327","Shipped","2021-07-16 07:59:55","2021-07-17 01:50:00",NULL,NULL,"55"
"102923","71114","56845","6065","277993","Shipped","2022-08-11 02:12:22","2022-08-13 17:05:00",NULL,NULL,"55"
"102949","71133","56858","27572","278065","Shipped","2020-06-10 05:26:44","2020-06-09 07:05:00",NULL,NULL,"55"
"103480","71509","57170","27847","279514","Shipped","2021-07-21 03:50:00","2021-07-23 18:11:00",NULL,NULL,"55"
"103807","71737","57363","23975","280418","Shipped","2022-03-05 03:45:11","2022-03-08 06:34:00",NULL,NULL,"55"
"103874","71788","57407","27410","280601","Shipped","2020-12-26 12:19:52","2020-12-26 21:45:00",NULL,NULL,"55"
"104493","72201","57723","17730","282269","Shipped","2022-05-02 05:33:57","2022-05-04 17:16:00",NULL,NULL,"55"
"104737","72373","57861","22332","282912","Shipped","2021-06-09 13:22:56","2021-06-06 00:13:00",NULL,NULL,"55"
"104862","72459","57930","22168","283254","Shipped","2021-09-17 12:45:54","2021-09-17 09:40:00",NULL,NULL,"55"
"105028","72580","58030","21280","283705","Shipped","2022-05-13 02:06:36","2022-05-12 05:40:00",NULL,NULL,"55"
"105057","72604","58045","21789","283780","Shipped","2022-06-01 14:26:42","2022-06-03 03:46:00",NULL,NULL,"55"
"105128","72651","58094","22873","283964","Shipped","2020-11-20 12:30:00","2020-11-22 00:29:00",NULL,NULL,"55"
"105433","72845","58266","17229","284767","Shipped","2022-08-21 04:23:56","2022-08-22 22:18:00",NULL,NULL,"55"
"107184","74053","59208","18497","289510","Shipped","2022-04-17 07:49:16","2022-04-20 08:05:00",NULL,NULL,"55"
"107878","74528","59578","23269","291397","Shipped","2022-07-15 18:03:19","2022-07-13 14:59:00",NULL,NULL,"55"
"107879","74528","59578","20692","291400","Shipped","2022-07-11 14:19:00","2022-07-13 14:59:00",NULL,NULL,"55"
"108229","74767","59788","26384","292372","Shipped","2021-09-10 07:56:56","2021-09-11 05:43:00",NULL,NULL,"55"
"108285","74811","59824","2683","292519","Shipped","2022-03-03 22:27:33","2022-03-06 20:37:00",NULL,NULL,"55"
"108500","74958","59938","23024","293085","Shipped","2022-07-02 14:55:18","2022-07-02 10:40:00",NULL,NULL,"55"
"108921","75245","60159","19173","294224","Shipped","2022-08-16 07:33:19","2022-08-13 18:00:00",NULL,NULL,"55"
"109368","75553","60399","20945","295421","Shipped","2022-09-03 22:48:48","2022-09-01 18:45:00",NULL,NULL,"55"
"109547","75676","60488","17467","295902","Shipped","2022-01-09 11:14:20","2022-01-12 12:25:00",NULL,NULL,"55"
"110654","76435","61129","3045","298835","Shipped","2022-08-29 14:23:35","2022-08-30 00:31:00",NULL,NULL,"55"
"110699","76466","61153","27450","298953","Shipped","2020-10-07 14:10:56","2020-10-09 21:04:00",NULL,NULL,"55"
"111531","77049","61643","16938","301215","Shipped","2019-09-16 08:53:08","2019-09-19 10:27:00",NULL,NULL,"55"
"114204","78879","63096","23184","308452","Shipped","2021-03-18 23:54:35","2021-03-19 04:30:00",NULL,NULL,"55"
"115044","79452","63575","22873","310731","Shipped","2022-06-24 13:39:07","2022-06-22 19:08:00",NULL,NULL,"55"
"115812","79976","64006","23490","312778","Shipped","2019-11-29 23:21:11","2019-12-01 02:36:00",NULL,NULL,"55"
"116267","80284","64266","22710","314014","Shipped","2022-02-22 13:08:17","2022-02-22 16:43:00",NULL,NULL,"55"
"117012","80794","64684","473","315994","Shipped","2022-01-10 20:58:26","2022-01-13 22:33:00",NULL,NULL,"55"
"117056","80825","64706","22694","316106","Shipped","2022-05-31 15:22:31","2022-06-02 16:21:00",NULL,NULL,"55"
"118081","81507","65269","27738","318845","Shipped","2020-01-26 07:34:07","2020-01-27 19:48:00",NULL,NULL,"55"
"118478","81782","65486","27410","319903","Shipped","2021-09-18 16:58:04","2021-09-19 08:05:00",NULL,NULL,"55"
"118782","82002","65646","21680","320733","Shipped","2021-05-27 15:02:21","2021-05-28 22:10:00",NULL,NULL,"55"
"119085","82205","65817","27507","321529","Shipped","2022-07-11 05:23:14","2022-07-09 14:18:00",NULL,NULL,"55"
"119584","82549","66094","21720","322864","Shipped","2022-09-01 11:18:35.069228","2022-09-03 03:13:17.069228",NULL,NULL,"55"
"119647","82597","66127","9662","323036","Shipped","2022-04-11 07:07:01","2022-04-09 23:26:00",NULL,NULL,"55"
"119847","82735","66231","3056","323570","Shipped","2022-07-14 05:19:53","2022-07-13 09:31:00",NULL,NULL,"55"
"120021","82849","66325","21720","324060","Shipped","2022-07-27 07:34:30","2022-07-28 10:54:00",NULL,NULL,"55"
"120217","82974","66430","19173","324577","Shipped","2022-06-13 02:24:28","2022-06-09 19:52:00",NULL,NULL,"55"
"120976","83490","66860","27536","326651","Shipped","2022-04-30 00:45:53","2022-05-01 12:02:00",NULL,NULL,"55"
"121351","83754","67059","18473","327662","Shipped","2022-02-25 05:32:03","2022-02-23 23:17:00",NULL,NULL,"55"
"121614","83922","67187","20693","328359","Shipped","2021-11-06 06:25:14","2021-11-04 06:04:00",NULL,NULL,"55"
"122489","84507","67644","22992","330731","Shipped","2022-08-08 11:21:04","2022-08-04 19:31:00",NULL,NULL,"55"
"123074","84905","67947","17282","332325","Shipped","2021-07-30 10:35:11","2021-07-27 17:09:00",NULL,NULL,"55"
"123105","84928","67961","18951","332401","Shipped","2022-08-15 04:46:00","2022-08-18 01:39:00",NULL,NULL,"55"
"123168","84970","67996","17083","332560","Shipped","2022-06-25 10:00:57","2022-06-28 02:38:00",NULL,NULL,"55"
"124175","85664","68550","21457","335229","Shipped","2020-12-28 11:02:10","2020-12-30 15:26:00",NULL,NULL,"55"
"125946","86866","69514","17001","340034","Shipped","2022-07-10 01:10:25","2022-07-12 17:04:00",NULL,NULL,"55"
"126198","87043","69664","22992","340732","Shipped","2022-07-12 10:54:02","2022-07-11 19:32:00",NULL,NULL,"55"
"126672","87365","69927","23157","342021","Shipped","2022-08-05 23:47:36","2022-08-04 21:43:00",NULL,NULL,"55"
"126816","87465","70015","23157","342410","Shipped","2019-03-07 22:23:16","2019-03-08 23:33:00",NULL,NULL,"55"
"127412","87860","70342","13558","343978","Shipped","2022-06-13 09:33:29","2022-06-14 03:10:00",NULL,NULL,"55"
"127522","87938","70412","1667","344280","Shipped","2021-02-27 03:07:21","2021-02-28 04:35:00",NULL,NULL,"55"
"127544","87951","70424","18655","344340","Shipped","2022-01-13 04:18:28","2022-01-15 00:06:00",NULL,NULL,"55"
"127694","88059","70527","26384","344761","Shipped","2021-03-23 04:29:04","2021-03-24 18:28:00",NULL,NULL,"55"
"128344","88519","70901","17091","346550","Shipped","2021-06-02 21:29:02","2021-06-04 00:05:00",NULL,NULL,"55"
"129834","89547","71722","6417","350545","Shipped","2021-12-13 10:37:10","2021-12-14 09:02:00",NULL,NULL,"55"
"130479","89999","72089","22149","352289","Shipped","2021-04-20 07:26:00","2021-04-21 09:56:00",NULL,NULL,"55"
"130624","90103","72161","18784","352684","Shipped","2022-05-07 01:47:58","2022-05-08 13:19:00",NULL,NULL,"55"
"130737","90187","72225","1667","353001","Shipped","2021-06-20 11:34:13","2021-06-22 13:12:00",NULL,NULL,"55"
"131672","90831","72756","27874","355519","Shipped","2022-04-27 06:17:41","2022-04-27 23:08:00",NULL,NULL,"55"
"132107","91139","72991","22956","356695","Shipped","2021-02-10 11:07:04","2021-02-12 17:23:00",NULL,NULL,"55"
"132229","91220","73043","18269","357032","Shipped","2022-03-24 05:43:08","2022-03-25 21:58:00",NULL,NULL,"55"
"132399","91333","73138","27661","357497","Shipped","2021-08-27 09:47:45","2021-08-29 20:07:00",NULL,NULL,"55"
"133261","91952","73649","27661","359833","Shipped","2021-11-02 17:41:10","2021-11-01 21:20:00",NULL,NULL,"55"
"133585","92165","73812","18497","360718","Shipped","2022-08-23 09:12:44","2022-08-26 05:34:00",NULL,NULL,"55"
"134107","92532","74125","6065","362107","Shipped","2020-09-28 06:58:16","2020-09-30 14:24:00",NULL,NULL,"55"
"134818","93008","74504","22781","364067","Shipped","2021-10-08 05:50:25","2021-10-10 12:10:00",NULL,NULL,"55"
"135454","93470","74885","11698","365782","Shipped","2021-12-29 15:21:19","2021-12-27 22:10:00",NULL,NULL,"55"
"135777","93698","75077","17193","366653","Shipped","2022-03-18 01:50:50","2022-03-20 07:12:00",NULL,NULL,"55"
"136790","94392","75648","17386","369372","Shipped","2020-05-27 02:04:21","2020-05-28 11:17:00",NULL,NULL,"55"
"137369","94787","75980","6287","370921","Shipped","2020-03-04 23:45:59","2020-03-03 08:03:00",NULL,NULL,"55"
"138544","95603","76653","22781","374111","Shipped","2022-01-24 00:09:23","2022-01-21 13:28:00",NULL,NULL,"55"
"139257","96080","77047","7323","376041","Shipped","2021-09-16 11:23:04","2021-09-15 17:52:00",NULL,NULL,"55"
"139483","96229","77178","23713","376667","Shipped","2022-09-03 02:03:06.036788","2022-09-05 12:26:10.036788",NULL,NULL,"55"
"139574","96283","77220","23036","376897","Shipped","2021-11-22 10:20:57","2021-11-23 19:40:00",NULL,NULL,"55"
"140145","96683","77534","27661","378418","Shipped","2021-11-16 08:48:39","2021-11-18 20:52:00",NULL,NULL,"55"
"140272","96763","77593","21287","378767","Shipped","2021-09-09 07:20:19","2021-09-11 11:31:00",NULL,NULL,"55"
"140583","96980","77781","3859","379595","Shipped","2021-12-29 01:01:39","2021-12-30 06:02:00",NULL,NULL,"55"
"141007","97262","78007","28077","380716","Shipped","2020-10-25 03:01:41","2020-10-24 21:23:00",NULL,NULL,"55"
"141252","97423","78129","23616","381404","Shipped","2022-09-05 16:29:01.96378","2022-09-08 15:04:34.96378",NULL,NULL,"55"
"141356","97502","78200","14883","381686","Shipped","2020-04-23 08:58:13","2020-04-25 17:06:00",NULL,NULL,"55"
"141465","97584","78266","6287","381980","Shipped","2021-01-09 01:43:30","2021-01-07 05:44:00",NULL,NULL,"55"
"141684","97731","78358","17282","382562","Shipped","2022-08-22 02:51:19","2022-08-23 06:53:00",NULL,NULL,"55"
"142379","98225","78755","12796","384436","Shipped","2019-12-16 11:06:56","2019-12-16 15:11:00",NULL,NULL,"55"
"143284","98871","79278","20558","386874","Shipped","2022-06-15 18:20:13","2022-06-17 06:06:00",NULL,NULL,"55"
"143999","99361","79666","28534","388802","Shipped","2020-02-02 15:03:04","2020-02-01 00:25:00",NULL,NULL,"55"
"144211","99497","79775","27907","389373","Shipped","2020-08-18 03:22:36","2020-08-18 10:52:00",NULL,NULL,"55"
"144370","99613","79868","22992","389807","Shipped","2022-03-31 09:48:46","2022-03-28 19:59:00",NULL,NULL,"55"
"146300","100941","80993","16848","395063","Shipped","2020-09-05 13:08:39","2020-09-07 22:49:00",NULL,NULL,"55"
"146574","101126","81140","27644","395801","Shipped","2022-05-22 16:15:13","2022-05-25 03:16:00",NULL,NULL,"55"
"146724","101223","81209","20692","396198","Shipped","2021-04-25 06:58:49","2021-04-28 03:24:00",NULL,NULL,"55"
"147002","101427","81364","11338","396943","Shipped","2022-07-05 12:12:05","2022-07-06 06:10:00",NULL,NULL,"55"
"147799","101991","81803","18269","399070","Shipped","2020-06-08 13:53:08","2020-06-09 07:37:00",NULL,NULL,"55"
"148176","102248","82023","16632","400090","Shipped","2021-10-15 05:48:52","2021-10-15 09:05:00",NULL,NULL,"55"
"148725","102627","82326","18092","401614","Shipped","2021-03-15 01:02:26","2021-03-14 18:53:00",NULL,NULL,"55"
"149021","102835","82486","22710","402411","Shipped","2021-11-01 16:48:13","2021-11-03 16:44:00",NULL,NULL,"55"
"149046","102854","82499","18874","402482","Shipped","2020-02-29 23:56:15","2020-03-01 10:03:00",NULL,NULL,"55"
"149251","103007","82619","18874","403035","Shipped","2020-08-17 11:11:13","2020-08-18 12:09:00",NULL,NULL,"55"
"149839","103411","82946","18269","404636","Shipped","2022-07-19 22:32:31","2022-07-20 15:26:00",NULL,NULL,"55"
"150016","103521","83034","257","405132","Shipped","2020-10-27 15:02:40","2020-10-28 10:35:00",NULL,NULL,"55"
"150581","103907","83361","18951","406686","Shipped","2022-07-02 11:20:29","2022-07-02 22:31:00",NULL,NULL,"55"
"150938","104158","83553","23048","407657","Shipped","2022-08-14 02:23:39","2022-08-16 09:22:00",NULL,NULL,"55"
"152932","105511","84644","22790","412985","Shipped","2022-06-19 22:35:58","2022-06-20 13:44:00",NULL,NULL,"55"
"153820","106135","85136","6417","415374","Shipped","2022-05-20 09:19:28","2022-05-22 23:02:00",NULL,NULL,"55"
"154363","106505","85432","27856","416812","Shipped","2022-04-24 11:10:06","2022-04-25 20:51:00",NULL,NULL,"55"
"154491","106596","85507","22127","417169","Shipped","2020-10-05 14:09:06","2020-10-06 05:52:00",NULL,NULL,"55"
"154781","106800","85696","7857","417949","Shipped","2022-05-09 04:12:52","2022-05-08 01:53:00",NULL,NULL,"55"
"156300","107815","86480","23432","422023","Shipped","2020-12-04 10:36:47","2020-12-04 21:27:00",NULL,NULL,"55"
"156736","108114","86717","21707","423177","Shipped","2022-05-07 11:01:02","2022-05-07 09:25:00",NULL,NULL,"55"
"157046","108321","86868","17201","424029","Shipped","2022-04-20 04:16:23","2022-04-19 05:54:00",NULL,NULL,"55"
"157223","108449","86976","18655","424517","Shipped","2022-05-04 11:52:04","2022-05-04 17:47:00",NULL,NULL,"55"
"157785","108826","87284","16729","426025","Shipped","2020-02-20 12:03:51","2020-02-17 12:42:00",NULL,NULL,"55"
"157802","108837","87292","22992","426070","Shipped","2022-07-04 17:15:17","2022-07-04 11:38:00",NULL,NULL,"55"
"160079","110433","88565","3859","432211","Shipped","2022-01-02 15:19:22","2022-01-02 11:26:00",NULL,NULL,"55"
"160898","110984","88980","29057","434423","Shipped","2022-05-24 12:06:50","2022-05-25 13:18:00",NULL,NULL,"55"
"161458","111372","89291","23184","435939","Shipped","2022-09-01 13:20:37","2022-09-04 03:09:00",NULL,NULL,"55"
"161484","111390","89313","27450","436007","Shipped","2020-11-18 02:20:21","2020-11-19 19:07:00",NULL,NULL,"55"
"162164","111841","89664","173","437878","Shipped","2021-03-31 14:50:08","2021-04-03 11:30:00",NULL,NULL,"55"
"162167","111844","89667","1608","437886","Shipped","2022-07-05 08:04:39","2022-07-04 17:40:00",NULL,NULL,"55"
"162560","112120","89882","23266","438949","Shipped","2022-03-25 04:58:11","2022-03-24 15:58:00",NULL,NULL,"55"
"162710","112229","89984","16725","439369","Shipped","2022-01-01 03:39:22","2022-01-01 17:59:00",NULL,NULL,"55"
"162819","112309","90061","18758","439662","Shipped","2022-06-12 08:35:17","2022-06-12 22:02:00",NULL,NULL,"55"
"163598","112850","90485","16632","441762","Shipped","2022-06-23 04:04:12","2022-06-24 13:06:00",NULL,NULL,"55"
"163796","112989","90602","17189","442290","Shipped","2020-10-12 17:27:45","2020-10-12 21:59:00",NULL,NULL,"55"
"164065","113170","90755","21457","443048","Shipped","2022-09-05 12:55:43.115249","2022-09-02 18:12:16.115249",NULL,NULL,"55"
"164630","113551","91046","14344","444596","Shipped","2021-09-24 10:30:49","2021-09-26 18:16:00",NULL,NULL,"55"
"164759","113643","91114","318","444951","Shipped","2022-03-20 22:01:57","2022-03-22 07:18:00",NULL,NULL,"55"
"165127","113877","91300","17091","445951","Shipped","2022-09-03 13:54:56.616483","2022-09-04 19:52:30.616483",NULL,NULL,"55"
"165322","114013","91411","22992","446503","Shipped","2022-07-10 03:37:03","2022-07-10 12:07:00",NULL,NULL,"55"
"166672","114940","92137","28119","450146","Shipped","2022-07-20 10:31:52","2022-07-19 13:09:00",NULL,NULL,"55"
"166825","115047","92217","17201","450551","Shipped","2022-04-30 07:08:52","2022-05-03 02:26:00",NULL,NULL,"55"
"166840","115057","92226","27735","450590","Shipped","2020-05-12 09:59:53","2020-05-12 09:17:00",NULL,NULL,"55"
"166847","115063","92228","22332","450610","Shipped","2022-06-11 07:41:38","2022-06-11 13:14:00",NULL,NULL,"55"
"168099","115931","92937","26384","453945","Shipped","2022-09-03 03:28:47","2022-08-31 19:45:00",NULL,NULL,"55"
"169245","116724","93588","23013","457035","Shipped","2021-06-25 02:40:22","2021-06-25 20:13:00",NULL,NULL,"55"
"169596","116953","93773","17362","457982","Shipped","2022-04-30 11:14:07","2022-04-30 14:19:00",NULL,NULL,"55"
"172094","118668","95134","17001","464801","Shipped","2022-04-13 00:55:29","2022-04-13 17:34:00",NULL,NULL,"55"
"172871","119223","95567","665","466905","Shipped","2022-06-08 06:12:55","2022-06-11 04:49:00",NULL,NULL,"55"
"173834","119901","96144","1853","469430","Shipped","2021-07-20 05:47:36","2021-07-20 21:32:00",NULL,NULL,"55"
"173893","119937","96172","27661","469590","Shipped","2022-03-14 13:48:00","2022-03-15 16:01:00",NULL,NULL,"55"
"174308","120216","96408","23074","470708","Shipped","2021-05-08 14:46:43","2021-05-07 14:01:00",NULL,NULL,"55"
"174348","120244","96423","20897","470811","Shipped","2021-04-21 00:24:48","2021-04-24 01:48:00",NULL,NULL,"55"
"174537","120381","96524","21933","471316","Shipped","2022-02-09 01:54:07","2022-02-08 04:44:00",NULL,NULL,"55"
"174861","120588","96689","28245","472211","Shipped","2022-05-04 10:36:35","2022-05-05 12:18:00",NULL,NULL,"55"
"174867","120592","96691","12801","472231","Shipped","2022-06-16 02:10:16","2022-06-13 03:12:00",NULL,NULL,"55"
"175055","120714","96786","27177","472757","Shipped","2020-03-24 16:33:27","2020-03-26 01:09:00",NULL,NULL,"55"
"175476","121010","97016","23184","473899","Shipped","2022-04-15 13:06:55","2022-04-16 00:52:00",NULL,NULL,"55"
"175902","121316","97294","23713","475045","Shipped","2022-03-10 02:42:23","2022-03-12 00:01:00",NULL,NULL,"55"
"177024","122088","97905","6107","478110","Shipped","2020-11-29 07:37:07","2020-11-30 23:14:00",NULL,NULL,"55"
"177365","122321","98089","1608","479018","Shipped","2019-09-30 22:21:31","2019-10-01 12:08:00",NULL,NULL,"55"
"177556","122457","98220","17083","479517","Shipped","2022-04-18 07:45:35","2022-04-20 10:39:00",NULL,NULL,"55"
"178498","123122","98757","22149","482047","Shipped","2021-12-24 00:10:46","2021-12-25 16:43:00",NULL,NULL,"55"
"178507","123129","98761","21720","482071","Shipped","2021-11-16 07:19:48","2021-11-17 17:12:00",NULL,NULL,"55"
"179040","123488","99051","1700","483509","Shipped","2021-06-24 15:22:45","2021-06-27 14:49:00",NULL,NULL,"55"
"179462","123773","99286","17201","484646","Shipped","2021-05-26 03:17:45","2021-05-26 23:25:00",NULL,NULL,"55"
"179473","123781","99294","19318","484677","Shipped","2022-08-02 16:01:42","2022-08-04 03:46:00",NULL,NULL,"55"
"179662","123910","99386","20910","485176","Shipped","2022-08-13 06:40:37","2022-08-16 02:07:00",NULL,NULL,"55"
"180142","124237","99646","27847","486471","Shipped","2021-09-20 02:58:44","2021-09-20 04:31:00",NULL,NULL,"55"
"180345","124363","99735","2579","487011","Shipped","2020-11-09 23:42:19","2020-11-12 05:01:00",NULL,NULL,"55"
"180371","124382","99744","18758","487073","Shipped","2021-10-02 09:43:33","2021-10-03 14:21:00",NULL,NULL,"55"
"180390","124396","99752","23024","487127","Shipped","2020-03-07 02:09:07","2020-03-10 01:46:00",NULL,NULL,"55"
"180596","124546","99871","16729","487684","Shipped","2021-03-03 03:46:53","2021-03-03 17:13:00",NULL,NULL,"55"
"275","194","159","28245","725","Complete","2022-09-03 17:28:08.696233","2022-09-04 11:07:51.696233","2022-09-05 16:57:51.696233",NULL,"55"
"566","407","357","3056","1493","Complete","2022-08-29 23:27:01","2022-08-28 13:29:00","2022-09-02 13:08:00",NULL,"55"
"634","456","394","22873","1691","Complete","2022-08-25 06:00:20","2022-08-28 02:28:00","2022-08-28 18:11:00",NULL,"55"
"742","524","442","23013","1987","Complete","2020-04-23 03:33:44","2020-04-24 03:51:00","2020-04-26 06:53:00",NULL,"55"
"1267","878","734","874","3435","Complete","2021-02-07 06:04:06","2021-02-06 23:06:00","2021-02-10 20:14:00",NULL,"55"
"2555","1748","1413","318","6909","Complete","2022-04-13 23:20:11","2022-04-14 13:41:00","2022-04-16 03:38:00",NULL,"55"
"3010","2049","1651","16394","8144","Complete","2022-06-22 05:20:29","2022-06-20 07:44:00","2022-06-23 01:56:00",NULL,"55"
"3706","2513","2030","6287","10025","Complete","2022-06-15 22:17:03","2022-06-18 14:57:00","2022-06-22 20:12:00",NULL,"55"
"3914","2665","2151","21192","10594","Complete","2021-12-13 03:59:09","2021-12-13 22:41:00","2021-12-14 06:57:00",NULL,"55"
"4507","3087","2503","13826","12222","Complete","2022-01-29 17:15:28","2022-01-29 02:21:00","2022-01-30 09:57:00",NULL,"55"
"4648","3186","2594","23471","12597","Complete","2021-02-22 01:03:17","2021-02-21 10:19:00","2021-02-24 14:40:00",NULL,"55"
"5185","3533","2885","23217","14031","Complete","2022-05-20 00:24:02","2022-05-20 20:13:00","2022-05-24 03:07:00",NULL,"55"
"5694","3879","3161","20804","15416","Complete","2021-11-17 11:50:27","2021-11-18 20:53:00","2021-11-20 23:50:00",NULL,"55"
"6174","4215","3420","22645","16710","Complete","2022-07-22 00:36:52","2022-07-20 02:19:00","2022-07-20 20:08:00",NULL,"55"
"7550","5169","4196","23535","20461","Complete","2020-06-29 16:03:25","2020-07-01 04:51:00","2020-07-05 12:09:00",NULL,"55"
"7735","5304","4295","22018","20981","Complete","2021-10-12 00:51:05","2021-10-14 18:42:00","2021-10-19 17:52:00",NULL,"55"
"7736","5304","4295","18951","20983","Complete","2021-10-15 01:24:15","2021-10-14 18:42:00","2021-10-19 17:52:00",NULL,"55"
"7892","5405","4376","3056","21406","Complete","2021-04-10 01:31:23","2021-04-11 13:29:00","2021-04-16 04:35:00",NULL,"55"
"8816","6044","4889","27644","23914","Complete","2022-06-30 17:36:07","2022-07-01 18:54:00","2022-07-04 14:46:00",NULL,"55"
"9083","6226","5036","17091","24623","Complete","2022-05-30 09:36:25","2022-05-30 10:06:00","2022-06-03 07:44:00",NULL,"55"
"9439","6489","5270","26384","25591","Complete","2019-08-19 11:54:38","2019-08-20 14:06:00","2019-08-25 03:59:00",NULL,"55"
"10116","6957","5658","23535","27434","Complete","2022-08-15 14:28:49","2022-08-13 04:42:00","2022-08-18 00:54:00",NULL,"55"
"10353","7122","5803","28994","28068","Complete","2021-12-25 15:22:21","2021-12-27 04:41:00","2021-12-30 22:31:00",NULL,"55"
"10396","7153","5822","21933","28179","Complete","2020-10-13 17:19:59","2020-10-14 16:46:00","2020-10-18 01:49:00",NULL,"55"
"10456","7192","5854","22790","28342","Complete","2021-06-09 12:20:45","2021-06-11 01:56:00","2021-06-15 04:58:00",NULL,"55"
"11087","7626","6190","27874","30046","Complete","2022-08-30 03:11:38","2022-08-27 16:12:00","2022-08-28 07:02:00",NULL,"55"
"11144","7666","6223","13826","30196","Complete","2022-08-31 03:32:39","2022-08-29 07:10:00","2022-08-30 04:16:00",NULL,"55"
"11670","8030","6516","27410","31621","Complete","2021-04-19 16:14:38","2021-04-19 12:24:00","2021-04-21 17:02:00",NULL,"55"
"13040","9001","7260","23209","35326","Complete","2020-11-01 00:33:23","2020-11-02 12:32:00","2020-11-03 16:24:00",NULL,"55"
"13510","9313","7507","7873","36612","Complete","2020-05-28 14:22:29","2020-05-31 07:45:00","2020-06-04 13:31:00",NULL,"55"
"13729","9460","7613","17201","37209","Complete","2022-08-10 12:07:25","2022-08-07 14:40:00","2022-08-11 16:51:00",NULL,"55"
"14632","10072","8104","27967","39637","Complete","2021-06-20 10:57:55","2021-06-20 02:11:00","2021-06-22 01:04:00",NULL,"55"
"14941","10276","8258","23032","40468","Complete","2022-04-07 12:28:46","2022-04-09 22:13:00","2022-04-11 09:18:00",NULL,"55"
"16826","11577","9322","23048","45574","Complete","2020-02-17 17:20:38","2020-02-19 19:56:00","2020-02-20 04:21:00",NULL,"55"
"17027","11715","9431","1925","46111","Complete","2022-04-22 00:17:22","2022-04-24 02:55:00","2022-04-26 06:26:00",NULL,"55"
"17081","11755","9456","27450","46248","Complete","2022-03-07 15:53:48","2022-03-08 08:14:00","2022-03-10 09:58:00",NULL,"55"
"17131","11796","9482","27735","46385","Complete","2022-08-27 23:01:14","2022-08-28 20:34:00","2022-08-30 05:18:00",NULL,"55"
"17522","12055","9686","17469","47471","Complete","2022-08-05 23:49:55","2022-08-08 22:41:00","2022-08-12 00:48:00",NULL,"55"
"17996","12374","9951","15635","48753","Complete","2021-03-23 10:54:02","2021-03-21 14:42:00","2021-03-25 07:55:00",NULL,"55"
"18422","12663","10157","22127","49883","Complete","2021-11-30 07:02:15","2021-11-28 16:02:00","2021-11-29 12:47:00",NULL,"55"
"18650","12818","10284","16632","50489","Complete","2021-07-25 06:14:17","2021-07-27 18:35:00","2021-07-30 13:35:00",NULL,"55"
"18863","12964","10391","22657","51046","Complete","2022-07-03 02:02:08","2022-07-04 03:13:00","2022-07-06 02:19:00",NULL,"55"
"21461","14762","11798","12801","58011","Complete","2022-03-13 04:06:54","2022-03-15 03:42:00","2022-03-17 17:08:00",NULL,"55"
"22870","15726","12572","17156","61823","Complete","2021-05-24 03:06:14","2021-05-25 06:12:00","2021-05-26 06:32:00",NULL,"55"
"22915","15758","12599","22332","61948","Complete","2022-03-08 02:28:20","2022-03-05 04:37:00","2022-03-08 12:49:00",NULL,"55"
"24451","16824","13442","19318","66087","Complete","2021-08-21 04:27:27","2021-08-23 22:31:00","2021-08-27 23:24:00",NULL,"55"
"25181","17355","13858","20693","68058","Complete","2022-07-26 12:05:51","2022-07-28 10:23:00","2022-07-31 06:05:00",NULL,"55"
"25249","17400","13897","20910","68230","Complete","2021-02-13 22:59:11","2021-02-12 06:04:00","2021-02-12 22:01:00",NULL,"55"
"25250","17400","13897","17156","68232","Complete","2021-02-15 01:02:05","2021-02-12 06:04:00","2021-02-12 22:01:00",NULL,"55"
"25627","17656","14098","23982","69252","Complete","2021-12-20 14:30:25","2021-12-20 21:41:00","2021-12-22 05:46:00",NULL,"55"
"25630","17657","14099","22168","69260","Complete","2020-12-13 11:33:31","2020-12-13 08:28:00","2020-12-17 06:51:00",NULL,"55"
"25662","17680","14118","27410","69356","Complete","2020-01-16 23:40:35","2020-01-17 16:27:00","2020-01-18 04:39:00",NULL,"55"
"26108","17985","14373","21720","70560","Complete","2020-11-13 16:40:03","2020-11-14 07:13:00","2020-11-18 03:50:00",NULL,"55"
"26225","18064","14433","22790","70879","Complete","2022-03-23 10:33:32","2022-03-23 02:40:00","2022-03-23 14:56:00",NULL,"55"
"27197","18727","14969","22127","73530","Complete","2022-02-08 11:10:42","2022-02-08 23:00:00","2022-02-09 04:10:00",NULL,"55"
"27602","19014","15204","22127","74609","Complete","2019-12-07 09:08:42","2019-12-06 05:56:00","2019-12-08 11:27:00",NULL,"55"
"27839","19182","15348","3018","75261","Complete","2020-02-25 07:11:22","2020-02-26 12:39:00","2020-03-01 02:47:00",NULL,"55"
"27910","19240","15386","22641","75456","Complete","2020-01-26 09:53:58","2020-01-27 11:37:00","2020-01-30 12:18:00",NULL,"55"
"28529","19644","15708","22703","77117","Complete","2021-12-04 13:12:00","2021-12-06 10:50:00","2021-12-09 02:35:00",NULL,"55"
"29108","20035","16006","3056","78692","Complete","2021-07-24 00:15:58","2021-07-25 06:11:00","2021-07-25 14:02:00",NULL,"55"
"29134","20055","16024","22018","78761","Complete","2022-04-05 11:24:33","2022-04-03 20:38:00","2022-04-04 13:48:00",NULL,"55"
"30123","20742","16585","21796","81430","Complete","2022-02-04 11:30:42","2022-02-07 05:05:00","2022-02-07 06:20:00",NULL,"55"
"30565","21054","16857","23713","82650","Complete","2022-07-26 11:00:51","2022-07-28 03:07:00","2022-07-29 08:22:00",NULL,"55"
"31654","21783","17439","1703","85556","Complete","2021-11-24 01:20:27","2021-11-23 13:38:00","2021-11-25 08:28:00",NULL,"55"
"32607","22444","17944","26384","88116","Complete","2022-03-13 12:22:08","2022-03-14 04:54:00","2022-03-16 15:40:00",NULL,"55"
"33316","22935","18297","23535","89998","Complete","2021-12-31 15:46:13","2022-01-01 16:55:00","2022-01-03 18:31:00",NULL,"55"
"33355","22966","18327","22631","90116","Complete","2021-08-16 10:56:44","2021-08-17 19:45:00","2021-08-18 04:47:00",NULL,"55"
"33494","23057","18404","18437","90493","Complete","2021-02-06 06:13:34","2021-02-05 14:44:00","2021-02-09 04:18:00",NULL,"55"
"33942","23375","18653","22816","91704","Complete","2022-08-08 00:49:42","2022-08-09 15:47:00","2022-08-11 07:45:00",NULL,"55"
"34156","23524","18777","18758","92276","Complete","2022-09-01 05:51:09","2022-09-03 21:43:00","2022-09-06 11:30:00",NULL,"55"
"36090","24850","19865","9662","97465","Complete","2022-02-15 15:25:59","2022-02-17 22:55:00","2022-02-19 09:40:00",NULL,"55"
"36507","25132","20092","19173","98556","Complete","2020-09-20 06:17:59","2020-09-22 11:48:00","2020-09-25 05:13:00",NULL,"55"
"38435","26467","21147","27410","103754","Complete","2020-12-28 06:03:22","2020-12-29 14:10:00","2021-01-02 04:59:00",NULL,"55"
"39795","27399","21875","23535","107424","Complete","2021-06-21 09:38:57","2021-06-19 08:09:00","2021-06-20 16:33:00",NULL,"55"
"39805","27407","21883","18951","107456","Complete","2022-07-22 06:55:36","2022-07-23 13:59:00","2022-07-26 21:23:00",NULL,"55"
"40341","27762","22171","173","108897","Complete","2021-01-09 16:52:53","2021-01-07 06:46:00","2021-01-10 01:02:00",NULL,"55"
"40578","27918","22277","18784","109555","Complete","2020-04-10 11:07:30","2020-04-10 13:27:00","2020-04-12 03:53:00",NULL,"55"
"41556","28581","22797","22873","112169","Complete","2021-05-13 23:13:51","2021-05-15 00:08:00","2021-05-15 21:56:00",NULL,"55"
"41926","28845","23017","21769","113188","Complete","2022-02-28 14:20:46","2022-03-01 07:20:00","2022-03-03 18:12:00",NULL,"55"
"42849","29487","23502","28119","115723","Complete","2022-08-03 01:32:47","2022-08-01 03:20:00","2022-08-06 01:18:00",NULL,"55"
"43862","30172","24051","10377","118460","Complete","2022-03-21 10:31:39","2022-03-23 18:10:00","2022-03-27 07:11:00",NULL,"55"
"44538","30658","24472","21287","120287","Complete","2019-12-18 09:54:20","2019-12-19 22:00:00","2019-12-21 22:49:00",NULL,"55"
"44658","30738","24530","16989","120619","Complete","2021-01-01 02:50:00","2021-01-02 11:26:00","2021-01-04 20:38:00",NULL,"55"
"45065","31028","24774","16938","121703","Complete","2020-12-17 04:02:17","2020-12-18 07:55:00","2020-12-21 11:58:00",NULL,"55"
"45158","31093","24820","23713","121953","Complete","2022-06-13 06:30:28","2022-06-13 08:35:00","2022-06-16 06:49:00",NULL,"55"
"45837","31558","25182","28077","123758","Complete","2022-05-16 15:00:36","2022-05-17 03:00:00","2022-05-17 21:27:00",NULL,"55"
"47138","32482","25944","22457","127230","Complete","2022-06-25 02:43:22","2022-06-27 08:49:00","2022-06-29 06:08:00",NULL,"55"
"48144","33161","26496","22332","129948","Complete","2020-04-23 14:20:36","2020-04-24 21:28:00","2020-04-29 17:54:00",NULL,"55"
"49684","34226","27324","318","134124","Complete","2022-01-22 23:40:53","2022-01-23 14:51:00","2022-01-26 13:53:00",NULL,"55"
"49918","34377","27451","27410","134767","Complete","2019-03-31 11:53:38","2019-03-31 23:02:00","2019-04-05 03:52:00",NULL,"55"
"52486","36169","28893","23184","141636","Complete","2021-07-04 05:59:59","2021-07-06 16:14:00","2021-07-11 14:11:00",NULL,"55"
"53755","37044","29592","11338","145068","Complete","2022-01-21 18:13:53","2022-01-22 21:17:00","2022-01-25 21:21:00",NULL,"55"
"54706","37718","30139","27856","147630","Complete","2022-06-25 12:06:05","2022-06-25 05:58:00","2022-06-28 17:42:00",NULL,"55"
"54863","37818","30208","1700","148055","Complete","2022-07-13 05:00:48","2022-07-14 14:51:00","2022-07-15 06:47:00",NULL,"55"
"55162","38023","30381","21287","148832","Complete","2020-03-11 11:30:31","2020-03-10 13:51:00","2020-03-10 14:14:00",NULL,"55"
"56381","38861","31070","23616","152167","Complete","2022-08-19 16:33:26","2022-08-17 06:50:00","2022-08-21 15:40:00",NULL,"55"
"56591","39011","31180","2805","152731","Complete","2022-01-25 00:02:15","2022-01-25 08:15:00","2022-01-27 23:27:00",NULL,"55"
"56869","39194","31332","27907","153493","Complete","2022-09-02 13:09:58","2022-09-02 16:07:00","2022-09-07 03:33:00",NULL,"55"
"57274","39479","31549","18893","154590","Complete","2021-12-27 12:20:48","2021-12-27 18:08:00","2021-12-27 23:36:00",NULL,"55"
"57552","39666","31696","17730","155325","Complete","2022-02-12 01:38:44","2022-02-09 04:57:00","2022-02-13 19:57:00",NULL,"55"
"57864","39877","31867","23982","156153","Complete","2022-05-07 05:55:22","2022-05-09 15:00:00","2022-05-13 10:24:00",NULL,"55"
"58064","40017","31976","12796","156700","Complete","2022-07-13 07:00:51","2022-07-15 17:33:00","2022-07-16 03:19:00",NULL,"55"
"58120","40059","32009","28087","156837","Complete","2022-06-10 04:47:27","2022-06-06 09:56:00","2022-06-11 06:48:00",NULL,"55"
"59282","40850","32625","11338","160004","Complete","2021-10-22 10:14:38","2021-10-22 13:13:00","2021-10-24 03:14:00",NULL,"55"
"59495","40998","32743","22645","160592","Complete","2022-06-25 01:44:26","2022-06-25 11:23:00","2022-06-25 23:21:00",NULL,"55"
"59997","41330","33016","23157","161978","Complete","2022-05-01 07:54:18","2022-04-29 20:29:00","2022-05-03 20:21:00",NULL,"55"
"61092","42067","33622","22710","164935","Complete","2020-07-29 23:38:22","2020-07-26 01:20:00","2020-07-27 15:17:00",NULL,"55"
"61094","42067","33622","20945","164940","Complete","2020-07-25 21:04:01","2020-07-26 01:20:00","2020-07-27 15:17:00",NULL,"55"
"62336","42933","34322","23713","168262","Complete","2022-02-15 08:44:23","2022-02-16 07:37:00","2022-02-18 22:49:00",NULL,"55"
"62715","43188","34536","22453","169312","Complete","2021-01-20 21:39:13","2021-01-22 13:25:00","2021-01-22 15:38:00",NULL,"55"
"63606","43789","35016","18784","171722","Complete","2021-01-05 00:25:49","2021-01-07 09:46:00","2021-01-09 18:23:00",NULL,"55"
"64278","44236","35383","27605","173526","Complete","2022-05-11 03:00:41","2022-05-13 16:43:00","2022-05-18 16:22:00",NULL,"55"
"64362","44297","35434","22168","173767","Complete","2022-04-30 22:45:44","2022-05-03 06:14:00","2022-05-05 08:39:00",NULL,"55"
"66025","45444","36333","17386","178287","Complete","2022-08-14 09:50:09","2022-08-13 22:25:00","2022-08-15 11:19:00",NULL,"55"
"66163","45531","36397","27661","178661","Complete","2022-08-15 04:47:12","2022-08-16 07:38:00","2022-08-19 20:05:00",NULL,"55"
"66164","45532","36397","29057","178663","Complete","2022-08-27 07:22:51","2022-08-28 12:46:00","2022-09-01 12:44:00",NULL,"55"
"66885","46012","36796","18703","180587","Complete","2020-08-18 00:20:22","2020-08-18 11:37:00","2020-08-18 21:32:00",NULL,"55"
"67091","46155","36908","22790","181161","Complete","2022-07-28 10:18:58","2022-07-26 06:56:00","2022-07-30 10:28:00",NULL,"55"
"67460","46418","37124","28119","182160","Complete","2021-04-27 14:35:39","2021-04-26 04:22:00","2021-04-29 05:45:00",NULL,"55"
"67496","46441","37146","22720","182252","Complete","2022-06-17 08:44:22","2022-06-18 19:48:00","2022-06-20 19:11:00",NULL,"55"
"68397","47071","37656","23262","184657","Complete","2021-07-25 05:54:27","2021-07-26 21:55:00","2021-07-31 20:28:00",NULL,"55"
"68579","47201","37754","23036","185131","Complete","2022-08-16 08:25:18","2022-08-17 06:07:00","2022-08-22 03:35:00",NULL,"55"
"68698","47283","37819","22694","185457","Complete","2022-01-10 05:33:33","2022-01-13 00:26:00","2022-01-17 03:09:00",NULL,"55"
"68716","47295","37828","22641","185506","Complete","2022-09-01 11:29:57","2022-08-29 05:55:00","2022-08-30 14:49:00",NULL,"55"
"69070","47553","38022","21287","186450","Complete","2020-01-28 05:30:11","2020-01-29 21:57:00","2020-02-03 17:56:00",NULL,"55"
"69114","47584","38047","23031","186571","Complete","2021-11-26 01:47:08","2021-11-24 22:48:00","2021-11-25 19:49:00",NULL,"55"
"69361","47762","38183","18497","187223","Complete","2022-05-31 07:47:56","2022-06-02 03:12:00","2022-06-06 17:37:00",NULL,"55"
"70294","48408","38713","28289","189774","Complete","2022-07-21 06:13:31","2022-07-21 10:18:00","2022-07-26 06:55:00",NULL,"55"
"71202","49024","39233","18092","192236","Complete","2020-08-30 13:02:53","2020-08-30 16:59:00","2020-09-02 15:23:00",NULL,"55"
"71602","49309","39470","23036","193310","Complete","2022-02-28 08:25:54","2022-03-01 11:53:00","2022-03-03 02:53:00",NULL,"55"
"72811","50150","40145","17189","196603","Complete","2022-06-27 10:56:19","2022-06-28 07:33:00","2022-06-29 21:51:00",NULL,"55"
"76024","52390","41941","16848","205293","Complete","2022-08-31 09:29:50","2022-09-01 13:16:00","2022-09-03 15:54:00",NULL,"55"
"76315","52599","42091","22332","206088","Complete","2022-01-01 23:10:58","2022-01-04 00:58:00","2022-01-05 06:19:00",NULL,"55"
"76669","52849","42287","22643","207035","Complete","2021-06-22 02:00:25","2021-06-21 08:37:00","2021-06-23 01:49:00",NULL,"55"
"76706","52879","42310","27450","207144","Complete","2022-07-08 13:52:40","2022-07-10 11:47:00","2022-07-14 14:15:00",NULL,"55"
"76740","52904","42327","27474","207231","Complete","2020-12-24 07:19:53","2020-12-23 13:26:00","2020-12-25 00:58:00",NULL,"55"
"78377","54042","43236","22645","211586","Complete","2022-04-09 00:09:34","2022-04-10 13:57:00","2022-04-14 10:30:00",NULL,"55"
"78585","54178","43374","23024","212145","Complete","2020-05-15 11:29:56","2020-05-13 23:11:00","2020-05-18 20:34:00",NULL,"55"
"80532","55545","44403","21720","217473","Complete","2022-08-25 12:02:24","2022-08-24 17:20:00","2022-08-26 03:13:00",NULL,"55"
"80536","55547","44403","17467","217485","Complete","2022-08-15 13:35:18","2022-08-13 22:10:00","2022-08-18 03:34:00",NULL,"55"
"80761","55698","44525","14344","218114","Complete","2022-02-04 15:56:25","2022-02-05 07:13:00","2022-02-05 15:20:00",NULL,"55"
"81413","56158","44886","18497","219868","Complete","2020-06-12 12:19:44","2020-06-13 13:59:00","2020-06-15 11:18:00",NULL,"55"
"81502","56227","44937","2683","220109","Complete","2022-08-20 14:51:32","2022-08-21 21:13:00","2022-08-23 12:15:00",NULL,"55"
"81556","56265","44967","6107","220248","Complete","2022-02-20 22:59:14","2022-02-18 14:56:00","2022-02-19 14:58:00",NULL,"55"
"82588","57003","45571","22645","223038","Complete","2022-02-11 06:23:15","2022-02-10 08:51:00","2022-02-10 09:01:00",NULL,"55"
"82830","57183","45720","11698","223697","Complete","2020-10-23 02:54:38","2020-10-22 07:22:00","2020-10-26 09:16:00",NULL,"55"
"83466","57637","46076","665","225416","Complete","2021-06-22 17:21:09","2021-06-23 13:15:00","2021-06-27 03:11:00",NULL,"55"
"84163","58137","46478","23975","227323","Complete","2022-07-30 17:44:44","2022-07-31 14:33:00","2022-08-01 15:01:00",NULL,"55"
"86802","59984","47995","19318","234494","Complete","2022-06-12 03:12:31","2022-06-13 05:15:00","2022-06-14 13:56:00",NULL,"55"
"88072","60874","48723","28087","237917","Complete","2021-07-20 05:40:37","2021-07-20 07:44:00","2021-07-23 16:20:00",NULL,"55"
"88133","60913","48754","23471","238083","Complete","2022-06-26 05:42:26","2022-06-24 19:09:00","2022-06-27 02:26:00",NULL,"55"
"88191","60951","48794","28087","238243","Complete","2022-08-27 07:01:39","2022-08-27 17:27:00","2022-08-29 01:17:00",NULL,"55"
"89500","61862","49523","23209","241764","Complete","2021-02-28 01:26:17","2021-03-01 05:22:00","2021-03-04 21:15:00",NULL,"55"
"89874","62124","49726","14883","242782","Complete","2021-11-15 23:04:57","2021-11-18 22:56:00","2021-11-21 03:47:00",NULL,"55"
"91383","63147","50558","18269","246847","Complete","2022-03-23 13:39:02","2022-03-24 12:02:00","2022-03-25 10:39:00",NULL,"55"
"91603","63296","50677","6107","247442","Complete","2021-07-28 10:38:39","2021-07-31 06:17:00","2021-08-03 07:30:00",NULL,"55"
"91740","63393","50753","27507","247803","Complete","2022-06-18 13:46:05","2022-06-19 06:48:00","2022-06-21 20:30:00",NULL,"55"
"92747","64083","51291","23616","250504","Complete","2020-09-06 22:03:12","2020-09-07 12:28:00","2020-09-07 14:34:00",NULL,"55"
"93154","64373","51506","20544","251597","Complete","2021-10-21 06:19:43","2021-10-20 05:41:00","2021-10-24 05:44:00",NULL,"55"
"93277","64465","51586","22720","251919","Complete","2020-11-30 00:10:13","2020-11-27 21:16:00","2020-12-02 14:14:00",NULL,"55"
"93360","64516","51626","665","252136","Complete","2021-05-11 01:50:35","2021-05-12 14:16:00","2021-05-17 06:34:00",NULL,"55"
"93515","64612","51699","1608","252562","Complete","2021-01-04 05:38:27","2021-01-04 21:29:00","2021-01-05 17:59:00",NULL,"55"
"94572","65334","52269","23032","255461","Complete","2021-11-18 07:49:07","2021-11-20 07:50:00","2021-11-23 04:29:00",NULL,"55"
"95388","65930","52737","23217","257668","Complete","2022-08-02 14:57:41","2022-08-04 17:21:00","2022-08-06 03:25:00",NULL,"55"
"96401","66616","53254","22956","260398","Complete","2022-09-03 00:19:39","2022-09-02 22:04:00","2022-09-03 18:28:00",NULL,"55"
"96799","66882","53455","27177","261460","Complete","2021-10-14 02:46:50","2021-10-15 00:56:00","2021-10-17 01:24:00",NULL,"55"
"97458","67356","53819","11338","263254","Complete","2021-09-24 07:43:38","2021-09-25 23:03:00","2021-09-27 06:02:00",NULL,"55"
"97569","67431","53889","22332","263566","Complete","2022-08-30 13:42:46","2022-08-30 08:21:00","2022-09-03 22:29:00",NULL,"55"
"97670","67504","53948","21287","263844","Complete","2022-07-08 20:37:42","2022-07-10 05:09:00","2022-07-10 16:53:00",NULL,"55"
"97824","67606","54029","22127","264259","Complete","2022-07-26 11:19:21","2022-07-29 12:44:00","2022-07-31 00:16:00",NULL,"55"
"97826","67608","54030","27735","264265","Complete","2021-08-28 08:52:34","2021-08-30 07:59:00","2021-08-31 16:56:00",NULL,"55"
"98071","67774","54152","27405","264932","Complete","2022-09-01 06:27:57","2022-08-30 07:05:00","2022-08-31 21:05:00",NULL,"55"
"98442","68018","54368","27507","265932","Complete","2022-08-31 11:54:54","2022-09-01 20:35:00","2022-09-05 13:55:00",NULL,"55"
"98722","68211","54530","17001","266691","Complete","2021-06-21 00:13:16","2021-06-23 22:33:00","2021-06-26 02:53:00",NULL,"55"
"99178","68530","54789","23471","267910","Complete","2022-06-15 21:46:37","2022-06-17 04:15:00","2022-06-18 01:57:00",NULL,"55"
"99676","68891","55084","17229","269236","Complete","2022-09-04 13:09:03.238496","2022-09-05 04:52:18.238496","2022-09-09 19:23:18.238496",NULL,"55"
"99763","68959","55134","28087","269464","Complete","2022-05-29 15:11:03","2022-05-30 08:00:00","2022-05-31 05:22:00",NULL,"55"
"101501","70134","56068","27661","274142","Complete","2022-02-23 13:41:36","2022-02-26 04:29:00","2022-02-28 16:40:00",NULL,"55"
"101631","70224","56149","18530","274475","Complete","2021-12-01 15:23:08","2021-11-29 00:00:00","2021-11-30 12:26:00",NULL,"55"
"102286","70679","56514","6065","276281","Complete","2022-08-13 06:11:36","2022-08-15 18:59:00","2022-08-17 23:35:00",NULL,"55"
"104054","71905","57492","17189","281073","Complete","2021-03-28 06:57:12","2021-03-29 01:53:00","2021-04-01 06:03:00",NULL,"55"
"104097","71937","57518","22332","281185","Complete","2022-07-12 22:48:31","2022-07-14 18:16:00","2022-07-18 18:40:00",NULL,"55"
"104770","72394","57878","18893","283003","Complete","2022-04-06 06:51:05","2022-04-06 04:53:00","2022-04-06 12:03:00",NULL,"55"
"105551","72932","58333","28534","285087","Complete","2022-05-02 15:20:51","2022-05-04 21:08:00","2022-05-05 19:23:00",NULL,"55"
"105773","73088","58456","1853","285710","Complete","2021-07-09 11:16:08","2021-07-08 15:57:00","2021-07-09 19:18:00",NULL,"55"
"105857","73150","58507","20910","285945","Complete","2022-02-13 13:12:37","2022-02-15 07:59:00","2022-02-17 06:10:00",NULL,"55"
"106661","73697","58938","874","288096","Complete","2021-01-04 11:54:19","2021-01-05 04:51:00","2021-01-09 22:19:00",NULL,"55"
"107500","74275","59381","12801","290362","Complete","2022-04-22 12:58:22","2022-04-22 21:28:00","2022-04-24 14:23:00",NULL,"55"
"107599","74336","59426","23490","290634","Complete","2020-05-26 08:04:56","2020-05-24 07:31:00","2020-05-28 18:27:00",NULL,"55"
"107728","74424","59497","27435","290982","Complete","2022-06-29 13:14:21","2022-06-26 19:21:00","2022-07-01 10:14:00",NULL,"55"
"108036","74633","59667","24187","291847","Complete","2021-01-20 23:01:50","2021-01-22 13:14:00","2021-01-26 03:03:00",NULL,"55"
"108172","74727","59755","18497","292218","Complete","2021-07-17 15:22:16","2021-07-14 21:18:00","2021-07-15 03:49:00",NULL,"55"
"108479","74943","59927","18530","293032","Complete","2021-09-24 14:28:07","2021-09-25 22:05:00","2021-09-27 19:17:00",NULL,"55"
"108546","74992","59970","10377","293220","Complete","2021-11-01 13:07:22","2021-11-02 03:35:00","2021-11-05 07:19:00",NULL,"55"
"110368","76237","60968","17083","298074","Complete","2022-06-07 09:55:23","2022-06-07 20:54:00","2022-06-11 05:03:00",NULL,"55"
"110618","76413","61110","23432","298746","Complete","2022-05-03 07:52:41","2022-05-03 18:51:00","2022-05-06 05:01:00",NULL,"55"
"110842","76569","61247","18538","299357","Complete","2022-05-17 11:56:12","2022-05-18 22:17:00","2022-05-19 14:51:00",NULL,"55"
"110947","76647","61311","1608","299637","Complete","2021-11-27 10:17:44","2021-11-25 18:34:00","2021-11-29 06:44:00",NULL,"55"
"111276","76871","61500","19318","300520","Complete","2022-03-15 22:52:41","2022-03-17 03:02:00","2022-03-19 06:08:00",NULL,"55"
"111536","77052","61645","17193","301227","Complete","2020-11-06 08:08:27","2020-11-04 03:51:00","2020-11-04 19:10:00",NULL,"55"
"111853","77264","61819","27856","302089","Complete","2020-06-05 14:09:06","2020-06-06 16:32:00","2020-06-08 20:34:00",NULL,"55"
"112326","77584","62064","18530","303387","Complete","2020-02-05 14:10:42","2020-02-07 16:58:00","2020-02-07 22:22:00",NULL,"55"
"113091","78115","62486","23616","305457","Complete","2022-08-27 13:50:12","2022-08-30 06:40:00","2022-09-02 13:01:00",NULL,"55"
"114155","78847","63072","23471","308311","Complete","2021-04-07 01:07:39","2021-04-09 00:24:00","2021-04-10 11:40:00",NULL,"55"
"114423","79034","63217","11698","309055","Complete","2022-06-14 12:43:08","2022-06-15 14:26:00","2022-06-18 10:46:00",NULL,"55"
"115384","79694","63750","17467","311635","Complete","2022-01-03 12:34:00","2022-01-05 09:33:00","2022-01-06 00:45:00",NULL,"55"
"116344","80339","64303","22453","314222","Complete","2020-11-14 06:03:37","2020-11-11 10:05:00","2020-11-14 01:34:00",NULL,"55"
"117495","81105","64960","23013","317271","Complete","2020-10-17 00:33:08","2020-10-17 02:03:00","2020-10-20 09:36:00",NULL,"55"
"118490","81790","65492","17001","319934","Complete","2021-05-08 10:43:52","2021-05-07 22:57:00","2021-05-12 19:22:00",NULL,"55"
"118932","82110","65738","23157","321114","Complete","2021-12-14 23:29:30","2021-12-18 00:21:00","2021-12-19 14:48:00",NULL,"55"
"119845","82734","66229","17414","323564","Complete","2020-09-16 09:23:11","2020-09-15 20:06:00","2020-09-19 14:23:00",NULL,"55"
"120447","83133","66560","16639","325229","Complete","2021-11-24 18:29:19","2021-11-27 11:09:00","2021-12-01 05:55:00",NULL,"55"
"120510","83172","66598","20558","325405","Complete","2021-10-02 14:22:48","2021-10-03 12:18:00","2021-10-03 15:52:00",NULL,"55"
"120883","83423","66800","17090","326394","Complete","2020-10-01 13:27:27","2020-10-01 23:45:00","2020-10-04 21:30:00",NULL,"55"
"121675","83960","67220","17193","328528","Complete","2020-05-22 16:06:58","2020-05-23 23:18:00","2020-05-28 08:20:00",NULL,"55"
"121762","84014","67261","17189","328770","Complete","2020-11-13 01:14:12","2020-11-13 04:39:00","2020-11-14 09:26:00",NULL,"55"
"121951","84135","67352","17414","329266","Complete","2022-02-03 12:33:17","2022-02-01 07:04:00","2022-02-03 22:21:00",NULL,"55"
"121952","84135","67352","28109","329270","Complete","2022-01-30 11:52:36","2022-02-01 07:04:00","2022-02-03 22:21:00",NULL,"55"
"122589","84577","67697","16848","330997","Complete","2020-05-20 16:23:14","2020-05-23 08:32:00","2020-05-27 19:02:00",NULL,"55"
"122649","84616","67728","23471","331165","Complete","2022-01-22 03:53:38","2022-01-24 00:04:00","2022-01-27 00:47:00",NULL,"55"
"123270","85045","68057","22781","332833","Complete","2022-04-18 07:47:55","2022-04-21 11:09:00","2022-04-23 00:57:00",NULL,"55"
"123682","85327","68283","20701","333923","Complete","2022-05-07 03:11:50","2022-05-08 10:39:00","2022-05-13 04:44:00",NULL,"55"
"124058","85584","68487","16632","334920","Complete","2022-03-27 03:45:25","2022-03-30 06:39:00","2022-04-03 18:44:00",NULL,"55"
"124224","85698","68577","19430","335359","Complete","2021-08-31 00:42:51","2021-09-01 00:14:00","2021-09-04 14:31:00",NULL,"55"
"124947","86200","68970","23975","337335","Complete","2021-11-12 01:27:15","2021-11-14 17:23:00","2021-11-17 05:59:00",NULL,"55"
"126024","86919","69564","20701","340260","Complete","2020-10-08 04:52:04","2020-10-09 15:42:00","2020-10-11 01:02:00",NULL,"55"
"126308","87128","69724","16783","341028","Complete","2022-04-24 22:51:40","2022-04-25 09:59:00","2022-04-30 09:55:00",NULL,"55"
"126563","87299","69866","13826","341725","Complete","2020-08-30 17:30:05","2020-08-30 07:25:00","2020-09-03 23:29:00",NULL,"55"
"127193","87714","70219","17090","343410","Complete","2022-08-28 15:52:38","2022-08-29 20:48:00","2022-08-30 08:18:00",NULL,"55"
"128287","88477","70875","17189","346390","Complete","2022-08-31 13:17:48.56886","2022-09-03 10:00:22.56886","2022-09-06 21:50:22.56886",NULL,"55"
"129799","89526","71708","15635","350451","Complete","2021-07-20 13:29:47","2021-07-23 08:30:00","2021-07-24 08:13:00",NULL,"55"
"130321","89886","72005","23490","351868","Complete","2022-06-21 06:34:49","2022-06-22 02:13:00","2022-06-26 02:27:00",NULL,"55"
"130512","90024","72111","20558","352370","Complete","2021-05-01 01:43:42","2021-05-02 17:05:00","2021-05-04 01:58:00",NULL,"55"
"132786","91604","73378","257","358572","Complete","2022-08-17 14:09:38","2022-08-15 17:01:00","2022-08-20 14:56:00",NULL,"55"
"133073","91820","73546","7857","359341","Complete","2022-01-08 05:41:04","2022-01-09 06:12:00","2022-01-13 16:53:00",NULL,"55"
"133971","92434","74043","17414","361742","Complete","2020-05-30 01:27:17","2020-05-27 11:28:00","2020-05-31 23:28:00",NULL,"55"
"134839","93027","74523","18437","364123","Complete","2021-04-11 16:53:54","2021-04-12 03:57:00","2021-04-16 06:41:00",NULL,"55"
"136437","94159","75474","27572","368413","Complete","2022-08-01 11:07:26","2022-07-31 15:03:00","2022-08-03 20:01:00",NULL,"55"
"136440","94161","75478","14344","368420","Complete","2022-08-16 08:34:12","2022-08-19 08:30:00","2022-08-19 23:51:00",NULL,"55"
"136944","94512","75755","21796","369801","Complete","2020-08-05 13:23:09","2020-08-04 22:55:00","2020-08-06 20:27:00",NULL,"55"
"137185","94663","75877","1925","370427","Complete","2020-11-02 05:50:32","2020-11-03 14:50:00","2020-11-06 06:58:00",NULL,"55"
"137784","95076","76216","16639","372028","Complete","2022-06-29 06:57:38","2022-06-29 01:31:00","2022-06-29 06:49:00",NULL,"55"
"138497","95567","76623","29057","373981","Complete","2020-01-10 01:43:25","2020-01-08 19:40:00","2020-01-11 20:44:00",NULL,"55"
"140282","96770","77599","23713","378790","Complete","2022-03-16 11:36:53","2022-03-17 08:21:00","2022-03-19 21:47:00",NULL,"55"
"140498","96916","77725","23487","379379","Complete","2021-09-08 10:20:34","2021-09-07 20:47:00","2021-09-11 00:32:00",NULL,"55"
"142426","98255","78783","21720","384559","Complete","2022-07-11 00:18:37","2022-07-13 18:25:00","2022-07-16 04:38:00",NULL,"55"
"142514","98323","78845","27656","384796","Complete","2020-03-10 13:42:36","2020-03-09 04:41:00","2020-03-11 20:32:00",NULL,"55"
"142742","98487","78958","22796","385405","Complete","2022-08-10 03:28:02","2022-08-09 22:48:00","2022-08-10 14:12:00",NULL,"55"
"49716","34249","27343","13826","134204","Cancelled","2022-08-15 08:17:20",NULL,NULL,NULL,"55"
"142975","98651","79088","6065","386035","Complete","2022-09-02 21:54:55.253554","2022-09-05 18:52:00.253554","2022-09-05 21:40:00.253554",NULL,"55"
"143987","99354","79662","17282","388766","Complete","2021-01-26 06:13:40","2021-01-26 14:31:00","2021-01-30 04:50:00",NULL,"55"
"144258","99532","79804","1853","389506","Complete","2022-06-29 11:54:22","2022-06-30 15:25:00","2022-07-01 18:28:00",NULL,"55"
"144955","100016","80203","27644","391392","Complete","2021-09-09 10:23:38","2021-09-07 05:56:00","2021-09-07 20:11:00",NULL,"55"
"145787","100595","80697","1703","393668","Complete","2022-06-03 11:22:08","2022-06-05 15:50:00","2022-06-09 11:33:00",NULL,"55"
"146455","101049","81074","28534","395470","Complete","2022-08-17 04:45:00","2022-08-18 18:36:00","2022-08-21 20:46:00",NULL,"55"
"147212","101569","81472","27507","397483","Complete","2020-03-03 02:48:36","2020-03-04 05:31:00","2020-03-07 02:21:00",NULL,"55"
"147356","101668","81537","21769","397874","Complete","2022-02-12 03:54:25","2022-02-12 09:59:00","2022-02-16 12:28:00",NULL,"55"
"147564","101827","81675","20945","398436","Complete","2020-12-18 01:53:48","2020-12-20 14:49:00","2020-12-23 07:23:00",NULL,"55"
"149216","102982","82601","14344","402940","Complete","2021-06-24 13:51:04","2021-06-24 02:22:00","2021-06-25 22:52:00",NULL,"55"
"150376","103766","83242","6065","406134","Complete","2021-03-22 06:02:33","2021-03-23 19:26:00","2021-03-28 05:30:00",NULL,"55"
"150508","103858","83320","1703","406493","Complete","2021-07-29 00:11:34","2021-07-30 14:13:00","2021-07-30 23:03:00",NULL,"55"
"151232","104347","83716","4129","408437","Complete","2020-08-22 04:00:39","2020-08-18 14:30:00","2020-08-21 10:33:00",NULL,"55"
"151828","104751","84052","23262","410054","Complete","2021-01-12 11:25:27","2021-01-12 20:03:00","2021-01-15 12:40:00",NULL,"55"
"152379","105137","84358","23487","411527","Complete","2021-10-05 03:37:16","2021-10-03 13:29:00","2021-10-03 20:21:00",NULL,"55"
"152896","105489","84628","17189","412898","Complete","2021-02-27 01:59:38","2021-02-28 00:22:00","2021-02-28 11:54:00",NULL,"55"
"153879","106177","85172","27435","415527","Complete","2022-06-08 12:01:53","2022-06-06 21:34:00","2022-06-10 19:49:00",NULL,"55"
"154302","106464","85395","173","416656","Complete","2020-09-13 16:05:01","2020-09-12 09:20:00","2020-09-16 22:08:00",NULL,"55"
"155028","106962","85820","17156","418620","Complete","2020-10-06 05:39:16","2020-10-06 18:29:00","2020-10-07 07:17:00",NULL,"55"
"155603","107346","86132","257","420154","Complete","2021-03-26 06:45:22","2021-03-23 12:52:00","2021-03-24 15:12:00",NULL,"55"
"156217","107761","86447","23181","421794","Complete","2021-09-06 08:33:27","2021-09-09 08:44:00","2021-09-12 05:59:00",NULL,"55"
"157471","108608","87096","22720","425179","Complete","2022-07-24 20:31:48","2022-07-26 23:20:00","2022-07-31 03:14:00",NULL,"55"
"158543","109362","87704","21796","428050","Complete","2021-05-03 08:56:54","2021-05-05 02:10:00","2021-05-09 14:39:00",NULL,"55"
"158721","109480","87800","27536","428543","Complete","2022-01-31 22:15:37","2022-01-29 13:19:00","2022-02-01 07:53:00",NULL,"55"
"159912","110325","88474","3056","431770","Complete","2022-03-14 08:11:08","2022-03-17 01:12:00","2022-03-20 04:38:00",NULL,"55"
"160133","110467","88592","27656","432362","Complete","2021-07-29 15:59:16","2021-07-30 22:03:00","2021-08-04 16:38:00",NULL,"55"
"160170","110495","88612","16729","432470","Complete","2021-01-27 05:27:10","2021-01-29 01:34:00","2021-02-02 13:04:00",NULL,"55"
"160317","110600","88683","16848","432867","Complete","2021-10-02 00:32:06","2021-10-03 01:40:00","2021-10-07 22:23:00",NULL,"55"
"160343","110620","88698","2683","432929","Complete","2022-01-25 00:28:03","2022-01-25 19:30:00","2022-01-29 12:26:00",NULL,"55"
"161551","111437","89348","21457","436189","Complete","2022-02-02 22:33:02","2022-01-30 19:33:00","2022-02-01 22:16:00",NULL,"55"
"161566","111447","89355","1666","436231","Complete","2022-03-01 12:10:03","2022-02-28 18:32:00","2022-03-02 09:14:00",NULL,"55"
"161974","111714","89565","29057","437365","Complete","2022-05-23 15:43:30","2022-05-26 01:51:00","2022-05-27 10:33:00",NULL,"55"
"162217","111876","89697","27847","438022","Complete","2021-11-19 06:15:36","2021-11-18 07:44:00","2021-11-22 19:53:00",NULL,"55"
"162484","112065","89847","17193","438748","Complete","2019-12-17 00:49:03","2019-12-18 19:05:00","2019-12-21 17:58:00",NULL,"55"
"162637","112181","89938","16394","439169","Complete","2022-07-04 16:47:25","2022-07-05 11:16:00","2022-07-06 06:33:00",NULL,"55"
"163662","112893","90514","23616","441935","Complete","2022-07-16 01:26:33","2022-07-18 19:46:00","2022-07-22 01:40:00",NULL,"55"
"164509","113471","90984","16729","444269","Complete","2022-06-10 07:43:13","2022-06-10 23:48:00","2022-06-14 08:49:00",NULL,"55"
"164742","113633","91107","21796","444912","Complete","2021-06-17 14:24:07","2021-06-13 18:45:00","2021-06-17 18:22:00",NULL,"55"
"165171","113907","91325","18703","446081","Complete","2021-07-21 23:08:01","2021-07-24 10:55:00","2021-07-25 15:58:00",NULL,"55"
"165359","114043","91431","22710","446607","Complete","2022-03-11 01:03:55","2022-03-13 19:18:00","2022-03-18 04:39:00",NULL,"55"
"166196","114622","91892","10377","448868","Complete","2021-12-02 09:06:50","2021-12-03 12:17:00","2021-12-08 01:13:00",NULL,"55"
"166937","115126","92274","22694","450864","Complete","2020-09-21 17:28:39","2020-09-23 10:56:00","2020-09-27 16:19:00",NULL,"55"
"167384","115432","92522","23184","452053","Complete","2020-09-11 06:53:47","2020-09-13 22:53:00","2020-09-15 21:43:00",NULL,"55"
"167546","115539","92603","27847","452480","Complete","2022-08-15 11:52:01","2022-08-11 16:08:00","2022-08-15 02:51:00",NULL,"55"
"167861","115757","92798","28022","453307","Complete","2022-08-05 13:44:45","2022-08-07 17:48:00","2022-08-12 14:19:00",NULL,"55"
"167925","115805","92840","20701","453471","Complete","2021-09-23 22:49:48","2021-09-25 22:15:00","2021-09-29 00:50:00",NULL,"55"
"168184","115984","92980","18655","454190","Complete","2022-07-22 07:06:25","2022-07-23 05:32:00","2022-07-28 00:21:00",NULL,"55"
"168884","116474","93374","27435","456064","Complete","2021-12-22 01:32:04","2021-12-18 20:14:00","2021-12-20 14:41:00",NULL,"55"
"169916","117176","93953","21796","458842","Complete","2021-07-02 11:58:32","2021-07-02 04:29:00","2021-07-04 20:55:00",NULL,"55"
"170895","117823","94485","22956","461551","Complete","2021-10-17 11:10:15","2021-10-20 05:23:00","2021-10-20 08:33:00",NULL,"55"
"171509","118255","94844","24187","463197","Complete","2020-01-13 13:25:15","2020-01-14 11:59:00","2020-01-15 16:11:00",NULL,"55"
"172383","118870","95305","17001","465582","Complete","2022-09-08 12:32:26.283078","2022-09-07 18:01:19.283078","2022-09-12 09:17:19.283078",NULL,"55"
"172816","119185","95542","21707","466752","Complete","2022-03-14 04:16:36","2022-03-14 04:31:00","2022-03-18 16:57:00",NULL,"55"
"173001","119309","95634","20558","467270","Complete","2022-08-06 05:58:40","2022-08-03 20:34:00","2022-08-07 08:44:00",NULL,"55"
"173800","119874","96127","16394","469333","Complete","2020-09-12 05:26:42","2020-09-12 14:45:00","2020-09-16 13:46:00",NULL,"55"
"174584","120411","96547","23013","471445","Complete","2020-07-03 18:59:30","2020-07-02 01:16:00","2020-07-07 00:04:00",NULL,"55"
"175017","120688","96767","23013","472650","Complete","2021-12-17 15:46:37","2021-12-17 23:46:00","2021-12-20 02:38:00",NULL,"55"
"175854","121278","97260","22643","474918","Complete","2022-06-23 06:11:46","2022-06-26 01:34:00","2022-06-27 09:15:00",NULL,"55"
"176011","121388","97357","18473","475346","Complete","2021-07-31 01:49:35","2021-08-02 06:49:00","2021-08-04 21:29:00",NULL,"55"
"176869","121979","97827","27735","477689","Complete","2021-08-21 07:07:08","2021-08-19 10:22:00","2021-08-21 01:46:00",NULL,"55"
"177325","122293","98062","20945","478911","Complete","2022-09-04 06:19:42.954403","2022-09-04 05:45:34.954403","2022-09-07 14:28:34.954403",NULL,"55"
"177758","122596","98330","21287","480075","Complete","2022-07-30 16:34:07","2022-07-30 20:27:00","2022-08-03 03:25:00",NULL,"55"
"177778","122613","98347","12064","480125","Complete","2019-07-05 21:10:46","2019-07-07 12:18:00","2019-07-08 22:50:00",NULL,"55"
"178172","122889","98569","18758","481162","Complete","2021-05-06 14:43:53","2021-05-08 15:51:00","2021-05-13 04:49:00",NULL,"55"
"178704","123262","98867","21720","482598","Complete","2022-02-24 00:23:17","2022-02-27 00:55:00","2022-03-03 21:34:00",NULL,"55"
"180091","124201","99618","23036","486342","Complete","2020-12-20 08:29:02","2020-12-21 18:41:00","2020-12-24 18:46:00",NULL,"55"
"7","5","3","22992","24","Returned","2022-08-24 07:36:25","2022-08-26 01:18:00","2022-08-27 14:12:00","2022-08-27 20:32:00","55"
"848","605","504","1853","2275","Returned","2019-09-30 13:52:55","2019-10-01 21:24:00","2019-10-03 05:43:00","2019-10-04 07:29:00","55"
"6127","4180","3389","12801","16579","Returned","2022-08-28 00:03:27","2022-08-25 15:08:00","2022-08-29 13:40:00","2022-09-01 08:46:00","55"
"10169","6993","5691","22816","27574","Returned","2022-06-02 04:05:42","2022-05-31 15:39:00","2022-06-03 15:49:00","2022-06-05 19:41:00","55"
"10423","7168","5836","6417","28257","Returned","2021-01-07 03:02:00","2021-01-09 06:48:00","2021-01-13 05:06:00","2021-01-15 13:48:00","55"
"11956","8251","6669","18784","32405","Returned","2020-12-29 06:51:54","2020-12-31 11:50:00","2021-01-05 00:35:00","2021-01-05 13:18:00","55"
"12296","8478","6853","19430","33329","Returned","2022-07-27 23:31:15","2022-07-29 12:36:00","2022-08-02 23:02:00","2022-08-04 07:32:00","55"
"15152","10414","8380","318","41042","Returned","2022-06-22 14:58:14","2022-06-23 12:25:00","2022-06-26 04:52:00","2022-06-28 18:57:00","55"
"16383","11263","9054","27450","44344","Returned","2022-07-26 11:04:59","2022-07-28 14:48:00","2022-07-30 18:17:00","2022-07-31 06:23:00","55"
"17427","11993","9640","20804","47210","Returned","2022-02-03 08:55:08","2022-02-03 18:12:00","2022-02-05 18:07:00","2022-02-07 15:57:00","55"
"17680","12159","9775","16848","47889","Returned","2022-06-19 09:40:27","2022-06-18 02:27:00","2022-06-19 22:56:00","2022-06-21 04:43:00","55"
"18586","12770","10240","27474","50321","Returned","2021-07-06 18:13:23","2021-07-08 13:11:00","2021-07-08 16:40:00","2021-07-11 03:47:00","55"
"18883","12976","10399","27435","51099","Returned","2020-01-09 12:49:38","2020-01-09 03:26:00","2020-01-10 23:15:00","2020-01-12 00:52:00","55"
"19652","13508","10837","27546","53171","Returned","2022-07-29 14:14:20","2022-07-31 09:26:00","2022-08-02 09:27:00","2022-08-04 20:51:00","55"
"21124","14524","11613","17083","57138","Returned","2021-07-05 05:19:12","2021-07-06 09:25:00","2021-07-10 21:51:00","2021-07-12 02:09:00","55"
"21587","14841","11855","17282","58363","Returned","2020-01-30 14:45:32","2020-01-27 18:38:00","2020-01-28 07:18:00","2020-01-28 07:33:00","55"
"22330","15360","12273","23535","60343","Returned","2020-01-25 07:17:56","2020-01-27 07:45:00","2020-01-31 11:14:00","2020-01-31 11:39:00","55"
"22492","15464","12355","9578","60790","Returned","2022-05-08 04:12:46","2022-05-04 09:45:00","2022-05-04 18:18:00","2022-05-06 02:57:00","55"
"24282","16702","13353","24187","65626","Returned","2021-02-24 07:05:57","2021-02-25 12:54:00","2021-02-28 20:29:00","2021-03-02 14:18:00","55"
"26433","18221","14566","19539","71445","Returned","2021-01-19 05:30:16","2021-01-17 10:13:00","2021-01-19 18:29:00","2021-01-22 03:22:00","55"
"27164","18712","14959","22127","73439","Returned","2022-09-03 11:23:57.807324","2022-09-04 09:34:26.807324","2022-09-05 23:12:26.807324","2022-09-08 02:38:26.807324","55"
"30567","21056","16858","23616","82654","Returned","2021-05-09 06:28:24","2021-05-08 00:16:00","2021-05-08 06:10:00","2021-05-10 22:55:00","55"
"33380","22982","18339","3018","90183","Returned","2020-06-02 12:40:00","2020-06-03 01:58:00","2020-06-07 15:22:00","2020-06-09 14:51:00","55"
"33770","23256","18563","4129","91229","Returned","2022-07-29 00:42:22","2022-07-29 07:50:00","2022-07-31 10:29:00","2022-08-02 22:57:00","55"
"36609","25192","20142","20804","98833","Returned","2022-08-31 04:06:25","2022-09-02 13:19:00","2022-09-06 02:54:00","2022-09-09 01:00:00","55"
"37369","25728","20552","27572","100911","Returned","2022-04-14 00:33:47","2022-04-14 15:21:00","2022-04-15 14:15:00","2022-04-17 19:27:00","55"
"39239","27014","21573","22694","105947","Returned","2022-08-09 10:45:50","2022-08-10 22:51:00","2022-08-13 17:40:00","2022-08-13 18:40:00","55"
"40488","27859","22242","18655","109303","Returned","2020-12-17 04:51:43","2020-12-18 10:15:00","2020-12-22 04:40:00","2020-12-24 09:56:00","55"
"43796","30126","24019","6287","118290","Returned","2020-04-13 12:32:11","2020-04-14 02:26:00","2020-04-16 19:50:00","2020-04-18 19:56:00","55"
"43939","30228","24104","17229","118673","Returned","2021-11-10 04:23:23","2021-11-08 08:48:00","2021-11-10 19:32:00","2021-11-11 20:03:00","55"
"44152","30379","24236","1925","119256","Returned","2021-04-13 02:14:26","2021-04-13 09:24:00","2021-04-18 04:02:00","2021-04-18 19:08:00","55"
"45330","31214","24911","22720","122412","Returned","2022-09-03 05:10:27","2022-09-03 15:07:00","2022-09-06 11:03:00","2022-09-08 22:26:00","55"
"46773","32208","25727","22992","126284","Returned","2022-07-11 01:19:03","2022-07-12 08:52:00","2022-07-14 06:56:00","2022-07-16 06:33:00","55"
"48046","33092","26437","22457","129691","Returned","2022-08-26 13:10:14","2022-08-28 16:48:00","2022-09-01 11:19:00","2022-09-03 20:25:00","55"
"49444","34049","27182","11698","133455","Returned","2021-07-28 03:16:47","2021-07-29 03:17:00","2021-07-29 17:00:00","2021-08-01 00:22:00","55"
"53215","36679","29313","18747","143596","Returned","2020-03-10 07:40:20","2020-03-07 20:33:00","2020-03-10 03:01:00","2020-03-11 01:21:00","55"
"53254","36703","29328","4129","143697","Returned","2022-06-08 00:02:56","2022-06-10 23:34:00","2022-06-12 13:36:00","2022-06-15 04:42:00","55"
"54097","37279","29790","473","145990","Returned","2021-05-13 02:42:55","2021-05-13 22:28:00","2021-05-16 10:02:00","2021-05-18 23:54:00","55"
"54289","37411","29893","23713","146502","Returned","2022-05-19 06:55:46","2022-05-17 13:56:00","2022-05-21 19:03:00","2022-05-24 02:24:00","55"
"56675","39061","31225","27507","152969","Returned","2022-08-07 15:38:06","2022-08-08 09:05:00","2022-08-10 23:15:00","2022-08-13 09:49:00","55"
"58360","40237","32146","23031","157506","Returned","2022-03-12 02:48:43","2022-03-13 11:37:00","2022-03-16 14:56:00","2022-03-17 18:25:00","55"
"62371","42954","34339","22018","168353","Returned","2022-08-11 07:34:17","2022-08-09 09:03:00","2022-08-10 19:35:00","2022-08-13 07:51:00","55"
"63105","43449","34740","28022","170384","Returned","2022-06-21 09:27:32","2022-06-19 19:52:00","2022-06-21 07:23:00","2022-06-22 10:29:00","55"
"64607","44475","35586","16938","174432","Returned","2020-09-24 02:30:02","2020-09-25 13:36:00","2020-09-27 23:35:00","2020-09-27 23:35:00","55"
"66013","45439","36330","23487","178254","Returned","2022-07-09 14:49:06","2022-07-09 08:41:00","2022-07-14 02:44:00","2022-07-14 21:08:00","55"
"67117","46173","36924","2579","181232","Returned","2021-09-22 03:46:42","2021-09-23 21:40:00","2021-09-27 15:18:00","2021-09-29 18:26:00","55"
"70249","48377","38685","27450","189650","Returned","2022-04-16 07:45:28","2022-04-12 16:04:00","2022-04-14 19:17:00","2022-04-17 04:22:00","55"
"70503","48556","38837","22631","190336","Returned","2022-08-08 12:31:45","2022-08-09 08:59:00","2022-08-11 19:07:00","2022-08-14 06:04:00","55"
"70684","48679","38939","3056","190826","Returned","2020-04-12 01:22:11","2020-04-13 18:19:00","2020-04-15 11:24:00","2020-04-17 07:07:00","55"
"73018","50301","40264","27410","197163","Returned","2022-08-07 11:09:33","2022-08-07 01:58:00","2022-08-08 10:17:00","2022-08-10 14:40:00","55"
"75721","52180","41777","3018","204439","Returned","2022-02-10 09:22:05","2022-02-09 16:48:00","2022-02-12 13:44:00","2022-02-13 14:13:00","55"
"76778","52934","42349","22908","207333","Returned","2022-04-15 23:12:37","2022-04-17 04:40:00","2022-04-21 16:44:00","2022-04-23 01:41:00","55"
"77788","53632","42914","20897","209989","Returned","2022-08-29 13:43:27","2022-09-01 03:49:00","2022-09-02 12:12:00","2022-09-03 04:25:00","55"
"80400","55452","44338","1853","217101","Returned","2021-02-01 21:52:32","2021-02-04 11:10:00","2021-02-08 16:02:00","2021-02-11 01:44:00","55"
"81663","56336","45033","14883","220533","Returned","2021-06-23 15:24:49","2021-06-24 03:22:00","2021-06-26 15:28:00","2021-06-28 00:04:00","55"
"81728","56385","45076","27735","220713","Returned","2021-02-13 10:14:28","2021-02-13 01:27:00","2021-02-15 21:26:00","2021-02-17 19:48:00","55"
"83509","57668","46104","20693","225529","Returned","2022-05-30 03:21:03","2022-05-31 10:45:00","2022-06-01 00:10:00","2022-06-01 08:07:00","55"
"85306","58950","47129","20544","230431","Returned","2022-02-20 08:22:10","2022-02-21 22:23:00","2022-02-23 14:16:00","2022-02-26 01:22:00","55"
"88497","61162","48981","17362","239074","Returned","2022-07-15 17:14:23","2022-07-14 20:58:00","2022-07-16 09:42:00","2022-07-16 22:18:00","55"
"88926","61461","49206","21192","240254","Returned","2019-02-03 14:18:38","2019-02-05 08:46:00","2019-02-08 23:38:00","2019-02-11 21:03:00","55"
"89121","61600","49313","22643","240767","Returned","2022-09-03 08:18:20","2022-09-05 14:46:00","2022-09-07 00:35:00","2022-09-09 09:13:00","55"
"91348","63124","50534","23048","246763","Returned","2022-04-17 03:32:42","2022-04-19 10:28:00","2022-04-19 18:49:00","2022-04-21 17:09:00","55"
"99717","68924","55109","19318","269336","Returned","2022-08-27 12:26:50","2022-08-25 12:25:00","2022-08-26 03:14:00","2022-08-28 06:42:00","55"
"104700","72345","57842","23713","282810","Returned","2022-04-19 08:36:11","2022-04-21 00:47:00","2022-04-25 11:18:00","2022-04-25 15:30:00","55"
"105168","72679","58117","27405","284063","Returned","2019-09-18 04:38:56","2019-09-19 18:16:00","2019-09-23 23:39:00","2019-09-25 10:14:00","55"
"105686","73029","58408","17156","285474","Returned","2022-01-07 21:49:29","2022-01-07 04:51:00","2022-01-10 17:05:00","2022-01-13 10:12:00","55"
"106420","73541","58808","23535","287446","Returned","2021-04-30 09:20:43","2021-05-02 12:02:00","2021-05-06 05:04:00","2021-05-07 11:23:00","55"
"111833","77254","61811","17467","302031","Returned","2022-04-09 18:12:54","2022-04-11 15:39:00","2022-04-12 09:25:00","2022-04-14 17:56:00","55"
"112050","77393","61920","23490","302636","Returned","2020-12-03 10:11:58","2020-12-04 03:57:00","2020-12-06 16:09:00","2020-12-06 20:06:00","55"
"112401","77638","62105","22908","303594","Returned","2022-07-23 08:20:13","2022-07-21 05:25:00","2022-07-25 14:36:00","2022-07-26 21:32:00","55"
"116729","80587","64525","318","315266","Returned","2022-09-06 03:52:12.960672","2022-09-04 13:25:35.960672","2022-09-09 01:34:35.960672","2022-09-10 20:37:35.960672","55"
"117632","81204","65041","21457","317643","Returned","2022-08-14 11:51:26","2022-08-15 12:39:00","2022-08-19 05:56:00","2022-08-19 11:58:00","55"
"119615","82570","66106","14344","322950","Returned","2021-03-08 15:25:45","2021-03-10 05:01:00","2021-03-14 00:59:00","2021-03-15 20:05:00","55"
"120235","82987","66437","23013","324625","Returned","2022-06-11 10:05:00","2022-06-11 14:49:00","2022-06-14 16:14:00","2022-06-14 22:18:00","55"
"125175","86353","69102","22816","337962","Returned","2022-06-07 07:02:33","2022-06-07 22:02:00","2022-06-11 03:47:00","2022-06-12 19:44:00","55"
"129418","89251","71499","23181","349447","Returned","2021-07-15 00:23:21","2021-07-15 21:07:00","2021-07-19 07:30:00","2021-07-22 06:49:00","55"
"129447","89275","71522","27907","349523","Returned","2022-04-19 10:11:04","2022-04-20 06:24:00","2022-04-23 16:30:00","2022-04-23 21:28:00","55"
"129495","89308","71548","16725","349646","Returned","2022-06-13 01:04:28","2022-06-15 01:45:00","2022-06-15 14:28:00","2022-06-16 01:29:00","55"
"129859","89566","71738","17229","350611","Returned","2022-06-27 04:22:41","2022-06-29 01:29:00","2022-07-02 16:10:00","2022-07-02 21:45:00","55"
"132642","91498","73277","22873","358176","Returned","2022-08-03 10:34:33","2022-08-04 09:25:00","2022-08-04 12:03:00","2022-08-04 12:37:00","55"
"134418","92740","74301","20693","362961","Returned","2022-07-07 14:02:00","2022-07-06 12:16:00","2022-07-07 02:27:00","2022-07-07 08:40:00","55"
"134460","92774","74330","27735","363076","Returned","2022-01-01 04:37:25","2022-01-02 16:37:00","2022-01-03 19:39:00","2022-01-05 01:49:00","55"
"138832","95801","76810","22763","374889","Returned","2022-09-03 00:48:04.260704","2022-09-04 19:07:00.260704","2022-09-09 16:09:00.260704","2022-09-10 12:28:00.260704","55"
"139754","96410","77311","6011","377371","Returned","2019-05-26 06:46:03","2019-05-28 14:52:00","2019-05-28 19:29:00","2019-05-29 12:18:00","55"
"140808","97128","77898","21932","380187","Returned","2022-04-27 22:28:42","2022-04-27 14:39:00","2022-05-02 13:14:00","2022-05-03 06:45:00","55"
"141271","97436","78135","22763","381454","Returned","2022-08-20 00:01:38","2022-08-22 07:49:00","2022-08-26 21:38:00","2022-08-28 20:13:00","55"
"141624","97681","78324","17001","382404","Returned","2022-06-20 01:38:41","2022-06-18 15:04:00","2022-06-21 23:24:00","2022-06-22 01:30:00","55"
"142304","98167","78714","21707","384231","Returned","2022-09-04 12:30:43","2022-09-04 11:32:00","2022-09-06 19:30:00","2022-09-09 04:09:00","55"
"146194","100875","80930","28109","394762","Returned","2020-05-21 07:29:21","2020-05-22 09:29:00","2020-05-23 04:21:00","2020-05-25 15:02:00","55"
"147740","101948","81773","16938","398907","Returned","2022-05-27 22:57:24","2022-05-26 23:13:00","2022-05-27 13:28:00","2022-05-30 07:59:00","55"
"150196","103642","83130","18269","405644","Returned","2021-08-11 13:33:48","2021-08-13 10:42:00","2021-08-15 15:15:00","2021-08-16 21:06:00","55"
"152622","105308","84488","27856","412166","Returned","2021-08-22 02:21:04","2021-08-19 10:19:00","2021-08-21 17:01:00","2021-08-23 01:11:00","55"
"152949","105520","84652","23713","413032","Returned","2022-04-02 00:02:02","2022-04-04 22:20:00","2022-04-07 07:56:00","2022-04-08 17:32:00","55"
"154175","106376","85324","27507","416322","Returned","2022-01-26 09:11:03","2022-01-28 21:52:00","2022-01-29 02:11:00","2022-01-31 05:22:00","55"
"156597","108014","86629","7873","422814","Returned","2021-09-05 08:31:38","2021-09-07 04:03:00","2021-09-10 08:53:00","2021-09-13 00:24:00","55"
"158676","109448","87771","18893","428413","Returned","2022-01-19 17:21:27","2022-01-20 03:26:00","2022-01-21 07:32:00","2022-01-21 17:12:00","55"
"158759","109500","87813","1667","428646","Returned","2022-03-20 22:57:08","2022-03-20 17:33:00","2022-03-25 00:46:00","2022-03-27 14:12:00","55"
"159299","109897","88131","18893","430102","Returned","2022-08-17 14:34:23","2022-08-20 00:49:00","2022-08-20 11:33:00","2022-08-22 20:52:00","55"
"160152","110482","88603","23074","432419","Returned","2022-05-03 06:21:30","2022-05-04 03:49:00","2022-05-05 03:48:00","2022-05-06 09:58:00","55"
"160250","110553","88648","18538","432685","Returned","2021-02-12 16:00:49","2021-02-11 15:08:00","2021-02-14 09:48:00","2021-02-17 02:03:00","55"
"165831","114367","91677","22816","447888","Returned","2022-09-02 14:30:14","2022-09-03 16:39:00","2022-09-04 20:20:00","2022-09-05 05:29:00","55"
"167187","115293","92409","22018","451529","Returned","2019-12-18 14:35:13","2019-12-19 14:14:00","2019-12-23 06:02:00","2019-12-24 00:46:00","55"
"175254","120860","96894","3018","473287","Returned","2020-08-09 02:22:30","2020-08-09 01:48:00","2020-08-09 17:40:00","2020-08-11 02:54:00","55"
"177281","122258","98029","22641","478790","Returned","2022-07-09 10:47:56","2022-07-10 19:53:00","2022-07-13 09:59:00","2022-07-14 02:21:00","55"
"177313","122283","98053","21933","478876","Returned","2020-09-29 14:42:14","2020-10-01 03:17:00","2020-10-01 13:29:00","2020-10-03 10:03:00","55"
"179377","123718","99250","17229","484413","Returned","2021-07-12 02:13:59","2021-07-14 15:25:00","2021-07-15 00:35:00","2021-07-17 22:54:00","55"
"527","377","329","27177","1393","Cancelled","2021-11-25 09:56:50",NULL,NULL,NULL,"55"
"1200","834","696","18893","3247","Cancelled","2022-05-18 15:20:44",NULL,NULL,NULL,"55"
"1690","1174","951","18951","4575","Cancelled","2021-06-27 10:03:24",NULL,NULL,NULL,"55"
"2068","1428","1151","1925","5601","Cancelled","2022-04-07 01:15:10",NULL,NULL,NULL,"55"
"4000","2723","2189","22706","10821","Cancelled","2022-08-08 04:18:53",NULL,NULL,NULL,"55"
"4471","3058","2468","12796","12124","Cancelled","2022-04-20 01:39:14",NULL,NULL,NULL,"55"
"4631","3175","2582","17156","12556","Cancelled","2021-07-27 07:45:32",NULL,NULL,NULL,"55"
"5064","3452","2819","20897","13700","Cancelled","2021-12-28 05:39:26",NULL,NULL,NULL,"55"
"5315","3628","2965","17001","14385","Cancelled","2021-10-25 09:42:03",NULL,NULL,NULL,"55"
"6458","4402","3568","23487","17485","Cancelled","2022-09-01 21:20:34",NULL,NULL,NULL,"55"
"8341","5711","4615","473","22613","Cancelled","2019-05-30 05:44:59",NULL,NULL,NULL,"55"
"8459","5795","4682","18538","22947","Cancelled","2021-05-05 08:07:00",NULL,NULL,NULL,"55"
"8541","5851","4737","12796","23173","Cancelled","2022-04-08 04:05:08",NULL,NULL,NULL,"55"
"8786","6027","4872","22710","23828","Cancelled","2022-07-22 22:38:37",NULL,NULL,NULL,"55"
"9051","6203","5013","14344","24536","Cancelled","2021-06-17 03:20:31",NULL,NULL,NULL,"55"
"9107","6245","5054","18473","24684","Cancelled","2019-04-18 10:42:10",NULL,NULL,NULL,"55"
"9139","6263","5072","17001","24767","Cancelled","2020-10-18 14:22:58",NULL,NULL,NULL,"55"
"9321","6396","5190","12796","25273","Cancelled","2022-08-02 12:19:59",NULL,NULL,NULL,"55"
"9707","6681","5418","19539","26340","Cancelled","2021-09-07 14:59:56",NULL,NULL,NULL,"55"
"10111","6955","5657","1608","27419","Cancelled","2020-05-06 12:31:13",NULL,NULL,NULL,"55"
"10298","7087","5775","22127","27920","Cancelled","2021-01-26 16:13:22",NULL,NULL,NULL,"55"
"11431","7864","6372","27874","30970","Cancelled","2019-10-05 17:56:02",NULL,NULL,NULL,"55"
"11543","7944","6444","6916","31278","Cancelled","2021-11-19 10:26:01",NULL,NULL,NULL,"55"
"14486","9968","8030","3018","39262","Cancelled","2022-01-25 00:02:55",NULL,NULL,NULL,"55"
"16439","11303","9087","22149","44493","Cancelled","2022-01-17 08:11:43",NULL,NULL,NULL,"55"
"16440","11303","9087","22796","44495","Cancelled","2022-01-19 07:36:16",NULL,NULL,NULL,"55"
"16822","11575","9320","28994","45563","Cancelled","2022-08-28 00:33:17",NULL,NULL,NULL,"55"
"18439","12672","10167","18951","49928","Cancelled","2022-05-10 22:31:38",NULL,NULL,NULL,"55"
"18896","12986","10412","22956","51138","Cancelled","2021-10-28 08:51:49",NULL,NULL,NULL,"55"
"19592","13465","10801","21932","53014","Cancelled","2021-08-24 01:26:55",NULL,NULL,NULL,"55"
"20612","14176","11353","22168","55805","Cancelled","2019-09-29 01:35:18",NULL,NULL,NULL,"55"
"20786","14296","11440","11338","56267","Cancelled","2021-11-25 11:52:17",NULL,NULL,NULL,"55"
"22611","15548","12427","1666","61110","Cancelled","2022-08-29 16:22:06",NULL,NULL,NULL,"55"
"22884","15737","12584","22790","61864","Cancelled","2022-03-23 14:58:08",NULL,NULL,NULL,"55"
"22997","15819","12649","21796","62170","Cancelled","2019-11-17 06:56:17",NULL,NULL,NULL,"55"
"26364","18168","14521","11338","71254","Cancelled","2021-01-19 13:04:10",NULL,NULL,NULL,"55"
"28124","19387","15508","21680","76023","Cancelled","2021-07-07 12:53:36",NULL,NULL,NULL,"55"
"28912","19909","15904","27410","78166","Cancelled","2022-02-15 06:37:46",NULL,NULL,NULL,"55"
"30158","20768","16609","28289","81536","Cancelled","2021-12-05 02:15:50",NULL,NULL,NULL,"55"
"33762","23250","18559","17229","91209","Cancelled","2022-03-03 08:16:32",NULL,NULL,NULL,"55"
"34396","23677","18895","17001","92922","Cancelled","2019-07-25 01:58:31",NULL,NULL,NULL,"55"
"34999","24091","19237","27735","94551","Cancelled","2022-05-10 17:40:30",NULL,NULL,NULL,"55"
"35710","24574","19642","23209","96428","Cancelled","2022-08-16 04:37:12",NULL,NULL,NULL,"55"
"35752","24605","19667","22790","96543","Cancelled","2020-05-27 03:11:31",NULL,NULL,NULL,"55"
"37208","25624","20473","665","100465","Cancelled","2022-07-08 04:40:28",NULL,NULL,NULL,"55"
"39219","27000","21563","2683","105891","Cancelled","2021-03-16 12:13:13",NULL,NULL,NULL,"55"
"40042","27561","22013","21933","108074","Cancelled","2022-06-08 13:33:37",NULL,NULL,NULL,"55"
"43738","30085","23984","18437","118122","Cancelled","2022-02-23 00:47:54",NULL,NULL,NULL,"55"
"43747","30091","23989","13826","118146","Cancelled","2022-03-31 17:45:56",NULL,NULL,NULL,"55"
"44109","30348","24209","20910","119138","Cancelled","2021-07-18 01:29:26",NULL,NULL,NULL,"55"
"46466","31987","25539","21287","125479","Cancelled","2020-05-21 06:32:13",NULL,NULL,NULL,"55"
"47548","32764","26163","1700","128332","Cancelled","2019-10-23 14:43:48",NULL,NULL,NULL,"55"
"47556","32770","26167","20701","128357","Cancelled","2022-06-16 01:28:33",NULL,NULL,NULL,"55"
"48673","33532","26782","17193","131354","Cancelled","2021-12-21 07:06:17",NULL,NULL,NULL,"55"
"49726","34253","27346","22631","134231","Cancelled","2022-09-04 11:02:48",NULL,NULL,NULL,"55"
"50174","34560","27593","27435","135438","Cancelled","2021-12-28 16:10:14",NULL,NULL,NULL,"55"
"50551","34828","27794","22453","136451","Cancelled","2022-05-01 12:53:05",NULL,NULL,NULL,"55"
"51958","35808","28605","28087","140256","Cancelled","2022-08-13 01:39:32",NULL,NULL,NULL,"55"
"54161","37324","29829","28022","146155","Cancelled","2022-04-08 02:41:45",NULL,NULL,NULL,"55"
"55907","38533","30795","27546","150876","Cancelled","2021-01-09 15:38:36",NULL,NULL,NULL,"55"
"56562","38993","31173","28023","152653","Cancelled","2021-12-11 14:44:50",NULL,NULL,NULL,"55"
"56740","39111","31273","17229","153142","Cancelled","2022-07-29 03:25:47",NULL,NULL,NULL,"55"
"57788","39824","31831","9578","155944","Cancelled","2021-08-29 00:56:04",NULL,NULL,NULL,"55"
"60206","41464","33132","24187","162546","Cancelled","2022-09-04 13:26:44.406589",NULL,NULL,NULL,"55"
"60260","41502","33163","17229","162690","Cancelled","2020-03-04 06:19:05",NULL,NULL,NULL,"55"
"61420","42295","33815","20910","165802","Cancelled","2021-08-11 11:33:05",NULL,NULL,NULL,"55"
"62860","43277","34603","28534","169709","Cancelled","2022-08-17 06:26:57",NULL,NULL,NULL,"55"
"63869","43970","35172","17193","172415","Cancelled","2022-04-28 00:37:10",NULL,NULL,NULL,"55"
"66555","45793","36614","27546","179708","Cancelled","2022-05-03 15:48:59",NULL,NULL,NULL,"55"
"68149","46899","37515","17362","184001","Cancelled","2022-09-03 06:58:05",NULL,NULL,NULL,"55"
"68281","46993","37594","23048","184350","Cancelled","2022-03-29 10:21:44",NULL,NULL,NULL,"55"
"69445","47819","38237","17156","187450","Cancelled","2022-05-05 15:32:34",NULL,NULL,NULL,"55"
"70279","48397","38699","22703","189733","Cancelled","2022-08-30 04:57:12",NULL,NULL,NULL,"55"
"70281","48399","38700","27735","189737","Cancelled","2021-04-26 01:43:46",NULL,NULL,NULL,"55"
"70520","48567","38847","27644","190385","Cancelled","2022-06-22 01:28:45",NULL,NULL,NULL,"55"
"70825","48768","39015","22168","191203","Cancelled","2022-08-01 10:15:18",NULL,NULL,NULL,"55"
"70937","48839","39075","3859","191508","Cancelled","2021-03-24 15:03:50",NULL,NULL,NULL,"55"
"71588","49300","39458","18893","193272","Cancelled","2022-06-03 06:20:42",NULL,NULL,NULL,"55"
"72232","49744","39813","22168","194998","Cancelled","2022-08-11 22:54:32",NULL,NULL,NULL,"55"
"72457","49904","39940","3018","195642","Cancelled","2021-01-14 02:09:33",NULL,NULL,NULL,"55"
"73938","50928","40748","23487","199636","Cancelled","2021-05-25 13:26:25",NULL,NULL,NULL,"55"
"74535","51363","41090","22703","201247","Cancelled","2022-09-03 10:48:27.395959",NULL,NULL,NULL,"55"
"74743","51504","41225","18784","201801","Cancelled","2022-06-24 14:31:31",NULL,NULL,NULL,"55"
"75065","51726","41383","17362","202675","Cancelled","2020-03-08 05:00:12",NULL,NULL,NULL,"55"
"75086","51742","41397","20897","202730","Cancelled","2022-04-29 15:38:16",NULL,NULL,NULL,"55"
"75558","52065","41681","22641","203995","Cancelled","2022-03-29 00:26:33",NULL,NULL,NULL,"55"
"75998","52372","41927","23013","205226","Cancelled","2022-04-17 00:29:20",NULL,NULL,NULL,"55"
"77066","53136","42514","21457","208081","Cancelled","2021-06-08 01:06:14",NULL,NULL,NULL,"55"
"77634","53527","42823","27572","209572","Cancelled","2022-03-21 12:33:02",NULL,NULL,NULL,"55"
"79649","54930","43928","13558","215066","Cancelled","2022-04-29 16:14:41",NULL,NULL,NULL,"55"
"80329","55399","44294","20910","216909","Cancelled","2022-08-16 22:28:32",NULL,NULL,NULL,"55"
"80474","55502","44374","3859","217309","Cancelled","2019-03-28 21:19:21",NULL,NULL,NULL,"55"
"83314","57528","45991","665","225016","Cancelled","2022-07-30 00:43:47",NULL,NULL,NULL,"55"
"83924","57958","46346","18758","226678","Cancelled","2021-12-16 01:00:51",NULL,NULL,NULL,"55"
"84390","58306","46634","22641","227925","Cancelled","2022-02-06 00:32:01",NULL,NULL,NULL,"55"
"84726","58532","46818","23432","228837","Cancelled","2022-06-27 09:17:21",NULL,NULL,NULL,"55"
"85198","58877","47071","16394","230129","Cancelled","2022-08-06 13:18:07",NULL,NULL,NULL,"55"
"85491","59075","47235","22796","230918","Cancelled","2022-07-28 21:30:51",NULL,NULL,NULL,"55"
"87135","60215","48192","17090","235398","Cancelled","2020-05-03 15:24:02",NULL,NULL,NULL,"55"
"87679","60590","48517","28245","236868","Cancelled","2022-09-07 11:43:11.258117",NULL,NULL,NULL,"55"
"90427","62504","50037","22908","244281","Cancelled","2022-08-31 17:27:57",NULL,NULL,NULL,"55"
"90712","62691","50191","28534","245065","Cancelled","2020-11-09 10:37:16",NULL,NULL,NULL,"55"
"92322","63785","51063","23031","249355","Cancelled","2022-07-20 05:25:38",NULL,NULL,NULL,"55"
"92606","63986","51221","28534","250121","Cancelled","2022-08-29 14:32:45",NULL,NULL,NULL,"55"
"93117","64346","51488","17193","251501","Cancelled","2022-04-24 03:12:40",NULL,NULL,NULL,"55"
"94032","64964","51988","22873","253979","Cancelled","2019-09-15 10:35:17",NULL,NULL,NULL,"55"
"94744","65451","52365","19539","255941","Cancelled","2021-09-01 23:26:02",NULL,NULL,NULL,"55"
"95938","66305","53019","14344","259159","Cancelled","2020-08-01 16:01:00",NULL,NULL,NULL,"55"
"95999","66350","53053","27536","259323","Cancelled","2022-05-21 15:27:53",NULL,NULL,NULL,"55"
"98859","68309","54615","18437","267044","Cancelled","2021-02-06 09:44:28",NULL,NULL,NULL,"55"
"100535","69475","55571","28245","271506","Cancelled","2022-07-25 05:07:56",NULL,NULL,NULL,"55"
"101757","70313","56222","23432","274813","Cancelled","2022-02-20 05:13:28",NULL,NULL,NULL,"55"
"102786","71012","56761","1667","277635","Cancelled","2022-02-12 03:49:13",NULL,NULL,NULL,"55"
"102882","71084","56820","23181","277890","Cancelled","2022-09-02 23:11:04.682161",NULL,NULL,NULL,"55"
"103012","71174","56901","21932","278229","Cancelled","2022-09-03 12:05:08.809711",NULL,NULL,NULL,"55"
"103021","71181","56905","1666","278251","Cancelled","2022-04-12 02:20:52",NULL,NULL,NULL,"55"
"103433","71474","57144","3045","279388","Cancelled","2022-08-17 06:35:24",NULL,NULL,NULL,"55"
"104197","72006","57572","23713","281464","Cancelled","2021-05-15 08:39:15",NULL,NULL,NULL,"55"
"104546","72237","57752","12801","282407","Cancelled","2022-06-28 21:38:33",NULL,NULL,NULL,"55"
"105273","72749","58179","23036","284334","Cancelled","2022-07-22 02:30:38",NULL,NULL,NULL,"55"
"106624","73678","58921","6011","287995","Cancelled","2019-11-04 13:28:02",NULL,NULL,NULL,"55"
"106808","73800","59013","17089","288491","Cancelled","2022-01-10 21:46:02",NULL,NULL,NULL,"55"
"108592","75020","59985","17001","293341","Cancelled","2021-01-06 01:36:26",NULL,NULL,NULL,"55"
"108623","75045","60007","1667","293424","Cancelled","2022-04-29 22:51:35",NULL,NULL,NULL,"55"
"109272","75485","60344","17193","295170","Cancelled","2020-10-26 09:45:16",NULL,NULL,NULL,"55"
"111690","77152","61731","1925","301645","Cancelled","2022-05-28 08:25:48",NULL,NULL,NULL,"55"
"112329","77587","62064","22710","303394","Cancelled","2020-02-26 10:29:45",NULL,NULL,NULL,"55"
"113052","78089","62466","23184","305353","Cancelled","2020-12-30 17:00:40",NULL,NULL,NULL,"55"
"113448","78373","62680","20945","306417","Cancelled","2022-02-01 09:07:14",NULL,NULL,NULL,"55"
"114794","79288","63430","22816","310062","Cancelled","2022-04-02 14:16:01",NULL,NULL,NULL,"55"
"117964","81425","65210","23013","318550","Cancelled","2022-06-29 06:47:59",NULL,NULL,NULL,"55"
"118157","81560","65320","16989","319051","Cancelled","2021-01-26 15:15:53",NULL,NULL,NULL,"55"
"121302","83714","67027","17414","327531","Cancelled","2022-04-27 14:22:57",NULL,NULL,NULL,"55"
"124294","85747","68620","23616","335542","Cancelled","2022-08-16 02:11:44",NULL,NULL,NULL,"55"
"124660","86005","68835","10377","336537","Cancelled","2020-04-24 05:17:14",NULL,NULL,NULL,"55"
"125525","86594","69293","12801","338905","Cancelled","2022-06-21 03:30:49",NULL,NULL,NULL,"55"
"126040","86930","69572","18874","340304","Cancelled","2021-09-22 23:44:15",NULL,NULL,NULL,"55"
"128703","88767","71096","20558","347518","Cancelled","2022-08-14 02:37:54",NULL,NULL,NULL,"55"
"129424","89255","71500","18758","349460","Cancelled","2021-12-13 23:36:27",NULL,NULL,NULL,"55"
"129949","89626","71785","20701","350867","Cancelled","2021-05-20 08:52:53",NULL,NULL,NULL,"55"
"130627","90106","72163","22703","352694","Cancelled","2022-05-19 02:42:41",NULL,NULL,NULL,"55"
"131918","91005","72897","6287","356173","Cancelled","2022-02-24 01:19:34",NULL,NULL,NULL,"55"
"132036","91087","72960","665","356488","Cancelled","2022-06-19 07:36:45",NULL,NULL,NULL,"55"
"132776","91596","73371","22127","358545","Cancelled","2021-12-13 08:57:03",NULL,NULL,NULL,"55"
"132826","91635","73397","3018","358676","Cancelled","2022-09-05 13:39:55.192674",NULL,NULL,NULL,"55"
"133052","91805","73534","16989","359286","Cancelled","2022-07-12 22:50:23",NULL,NULL,NULL,"55"
"133928","92404","74017","23013","361625","Cancelled","2022-04-14 22:45:51",NULL,NULL,NULL,"55"
"134382","92717","74281","21192","362870","Cancelled","2022-08-29 22:45:13",NULL,NULL,NULL,"55"
"135101","93208","74672","22453","364833","Cancelled","2022-08-06 04:12:27",NULL,NULL,NULL,"55"
"135399","93428","74851","17386","365633","Cancelled","2021-03-24 23:13:49",NULL,NULL,NULL,"55"
"135538","93533","74943","23269","366008","Cancelled","2022-07-08 13:06:17",NULL,NULL,NULL,"55"
"135730","93666","75048","27644","366524","Cancelled","2019-02-08 00:27:45",NULL,NULL,NULL,"55"
"135853","93746","75121","27435","366851","Cancelled","2019-05-12 02:51:48",NULL,NULL,NULL,"55"
"139275","96091","77055","2805","376088","Cancelled","2020-07-10 07:16:18",NULL,NULL,NULL,"55"
"139896","96505","77382","16848","377751","Cancelled","2020-12-03 05:04:00",NULL,NULL,NULL,"55"
"140120","96665","77523","22641","378347","Cancelled","2021-09-23 13:56:53",NULL,NULL,NULL,"55"
"140250","96750","77586","24187","378707","Cancelled","2022-06-17 05:06:07",NULL,NULL,NULL,"55"
"140520","96933","77738","22706","379430","Cancelled","2022-07-27 00:13:59",NULL,NULL,NULL,"55"
"140821","97136","77904","3056","380222","Cancelled","2022-08-07 03:59:04",NULL,NULL,NULL,"55"
"141060","97297","78030","21933","380864","Cancelled","2020-08-22 23:16:37",NULL,NULL,NULL,"55"
"141488","97597","78271","16632","382047","Cancelled","2021-03-26 03:39:26",NULL,NULL,NULL,"55"
"141948","97907","78510","6395","383264","Cancelled","2020-06-08 02:42:42",NULL,NULL,NULL,"55"
"142205","98097","78654","22149","383961","Cancelled","2019-07-18 13:23:00",NULL,NULL,NULL,"55"
"143010","98678","79109","27631","386129","Cancelled","2020-08-23 16:19:48",NULL,NULL,NULL,"55"
"143538","99047","79423","23217","387558","Cancelled","2022-09-01 00:55:19.222324",NULL,NULL,NULL,"55"
"143586","99074","79445","3056","387686","Cancelled","2022-01-09 04:28:45",NULL,NULL,NULL,"55"
"143916","99307","79630","22453","388569","Cancelled","2020-12-30 11:53:43",NULL,NULL,NULL,"55"
"143967","99341","79651","22168","388713","Cancelled","2022-02-06 02:21:07",NULL,NULL,NULL,"55"
"144127","99444","79732","23024","389138","Cancelled","2021-07-10 14:01:56",NULL,NULL,NULL,"55"
"144951","100013","80202","16394","391381","Cancelled","2022-07-15 23:13:12",NULL,NULL,NULL,"55"
"145525","100406","80516","27177","392955","Cancelled","2021-07-25 15:53:54",NULL,NULL,NULL,"55"
"146154","100845","80908","18784","394655","Cancelled","2020-11-24 18:07:07",NULL,NULL,NULL,"55"
"148158","102236","82014","23157","400045","Cancelled","2022-08-20 04:18:55",NULL,NULL,NULL,"55"
"148580","102520","82236","19173","401215","Cancelled","2021-01-14 02:51:43",NULL,NULL,NULL,"55"
"148630","102554","82268","20693","401349","Cancelled","2022-07-01 23:43:21",NULL,NULL,NULL,"55"
"153404","105832","84894","23432","414291","Cancelled","2021-01-22 06:30:00",NULL,NULL,NULL,"55"
"153993","106254","85227","27847","415842","Cancelled","2022-05-31 12:39:11",NULL,NULL,NULL,"55"
"155065","106987","85837","23157","418714","Cancelled","2020-03-15 14:29:43",NULL,NULL,NULL,"55"
"155352","107182","85994","20544","419488","Cancelled","2022-04-20 22:45:34",NULL,NULL,NULL,"55"
"159929","110338","88484","22694","431816","Cancelled","2022-04-30 14:16:35",NULL,NULL,NULL,"55"
"163590","112844","90479","22453","441744","Cancelled","2021-11-24 12:29:06",NULL,NULL,NULL,"55"
"164404","113407","90929","27474","443986","Cancelled","2022-02-04 10:44:10",NULL,NULL,NULL,"55"
"164667","113578","91070","20693","444697","Cancelled","2021-07-12 01:12:39",NULL,NULL,NULL,"55"
"164944","113756","91198","22453","445454","Cancelled","2022-04-30 12:59:09",NULL,NULL,NULL,"55"
"167146","115267","92391","1608","451418","Cancelled","2019-10-02 10:53:40",NULL,NULL,NULL,"55"
"167147","115267","92391","1667","451422","Cancelled","2019-09-29 10:58:12",NULL,NULL,NULL,"55"
"167314","115382","92490","7857","451867","Cancelled","2022-04-01 06:30:41",NULL,NULL,NULL,"55"
"168551","116238","93198","17730","455175","Cancelled","2021-08-19 06:17:21",NULL,NULL,NULL,"55"
"169986","117213","93986","3018","459035","Cancelled","2020-01-22 02:33:00",NULL,NULL,NULL,"55"
"170300","117420","94167","23262","459907","Cancelled","2021-07-07 05:36:39",NULL,NULL,NULL,"55"
"170891","117821","94484","27605","461538","Cancelled","2022-04-12 15:32:33",NULL,NULL,NULL,"55"
"173105","119386","95708","17362","467545","Cancelled","2021-06-20 11:40:53",NULL,NULL,NULL,"55"
"174644","120453","96579","18530","471602","Cancelled","2022-02-17 18:11:57",NULL,NULL,NULL,"55"
"175427","120981","96994","22694","473770","Cancelled","2021-10-17 22:19:37",NULL,NULL,NULL,"55"
"175792","121235","97222","23024","474761","Cancelled","2020-12-11 00:45:09",NULL,NULL,NULL,"55"
"176274","121566","97494","20804","476074","Cancelled","2021-11-05 16:44:09",NULL,NULL,NULL,"55"
"176733","121878","97740","14883","477329","Cancelled","2020-06-29 11:05:25",NULL,NULL,NULL,"55"
"177618","122502","98253","20804","479691","Cancelled","2020-09-30 05:34:29",NULL,NULL,NULL,"55"
"177690","122552","98289","18497","479883","Cancelled","2021-11-07 14:45:02",NULL,NULL,NULL,"55"
"178654","123228","98844","9578","482472","Cancelled","2022-06-24 04:48:21",NULL,NULL,NULL,"55"
"178845","123360","98945","22781","482974","Cancelled","2020-12-11 00:07:18",NULL,NULL,NULL,"55"
"179174","123579","99129","18092","483865","Cancelled","2022-07-27 07:45:56",NULL,NULL,NULL,"55"
"180339","124361","99733","23031","486994","Cancelled","2022-03-10 11:07:09",NULL,NULL,NULL,"55"
"105","79","64","22781","287","Processing","2022-02-08 22:01:59",NULL,NULL,NULL,"55"
"312","225","193","473","819","Processing","2022-08-10 07:57:03",NULL,NULL,NULL,"55"
"1157","800","671","27967","3125","Processing","2022-05-09 02:10:09",NULL,NULL,NULL,"55"
"1985","1376","1108","17469","5378","Processing","2022-04-01 08:37:14",NULL,NULL,NULL,"55"
"2337","1604","1291","27507","6326","Processing","2019-11-09 09:06:18",NULL,NULL,NULL,"55"
"4475","3061","2472","6916","12134","Processing","2022-04-19 04:57:27",NULL,NULL,NULL,"55"
"4643","3184","2589","173","12585","Processing","2022-07-06 16:08:07",NULL,NULL,NULL,"55"
"5493","3752","3059","3018","14882","Processing","2022-05-09 05:05:12",NULL,NULL,NULL,"55"
"7046","4800","3890","23184","19078","Processing","2020-12-26 01:02:46",NULL,NULL,NULL,"55"
"7169","4893","3966","22657","19421","Processing","2021-06-27 00:11:21",NULL,NULL,NULL,"55"
"7301","4988","4044","27605","19780","Processing","2021-09-28 11:57:15",NULL,NULL,NULL,"55"
"7466","5108","4143","16729","20229","Processing","2021-06-18 06:02:20",NULL,NULL,NULL,"55"
"8104","5554","4495","28022","21985","Processing","2021-12-09 05:08:10",NULL,NULL,NULL,"55"
"8645","5924","4794","23024","23453","Processing","2020-06-25 05:36:50",NULL,NULL,NULL,"55"
"8646","5925","4794","16848","23456","Processing","2022-01-18 05:08:55",NULL,NULL,NULL,"55"
"9548","6569","5329","19318","25906","Processing","2022-04-10 04:50:37",NULL,NULL,NULL,"55"
"9574","6588","5347","23266","25979","Processing","2021-11-02 23:18:57",NULL,NULL,NULL,"55"
"10874","7469","6073","18784","29476","Processing","2022-05-05 05:39:35",NULL,NULL,NULL,"55"
"11324","7786","6311","27735","30683","Processing","2022-01-03 22:53:34",NULL,NULL,NULL,"55"
"11762","8100","6556","1667","31864","Processing","2022-03-18 10:06:43",NULL,NULL,NULL,"55"
"11854","8169","6610","17469","32114","Processing","2022-05-02 07:50:21",NULL,NULL,NULL,"55"
"12657","8734","7052","22816","34296","Processing","2020-11-07 02:42:36",NULL,NULL,NULL,"55"
"13034","8997","7256","18269","35311","Processing","2021-04-28 23:58:56",NULL,NULL,NULL,"55"
"13067","9022","7277","2805","35395","Processing","2021-12-30 00:49:26",NULL,NULL,NULL,"55"
"13358","9206","7423","22710","36184","Processing","2022-04-30 06:54:27",NULL,NULL,NULL,"55"
"14154","9743","7860","18874","38359","Processing","2022-03-21 18:15:10",NULL,NULL,NULL,"55"
"14715","10129","8143","27687","39863","Processing","2022-02-15 17:42:07",NULL,NULL,NULL,"55"
"16129","11084","8902","22453","43657","Processing","2021-02-22 05:04:36",NULL,NULL,NULL,"55"
"16873","11612","9346","17730","45706","Processing","2022-03-11 04:30:41",NULL,NULL,NULL,"55"
"17073","11749","9451","19318","46228","Processing","2021-12-21 21:16:33",NULL,NULL,NULL,"55"
"17225","11858","9527","6417","46642","Processing","2021-01-05 11:55:59",NULL,NULL,NULL,"55"
"17276","11886","9550","28245","46786","Processing","2022-08-29 12:53:52",NULL,NULL,NULL,"55"
"17432","11995","9641","22796","47224","Processing","2020-11-19 17:26:02",NULL,NULL,NULL,"55"
"17539","12065","9698","6916","47513","Processing","2022-05-01 08:30:55",NULL,NULL,NULL,"55"
"17812","12248","9854","6417","48250","Processing","2022-08-02 21:43:41",NULL,NULL,NULL,"55"
"18444","12675","10169","22127","49941","Processing","2021-06-02 14:16:06",NULL,NULL,NULL,"55"
"18492","12705","10194","22631","50070","Processing","2020-06-28 08:02:03",NULL,NULL,NULL,"55"
"19547","13434","10780","22457","52898","Processing","2022-04-20 01:51:22",NULL,NULL,NULL,"55"
"19926","13709","10986","16632","53925","Processing","2022-05-06 10:37:57",NULL,NULL,NULL,"55"
"20542","14122","11312","27546","55607","Processing","2021-10-06 02:43:15",NULL,NULL,NULL,"55"
"20700","14233","11390","17089","56035","Processing","2022-05-31 08:39:20",NULL,NULL,NULL,"55"
"23043","15850","12671","22992","62284","Processing","2022-09-06 10:56:28.557822",NULL,NULL,NULL,"55"
"23545","16205","12960","22641","63638","Processing","2022-09-04 03:59:28.117842",NULL,NULL,NULL,"55"
"24023","16523","13210","17414","64937","Processing","2022-08-08 02:57:46",NULL,NULL,NULL,"55"
"24913","17160","13711","17730","67342","Processing","2021-06-02 16:57:23",NULL,NULL,NULL,"55"
"25488","17562","14033","23432","68874","Processing","2021-05-23 10:59:56",NULL,NULL,NULL,"55"
"26640","18358","14665","22706","72006","Processing","2020-07-22 06:57:39",NULL,NULL,NULL,"55"
"27023","18614","14868","28534","73053","Processing","2022-08-24 01:43:07",NULL,NULL,NULL,"55"
"27838","19181","15347","27967","75259","Processing","2020-10-12 11:02:28",NULL,NULL,NULL,"55"
"27920","19248","15393","18784","75481","Processing","2022-08-29 01:04:47",NULL,NULL,NULL,"55"
"30040","20691","16549","6417","81212","Processing","2022-02-24 08:59:19",NULL,NULL,NULL,"55"
"30098","20727","16571","173","81362","Processing","2020-06-16 12:30:52",NULL,NULL,NULL,"55"
"31217","21481","17190","18758","84373","Processing","2021-01-24 04:09:56",NULL,NULL,NULL,"55"
"33174","22839","18229","17229","89613","Processing","2022-05-01 22:33:57",NULL,NULL,NULL,"55"
"33935","23369","18650","23209","91687","Processing","2022-04-26 13:03:11",NULL,NULL,NULL,"55"
"34524","23772","18971","22694","93266","Processing","2022-08-31 08:22:04",NULL,NULL,NULL,"55"
"35461","24410","19503","17001","95784","Processing","2022-08-27 01:15:07",NULL,NULL,NULL,"55"
"35890","24706","19756","20558","96917","Processing","2019-09-17 06:12:53",NULL,NULL,NULL,"55"
"36860","25367","20282","17001","99508","Processing","2020-04-05 23:30:20",NULL,NULL,NULL,"55"
"37552","25848","20653","1666","101399","Processing","2022-01-18 04:34:11",NULL,NULL,NULL,"55"
"39398","27125","21670","22703","106370","Processing","2020-10-12 11:45:36",NULL,NULL,NULL,"55"
"39650","27309","21808","3859","107030","Processing","2021-11-23 05:45:47",NULL,NULL,NULL,"55"
"40111","27612","22053","27536","108271","Processing","2021-03-17 16:01:11",NULL,NULL,NULL,"55"
"40237","27693","22122","23713","108612","Processing","2021-04-21 13:29:02",NULL,NULL,NULL,"55"
"41571","28590","22803","1667","112215","Processing","2021-07-16 13:59:51",NULL,NULL,NULL,"55"
"42255","29069","23177","27435","114085","Processing","2021-07-13 12:59:05",NULL,NULL,NULL,"55"
"42962","29562","23586","3045","116016","Processing","2022-08-20 15:36:55",NULL,NULL,NULL,"55"
"44740","30795","24581","20544","120839","Processing","2022-08-19 11:56:47",NULL,NULL,NULL,"55"
"45862","31573","25189","17201","123824","Processing","2021-12-23 03:50:42",NULL,NULL,NULL,"55"
"46347","31897","25462","6065","125155","Processing","2022-04-29 12:08:18",NULL,NULL,NULL,"55"
"46872","32284","25786","473","126545","Processing","2021-03-25 11:19:39",NULL,NULL,NULL,"55"
"47080","32433","25909","28022","127079","Processing","2022-01-05 16:06:32",NULL,NULL,NULL,"55"
"47787","32927","26307","22706","128982","Processing","2021-12-07 00:38:32",NULL,NULL,NULL,"55"
"48442","33382","26656","16394","130730","Processing","2021-07-31 23:11:51",NULL,NULL,NULL,"55"
"49231","33900","27074","23013","132873","Processing","2022-09-05 22:06:04.953321",NULL,NULL,NULL,"55"
"49505","34097","27220","22453","133625","Processing","2022-01-11 02:46:27",NULL,NULL,NULL,"55"
"50100","34500","27546","1666","135248","Processing","2019-11-22 09:51:06",NULL,NULL,NULL,"55"
"51458","35470","28339","21789","138899","Processing","2021-09-16 08:30:39",NULL,NULL,NULL,"55"
"51617","35582","28435","22168","139330","Processing","2022-06-07 22:31:29",NULL,NULL,NULL,"55"
"51736","35655","28489","20897","139648","Processing","2020-06-08 10:55:09",NULL,NULL,NULL,"55"
"52595","36246","28951","473","141936","Processing","2022-08-31 00:16:26",NULL,NULL,NULL,"55"
"52899","36464","29140","23487","142739","Processing","2022-05-25 09:37:41",NULL,NULL,NULL,"55"
"53329","36756","29374","7323","143909","Processing","2022-08-05 13:27:06",NULL,NULL,NULL,"55"
"54866","37820","30210","22168","148064","Processing","2021-11-27 01:56:25",NULL,NULL,NULL,"55"
"56207","38744","30977","27177","151683","Processing","2022-07-31 16:17:27",NULL,NULL,NULL,"55"
"56461","38920","31111","16725","152390","Processing","2022-01-19 12:47:01",NULL,NULL,NULL,"55"
"56856","39185","31323","18893","153460","Processing","2021-11-10 13:43:02",NULL,NULL,NULL,"55"
"57706","39770","31783","22694","155732","Processing","2020-09-27 14:42:22",NULL,NULL,NULL,"55"
"59065","40704","32513","22816","159400","Processing","2022-04-14 22:47:25",NULL,NULL,NULL,"55"
"59472","40981","32727","16989","160528","Processing","2020-04-10 15:22:44",NULL,NULL,NULL,"55"
"59851","41235","32946","23036","161557","Processing","2021-11-16 17:35:06",NULL,NULL,NULL,"55"
"59852","41235","32946","17083","161561","Processing","2021-11-15 16:58:05",NULL,NULL,NULL,"55"
"60139","41424","33098","23262","162371","Processing","2020-10-31 11:06:36",NULL,NULL,NULL,"55"
"60431","41620","33260","27177","163155","Processing","2021-11-28 22:09:22",NULL,NULL,NULL,"55"
"60885","41938","33521","22641","164376","Processing","2022-01-31 17:55:17",NULL,NULL,NULL,"55"
"61168","42114","33665","23616","165134","Processing","2022-02-20 12:56:46",NULL,NULL,NULL,"55"
"61471","42328","33831","27435","165936","Processing","2022-06-13 11:22:09",NULL,NULL,NULL,"55"
"61736","42514","33998","27410","166660","Processing","2022-09-02 16:05:10",NULL,NULL,NULL,"55"
"62976","43355","34665","12801","170026","Processing","2022-06-11 03:05:03",NULL,NULL,NULL,"55"
"62982","43358","34666","874","170044","Processing","2022-06-10 04:41:16",NULL,NULL,NULL,"55"
"64633","44491","35597","23471","174502","Processing","2022-01-10 03:50:28",NULL,NULL,NULL,"55"
"65160","44859","35870","27856","175954","Processing","2021-10-13 17:08:23",NULL,NULL,NULL,"55"
"65173","44869","35885","1925","175990","Processing","2021-01-05 02:11:50",NULL,NULL,NULL,"55"
"65491","45100","36049","28077","176848","Processing","2020-12-20 06:41:30",NULL,NULL,NULL,"55"
"65492","45100","36049","27405","176852","Processing","2020-12-21 06:39:17",NULL,NULL,NULL,"55"
"65527","45128","36070","22453","176951","Processing","2022-03-20 07:57:46",NULL,NULL,NULL,"55"
"67108","46167","36918","17090","181206","Processing","2021-01-25 13:00:50",NULL,NULL,NULL,"55"
"67374","46357","37071","23616","181935","Processing","2021-09-01 10:18:59",NULL,NULL,NULL,"55"
"67958","46760","37409","16632","183490","Processing","2022-03-03 05:26:48",NULL,NULL,NULL,"55"
"69808","48058","38427","27661","188446","Processing","2022-09-04 09:58:58.696573",NULL,NULL,NULL,"55"
"69883","48110","38470","17083","188652","Processing","2021-10-05 08:03:42",NULL,NULL,NULL,"55"
"70731","48707","38965","23262","190954","Processing","2019-12-16 07:09:51",NULL,NULL,NULL,"55"
"70794","48750","39002","4129","191125","Processing","2021-07-28 14:34:53",NULL,NULL,NULL,"55"
"70811","48761","39012","16783","191168","Processing","2020-10-01 09:08:31",NULL,NULL,NULL,"55"
"71948","49558","39675","21933","194227","Processing","2021-11-21 05:42:33",NULL,NULL,NULL,"55"
"72204","49726","39800","16989","194915","Processing","2022-09-03 12:32:57.094444",NULL,NULL,NULL,"55"
"72620","50019","40027","18473","196094","Processing","2022-06-08 11:35:16",NULL,NULL,NULL,"55"
"72827","50163","40157","29057","196647","Processing","2022-08-01 01:24:39",NULL,NULL,NULL,"55"
"74719","51488","41202","16989","201736","Processing","2022-08-17 21:28:47",NULL,NULL,NULL,"55"
"75142","51777","41422","22816","202879","Processing","2022-08-07 05:23:43",NULL,NULL,NULL,"55"
"75512","52032","41645","22720","203874","Processing","2021-05-18 09:57:32",NULL,NULL,NULL,"55"
"75960","52349","41911","23471","205117","Processing","2021-05-16 11:38:04",NULL,NULL,NULL,"55"
"76682","52859","42299","20910","207072","Processing","2019-12-26 03:21:09",NULL,NULL,NULL,"55"
"76973","53074","42461","21720","207852","Processing","2022-04-21 12:38:05",NULL,NULL,NULL,"55"
"78035","53812","43044","27656","210665","Processing","2020-11-11 05:38:30",NULL,NULL,NULL,"55"
"78130","53878","43098","12801","210929","Processing","2022-09-07 15:15:48.58708",NULL,NULL,NULL,"55"
"79361","54728","43772","18703","214271","Processing","2022-02-06 05:41:05",NULL,NULL,NULL,"55"
"79458","54794","43821","1667","214548","Processing","2020-03-15 14:13:53",NULL,NULL,NULL,"55"
"80162","55289","44215","22796","216443","Processing","2021-09-25 01:01:25",NULL,NULL,NULL,"55"
"80576","55573","44423","18893","217599","Processing","2022-07-28 01:12:33",NULL,NULL,NULL,"55"
"80841","55751","44564","17282","218334","Processing","2022-08-26 09:35:45",NULL,NULL,NULL,"55"
"80899","55787","44594","27474","218488","Processing","2022-01-07 14:30:47",NULL,NULL,NULL,"55"
"81316","56092","44832","21287","219605","Processing","2020-05-20 03:29:43",NULL,NULL,NULL,"55"
"81867","56481","45143","12064","221079","Processing","2020-04-02 12:58:44",NULL,NULL,NULL,"55"
"83680","57795","46204","20897","226002","Processing","2022-06-28 08:32:05",NULL,NULL,NULL,"55"
"83726","57828","46231","20544","226126","Processing","2022-06-07 01:06:05",NULL,NULL,NULL,"55"
"84263","58215","46550","6011","227589","Processing","2021-11-17 00:15:52",NULL,NULL,NULL,"55"
"85212","58885","47077","16632","230173","Processing","2019-10-20 13:04:33",NULL,NULL,NULL,"55"
"85234","58899","47088","27474","230237","Processing","2022-09-06 22:06:42.683373",NULL,NULL,NULL,"55"
"85283","58935","47118","18703","230369","Processing","2021-06-25 00:36:05",NULL,NULL,NULL,"55"
"85784","59286","47419","22127","231715","Processing","2021-01-31 00:35:46",NULL,NULL,NULL,"55"
"86225","59584","47668","3056","232910","Processing","2021-02-23 09:16:25",NULL,NULL,NULL,"55"
"86899","60052","48046","16725","234757","Processing","2022-05-26 16:40:19",NULL,NULL,NULL,"55"
"86926","60069","48068","27856","234830","Processing","2021-08-12 22:48:33",NULL,NULL,NULL,"55"
"87089","60184","48163","28994","235266","Processing","2021-10-02 12:47:01",NULL,NULL,NULL,"55"
"87699","60607","48529","23032","236919","Processing","2022-09-04 06:55:12.547514",NULL,NULL,NULL,"55"
"88213","60964","48806","27450","238302","Processing","2022-08-13 09:31:06",NULL,NULL,NULL,"55"
"89453","61829","49501","18758","241641","Processing","2019-11-26 01:14:07",NULL,NULL,NULL,"55"
"90406","62488","50024","18703","244221","Processing","2022-04-11 05:54:48",NULL,NULL,NULL,"55"
"91332","63109","50522","23471","246723","Processing","2022-05-12 00:20:16",NULL,NULL,NULL,"55"
"92034","63593","50911","6287","248587","Processing","2021-05-16 02:01:20",NULL,NULL,NULL,"55"
"92795","64116","51316","23024","250639","Processing","2022-08-26 10:39:42",NULL,NULL,NULL,"55"
"93000","64260","51427","23209","251183","Processing","2021-12-05 02:04:55",NULL,NULL,NULL,"55"
"93803","64812","51873","18538","253349","Processing","2020-02-15 12:44:26",NULL,NULL,NULL,"55"
"94089","65008","52013","257","254136","Processing","2021-03-18 12:56:05",NULL,NULL,NULL,"55"
"94243","65112","52092","27450","254553","Processing","2022-03-30 21:35:44",NULL,NULL,NULL,"55"
"94810","65500","52395","20945","256115","Processing","2021-10-07 04:39:20",NULL,NULL,NULL,"55"
"95143","65750","52598","12801","257000","Processing","2021-07-30 06:04:31",NULL,NULL,NULL,"55"
"96170","66467","53137","26384","259776","Processing","2022-08-21 07:26:38",NULL,NULL,NULL,"55"
"96838","66908","53476","17193","261562","Processing","2022-07-12 22:53:10",NULL,NULL,NULL,"55"
"98447","68022","54374","15635","265942","Processing","2022-05-05 02:53:08",NULL,NULL,NULL,"55"
"98527","68075","54409","20544","266162","Processing","2020-04-29 03:08:25",NULL,NULL,NULL,"55"
"98788","68260","54571","22645","266861","Processing","2021-07-21 04:08:58",NULL,NULL,NULL,"55"
"99427","68712","54942","22703","268569","Processing","2021-11-28 11:47:43",NULL,NULL,NULL,"55"
"99532","68784","54998","23157","268850","Processing","2022-08-01 06:35:18",NULL,NULL,NULL,"55"
"99848","69020","55181","21707","269698","Processing","2022-01-29 10:27:33",NULL,NULL,NULL,"55"
"100159","69219","55348","23157","270514","Processing","2020-04-12 09:38:21",NULL,NULL,NULL,"55"
"102348","70722","56547","27735","276457","Processing","2022-03-26 15:48:54",NULL,NULL,NULL,"55"
"102612","70898","56672","22956","277167","Processing","2021-11-12 03:17:12",NULL,NULL,NULL,"55"
"102921","71112","56844","18092","277987","Processing","2021-12-28 11:21:32",NULL,NULL,NULL,"55"
"104678","72334","57835","22457","282750","Processing","2020-03-15 13:06:44",NULL,NULL,NULL,"55"
"105691","73031","58410","27536","285488","Processing","2022-07-13 01:46:09",NULL,NULL,NULL,"55"
"106928","73886","59082","6395","288812","Processing","2022-07-15 00:51:33",NULL,NULL,NULL,"55"
"107798","74472","59540","27405","291179","Processing","2021-04-26 15:11:44",NULL,NULL,NULL,"55"
"107913","74551","59602","29057","291501","Processing","2022-04-11 07:53:48",NULL,NULL,NULL,"55"
"107953","74576","59618","17089","291610","Processing","2020-11-25 10:32:35",NULL,NULL,NULL,"55"
"107962","74582","59623","22641","291636","Processing","2022-03-10 08:17:43",NULL,NULL,NULL,"55"
"108864","75202","60130","257","294078","Processing","2022-04-18 09:57:00",NULL,NULL,NULL,"55"
"110524","76346","61063","27605","298498","Processing","2021-10-27 16:25:55",NULL,NULL,NULL,"55"
"110752","76507","61190","1700","299104","Processing","2021-11-09 10:46:50",NULL,NULL,NULL,"55"
"111355","76924","61544","12804","300744","Processing","2022-04-26 09:42:20",NULL,NULL,NULL,"55"
"111367","76933","61554","23181","300772","Processing","2022-05-20 06:35:32",NULL,NULL,NULL,"55"
"111422","76971","61593","23262","300923","Processing","2020-03-22 09:49:21",NULL,NULL,NULL,"55"
"111591","77084","61665","1853","301378","Processing","2022-08-08 09:25:29",NULL,NULL,NULL,"55"
"112650","77811","62238","1700","304264","Processing","2020-06-25 22:48:21",NULL,NULL,NULL,"55"
"112701","77845","62263","318","304399","Processing","2021-08-22 13:37:54",NULL,NULL,NULL,"55"
"112801","77914","62318","27967","304671","Processing","2021-01-08 11:25:49",NULL,NULL,NULL,"55"
"113782","78601","62856","17229","307307","Processing","2022-04-20 07:06:13",NULL,NULL,NULL,"55"
"114080","78802","63035","21287","308106","Processing","2022-01-10 22:32:59",NULL,NULL,NULL,"55"
"114637","79178","63329","1703","309613","Processing","2021-10-29 13:48:12",NULL,NULL,NULL,"55"
"114961","79406","63520","22332","310502","Processing","2019-05-04 01:26:12",NULL,NULL,NULL,"55"
"116561","80484","64435","28077","314813","Processing","2022-09-01 07:06:23",NULL,NULL,NULL,"55"
"116652","80536","64479","6395","315060","Processing","2021-08-22 01:39:23",NULL,NULL,NULL,"55"
"117119","80858","64735","17090","316276","Processing","2020-09-28 02:47:29",NULL,NULL,NULL,"55"
"117686","81237","65066","18893","317793","Processing","2021-10-03 10:14:50",NULL,NULL,NULL,"55"
"117746","81282","65097","22908","317955","Processing","2021-06-11 23:30:07",NULL,NULL,NULL,"55"
"117892","81375","65171","12796","318358","Processing","2019-12-05 08:27:52",NULL,NULL,NULL,"55"
"118508","81807","65503","23032","319986","Processing","2022-08-03 06:06:54",NULL,NULL,NULL,"55"
"118635","81894","65571","18538","320335","Processing","2021-10-20 11:29:12",NULL,NULL,NULL,"55"
"120141","82925","66395","16783","324367","Processing","2022-09-05 09:45:31.278306",NULL,NULL,NULL,"55"
"120543","83194","66613","27874","325493","Processing","2021-12-31 15:35:05",NULL,NULL,NULL,"55"
"120550","83197","66617","21707","325512","Processing","2021-07-27 04:02:22",NULL,NULL,NULL,"55"
"121748","84004","67252","27856","328733","Processing","2020-03-19 15:46:56",NULL,NULL,NULL,"55"
"121941","84130","67348","21933","329241","Processing","2021-04-28 03:52:19",NULL,NULL,NULL,"55"
"122301","84367","67541","22710","330221","Processing","2021-11-20 00:21:50",NULL,NULL,NULL,"55"
"123573","85249","68227","16729","333632","Processing","2020-04-29 00:09:05",NULL,NULL,NULL,"55"
"124174","85663","68550","22457","335225","Processing","2020-10-21 10:52:25",NULL,NULL,NULL,"55"
"124267","85726","68602","27605","335472","Processing","2022-04-02 14:35:07",NULL,NULL,NULL,"55"
"124775","86085","68893","12796","336852","Processing","2022-02-18 11:18:48",NULL,NULL,NULL,"55"
"125117","86313","69068","20701","337805","Processing","2022-05-20 02:27:02",NULL,NULL,NULL,"55"
"125597","86640","69322","27605","339087","Processing","2022-04-10 23:57:06",NULL,NULL,NULL,"55"
"125941","86862","69511","27546","340018","Processing","2021-08-13 21:11:10",NULL,NULL,NULL,"55"
"126224","87061","69681","23217","340805","Processing","2022-01-30 01:09:56",NULL,NULL,NULL,"55"
"127062","87629","70159","17090","343075","Processing","2022-06-12 14:02:41",NULL,NULL,NULL,"55"
"127187","87709","70215","16725","343396","Processing","2021-02-21 06:43:59",NULL,NULL,NULL,"55"
"127569","87969","70436","22790","344408","Processing","2021-12-17 06:52:14",NULL,NULL,NULL,"55"
"128190","88406","70805","22332","346127","Processing","2022-01-23 17:11:16",NULL,NULL,NULL,"55"
"128909","88907","71223","27967","348068","Processing","2022-08-21 11:20:58",NULL,NULL,NULL,"55"
"129402","89241","71488","18437","349403","Processing","2020-05-04 12:51:22",NULL,NULL,NULL,"55"
"131040","90392","72405","17229","353807","Processing","2021-05-14 17:02:01",NULL,NULL,NULL,"55"
"131899","90990","72884","23024","356122","Processing","2022-05-15 13:39:55",NULL,NULL,NULL,"55"
"132300","91266","73079","20945","357234","Processing","2022-01-23 06:29:00",NULL,NULL,NULL,"55"
"133125","91859","73578","18530","359470","Processing","2021-03-08 00:10:13",NULL,NULL,NULL,"55"
"133182","91899","73611","3018","359623","Processing","2022-06-20 07:32:32",NULL,NULL,NULL,"55"
"133210","91921","73629","23157","359696","Processing","2021-07-18 13:11:36",NULL,NULL,NULL,"55"
"133250","91946","73643","18655","359799","Processing","2021-12-24 23:53:39",NULL,NULL,NULL,"55"
"133395","92038","73721","23074","360186","Processing","2021-07-24 07:25:31",NULL,NULL,NULL,"55"
"134005","92457","74062","19173","361825","Processing","2021-03-27 02:49:35",NULL,NULL,NULL,"55"
"134153","92568","74154","6107","362240","Processing","2022-08-21 01:03:31",NULL,NULL,NULL,"55"
"134317","92675","74243","20693","362687","Processing","2021-03-23 15:04:29",NULL,NULL,NULL,"55"
"134320","92678","74245","28087","362695","Processing","2020-12-03 01:23:19",NULL,NULL,NULL,"55"
"135876","93762","75135","22453","366914","Processing","2021-12-09 14:26:27",NULL,NULL,NULL,"55"
"136569","94245","75533","20544","368762","Processing","2021-11-07 07:05:25",NULL,NULL,NULL,"55"
"136982","94538","75771","27474","369896","Processing","2022-05-01 15:15:00",NULL,NULL,NULL,"55"
"138016","95241","76351","12804","372658","Processing","2020-07-12 11:22:00",NULL,NULL,NULL,"55"
"138045","95262","76367","17229","372739","Processing","2021-01-04 18:53:40",NULL,NULL,NULL,"55"
"138551","95608","76657","20804","374130","Processing","2021-12-25 05:38:23",NULL,NULL,NULL,"55"
"139917","96518","77399","1667","377803","Processing","2019-07-13 07:20:10",NULL,NULL,NULL,"55"
"140174","96699","77543","11338","378494","Processing","2022-04-23 05:37:09",NULL,NULL,NULL,"55"
"140944","97218","77968","22149","380554","Processing","2021-08-26 12:39:39",NULL,NULL,NULL,"55"
"141232","97409","78118","23184","381347","Processing","2021-11-24 01:06:05",NULL,NULL,NULL,"55"
"142271","98144","78698","6287","384139","Processing","2022-01-05 08:02:51",NULL,NULL,NULL,"55"
"142938","98623","79067","23074","385937","Processing","2022-08-07 23:59:35",NULL,NULL,NULL,"55"
"143146","98768","79191","20544","386501","Processing","2022-09-04 02:04:32.039903",NULL,NULL,NULL,"55"
"143197","98801","79225","21720","386644","Processing","2022-05-27 08:05:37",NULL,NULL,NULL,"55"
"143247","98839","79251","22453","386776","Processing","2021-10-15 05:06:42",NULL,NULL,NULL,"55"
"143265","98856","79269","17229","386820","Processing","2022-08-31 00:59:40",NULL,NULL,NULL,"55"
"144810","99917","80123","11698","390996","Processing","2022-03-31 07:46:09",NULL,NULL,NULL,"55"
"145069","100100","80272","27856","391707","Processing","2022-07-08 11:22:11",NULL,NULL,NULL,"55"
"146048","100770","80849","7857","394363","Processing","2022-06-20 15:12:07",NULL,NULL,NULL,"55"
"146542","101104","81118","23713","395713","Processing","2021-11-07 01:02:55",NULL,NULL,NULL,"55"
"146774","101256","81234","22703","396335","Processing","2022-08-12 16:37:55",NULL,NULL,NULL,"55"
"149504","103184","82758","23074","403718","Processing","2022-06-08 07:45:12",NULL,NULL,NULL,"55"
"149951","103484","83009","17229","404953","Processing","2022-02-26 08:10:30",NULL,NULL,NULL,"55"
"150490","103849","83315","17193","406448","Processing","2022-06-14 06:45:29",NULL,NULL,NULL,"55"
"151161","104302","83681","27177","408241","Processing","2022-08-05 05:07:58",NULL,NULL,NULL,"55"
"155026","106961","85820","16394","418616","Processing","2020-09-30 06:10:33",NULL,NULL,NULL,"55"
"156569","107996","86616","14883","422739","Processing","2022-05-22 09:28:19",NULL,NULL,NULL,"55"
"156750","108123","86722","22956","423219","Processing","2021-01-28 02:06:18",NULL,NULL,NULL,"55"
"156830","108172","86764","27661","423448","Processing","2022-02-22 04:14:29",NULL,NULL,NULL,"55"
"157875","108892","87337","19539","426264","Processing","2022-06-21 18:36:36",NULL,NULL,NULL,"55"
"157913","108923","87365","26384","426365","Processing","2021-08-06 10:53:53",NULL,NULL,NULL,"55"
"158058","109021","87430","6916","426752","Processing","2022-04-02 01:23:55",NULL,NULL,NULL,"55"
"158739","109491","87807","17193","428589","Processing","2022-09-02 08:49:29.584926",NULL,NULL,NULL,"55"
"158784","109520","87826","20804","428708","Processing","2021-06-01 04:45:07",NULL,NULL,NULL,"55"
"159774","110225","88389","18951","431389","Processing","2020-03-24 05:35:44",NULL,NULL,NULL,"55"
"160248","110552","88648","22694","432680","Processing","2022-08-25 15:41:19",NULL,NULL,NULL,"55"
"160860","110961","88962","23024","434319","Processing","2022-01-30 14:27:03",NULL,NULL,NULL,"55"
"160920","111002","88993","18784","434479","Processing","2022-06-21 06:47:51",NULL,NULL,NULL,"55"
"161745","111572","89454","23013","436733","Processing","2022-06-10 00:02:59",NULL,NULL,NULL,"55"
"161854","111636","89508","27177","437033","Processing","2022-08-14 00:47:08",NULL,NULL,NULL,"55"
"164514","113474","90985","23048","444281","Processing","2021-04-22 22:08:08",NULL,NULL,NULL,"55"
"165384","114064","91448","257","446674","Processing","2022-08-08 00:11:51",NULL,NULL,NULL,"55"
"166442","114782","92013","18874","449534","Processing","2021-10-17 06:11:51",NULL,NULL,NULL,"55"
"167036","115193","92328","6417","451130","Processing","2019-07-09 07:02:24",NULL,NULL,NULL,"55"
"168273","116045","93037","28077","454435","Processing","2022-07-30 15:57:13",NULL,NULL,NULL,"55"
"168675","116321","93260","22790","455503","Processing","2019-11-22 23:29:05",NULL,NULL,NULL,"55"
"168743","116373","93298","6011","455688","Processing","2022-03-02 15:38:26",NULL,NULL,NULL,"55"
"169048","116592","93477","20945","456514","Processing","2021-05-27 23:24:46",NULL,NULL,NULL,"55"
"169068","116603","93487","23031","456567","Processing","2022-08-23 03:44:27",NULL,NULL,NULL,"55"
"169170","116677","93551","23048","456830","Processing","2021-08-25 07:39:08",NULL,NULL,NULL,"55"
"169866","117141","93928","6916","458710","Processing","2021-12-30 14:55:10",NULL,NULL,NULL,"55"
"165304","113999","91400","23601","446454","Complete","2019-08-27 04:22:48","2019-08-26 17:03:00","2019-08-27 23:49:00",NULL,"39.5"
"166518","114835","92062","16011","449737","Complete","2019-05-25 11:33:09","2019-05-27 07:02:00","2019-05-30 10:25:00",NULL,"39.5"
"167567","115554","92616","27553","452536","Complete","2021-10-22 09:11:35","2021-10-23 12:32:00","2021-10-25 23:23:00",NULL,"39.5"
"168383","116123","93106","23298","454726","Complete","2021-10-09 13:44:01","2021-10-10 20:05:00","2021-10-14 09:22:00",NULL,"39.5"
"170399","117486","94227","21518","460175","Complete","2021-07-08 10:51:04","2021-07-09 09:36:00","2021-07-12 03:04:00",NULL,"39.5"
"170528","117579","94300","23060","460519","Complete","2022-02-10 05:59:22","2022-02-13 04:14:00","2022-02-15 17:32:00",NULL,"39.5"
"170535","117582","94302","15066","460539","Complete","2021-10-02 08:56:21","2021-10-02 23:45:00","2021-10-06 09:57:00",NULL,"39.5"
"170871","117807","94470","1885","461484","Complete","2020-08-11 10:05:25","2020-08-13 11:34:00","2020-08-17 20:40:00",NULL,"39.5"
"171127","117977","94610","1462","462175","Complete","2022-08-29 13:11:34","2022-08-31 13:50:00","2022-09-05 01:20:00",NULL,"39.5"
"173274","119506","95814","4133","467976","Complete","2021-12-14 00:09:22","2021-12-12 18:45:00","2021-12-13 19:44:00",NULL,"39.5"
"174594","120418","96551","27553","471472","Complete","2022-09-03 09:50:55.672245","2022-09-06 03:41:54.672245","2022-09-09 14:49:54.672245",NULL,"39.5"
"175137","120772","96831","21321","472971","Complete","2022-06-21 07:32:07","2022-06-19 20:52:00","2022-06-23 04:04:00",NULL,"39.5"
"175546","121060","97055","13219","474093","Complete","2022-05-09 05:31:37","2022-05-09 10:29:00","2022-05-13 08:13:00",NULL,"39.5"
"176060","121416","97376","21373","475485","Complete","2022-08-10 23:06:16","2022-08-13 05:41:00","2022-08-16 17:19:00",NULL,"39.5"
"176154","121486","97430","22950","475746","Complete","2022-02-03 13:11:09","2022-02-05 02:52:00","2022-02-09 08:09:00",NULL,"39.5"
"177384","122332","98101","4537","479069","Complete","2021-11-19 01:43:10","2021-11-20 02:50:00","2021-11-23 22:53:00",NULL,"39.5"
"177586","122484","98243","16064","479600","Complete","2021-09-24 11:15:42","2021-09-25 16:21:00","2021-09-25 22:59:00",NULL,"39.5"
"178003","122773","98474","1382","480724","Complete","2022-07-19 03:14:41","2022-07-21 06:02:00","2022-07-21 09:08:00",NULL,"39.5"
"178674","123241","98852","1734","482527","Complete","2022-05-24 05:16:10","2022-05-26 10:06:00","2022-05-31 06:55:00",NULL,"39.5"
"179165","123571","99122","22950","483840","Complete","2020-11-25 08:28:27","2020-11-27 14:04:00","2020-11-30 11:54:00",NULL,"39.5"
"179250","123632","99173","8716","484070","Complete","2022-09-03 14:59:10","2022-09-04 09:42:00","2022-09-05 20:29:00",NULL,"39.5"
"179553","123833","99329","4124","484894","Complete","2022-07-13 17:17:41","2022-07-12 01:21:00","2022-07-12 03:05:00",NULL,"39.5"
"179988","124132","99564","27420","486051","Complete","2021-08-20 22:11:35","2021-08-21 02:28:00","2021-08-22 12:12:00",NULL,"39.5"
"180241","124292","99691","16374","486740","Complete","2022-06-29 17:10:01","2022-06-30 05:52:00","2022-07-04 11:49:00",NULL,"39.5"
"180311","124341","99720","21518","486922","Complete","2021-08-16 10:50:04","2021-08-18 04:56:00","2021-08-23 00:36:00",NULL,"39.5"
"180377","124386","99745","1382","487088","Complete","2020-09-25 15:11:55","2020-09-25 22:33:00","2020-09-26 17:29:00",NULL,"39.5"
"1314","910","762","28156","3567","Returned","2022-02-20 05:45:54","2022-02-19 01:32:00","2022-02-21 04:10:00","2022-02-22 19:05:00","39.5"
"2653","1816","1469","28049","7179","Returned","2022-07-04 02:52:38","2022-07-05 22:52:00","2022-07-09 02:05:00","2022-07-09 02:21:00","39.5"
"3535","2391","1928","22902","9561","Returned","2020-12-12 17:08:19","2020-12-11 04:28:00","2020-12-15 22:41:00","2020-12-17 20:41:00","39.5"
"4807","3287","2677","4460","13028","Returned","2021-12-17 07:32:48","2021-12-13 15:09:00","2021-12-18 00:00:00","2021-12-20 23:33:00","39.5"
"4989","3403","2772","25427","13501","Returned","2022-04-29 08:57:40","2022-05-01 20:16:00","2022-05-03 21:29:00","2022-05-05 18:43:00","39.5"
"5233","3566","2917","22902","14164","Returned","2022-02-03 08:40:29","2022-02-04 06:49:00","2022-02-08 08:50:00","2022-02-08 13:03:00","39.5"
"7111","4845","3930","8716","19260","Returned","2020-11-07 12:40:09","2020-11-09 18:59:00","2020-11-14 04:17:00","2020-11-16 03:32:00","39.5"
"7810","5354","4335","20038","21188","Returned","2021-04-12 02:34:33","2021-04-11 19:56:00","2021-04-14 01:43:00","2021-04-14 11:18:00","39.5"
"10639","7318","5956","22739","28837","Returned","2022-06-10 01:54:00","2022-06-11 14:34:00","2022-06-11 19:28:00","2022-06-12 23:40:00","39.5"
"11842","8158","6603","3339","32080","Returned","2022-07-24 11:29:31","2022-07-26 05:25:00","2022-07-27 13:36:00","2022-07-29 19:31:00","39.5"
"13270","9155","7380","20038","35949","Returned","2020-10-19 14:09:22","2020-10-19 19:43:00","2020-10-22 03:53:00","2020-10-22 18:44:00","39.5"
"14765","10156","8166","21130","39997","Returned","2021-01-25 17:49:26","2021-01-25 19:32:00","2021-01-26 04:04:00","2021-01-26 08:18:00","39.5"
"19189","13189","10576","6475","51922","Returned","2021-03-08 06:20:58","2021-03-10 02:30:00","2021-03-14 03:18:00","2021-03-14 05:37:00","39.5"
"23843","16409","13114","489","64457","Returned","2022-05-19 09:28:46","2022-05-21 18:13:00","2022-05-22 10:12:00","2022-05-23 06:02:00","39.5"
"24056","16547","13228","1122","65031","Returned","2022-08-02 08:23:08","2022-08-02 11:15:00","2022-08-03 08:56:00","2022-08-05 04:57:00","39.5"
"24809","17084","13647","5335","67047","Returned","2020-03-08 00:04:17","2020-03-10 19:53:00","2020-03-15 18:03:00","2020-03-16 09:59:00","39.5"
"28268","19482","15587","6366","76419","Returned","2021-12-01 10:42:37","2021-12-04 13:08:00","2021-12-06 00:28:00","2021-12-07 10:14:00","39.5"
"28279","19490","15591","21373","76448","Returned","2022-08-24 02:42:53","2022-08-26 09:50:00","2022-08-26 23:33:00","2022-08-27 18:42:00","39.5"
"29195","20098","16058","24161","78928","Returned","2022-09-05 11:03:16.128079","2022-09-05 20:35:59.128079","2022-09-06 19:24:59.128079","2022-09-08 21:55:59.128079","39.5"
"31280","21521","17226","5335","84541","Returned","2022-05-26 13:54:44","2022-05-26 12:37:00","2022-05-29 11:01:00","2022-05-31 15:18:00","39.5"
"32615","22448","17949","23298","88138","Returned","2020-11-07 10:14:48","2020-11-08 09:41:00","2020-11-12 13:34:00","2020-11-14 07:20:00","39.5"
"35298","24294","19403","22902","95351","Returned","2022-07-25 14:21:46","2022-07-21 16:13:00","2022-07-26 14:10:00","2022-07-28 11:40:00","39.5"
"37978","26149","20900","16654","102532","Returned","2022-01-20 17:31:39","2022-01-20 23:34:00","2022-01-24 13:23:00","2022-01-26 13:21:00","39.5"
"45331","31214","24911","17584","122414","Returned","2022-09-02 04:57:39","2022-09-03 15:07:00","2022-09-06 11:03:00","2022-09-08 22:26:00","39.5"
"47300","32587","26024","28049","127674","Returned","2021-07-16 14:06:00","2021-07-18 23:31:00","2021-07-20 16:13:00","2021-07-21 01:10:00","39.5"
"48597","33477","26739","1734","131157","Returned","2021-12-05 03:24:00","2021-12-05 17:44:00","2021-12-10 17:26:00","2021-12-10 22:23:00","39.5"
"49595","34165","27278","24240","133874","Returned","2019-11-18 09:55:56","2019-11-18 02:59:00","2019-11-21 14:47:00","2019-11-21 20:34:00","39.5"
"53621","36947","29518","16011","144701","Returned","2022-05-02 14:38:53","2022-05-03 05:43:00","2022-05-06 13:40:00","2022-05-08 21:27:00","39.5"
"53954","37181","29705","6806","145611","Returned","2021-04-09 06:00:49","2021-04-11 07:13:00","2021-04-15 00:43:00","2021-04-15 16:32:00","39.5"
"56924","39233","31359","2045","153636","Returned","2022-02-05 14:03:54","2022-02-03 05:27:00","2022-02-04 20:29:00","2022-02-05 06:42:00","39.5"
"63577","43776","35004","8716","171638","Returned","2022-07-07 06:26:46","2022-07-05 08:25:00","2022-07-08 06:15:00","2022-07-11 03:28:00","39.5"
"63715","43868","35084","13512","172010","Returned","2022-04-13 02:38:03","2022-04-14 01:36:00","2022-04-16 17:54:00","2022-04-18 19:38:00","39.5"
"64113","44123","35292","4998","173079","Returned","2022-08-06 00:20:20","2022-08-08 15:29:00","2022-08-10 09:06:00","2022-08-12 09:16:00","39.5"
"65418","45048","36004","28156","176652","Returned","2022-02-01 03:06:01","2022-02-01 07:34:00","2022-02-03 06:58:00","2022-02-03 12:57:00","39.5"
"65780","45288","36201","17431","177620","Returned","2020-01-01 00:03:54","2019-12-28 09:58:00","2019-12-31 22:52:00","2020-01-02 08:11:00","39.5"
"66244","45593","36446","363","178882","Returned","2021-10-31 06:57:56","2021-11-01 16:06:00","2021-11-02 07:05:00","2021-11-04 02:43:00","39.5"
"66864","45997","36788","16016","180532","Returned","2020-03-13 00:03:44","2020-03-12 17:13:00","2020-03-16 18:19:00","2020-03-18 06:22:00","39.5"
"74972","51658","41338","17627","202426","Returned","2022-07-30 08:14:42","2022-07-27 21:39:00","2022-07-30 15:49:00","2022-07-31 10:19:00","39.5"
"75807","52243","41831","2045","204692","Returned","2021-08-25 08:31:31","2021-08-27 12:18:00","2021-08-30 02:17:00","2021-09-01 09:04:00","39.5"
"79355","54722","43767","21038","214252","Returned","2022-01-17 13:38:54","2022-01-19 06:47:00","2022-01-23 14:27:00","2022-01-24 04:24:00","39.5"
"81782","56427","45108","23060","220860","Returned","2022-03-07 04:50:36","2022-03-05 18:34:00","2022-03-09 23:15:00","2022-03-11 14:00:00","39.5"
"84790","58576","46846","4537","229015","Returned","2022-01-15 15:49:48","2022-01-17 21:09:00","2022-01-18 20:42:00","2022-01-19 10:31:00","39.5"
"88720","61329","49113","21367","239691","Returned","2022-08-27 08:40:12","2022-08-27 21:43:00","2022-09-01 09:12:00","2022-09-01 15:20:00","39.5"
"89960","62180","49774","6366","243007","Returned","2022-06-16 11:46:16","2022-06-17 08:44:00","2022-06-21 21:11:00","2022-06-24 15:45:00","39.5"
"91897","63498","50841","28102","248224","Returned","2020-12-06 01:59:19","2020-12-06 09:55:00","2020-12-11 04:50:00","2020-12-11 18:45:00","39.5"
"92103","63642","50947","4538","248769","Returned","2021-04-16 01:08:32","2021-04-19 00:39:00","2021-04-23 22:32:00","2021-04-25 01:27:00","39.5"
"93696","64739","51809","5196","253064","Returned","2022-05-02 09:29:06","2022-05-02 11:10:00","2022-05-07 02:42:00","2022-05-09 18:06:00","39.5"
"100990","69794","55811","23298","272753","Returned","2022-02-13 08:19:27","2022-02-11 02:29:00","2022-02-11 04:05:00","2022-02-11 21:44:00","39.5"
"105933","73206","58558","23006","286145","Returned","2021-02-10 03:57:02","2021-02-11 22:25:00","2021-02-12 21:35:00","2021-02-13 01:09:00","39.5"
"106648","73693","58935","4460","288060","Returned","2022-05-02 02:21:26","2022-05-01 17:39:00","2022-05-05 02:08:00","2022-05-07 22:53:00","39.5"
"106723","73737","58967","16256","288265","Returned","2022-08-22 17:08:02","2022-08-25 17:49:00","2022-08-28 12:45:00","2022-08-30 12:17:00","39.5"
"113170","78168","62525","1738","305665","Returned","2022-01-09 06:10:27","2022-01-08 20:12:00","2022-01-13 03:30:00","2022-01-14 22:46:00","39.5"
"113227","78212","62557","23298","305816","Returned","2022-06-08 13:31:43","2022-06-10 06:32:00","2022-06-11 03:15:00","2022-06-12 15:34:00","39.5"
"114479","79072","63242","4131","309199","Returned","2022-09-04 12:35:56","2022-09-03 23:47:00","2022-09-05 05:46:00","2022-09-05 16:50:00","39.5"
"116955","80748","64644","21038","315838","Returned","2022-04-25 06:24:24","2022-04-21 16:56:00","2022-04-25 11:10:00","2022-04-25 11:22:00","39.5"
"116969","80760","64658","16016","315874","Returned","2021-05-25 14:40:10","2021-05-27 14:57:00","2021-06-01 01:10:00","2021-06-02 16:31:00","39.5"
"118340","81692","65414","6475","319538","Returned","2020-10-02 13:02:39","2020-10-04 07:36:00","2020-10-07 20:13:00","2020-10-08 10:54:00","39.5"
"121202","83643","66975","28482","327270","Returned","2019-05-09 01:34:48","2019-05-07 03:24:00","2019-05-09 17:25:00","2019-05-11 19:33:00","39.5"
"122574","84566","67689","11219","330958","Returned","2020-08-20 00:12:37","2020-08-22 08:35:00","2020-08-22 10:11:00","2020-08-22 17:12:00","39.5"
"124916","86178","68956","1041","337251","Returned","2020-02-15 08:06:27","2020-02-18 09:21:00","2020-02-18 18:35:00","2020-02-20 02:24:00","39.5"
"125098","86300","69056","21019","337753","Returned","2022-06-30 04:18:05","2022-07-01 09:01:00","2022-07-06 04:30:00","2022-07-08 02:43:00","39.5"
"128327","88506","70893","6475","346504","Returned","2021-08-30 17:06:00","2021-08-31 09:36:00","2021-09-01 20:50:00","2021-09-04 09:30:00","39.5"
"128872","88883","71198","4429","347958","Returned","2022-07-15 04:49:09","2022-07-13 05:28:00","2022-07-16 13:36:00","2022-07-17 11:43:00","39.5"
"131522","90720","72682","14509","355111","Returned","2020-03-26 14:54:29","2020-03-27 05:49:00","2020-03-30 20:14:00","2020-03-31 15:48:00","39.5"
"132340","91294","73108","489","357348","Returned","2022-05-23 22:31:01","2022-05-25 10:10:00","2022-05-26 16:22:00","2022-05-27 01:52:00","39.5"
"135087","93200","74664","28156","364795","Returned","2022-06-13 14:49:00","2022-06-14 02:57:00","2022-06-17 04:33:00","2022-06-17 06:35:00","39.5"
"135447","93465","74881","16241","365760","Returned","2022-06-30 09:01:40","2022-06-30 12:32:00","2022-07-04 04:13:00","2022-07-05 07:26:00","39.5"
"138450","95539","76601","4538","373855","Returned","2022-01-04 23:48:50","2022-01-05 20:44:00","2022-01-06 20:31:00","2022-01-07 14:42:00","39.5"
"139409","96181","77129","23382","376464","Returned","2022-02-19 00:25:18","2022-02-21 06:17:00","2022-02-23 21:25:00","2022-02-23 23:49:00","39.5"
"142828","98546","79012","20038","385650","Returned","2022-05-11 14:47:05","2022-05-12 03:50:00","2022-05-16 20:54:00","2022-05-17 00:21:00","39.5"
"144287","99552","79820","1734","389586","Returned","2021-05-22 16:57:29","2021-05-24 23:46:00","2021-05-26 17:27:00","2021-05-29 00:54:00","39.5"
"148898","102746","82421","27342","402071","Returned","2020-01-04 15:02:36","2020-01-01 23:11:00","2020-01-02 23:02:00","2020-01-04 05:08:00","39.5"
"149916","103461","82988","23484","404852","Returned","2022-01-23 15:22:02","2022-01-23 14:04:00","2022-01-28 05:47:00","2022-01-30 11:47:00","39.5"
"150699","103991","83429","16752","406996","Returned","2022-07-01 10:04:52","2022-07-04 04:40:00","2022-07-09 04:14:00","2022-07-10 00:13:00","39.5"
"151057","104235","83618","5345","407957","Returned","2022-05-14 13:52:47","2022-05-15 15:31:00","2022-05-20 00:54:00","2022-05-20 15:18:00","39.5"
"154190","106388","85333","27451","416364","Returned","2022-08-05 00:09:11","2022-08-05 21:36:00","2022-08-07 01:33:00","2022-08-08 23:06:00","39.5"
"156727","108108","86711","24240","423155","Returned","2022-09-03 10:24:02.768016","2022-09-04 09:27:26.768016","2022-09-07 21:05:26.768016","2022-09-09 15:35:26.768016","39.5"
"157522","108642","87122","16374","425319","Returned","2022-05-25 02:38:51","2022-05-28 01:17:00","2022-05-30 22:12:00","2022-06-02 07:46:00","39.5"
"166381","114740","91986","16096","449374","Returned","2019-11-15 14:09:05","2019-11-14 16:08:00","2019-11-17 21:34:00","2019-11-20 17:38:00","39.5"
"166596","114885","92100","1829","449943","Returned","2022-01-29 02:25:17","2022-01-30 17:51:00","2022-02-02 22:10:00","2022-02-03 05:00:00","39.5"
"168368","116113","93096","4124","454687","Returned","2021-02-27 16:27:04","2021-03-02 03:16:00","2021-03-06 16:51:00","2021-03-09 02:26:00","39.5"
"168843","116442","93352","23601","455952","Returned","2021-06-24 12:58:43","2021-06-22 15:52:00","2021-06-25 04:19:00","2021-06-26 05:13:00","39.5"
"170334","117445","94189","27451","459996","Returned","2020-09-07 08:27:12","2020-09-07 12:07:00","2020-09-07 20:47:00","2020-09-10 14:10:00","39.5"
"174211","120150","96351","17587","470447","Returned","2022-03-18 13:10:15","2022-03-18 19:00:00","2022-03-21 09:36:00","2022-03-23 20:10:00","39.5"
"176063","121419","97380","15066","475495","Returned","2022-06-04 06:48:56","2022-06-04 20:56:00","2022-06-07 01:00:00","2022-06-08 20:39:00","39.5"
"176114","121457","97402","25427","475635","Returned","2021-01-01 15:05:26","2021-01-01 10:18:00","2021-01-05 05:34:00","2021-01-07 03:13:00","39.5"
"179106","123528","99089","23601","483677","Returned","2021-06-14 05:54:51","2021-06-14 18:12:00","2021-06-15 16:32:00","2021-06-18 01:39:00","39.5"
"180455","124441","99786","17393","487299","Returned","2022-05-09 14:26:55","2022-05-10 00:30:00","2022-05-11 18:22:00","2022-05-13 06:07:00","39.5"
"874","621","518","21517","2350","Cancelled","2022-07-12 15:16:58",NULL,NULL,NULL,"39.5"
"3271","2225","1785","8549","8852","Cancelled","2022-08-06 04:59:26",NULL,NULL,NULL,"39.5"
"3321","2256","1811","6294","8989","Cancelled","2021-06-15 11:19:50",NULL,NULL,NULL,"39.5"
"3979","2708","2178","7657","10766","Cancelled","2020-08-12 11:41:57",NULL,NULL,NULL,"39.5"
"6235","4255","3456","27433","16867","Cancelled","2022-08-24 13:06:32",NULL,NULL,NULL,"39.5"
"6275","4278","3480","25427","16976","Cancelled","2020-12-31 07:20:17",NULL,NULL,NULL,"39.5"
"6714","4574","3711","6475","18188","Cancelled","2021-11-06 09:28:46",NULL,NULL,NULL,"39.5"
"7057","4806","3896","16096","19107","Cancelled","2022-09-02 22:52:50.676019",NULL,NULL,NULL,"39.5"
"8519","5838","4723","4133","23111","Cancelled","2021-01-14 01:32:04",NULL,NULL,NULL,"39.5"
"8585","5881","4759","1829","23293","Cancelled","2021-10-24 02:22:49",NULL,NULL,NULL,"39.5"
"8763","6012","4864","14583","23765","Cancelled","2022-05-03 21:48:44",NULL,NULL,NULL,"39.5"
"9367","6431","5222","3988","25404","Cancelled","2020-12-16 14:08:17",NULL,NULL,NULL,"39.5"
"11874","8186","6622","27785","32171","Cancelled","2022-07-16 06:27:28",NULL,NULL,NULL,"39.5"
"13000","8972","7243","20970","35215","Cancelled","2021-04-27 03:06:08",NULL,NULL,NULL,"39.5"
"14335","9866","7955","16374","38847","Cancelled","2022-08-15 10:51:45",NULL,NULL,NULL,"39.5"
"15083","10370","8345","23484","40860","Cancelled","2021-11-16 15:41:23",NULL,NULL,NULL,"39.5"
"16636","11446","9208","27553","45027","Cancelled","2022-06-03 07:12:02",NULL,NULL,NULL,"39.5"
"16671","11468","9229","7062","45122","Cancelled","2021-11-14 01:45:00",NULL,NULL,NULL,"39.5"
"17240","11865","9530","16692","46683","Cancelled","2022-07-16 22:32:28",NULL,NULL,NULL,"39.5"
"17459","12015","9658","27730","47299","Cancelled","2022-06-29 15:43:07",NULL,NULL,NULL,"39.5"
"18303","12578","10087","21518","49573","Cancelled","2021-11-18 14:22:54",NULL,NULL,NULL,"39.5"
"19184","13186","10574","13383","51908","Cancelled","2021-09-01 09:42:24",NULL,NULL,NULL,"39.5"
"20611","14176","11353","27451","55802","Cancelled","2019-09-28 02:19:54",NULL,NULL,NULL,"39.5"
"22408","15411","12313","27433","60555","Cancelled","2022-08-10 13:43:41",NULL,NULL,NULL,"39.5"
"22409","15411","12313","16241","60557","Cancelled","2022-08-08 11:56:29",NULL,NULL,NULL,"39.5"
"23651","16277","13025","1122","63940","Cancelled","2021-12-12 05:12:53",NULL,NULL,NULL,"39.5"
"23675","16298","13037","4998","64006","Cancelled","2022-07-12 03:29:48",NULL,NULL,NULL,"39.5"
"24265","16691","13344","20970","65582","Cancelled","2021-10-21 03:04:15",NULL,NULL,NULL,"39.5"
"27274","18784","15015","8716","73732","Cancelled","2021-11-08 05:32:50",NULL,NULL,NULL,"39.5"
"29801","20531","16407","27433","80561","Cancelled","2020-06-17 03:27:01",NULL,NULL,NULL,"39.5"
"31104","21397","17127","6294","84086","Cancelled","2021-01-30 13:09:40",NULL,NULL,NULL,"39.5"
"31121","21409","17135","5238","84129","Cancelled","2021-03-04 04:36:04",NULL,NULL,NULL,"39.5"
"31351","21569","17259","6294","84731","Cancelled","2022-08-08 14:05:46",NULL,NULL,NULL,"39.5"
"34014","23423","18685","1734","91894","Cancelled","2022-09-03 09:03:18",NULL,NULL,NULL,"39.5"
"34244","23576","18816","1693","92516","Cancelled","2022-06-13 05:45:50",NULL,NULL,NULL,"39.5"
"37494","25805","20616","27420","101246","Cancelled","2022-07-11 02:03:09",NULL,NULL,NULL,"39.5"
"37730","25977","20755","6912","101855","Cancelled","2022-08-30 22:26:24",NULL,NULL,NULL,"39.5"
"39059","26897","21486","21110","105444","Cancelled","2020-03-26 16:34:04",NULL,NULL,NULL,"39.5"
"39085","26912","21496","28156","105523","Cancelled","2022-08-09 08:38:37",NULL,NULL,NULL,"39.5"
"41345","28436","22685","5335","111615","Cancelled","2022-09-04 02:53:20",NULL,NULL,NULL,"39.5"
"41876","28810","22985","21367","113051","Cancelled","2022-03-31 03:45:05",NULL,NULL,NULL,"39.5"
"43430","29881","23824","16241","117270","Cancelled","2022-08-26 00:53:43",NULL,NULL,NULL,"39.5"
"45086","31046","24786","4851","121763","Cancelled","2022-09-02 04:11:36",NULL,NULL,NULL,"39.5"
"45129","31079","24809","21019","121878","Cancelled","2022-09-05 02:52:22.611582",NULL,NULL,NULL,"39.5"
"45408","31270","24958","16845","122623","Cancelled","2022-06-08 00:40:39",NULL,NULL,NULL,"39.5"
"46396","31931","25494","643","125296","Cancelled","2020-12-31 10:09:52",NULL,NULL,NULL,"39.5"
"47443","32685","26094","21141","128062","Cancelled","2020-12-31 10:51:59",NULL,NULL,NULL,"39.5"
"48666","33528","26780","13383","131334","Cancelled","2020-06-17 05:37:02",NULL,NULL,NULL,"39.5"
"48897","33689","26905","23298","131955","Cancelled","2022-06-26 09:22:00",NULL,NULL,NULL,"39.5"
"50220","34591","27617","5335","135559","Cancelled","2022-09-06 11:46:57.328095",NULL,NULL,NULL,"39.5"
"51604","35573","28426","6806","139291","Cancelled","2021-12-11 18:11:07",NULL,NULL,NULL,"39.5"
"51804","35699","28522","13401","139832","Cancelled","2022-05-07 11:45:01",NULL,NULL,NULL,"39.5"
"52355","36081","28812","8706","141279","Cancelled","2021-11-09 06:31:25",NULL,NULL,NULL,"39.5"
"52838","36420","29102","4851","142586","Cancelled","2022-08-13 11:35:37",NULL,NULL,NULL,"39.5"
"52874","36447","29125","16654","142678","Cancelled","2022-05-30 10:26:49",NULL,NULL,NULL,"39.5"
"55038","37947","30312","14509","148511","Cancelled","2022-08-30 02:43:56",NULL,NULL,NULL,"39.5"
"55742","38424","30706","14945","150415","Cancelled","2022-01-29 15:38:21",NULL,NULL,NULL,"39.5"
"57446","39597","31637","17587","155051","Cancelled","2022-03-03 09:32:34",NULL,NULL,NULL,"39.5"
"58535","40351","32222","8496","157984","Cancelled","2020-09-10 08:51:48",NULL,NULL,NULL,"39.5"
"61176","42120","33669","13401","165157","Cancelled","2021-08-18 15:22:49",NULL,NULL,NULL,"39.5"
"62400","42975","34353","4460","168441","Cancelled","2022-03-05 16:59:52",NULL,NULL,NULL,"39.5"
"62631","43132","34488","16581","169078","Cancelled","2020-12-02 11:13:06",NULL,NULL,NULL,"39.5"
"65467","45082","36032","1524","176786","Cancelled","2022-07-30 22:36:16",NULL,NULL,NULL,"39.5"
"69989","48189","38536","23060","188939","Cancelled","2021-10-21 13:25:29",NULL,NULL,NULL,"39.5"
"70096","48265","38595","1734","189228","Cancelled","2021-02-17 16:35:55",NULL,NULL,NULL,"39.5"
"73650","50720","40585","13512","198858","Cancelled","2020-10-21 06:26:07",NULL,NULL,NULL,"39.5"
"74270","51166","40953","17393","200543","Cancelled","2022-02-11 01:52:02",NULL,NULL,NULL,"39.5"
"74331","51210","40977","17587","200702","Cancelled","2022-06-18 03:26:59",NULL,NULL,NULL,"39.5"
"74771","51520","41240","17627","201869","Cancelled","2021-03-22 07:10:14",NULL,NULL,NULL,"39.5"
"76380","52645","42124","24240","206256","Cancelled","2022-07-27 00:22:25",NULL,NULL,NULL,"39.5"
"77150","53193","42558","13401","208304","Cancelled","2021-04-05 15:21:06",NULL,NULL,NULL,"39.5"
"77160","53198","42566","20970","208334","Cancelled","2021-08-20 07:07:01",NULL,NULL,NULL,"39.5"
"78938","54425","43550","489","213109","Cancelled","2022-07-02 21:35:04",NULL,NULL,NULL,"39.5"
"80072","55219","44166","643","216199","Cancelled","2021-11-09 17:24:45",NULL,NULL,NULL,"39.5"
"82910","57240","45760","8549","223913","Cancelled","2022-07-20 06:09:29",NULL,NULL,NULL,"39.5"
"83511","57670","46106","21517","225533","Cancelled","2021-07-31 10:44:25",NULL,NULL,NULL,"39.5"
"85824","59308","47440","27531","231826","Cancelled","2021-08-31 12:20:28",NULL,NULL,NULL,"39.5"
"86011","59435","47551","17393","232331","Cancelled","2022-02-01 01:07:23",NULL,NULL,NULL,"39.5"
"86202","59567","47651","643","232855","Cancelled","2020-03-24 11:45:36",NULL,NULL,NULL,"39.5"
"88236","60978","48815","21518","238363","Cancelled","2022-09-02 07:39:33.391968",NULL,NULL,NULL,"39.5"
"95869","66262","52984","16010","258979","Cancelled","2021-11-24 13:41:18",NULL,NULL,NULL,"39.5"
"96301","66552","53203","6806","260131","Cancelled","2020-11-09 05:44:56",NULL,NULL,NULL,"39.5"
"97662","67496","53944","23006","263821","Cancelled","2022-08-25 00:22:51",NULL,NULL,NULL,"39.5"
"97783","67578","54004","21110","264147","Cancelled","2022-07-12 09:06:57",NULL,NULL,NULL,"39.5"
"97961","67698","54092","1829","264634","Cancelled","2020-07-02 23:10:56",NULL,NULL,NULL,"39.5"
"100686","69577","55646","21518","271926","Cancelled","2022-09-04 04:46:10.806741",NULL,NULL,NULL,"39.5"
"102835","71050","56792","27785","277762","Cancelled","2022-09-07 05:29:06",NULL,NULL,NULL,"39.5"
"105943","73211","58563","24161","286173","Cancelled","2022-09-03 00:19:52",NULL,NULL,NULL,"39.5"
"106395","73523","58793","4538","287378","Cancelled","2022-01-01 00:15:23",NULL,NULL,NULL,"39.5"
"107052","73970","59146","16096","289140","Cancelled","2021-04-14 13:37:32",NULL,NULL,NULL,"39.5"
"107754","74440","59509","4124","291057","Cancelled","2022-03-16 00:36:31",NULL,NULL,NULL,"39.5"
"107862","74515","59571","20038","291354","Cancelled","2021-06-28 12:28:30",NULL,NULL,NULL,"39.5"
"109565","75687","60499","21517","295947","Cancelled","2022-09-02 21:21:10.672066",NULL,NULL,NULL,"39.5"
"110257","76167","60905","1829","297789","Cancelled","2021-01-09 23:27:40",NULL,NULL,NULL,"39.5"
"111741","77188","61760","6796","301786","Cancelled","2021-10-12 21:14:20",NULL,NULL,NULL,"39.5"
"111842","77258","61816","4719","302060","Cancelled","2022-08-20 11:13:10",NULL,NULL,NULL,"39.5"
"113012","78066","62451","1615","305251","Cancelled","2021-01-28 23:20:13",NULL,NULL,NULL,"39.5"
"120151","82932","66401","24161","324394","Cancelled","2019-12-26 07:30:59",NULL,NULL,NULL,"39.5"
"121964","84140","67355","21367","329300","Cancelled","2022-02-21 10:59:31",NULL,NULL,NULL,"39.5"
"122485","84505","67642","1462","330720","Cancelled","2022-03-16 14:13:15",NULL,NULL,NULL,"39.5"
"123736","85363","68313","1738","334060","Cancelled","2022-05-14 11:31:18",NULL,NULL,NULL,"39.5"
"125805","86770","69432","17584","339638","Cancelled","2021-03-13 02:55:55",NULL,NULL,NULL,"39.5"
"125833","86789","69447","1122","339718","Cancelled","2022-06-22 13:20:20",NULL,NULL,NULL,"39.5"
"127747","88098","70555","16016","344903","Cancelled","2022-01-30 01:38:29",NULL,NULL,NULL,"39.5"
"134160","92571","74155","16256","362259","Cancelled","2021-09-15 02:25:27",NULL,NULL,NULL,"39.5"
"134527","92820","74362","22300","363270","Cancelled","2020-05-11 10:01:42",NULL,NULL,NULL,"39.5"
"137856","95129","76254","16068","372225","Cancelled","2022-05-13 01:46:12",NULL,NULL,NULL,"39.5"
"138687","95702","76726","21588","374497","Cancelled","2021-09-16 08:58:02",NULL,NULL,NULL,"39.5"
"139903","96510","77388","4460","377768","Cancelled","2021-08-09 12:31:05",NULL,NULL,NULL,"39.5"
"141184","97375","78096","3339","381209","Cancelled","2022-03-15 00:23:39",NULL,NULL,NULL,"39.5"
"141599","97668","78316","21019","382337","Cancelled","2022-08-15 01:51:01",NULL,NULL,NULL,"39.5"
"143673","99137","79485","13219","387914","Cancelled","2022-02-08 23:39:00",NULL,NULL,NULL,"39.5"
"144654","99809","80029","17140","390560","Cancelled","2021-09-25 00:49:55",NULL,NULL,NULL,"39.5"
"150217","103655","83143","16064","405705","Cancelled","2022-04-10 17:46:17",NULL,NULL,NULL,"39.5"
"150455","103821","83296","1122","406355","Cancelled","2022-01-10 13:33:27",NULL,NULL,NULL,"39.5"
"153800","106119","85125","1693","415320","Cancelled","2021-01-23 23:13:13",NULL,NULL,NULL,"39.5"
"154597","106673","85571","14509","417466","Cancelled","2022-06-01 13:31:32",NULL,NULL,NULL,"39.5"
"154731","106764","85668","7062","417822","Cancelled","2020-12-18 02:02:32",NULL,NULL,NULL,"39.5"
"154918","106887","85760","27722","418320","Cancelled","2022-09-05 16:17:18.225177",NULL,NULL,NULL,"39.5"
"156163","107722","86414","17393","421642","Cancelled","2021-05-04 10:34:30",NULL,NULL,NULL,"39.5"
"162584","112140","89898","28049","439017","Cancelled","2022-08-22 03:34:16",NULL,NULL,NULL,"39.5"
"165887","114410","91715","21487","448033","Cancelled","2022-06-25 02:54:39",NULL,NULL,NULL,"39.5"
"166988","115159","92301","16374","450998","Cancelled","2020-03-23 09:09:32",NULL,NULL,NULL,"39.5"
"167343","115403","92504","8706","451946","Cancelled","2022-06-22 10:35:24",NULL,NULL,NULL,"39.5"
"172396","118880","95310","16016","465619","Cancelled","2022-07-16 03:58:59",NULL,NULL,NULL,"39.5"
"172786","119161","95522","489","466665","Cancelled","2022-06-03 02:00:54",NULL,NULL,NULL,"39.5"
"176545","121753","97650","17393","476818","Cancelled","2021-05-29 07:49:08",NULL,NULL,NULL,"39.5"
"198","144","118","27245","522","Processing","2022-06-02 13:09:21",NULL,NULL,NULL,"39.5"
"7594","5200","4220","27245","20588","Processing","2021-12-14 13:30:21",NULL,NULL,NULL,"39.5"
"10085","6937","5637","7657","27359","Processing","2021-04-04 17:40:56",NULL,NULL,NULL,"39.5"
"10431","7174","5841","16096","28277","Processing","2020-04-05 04:53:04",NULL,NULL,NULL,"39.5"
"10464","7199","5859","20038","28364","Processing","2021-05-16 07:37:53",NULL,NULL,NULL,"39.5"
"10632","7313","5954","17140","28816","Processing","2021-06-07 09:35:26",NULL,NULL,NULL,"39.5"
"11182","7690","6245","16752","30300","Processing","2021-06-16 15:26:15",NULL,NULL,NULL,"39.5"
"11938","8237","6658","27433","32362","Processing","2019-04-22 13:33:46",NULL,NULL,NULL,"39.5"
"14259","9815","7911","15066","38645","Processing","2022-01-11 02:58:14",NULL,NULL,NULL,"39.5"
"14576","10031","8069","7062","39491","Processing","2022-01-02 09:53:19",NULL,NULL,NULL,"39.5"
"15815","10850","8718","6475","42824","Processing","2022-05-07 04:05:04",NULL,NULL,NULL,"39.5"
"16966","11675","9401","27420","45940","Processing","2022-03-21 05:34:31",NULL,NULL,NULL,"39.5"
"18345","12612","10120","22950","49684","Processing","2020-12-27 12:09:31",NULL,NULL,NULL,"39.5"
"18562","12749","10227","6796","50259","Processing","2021-06-12 08:17:48",NULL,NULL,NULL,"39.5"
"18658","12825","10296","1462","50511","Processing","2021-10-10 15:00:28",NULL,NULL,NULL,"39.5"
"21956","15101","12055","28156","59350","Processing","2022-04-26 13:30:36",NULL,NULL,NULL,"39.5"
"23239","15988","12773","27245","62807","Processing","2022-03-15 23:55:04",NULL,NULL,NULL,"39.5"
"23687","16307","13046","20970","64040","Processing","2022-09-07 05:50:50",NULL,NULL,NULL,"39.5"
"23748","16343","13072","27420","64199","Processing","2022-02-08 07:11:30",NULL,NULL,NULL,"39.5"
"25653","17672","14112","2045","69325","Processing","2022-03-21 02:22:57",NULL,NULL,NULL,"39.5"
"25658","17676","14116","8716","69342","Processing","2022-07-02 09:03:08",NULL,NULL,NULL,"39.5"
"26021","17931","14328","24240","70310","Processing","2022-04-07 08:42:44",NULL,NULL,NULL,"39.5"
"28103","19375","15493","4131","75965","Processing","2020-06-27 07:04:43",NULL,NULL,NULL,"39.5"
"29534","20336","16236","27433","79835","Processing","2022-02-18 17:19:04",NULL,NULL,NULL,"39.5"
"29805","20533","16410","22300","80572","Processing","2019-11-26 05:36:26",NULL,NULL,NULL,"39.5"
"29909","20600","16477","1738","80856","Processing","2021-11-26 08:39:13",NULL,NULL,NULL,"39.5"
"31199","21468","17177","23484","84326","Processing","2021-05-04 23:45:25",NULL,NULL,NULL,"39.5"
"31466","21650","17315","28102","85045","Processing","2021-07-22 07:40:21",NULL,NULL,NULL,"39.5"
"32231","22176","17738","16011","87079","Processing","2021-12-29 13:45:13",NULL,NULL,NULL,"39.5"
"33028","22739","18157","21130","89226","Processing","2022-01-27 11:18:40",NULL,NULL,NULL,"39.5"
"33178","22843","18231","5196","89624","Processing","2022-08-26 07:12:49",NULL,NULL,NULL,"39.5"
"38492","26508","21184","6879","103905","Processing","2020-04-19 16:39:10",NULL,NULL,NULL,"39.5"
"38887","26783","21393","20038","104983","Processing","2021-03-15 10:06:03",NULL,NULL,NULL,"39.5"
"39183","26979","21548","16096","105795","Processing","2022-07-01 07:10:49",NULL,NULL,NULL,"39.5"
"39803","27405","21881","27531","107448","Processing","2022-07-16 05:57:23",NULL,NULL,NULL,"39.5"
"41762","28728","22917","27245","112734","Processing","2022-07-21 08:56:23",NULL,NULL,NULL,"39.5"
"42281","29087","23194","27342","114161","Processing","2022-08-02 05:45:29",NULL,NULL,NULL,"39.5"
"43776","30113","24007","16752","118230","Processing","2021-10-08 23:46:27",NULL,NULL,NULL,"39.5"
"44225","30432","24289","17393","119445","Processing","2021-11-27 09:44:20",NULL,NULL,NULL,"39.5"
"45102","31058","24794","7062","121807","Processing","2021-01-07 03:52:14",NULL,NULL,NULL,"39.5"
"47691","32861","26240","17587","128723","Processing","2022-09-04 02:44:22.671941",NULL,NULL,NULL,"39.5"
"47726","32880","26259","16256","128817","Processing","2022-08-30 17:29:28",NULL,NULL,NULL,"39.5"
"50546","34825","27793","6469","136440","Processing","2020-11-13 08:54:13",NULL,NULL,NULL,"39.5"
"51045","35187","28086","27342","137788","Processing","2022-07-05 17:11:36",NULL,NULL,NULL,"39.5"
"52592","36243","28949","16068","141927","Processing","2022-07-03 09:57:41",NULL,NULL,NULL,"39.5"
"53097","36605","29250","21321","143278","Processing","2021-04-20 01:43:11",NULL,NULL,NULL,"39.5"
"54792","37776","30176","28102","147865","Processing","2022-03-06 23:42:40",NULL,NULL,NULL,"39.5"
"54895","37843","30227","5196","148136","Processing","2022-07-14 13:17:02",NULL,NULL,NULL,"39.5"
"55322","38133","30466","28482","149260","Processing","2021-06-03 10:28:21",NULL,NULL,NULL,"39.5"
"56930","39237","31362","16011","153649","Processing","2020-06-11 11:36:25",NULL,NULL,NULL,"39.5"
"58075","40025","31980","27342","156729","Processing","2021-11-05 02:45:31",NULL,NULL,NULL,"39.5"
"58132","40067","32015","8364","156868","Processing","2022-06-01 08:28:08",NULL,NULL,NULL,"39.5"
"59093","40727","32526","16581","159468","Processing","2021-11-17 13:11:52",NULL,NULL,NULL,"39.5"
"59298","40861","32632","16096","160048","Processing","2020-10-03 08:59:13",NULL,NULL,NULL,"39.5"
"60272","41511","33171","27433","162715","Processing","2022-02-17 08:32:56",NULL,NULL,NULL,"39.5"
"60941","41974","33550","17627","164523","Processing","2022-09-06 03:55:15",NULL,NULL,NULL,"39.5"
"62945","43337","34653","28156","169945","Processing","2022-06-20 10:58:03",NULL,NULL,NULL,"39.5"
"63325","43599","34860","13401","170991","Processing","2022-07-31 23:37:49",NULL,NULL,NULL,"39.5"
"63481","43708","34950","1885","171388","Processing","2021-11-08 14:43:39",NULL,NULL,NULL,"39.5"
"63888","43981","35179","6366","172466","Processing","2022-04-15 23:17:37",NULL,NULL,NULL,"39.5"
"64711","44544","35640","4124","174719","Processing","2022-04-25 05:51:35",NULL,NULL,NULL,"39.5"
"64817","44616","35694","23060","175024","Processing","2021-07-06 10:48:49",NULL,NULL,NULL,"39.5"
"65104","44821","35840","25584","175797","Processing","2022-08-31 17:09:32",NULL,NULL,NULL,"39.5"
"65414","45045","36002","23484","176640","Processing","2022-05-14 09:00:24",NULL,NULL,NULL,"39.5"
"66130","45511","36385","4851","178571","Processing","2021-09-01 00:22:17",NULL,NULL,NULL,"39.5"
"68083","46849","37479","1829","183818","Processing","2022-03-19 16:00:35",NULL,NULL,NULL,"39.5"
"71106","48954","39167","22950","191964","Processing","2022-07-30 23:21:59",NULL,NULL,NULL,"39.5"
"72211","49729","39803","14583","194935","Processing","2020-08-16 12:14:56",NULL,NULL,NULL,"39.5"
"72876","50203","40187","4851","196775","Processing","2022-07-25 11:13:09",NULL,NULL,NULL,"39.5"
"73727","50774","40625","25427","199061","Processing","2022-06-22 05:00:04",NULL,NULL,NULL,"39.5"
"73890","50895","40715","21366","199506","Processing","2022-07-14 07:32:08",NULL,NULL,NULL,"39.5"
"76395","52658","42132","8496","206294","Processing","2022-04-23 08:09:28",NULL,NULL,NULL,"39.5"
"77115","53170","42539","16654","208206","Processing","2019-01-28 09:08:13",NULL,NULL,NULL,"39.5"
"77226","53245","42607","4133","208503","Processing","2020-02-06 05:56:31",NULL,NULL,NULL,"39.5"
"78021","53803","43039","28102","210624","Processing","2021-11-24 22:48:04",NULL,NULL,NULL,"39.5"
"80573","55571","44420","8692","217592","Processing","2022-05-03 15:50:59",NULL,NULL,NULL,"39.5"
"81158","55980","44752","24161","219177","Processing","2022-05-31 10:56:10",NULL,NULL,NULL,"39.5"
"81253","56046","44796","27245","219434","Processing","2021-08-02 13:05:43",NULL,NULL,NULL,"39.5"
"81923","56519","45175","22300","221228","Processing","2021-11-05 09:27:20",NULL,NULL,NULL,"39.5"
"82359","56843","45459","23484","222401","Processing","2022-07-15 14:22:10",NULL,NULL,NULL,"39.5"
"83429","57614","46059","16845","225319","Processing","2022-08-20 06:50:41",NULL,NULL,NULL,"39.5"
"84136","58117","46467","27342","227249","Processing","2022-03-09 22:24:29",NULL,NULL,NULL,"39.5"
"84471","58357","46677","27420","228143","Processing","2021-08-30 12:09:52",NULL,NULL,NULL,"39.5"
"85275","58927","47111","2742","230347","Processing","2022-06-30 00:52:09",NULL,NULL,NULL,"39.5"
"85719","59240","47379","24161","231543","Processing","2021-06-28 02:57:08",NULL,NULL,NULL,"39.5"
"86407","59705","47768","16692","233411","Processing","2022-06-27 08:42:42",NULL,NULL,NULL,"39.5"
"87190","60248","48222","20038","235543","Processing","2022-09-05 14:27:03",NULL,NULL,NULL,"39.5"
"87344","60353","48309","22950","235961","Processing","2022-09-04 11:12:08.751754",NULL,NULL,NULL,"39.5"
"88839","61407","49166","21366","240023","Processing","2021-01-06 10:16:35",NULL,NULL,NULL,"39.5"
"90017","62220","49803","4133","243173","Processing","2021-08-21 13:05:15",NULL,NULL,NULL,"39.5"
"92294","63765","51051","17431","249284","Processing","2021-10-23 13:18:27",NULL,NULL,NULL,"39.5"
"93971","64925","51957","23006","253817","Processing","2022-08-18 22:39:27",NULL,NULL,NULL,"39.5"
"94508","65290","52234","6912","255290","Processing","2022-07-09 07:39:26",NULL,NULL,NULL,"39.5"
"95912","66290","53007","7657","259096","Processing","2022-02-05 02:22:26",NULL,NULL,NULL,"39.5"
"97436","67339","53806","6469","263186","Processing","2020-05-24 01:08:54",NULL,NULL,NULL,"39.5"
"99930","69069","55227","15066","269918","Processing","2020-12-17 11:24:36",NULL,NULL,NULL,"39.5"
"101249","69966","55942","21024","273438","Processing","2022-01-29 06:22:36",NULL,NULL,NULL,"39.5"
"101963","70460","56330","1885","275386","Processing","2022-01-31 06:36:03",NULL,NULL,NULL,"39.5"
"102970","71145","56871","1041","278121","Processing","2022-04-28 03:55:07",NULL,NULL,NULL,"39.5"
"103130","71257","56958","7657","278562","Processing","2020-07-18 00:39:28",NULL,NULL,NULL,"39.5"
"103176","71289","56981","16692","278683","Processing","2021-10-17 07:58:17",NULL,NULL,NULL,"39.5"
"103771","71715","57345","1693","280320","Processing","2021-07-23 16:00:07",NULL,NULL,NULL,"39.5"
"105389","72825","58252","27722","284654","Processing","2022-06-11 01:04:04",NULL,NULL,NULL,"39.5"
"105553","72933","58335","363","285093","Processing","2022-09-03 03:36:44",NULL,NULL,NULL,"39.5"
"106350","73495","58771","23382","287266","Processing","2020-08-29 07:04:17",NULL,NULL,NULL,"39.5"
"108013","74617","59654","8364","291779","Processing","2021-10-10 23:10:45",NULL,NULL,NULL,"39.5"
"108956","75265","60178","27730","294320","Processing","2021-05-25 05:39:46",NULL,NULL,NULL,"39.5"
"109186","75422","60304","13383","294928","Processing","2022-01-03 09:36:35",NULL,NULL,NULL,"39.5"
"109562","75685","60496","20038","295941","Processing","2022-07-25 22:38:34",NULL,NULL,NULL,"39.5"
"109725","75788","60591","21518","296393","Processing","2022-07-31 02:21:52",NULL,NULL,NULL,"39.5"
"110613","76410","61108","14945","298730","Processing","2022-01-21 08:23:42",NULL,NULL,NULL,"39.5"
"111031","76707","61360","5196","299865","Processing","2022-05-15 11:54:11",NULL,NULL,NULL,"39.5"
"111394","76952","61574","21321","300850","Processing","2020-08-30 14:14:39",NULL,NULL,NULL,"39.5"
"112707","77848","62267","27433","304416","Processing","2022-06-21 06:53:27",NULL,NULL,NULL,"39.5"
"113311","78273","62607","16096","306050","Processing","2022-01-08 08:02:59",NULL,NULL,NULL,"39.5"
"114899","79362","63485","23382","310333","Processing","2022-04-02 01:25:31",NULL,NULL,NULL,"39.5"
"115062","79466","63587","6796","310779","Processing","2022-08-29 07:32:10",NULL,NULL,NULL,"39.5"
"116454","80417","64374","27245","314528","Processing","2022-05-02 03:33:12",NULL,NULL,NULL,"39.5"
"116942","80738","64640","643","315808","Processing","2022-06-07 07:13:21",NULL,NULL,NULL,"39.5"
"117395","81034","64898","27342","317009","Processing","2021-12-12 07:52:27",NULL,NULL,NULL,"39.5"
"117563","81156","65002","2742","317456","Processing","2022-03-15 12:27:53",NULL,NULL,NULL,"39.5"
"117942","81412","65199","5196","318497","Processing","2019-09-18 14:16:38",NULL,NULL,NULL,"39.5"
"119523","82508","66057","14583","322699","Processing","2021-08-30 16:21:06",NULL,NULL,NULL,"39.5"
"120947","83468","66838","23298","326568","Processing","2019-11-20 02:10:17",NULL,NULL,NULL,"39.5"
"121195","83639","66970","16256","327251","Processing","2022-08-21 01:22:20",NULL,NULL,NULL,"39.5"
"121288","83704","67022","27337","327499","Processing","2021-06-03 14:32:44",NULL,NULL,NULL,"39.5"
"121295","83708","67025","4719","327516","Processing","2022-07-13 22:40:14",NULL,NULL,NULL,"39.5"
"121714","83983","67239","4124","328639","Processing","2022-05-08 23:16:27",NULL,NULL,NULL,"39.5"
"122587","84576","67695","27342","330992","Processing","2022-05-21 11:15:27",NULL,NULL,NULL,"39.5"
"123804","85410","68351","27722","334245","Processing","2020-01-16 00:28:52",NULL,NULL,NULL,"39.5"
"124616","85966","68805","14911","336414","Processing","2022-07-24 00:49:53",NULL,NULL,NULL,"39.5"
"124856","86140","68930","16241","337082","Processing","2021-05-14 03:24:55",NULL,NULL,NULL,"39.5"
"125837","86791","69449","21110","339730","Processing","2021-11-06 05:39:22",NULL,NULL,NULL,"39.5"
"128308","88492","70884","23298","346448","Processing","2022-02-24 12:27:23",NULL,NULL,NULL,"39.5"
"130488","90007","72095","4460","352310","Processing","2022-05-21 09:47:28",NULL,NULL,NULL,"39.5"
"131181","90482","72483","15094","354191","Processing","2022-08-27 21:53:04",NULL,NULL,NULL,"39.5"
"131244","90528","72523","16016","354364","Processing","2021-07-24 06:59:49",NULL,NULL,NULL,"39.5"
"131398","90637","72618","17140","354782","Processing","2020-02-06 11:34:53",NULL,NULL,NULL,"39.5"
"134192","92590","74175","27433","362352","Processing","2022-07-03 17:37:46",NULL,NULL,NULL,"39.5"
"134370","92709","74272","5196","362835","Processing","2021-12-24 00:43:58",NULL,NULL,NULL,"39.5"
"136311","94068","75395","21518","368087","Processing","2022-03-02 11:21:22",NULL,NULL,NULL,"39.5"
"137163","94652","75870","21038","370375","Processing","2022-08-12 18:16:44",NULL,NULL,NULL,"39.5"
"137739","95046","76192","6806","371903","Processing","2020-09-14 00:39:19",NULL,NULL,NULL,"39.5"
"139524","96255","77198","21588","376765","Processing","2021-12-18 00:37:17",NULL,NULL,NULL,"39.5"
"139606","96306","77242","1734","376981","Processing","2019-08-22 15:43:04",NULL,NULL,NULL,"39.5"
"139937","96529","77408","5196","377860","Processing","2021-10-25 10:52:17",NULL,NULL,NULL,"39.5"
"141039","97282","78017","3988","380802","Processing","2020-05-04 12:46:07",NULL,NULL,NULL,"39.5"
"143318","98894","79298","1738","386967","Processing","2021-10-08 06:48:04",NULL,NULL,NULL,"39.5"
"143436","98977","79363","23484","387272","Processing","2022-08-01 03:01:19",NULL,NULL,NULL,"39.5"
"143449","98986","79368","23006","387301","Processing","2021-11-01 12:24:16",NULL,NULL,NULL,"39.5"
"143597","99080","79450","17393","387715","Processing","2022-08-31 22:08:49",NULL,NULL,NULL,"39.5"
"144121","99439","79729","13512","389124","Processing","2022-01-04 15:28:00",NULL,NULL,NULL,"39.5"
"144505","99702","79942","16064","390161","Processing","2022-03-27 03:32:21",NULL,NULL,NULL,"39.5"
"145957","100714","80804","17587","394119","Processing","2020-09-12 12:04:52",NULL,NULL,NULL,"39.5"
"147183","101546","81452","4133","397407","Processing","2021-11-26 06:18:16",NULL,NULL,NULL,"39.5"
"148212","102278","82049","6912","400186","Processing","2022-06-08 14:12:16",NULL,NULL,NULL,"39.5"
"149624","103270","82830","17140","404048","Processing","2022-01-23 01:56:50",NULL,NULL,NULL,"39.5"
"150765","104038","83465","27451","407179","Processing","2022-02-12 23:42:30",NULL,NULL,NULL,"39.5"
"153399","105829","84892","16011","414277","Processing","2021-07-06 03:02:19",NULL,NULL,NULL,"39.5"
"154199","106394","85337","21373","416388","Processing","2020-06-14 21:37:34",NULL,NULL,NULL,"39.5"
"154398","106530","85453","22902","416907","Processing","2022-02-14 00:06:21",NULL,NULL,NULL,"39.5"
"155249","107107","85933","16010","419212","Processing","2022-04-18 13:45:27",NULL,NULL,NULL,"39.5"
"155481","107266","86071","16581","419831","Processing","2021-09-27 01:28:48",NULL,NULL,NULL,"39.5"
"156842","108183","86771","8706","423484","Processing","2021-06-19 13:28:13",NULL,NULL,NULL,"39.5"
"156859","108194","86780","27785","423527","Processing","2021-02-06 03:26:47",NULL,NULL,NULL,"39.5"
"158397","109255","87625","16256","427661","Processing","2022-08-25 06:22:41",NULL,NULL,NULL,"39.5"
"158761","109502","87813","1693","428651","Processing","2022-01-19 22:05:58",NULL,NULL,NULL,"39.5"
"159145","109780","88042","16692","429679","Processing","2020-06-20 10:08:50",NULL,NULL,NULL,"39.5"
"161237","111215","89169","6366","435332","Processing","2021-02-09 00:17:13",NULL,NULL,NULL,"39.5"
"161737","111568","89449","13229","436711","Processing","2022-07-12 05:16:31",NULL,NULL,NULL,"39.5"
"162243","111895","89712","6796","438093","Processing","2022-03-14 08:56:42",NULL,NULL,NULL,"39.5"
"162609","112157","89913","6469","439083","Processing","2019-08-24 10:17:41",NULL,NULL,NULL,"39.5"
"163237","112591","90290","6912","440774","Processing","2021-11-16 03:01:57",NULL,NULL,NULL,"39.5"
"163320","112653","90329","27730","440991","Processing","2022-07-30 05:41:26",NULL,NULL,NULL,"39.5"
"166589","114880","92098","17584","449926","Processing","2022-08-28 12:55:09",NULL,NULL,NULL,"39.5"
"166665","114935","92136","7062","450126","Processing","2019-04-08 03:42:01",NULL,NULL,NULL,"39.5"
"167582","115566","92628","21024","452574","Processing","2022-09-04 13:12:08",NULL,NULL,NULL,"39.5"
"167877","115770","92812","6633","453350","Processing","2021-09-06 08:20:41",NULL,NULL,NULL,"39.5"
"170157","117333","94090","1738","459517","Processing","2022-04-30 02:54:59",NULL,NULL,NULL,"39.5"
"171971","118578","95063","13401","464462","Processing","2021-12-05 08:44:10",NULL,NULL,NULL,"39.5"
"172115","118682","95149","27553","464858","Processing","2022-03-20 12:31:09",NULL,NULL,NULL,"39.5"
"172551","118996","95393","28102","466020","Processing","2020-10-21 01:05:01",NULL,NULL,NULL,"39.5"
"172759","119140","95504","16068","466593","Processing","2021-09-28 10:36:06",NULL,NULL,NULL,"39.5"
"175294","120884","96915","16845","473392","Processing","2021-05-03 01:24:04",NULL,NULL,NULL,"39.5"
"177814","122639","98374","3988","480217","Processing","2021-10-21 11:07:46",NULL,NULL,NULL,"39.5"
"177990","122766","98467","117","480688","Processing","2022-08-19 10:15:08",NULL,NULL,NULL,"39.5"
"179384","123723","99255","6879","484434","Processing","2021-08-01 09:24:30",NULL,NULL,NULL,"39.5"
"179649","123900","99379","21373","485142","Processing","2022-03-16 13:31:43",NULL,NULL,NULL,"39.5"
"180239","124291","99689","27245","486736","Processing","2021-02-05 04:26:01",NULL,NULL,NULL,"39.5"
"180697","124620","99927","2045","487956","Processing","2019-08-22 09:27:15",NULL,NULL,NULL,"39.5"
"180753","124662","99965","5335","488121","Processing","2020-02-25 12:24:56",NULL,NULL,NULL,"39.5"
"126138","87002","69636","17104","340577","Returned","2021-06-28 08:04:56","2021-06-30 13:01:00","2021-07-01 20:13:00","2021-07-01 22:48:00","41.5"
"91461","63196","50601","17104","247063","Cancelled","2022-07-15 23:06:48",NULL,NULL,NULL,"41.5"
"91832","63454","50810","17104","248055","Cancelled","2022-07-12 08:14:46",NULL,NULL,NULL,"41.5"
"7468","5110","4145","27779","20234","Shipped","2021-03-09 09:29:30","2021-03-10 03:39:00",NULL,NULL,"43.5"
"42415","29179","23270","17181","114530","Shipped","2021-08-09 15:01:43","2021-08-11 05:50:00",NULL,NULL,"43.5"
"44638","30724","24522","27779","120564","Shipped","2022-01-23 15:17:36","2022-01-24 18:13:00",NULL,NULL,"43.5"
"88370","61068","48895","15018","238726","Shipped","2022-07-30 01:17:04","2022-07-30 21:45:00",NULL,NULL,"43.5"
"130179","89786","71913","15191","351477","Shipped","2020-04-08 08:35:25","2020-04-05 12:30:00",NULL,NULL,"43.5"
"136336","94087","75410","27779","368153","Shipped","2021-05-29 08:44:25","2021-05-28 11:19:00",NULL,NULL,"43.5"
"152117","104959","84227","15018","410831","Shipped","2022-08-07 10:41:48","2022-08-08 00:46:00",NULL,NULL,"43.5"
"10397","7153","5822","17181","28181","Complete","2020-10-13 14:26:23","2020-10-14 16:46:00","2020-10-18 01:49:00",NULL,"43.5"
"37350","25718","20545","15018","100858","Complete","2020-09-09 13:28:47","2020-09-08 23:16:00","2020-09-12 06:15:00",NULL,"43.5"
"87665","60578","48509","27779","236826","Complete","2022-06-29 02:46:29","2022-06-29 05:17:00","2022-07-01 03:24:00",NULL,"43.5"
"115823","79982","64009","17181","312804","Complete","2021-08-08 23:48:53","2021-08-09 13:40:00","2021-08-12 16:50:00",NULL,"43.5"
"154431","106557","85475","17181","417000","Complete","2021-10-04 00:49:36","2021-10-04 18:53:00","2021-10-06 05:50:00",NULL,"43.5"
"13027","8993","7254","17181","35290","Returned","2021-04-16 22:16:07","2021-04-17 17:48:00","2021-04-17 18:21:00","2021-04-19 13:29:00","43.5"
"35593","24495","19575","27779","96123","Returned","2022-02-15 23:52:18","2022-02-14 07:07:00","2022-02-17 00:04:00","2022-02-18 13:11:00","43.5"
"528","377","329","27779","1396","Cancelled","2021-11-28 09:33:32",NULL,NULL,NULL,"43.5"
"29024","19982","15953","27779","78471","Cancelled","2022-03-20 05:37:52",NULL,NULL,NULL,"43.5"
"166996","115164","92306","15191","451021","Cancelled","2021-10-23 02:41:15",NULL,NULL,NULL,"43.5"
"44987","30975","24729","15018","121499","Processing","2022-09-05 06:29:38.627594",NULL,NULL,NULL,"43.5"
"128066","88324","70739","17181","345787","Processing","2022-04-12 15:44:19",NULL,NULL,NULL,"43.5"
"130709","90165","72207","15191","352926","Processing","2020-12-04 07:28:29",NULL,NULL,NULL,"43.5"
"151122","104282","83661","15191","408134","Processing","2021-07-27 07:20:22",NULL,NULL,NULL,"43.5"
"177076","122123","97930","17181","478246","Processing","2022-08-29 04:38:10",NULL,NULL,NULL,"43.5"
"20448","14060","11269","22590","55342","Shipped","2019-04-06 01:31:20","2019-04-08 09:12:00",NULL,NULL,"45.5"
"22631","15564","12442","26912","61168","Shipped","2022-08-22 00:34:03","2022-08-24 07:45:00",NULL,NULL,"45.5"
"44435","30587","24416","26912","120013","Shipped","2022-06-28 12:54:23","2022-06-29 05:46:00",NULL,NULL,"45.5"
"52689","36315","29006","26912","142182","Shipped","2022-08-31 15:23:50","2022-08-29 03:32:00",NULL,NULL,"45.5"
"53056","36574","29225","16535","143165","Shipped","2022-05-16 14:12:37","2022-05-19 15:54:00",NULL,NULL,"45.5"
"59338","40888","32656","26912","160160","Shipped","2022-06-26 04:01:53","2022-06-23 18:21:00",NULL,NULL,"45.5"
"65873","45348","36252","26708","177866","Shipped","2022-04-26 01:06:47","2022-04-25 20:51:00",NULL,NULL,"45.5"
"67080","46146","36900","22590","181133","Shipped","2022-04-11 05:38:01","2022-04-13 01:28:00",NULL,NULL,"45.5"
"74906","51613","41302","3013","202243","Shipped","2021-07-18 23:29:40","2021-07-20 01:58:00",NULL,NULL,"45.5"
"96156","66458","53132","26708","259736","Shipped","2020-03-14 01:35:22","2020-03-14 09:47:00",NULL,NULL,"45.5"
"116799","80635","64563","26507","315444","Shipped","2020-06-11 04:08:28","2020-06-12 20:28:00",NULL,NULL,"45.5"
"120733","83323","66720","3013","325997","Shipped","2022-06-05 23:23:28","2022-06-06 05:23:00",NULL,NULL,"45.5"
"124965","86212","68979","3013","337380","Shipped","2021-06-01 08:43:45","2021-05-29 17:15:00",NULL,NULL,"45.5"
"137948","95194","76306","27307","372480","Shipped","2022-01-09 09:20:06","2022-01-11 19:47:00",NULL,NULL,"45.5"
"153261","105729","84813","26507","413896","Shipped","2021-10-30 04:13:01","2021-10-31 21:04:00",NULL,NULL,"45.5"
"156040","107645","86354","27307","421313","Shipped","2022-04-11 12:02:32","2022-04-13 13:38:00",NULL,NULL,"45.5"
"160547","110759","88817","26708","433489","Shipped","2021-01-21 15:16:01","2021-01-22 18:36:00",NULL,NULL,"45.5"
"177835","122654","98382","26507","480268","Shipped","2022-08-06 03:13:52","2022-08-07 21:36:00",NULL,NULL,"45.5"
"16251","11170","8979","26551","43987","Complete","2020-01-20 06:39:59","2020-01-21 11:22:00","2020-01-24 21:02:00",NULL,"45.5"
"28685","19751","15791","22590","77528","Complete","2022-05-25 10:25:34","2022-05-26 04:40:00","2022-05-28 15:26:00",NULL,"45.5"
"56126","38691","30933","26551","151461","Complete","2022-07-30 23:17:10","2022-08-02 00:52:00","2022-08-05 17:01:00",NULL,"45.5"
"83392","57584","46031","22590","225222","Complete","2022-08-09 10:35:42","2022-08-11 02:24:00","2022-08-11 14:02:00",NULL,"45.5"
"84404","58313","46639","27307","227962","Complete","2022-06-08 07:28:23","2022-06-05 23:05:00","2022-06-10 11:27:00",NULL,"45.5"
"88024","60840","48699","26507","237793","Complete","2021-10-03 14:10:56","2021-10-04 16:42:00","2021-10-08 19:19:00",NULL,"45.5"
"121726","83990","67246","16535","328674","Complete","2022-06-12 10:27:20","2022-06-10 12:32:00","2022-06-13 09:12:00",NULL,"45.5"
"139073","95964","76948","22590","375551","Complete","2021-06-13 23:27:20","2021-06-16 03:49:00","2021-06-17 01:18:00",NULL,"45.5"
"145985","100733","80823","16535","394193","Complete","2020-01-21 11:27:12","2020-01-21 14:30:00","2020-01-25 16:59:00",NULL,"45.5"
"146450","101045","81070","26912","395455","Complete","2020-06-07 06:34:24","2020-06-04 07:54:00","2020-06-05 23:37:00",NULL,"45.5"
"152315","105090","84329","26507","411350","Complete","2022-04-03 01:43:32","2022-04-05 23:41:00","2022-04-06 13:47:00",NULL,"45.5"
"154303","106464","85395","3013","416658","Complete","2020-09-09 13:48:24","2020-09-12 09:20:00","2020-09-16 22:08:00",NULL,"45.5"
"160374","110643","88720","26551","433016","Complete","2020-02-04 01:56:35","2020-02-06 13:43:00","2020-02-07 07:04:00",NULL,"45.5"
"178050","122802","98501","27307","480843","Complete","2022-06-08 22:35:44","2022-06-11 23:41:00","2022-06-12 16:49:00",NULL,"45.5"
"25843","17809","14237","26551","69834","Returned","2021-10-14 04:09:16","2021-10-16 19:24:00","2021-10-19 14:52:00","2021-10-22 07:08:00","45.5"
"43940","30228","24104","26912","118675","Returned","2021-11-10 05:13:35","2021-11-08 08:48:00","2021-11-10 19:32:00","2021-11-11 20:03:00","45.5"
"44657","30737","24530","26912","120617","Cancelled","2022-01-23 02:00:32",NULL,NULL,NULL,"45.5"
"52062","35878","28661","16535","140519","Cancelled","2022-03-05 21:15:31",NULL,NULL,NULL,"45.5"
"116200","80235","64225","26708","313833","Cancelled","2022-08-31 11:35:57",NULL,NULL,NULL,"45.5"
"39738","27359","21847","26507","107264","Processing","2021-04-30 21:07:38",NULL,NULL,NULL,"45.5"
"63322","43597","34859","16535","170982","Processing","2022-05-24 14:56:13",NULL,NULL,NULL,"45.5"
"123642","85300","68266","26551","333812","Processing","2022-07-14 15:12:36",NULL,NULL,NULL,"45.5"
"138788","95774","76787","26708","374768","Processing","2022-08-15 04:09:02",NULL,NULL,NULL,"45.5"
"161274","111245","89188","26912","435434","Processing","2022-08-28 13:24:05",NULL,NULL,NULL,"45.5"
"20376","14012","11232","28888","55153","Shipped","2022-03-21 22:22:13","2022-03-23 00:44:00",NULL,NULL,"47.5"
"168941","116519","93414","17081","456218","Shipped","2021-04-10 02:24:34","2021-04-09 09:37:00",NULL,NULL,"47.5"
"175628","121121","97114","17081","474306","Shipped","2022-09-04 17:21:44","2022-09-05 07:44:00",NULL,NULL,"47.5"
"178683","123246","98854","28888","482549","Shipped","2022-04-05 15:25:19","2022-04-05 11:24:00",NULL,NULL,"47.5"
"82254","56765","45394","17081","222114","Complete","2020-04-18 10:33:18","2020-04-19 16:17:00","2020-04-20 11:59:00",NULL,"47.5"
"101493","70128","56061","17081","274116","Complete","2019-11-24 10:43:28","2019-11-24 13:43:00","2019-11-28 03:10:00",NULL,"47.5"
"168610","116273","93228","20845","455335","Complete","2022-06-02 23:59:30","2022-05-31 16:32:00","2022-06-01 18:09:00",NULL,"47.5"
"178930","123416","98993","17081","483206","Complete","2022-08-04 13:59:04","2022-08-04 09:55:00","2022-08-06 21:25:00",NULL,"47.5"
"9398","6460","5244","17081","25488","Returned","2022-02-15 05:37:58","2022-02-18 03:16:00","2022-02-21 17:08:00","2022-02-23 22:11:00","47.5"
"36267","24973","19965","17081","97918","Returned","2022-08-22 03:39:43","2022-08-18 18:41:00","2022-08-23 01:29:00","2022-08-23 06:54:00","47.5"
"110923","76633","61297","20845","299573","Cancelled","2021-07-09 02:27:10",NULL,NULL,NULL,"47.5"
"147244","101591","81486","17081","397568","Cancelled","2020-09-04 06:22:56",NULL,NULL,NULL,"47.5"
"158393","109252","87622","28888","427648","Cancelled","2019-09-10 00:24:39",NULL,NULL,NULL,"47.5"
"7769","5325","4310","20845","21074","Processing","2021-05-15 01:50:12",NULL,NULL,NULL,"47.5"
"46317","31878","25439","17081","125069","Processing","2020-05-09 15:40:25",NULL,NULL,NULL,"47.5"
"146402","101015","81041","28888","395331","Processing","2022-04-13 13:15:28",NULL,NULL,NULL,"47.5"
"149849","103418","82954","17081","404667","Processing","2021-04-26 04:29:08",NULL,NULL,NULL,"47.5"
"177284","122260","98031","17081","478796","Processing","2022-06-08 16:02:26",NULL,NULL,NULL,"47.5"
"332","238","205","17559","877","Shipped","2022-06-23 14:48:10","2022-06-25 09:26:00",NULL,NULL,"49.5"
"765","545","460","22073","2052","Shipped","2020-10-15 01:03:25","2020-10-15 13:01:00",NULL,NULL,"49.5"
"1129","783","661","22565","3048","Shipped","2021-09-04 09:24:55","2021-09-03 10:23:00",NULL,NULL,"49.5"
"1525","1058","875","19030","4135","Shipped","2022-09-04 14:54:05","2022-09-04 10:49:00",NULL,NULL,"49.5"
"1856","1296","1042","17613","5027","Shipped","2021-01-08 12:45:42","2021-01-10 21:40:00",NULL,NULL,"49.5"
"2455","1684","1358","6365","6644","Shipped","2021-12-28 06:11:23","2021-12-29 21:09:00",NULL,NULL,"49.5"
"3586","2426","1966","19009","9697","Shipped","2021-06-07 11:41:34","2021-06-07 22:46:00",NULL,NULL,"49.5"
"3741","2534","2050","17234","10118","Shipped","2022-08-19 03:29:09","2022-08-20 15:24:00",NULL,NULL,"49.5"
"4125","2800","2248","10601","11174","Shipped","2021-03-02 22:13:12","2021-03-02 17:58:00",NULL,NULL,"49.5"
"5633","3838","3126","28024","15245","Shipped","2021-06-11 02:14:09","2021-06-11 07:43:00",NULL,NULL,"49.5"
"7004","4779","3873","17613","18963","Shipped","2021-02-22 08:50:29","2021-02-23 22:04:00",NULL,NULL,"49.5"
"7131","4861","3939","15994","19313","Shipped","2021-06-15 02:37:59","2021-06-15 10:07:00",NULL,NULL,"49.5"
"7618","5217","4229","1419","20657","Shipped","2021-05-07 05:18:59","2021-05-07 12:41:00",NULL,NULL,"49.5"
"7813","5355","4335","27706","21197","Shipped","2022-02-16 02:42:42","2022-02-14 14:21:00",NULL,NULL,"49.5"
"7867","5386","4364","13535","21339","Shipped","2022-07-27 09:22:53","2022-07-29 08:53:00",NULL,NULL,"49.5"
"8563","5865","4746","22053","23234","Shipped","2022-01-10 16:32:34","2022-01-13 11:57:00",NULL,NULL,"49.5"
"9075","6220","5028","17337","24606","Shipped","2021-11-07 04:34:08","2021-11-07 01:43:00",NULL,NULL,"49.5"
"9147","6269","5077","5210","24790","Shipped","2021-07-29 02:32:50","2021-07-31 05:10:00",NULL,NULL,"49.5"
"9295","6374","5166","27396","25202","Shipped","2022-02-06 07:33:39","2022-02-08 15:49:00",NULL,NULL,"49.5"
"9370","6434","5223","3800","25411","Shipped","2022-04-11 10:31:02","2022-04-11 02:43:00",NULL,NULL,"49.5"
"9513","6545","5310","2224","25800","Shipped","2022-03-19 14:53:26","2022-03-22 06:08:00",NULL,NULL,"49.5"
"9739","6704","5431","22702","26430","Shipped","2022-04-15 06:19:00","2022-04-13 15:40:00",NULL,NULL,"49.5"
"10532","7243","5893","28181","28554","Shipped","2020-02-08 13:24:51","2020-02-08 13:51:00",NULL,NULL,"49.5"
"11191","7695","6249","1763","30323","Shipped","2020-04-19 03:44:39","2020-04-18 13:29:00",NULL,NULL,"49.5"
"11507","7921","6424","22892","31178","Shipped","2021-09-24 06:58:28","2021-09-27 00:23:00",NULL,NULL,"49.5"
"11597","7981","6475","10601","31425","Shipped","2022-08-22 03:14:51","2022-08-20 15:08:00",NULL,NULL,"49.5"
"11646","8017","6504","27984","31558","Shipped","2022-07-30 22:37:25","2022-07-31 02:27:00",NULL,NULL,"49.5"
"12552","8654","6984","5470","34008","Shipped","2021-12-16 01:31:19","2021-12-17 15:01:00",NULL,NULL,"49.5"
"12915","8911","7191","27415","34992","Shipped","2020-01-06 02:32:49","2020-01-08 06:58:00",NULL,NULL,"49.5"
"14216","9782","7886","22702","38524","Shipped","2021-10-22 11:26:37","2021-10-22 17:07:00",NULL,NULL,"49.5"
"14540","10009","8054","27614","39398","Shipped","2019-11-30 03:35:28","2019-11-30 18:52:00",NULL,NULL,"49.5"
"15023","10327","8310","28144","40697","Shipped","2022-06-11 22:58:29","2022-06-11 13:19:00",NULL,NULL,"49.5"
"15160","10420","8384","27430","41065","Shipped","2021-08-10 02:16:49","2021-08-11 13:16:00",NULL,NULL,"49.5"
"15331","10529","8471","19089","41526","Shipped","2022-04-30 07:01:22","2022-04-28 14:03:00",NULL,NULL,"49.5"
"15670","10746","8634","17309","42437","Shipped","2021-04-15 05:40:47","2021-04-13 08:58:00",NULL,NULL,"49.5"
"15771","10822","8695","6365","42704","Shipped","2020-01-29 11:35:13","2020-01-27 16:31:00",NULL,NULL,"49.5"
"15822","10856","8724","13142","42839","Shipped","2021-10-09 16:40:22","2021-10-11 16:38:00",NULL,NULL,"49.5"
"16379","11260","9050","1895","44332","Shipped","2021-01-12 10:01:47","2021-01-15 06:49:00",NULL,NULL,"49.5"
"16472","11328","9111","2641","44588","Shipped","2022-04-01 22:12:23","2022-03-29 11:38:00",NULL,NULL,"49.5"
"16539","11382","9156","23340","44769","Shipped","2022-06-27 01:51:13","2022-06-26 07:36:00",NULL,NULL,"49.5"
"16542","11383","9158","13142","44775","Shipped","2022-08-22 13:57:09","2022-08-23 20:13:00",NULL,NULL,"49.5"
"16796","11560","9307","17234","45489","Shipped","2020-03-24 06:02:56","2020-03-23 08:55:00",NULL,NULL,"49.5"
"17014","11705","9425","18020","46079","Shipped","2022-08-13 04:40:39","2022-08-14 20:07:00",NULL,NULL,"49.5"
"17723","12187","9803","6913","48000","Shipped","2020-06-14 11:46:03","2020-06-12 14:30:00",NULL,NULL,"49.5"
"17856","12277","9873","23296","48376","Shipped","2022-08-26 05:54:16","2022-08-23 16:30:00",NULL,NULL,"49.5"
"18046","12413","9981","23413","48897","Shipped","2022-05-24 07:03:56","2022-05-26 10:13:00",NULL,NULL,"49.5"
"18349","12614","10120","28004","49694","Shipped","2021-01-10 15:37:18","2021-01-09 23:30:00",NULL,NULL,"49.5"
"19448","13371","10723","22982","52619","Shipped","2022-02-09 13:08:24","2022-02-10 15:12:00",NULL,NULL,"49.5"
"19673","13524","10846","27984","53230","Shipped","2021-05-13 11:35:18","2021-05-15 11:46:00",NULL,NULL,"49.5"
"19975","13745","11020","22015","54058","Shipped","2022-03-16 23:43:53","2022-03-17 08:34:00",NULL,NULL,"49.5"
"21380","14703","11749","17196","57804","Shipped","2022-08-01 05:51:55","2022-08-04 05:30:00",NULL,NULL,"49.5"
"21453","14756","11794","21057","57991","Shipped","2021-01-08 02:03:28","2021-01-10 01:25:00",NULL,NULL,"49.5"
"22272","15316","12238","2376","60186","Shipped","2021-02-10 04:36:10","2021-02-12 23:42:00",NULL,NULL,"49.5"
"22348","15372","12280","23082","60385","Shipped","2021-03-13 01:13:24","2021-03-11 20:51:00",NULL,NULL,"49.5"
"22763","15659","12512","23068","61532","Shipped","2021-10-12 01:45:31","2021-10-14 09:29:00",NULL,NULL,"49.5"
"22784","15671","12517","28139","61590","Shipped","2020-08-04 15:54:17","2020-08-05 23:09:00",NULL,NULL,"49.5"
"23086","15881","12696","20788","62397","Shipped","2022-05-06 23:50:24","2022-05-08 11:12:00",NULL,NULL,"49.5"
"23157","15936","12740","4044","62590","Shipped","2022-03-15 08:44:35","2022-03-15 03:42:00",NULL,NULL,"49.5"
"23165","15944","12748","15994","62616","Shipped","2022-05-24 22:36:29","2022-05-23 08:09:00",NULL,NULL,"49.5"
"23246","15994","12776","22849","62828","Shipped","2022-08-17 16:50:41","2022-08-20 07:55:00",NULL,NULL,"49.5"
"23453","16140","12902","21870","63387","Shipped","2021-07-09 01:40:05","2021-07-11 12:58:00",NULL,NULL,"49.5"
"23608","16247","13002","16478","63823","Shipped","2021-10-23 03:04:57","2021-10-23 13:51:00",NULL,NULL,"49.5"
"24952","17189","13736","19089","67450","Shipped","2022-01-06 23:49:41","2022-01-07 02:51:00",NULL,NULL,"49.5"
"25072","17274","13799","595","67769","Shipped","2021-11-21 09:04:38","2021-11-21 12:26:00",NULL,NULL,"49.5"
"25196","17364","13866","4742","68097","Shipped","2022-09-02 11:05:00","2022-09-03 07:11:00",NULL,NULL,"49.5"
"25475","17552","14019","20917","68839","Shipped","2022-01-03 15:03:29","2022-01-04 13:56:00",NULL,NULL,"49.5"
"25982","17905","14309","14631","70204","Shipped","2022-02-21 09:05:19","2022-02-22 03:15:00",NULL,NULL,"49.5"
"26221","18063","14432","13142","70867","Shipped","2022-07-18 13:26:19","2022-07-20 03:19:00",NULL,NULL,"49.5"
"26528","18283","14608","21257","71701","Shipped","2021-06-03 09:39:19","2021-06-06 04:54:00",NULL,NULL,"49.5"
"26698","18393","14690","23152","72166","Shipped","2021-02-11 14:45:55","2021-02-12 01:37:00",NULL,NULL,"49.5"
"26805","18472","14749","6365","72451","Shipped","2020-12-25 00:20:30","2020-12-23 09:18:00",NULL,NULL,"49.5"
"26807","18472","14749","13280","72455","Shipped","2020-12-25 23:43:15","2020-12-23 09:18:00",NULL,NULL,"49.5"
"27499","18945","15153","27563","74339","Shipped","2021-02-17 02:52:31","2021-02-17 22:56:00",NULL,NULL,"49.5"
"27539","18968","15176","18030","74440","Shipped","2022-07-23 22:44:19","2022-07-25 22:40:00",NULL,NULL,"49.5"
"28501","19623","15690","27395","77046","Shipped","2020-02-04 03:35:24","2020-02-03 23:31:00",NULL,NULL,"49.5"
"29290","20166","16121","22728","79178","Shipped","2021-10-29 10:39:36","2021-10-31 01:34:00",NULL,NULL,"49.5"
"29782","20516","16392","55","80512","Shipped","2022-03-09 16:51:12","2022-03-10 21:29:00",NULL,NULL,"49.5"
"30169","20773","16613","21264","81563","Shipped","2022-07-01 05:03:59","2022-07-01 07:53:00",NULL,NULL,"49.5"
"30485","21000","16818","7908","82432","Shipped","2022-09-03 13:53:09.669687","2022-09-03 19:31:20.669687",NULL,NULL,"49.5"
"30689","21135","16926","20748","82973","Shipped","2022-09-02 15:30:40.3566","2022-09-05 06:45:23.3566",NULL,NULL,"49.5"
"30763","21181","16969","6930","83164","Shipped","2021-12-04 04:58:34","2021-12-07 05:35:00",NULL,NULL,"49.5"
"30833","21224","17004","390","83349","Shipped","2021-11-01 15:35:28","2021-11-04 13:40:00",NULL,NULL,"49.5"
"31608","21749","17401","1775","85437","Shipped","2022-07-28 05:26:49","2022-07-30 10:06:00",NULL,NULL,"49.5"
"32367","22273","17808","1775","87447","Shipped","2022-06-16 18:31:52","2022-06-15 03:41:00",NULL,NULL,"49.5"
"32369","22273","17808","2554","87452","Shipped","2022-06-15 18:24:30","2022-06-15 03:41:00",NULL,NULL,"49.5"
"32438","22326","17849","13142","87639","Shipped","2020-08-22 06:47:25","2020-08-23 00:46:00",NULL,NULL,"49.5"
"32514","22379","17890","10410","87858","Shipped","2022-08-08 15:35:25","2022-08-07 18:13:00",NULL,NULL,"49.5"
"32569","22417","17918","28139","88008","Shipped","2021-12-28 04:08:24","2021-12-28 20:05:00",NULL,NULL,"49.5"
"32707","22515","17986","22915","88388","Shipped","2022-05-04 23:49:26","2022-05-03 07:39:00",NULL,NULL,"49.5"
"32914","22660","18095","18695","88927","Shipped","2021-12-12 11:24:06","2021-12-13 10:11:00",NULL,NULL,"49.5"
"32951","22687","18119","22565","89021","Shipped","2022-03-26 05:13:03","2022-03-28 22:57:00",NULL,NULL,"49.5"
"33121","22805","18203","2641","89474","Shipped","2020-12-06 06:50:38","2020-12-06 08:32:00",NULL,NULL,"49.5"
"33388","22987","18340","22774","90204","Shipped","2022-09-06 07:29:00","2022-09-04 17:03:00",NULL,NULL,"49.5"
"33666","23181","18510","21365","90957","Shipped","2022-05-15 16:29:15","2022-05-16 09:00:00",NULL,NULL,"49.5"
"33914","23354","18640","27638","91632","Shipped","2021-10-04 07:58:42","2021-09-30 10:29:00",NULL,NULL,"49.5"
"35663","24543","19610","2260","96308","Shipped","2020-12-25 13:15:06","2020-12-27 09:08:00",NULL,NULL,"49.5"
"35853","24681","19735","3800","96818","Shipped","2022-06-22 13:23:42","2022-06-20 16:58:00",NULL,NULL,"49.5"
"35931","24734","19776","27588","97024","Shipped","2021-08-22 15:13:42","2021-08-21 18:31:00",NULL,NULL,"49.5"
"36639","25213","20159","17478","98909","Shipped","2020-11-01 08:09:44","2020-11-03 05:18:00",NULL,NULL,"49.5"
"36805","25332","20252","23364","99349","Shipped","2022-08-10 08:41:34","2022-08-10 22:53:00",NULL,NULL,"49.5"
"38308","26374","21077","1787","103409","Shipped","2022-03-10 06:51:01","2022-03-09 22:23:00",NULL,NULL,"49.5"
"38662","26631","21286","17237","104378","Shipped","2021-06-28 17:44:53","2021-06-27 05:48:00",NULL,NULL,"49.5"
"39232","27007","21570","22697","105928","Shipped","2022-05-16 09:25:13","2022-05-18 11:47:00",NULL,NULL,"49.5"
"39363","27099","21646","21000","106274","Shipped","2020-01-07 12:18:48","2020-01-07 15:00:00",NULL,NULL,"49.5"
"39632","27293","21802","2376","106982","Shipped","2020-11-04 05:15:44","2020-11-05 05:53:00",NULL,NULL,"49.5"
"41788","28745","22930","22565","112811","Shipped","2022-05-26 01:34:34","2022-05-23 06:33:00",NULL,NULL,"49.5"
"42277","29085","23192","23082","114148","Shipped","2022-08-26 14:52:24","2022-08-28 15:08:00",NULL,NULL,"49.5"
"43210","29723","23706","23090","116682","Shipped","2020-01-18 15:23:14","2020-01-15 22:54:00",NULL,NULL,"49.5"
"43424","29876","23822","19315","117253","Shipped","2021-12-14 08:47:24","2021-12-14 17:56:00",NULL,NULL,"49.5"
"43720","30072","23971","17478","118073","Shipped","2021-11-30 14:54:52","2021-11-28 08:28:00",NULL,NULL,"49.5"
"44890","30896","24667","23005","121235","Shipped","2022-01-13 12:26:06","2022-01-14 05:13:00",NULL,NULL,"49.5"
"44958","30951","24712","16416","121419","Shipped","2022-09-05 08:26:17.202442","2022-09-05 02:58:54.202442",NULL,NULL,"49.5"
"45259","31164","24874","22973","122225","Shipped","2021-09-08 01:41:52","2021-09-10 00:52:00",NULL,NULL,"49.5"
"47318","32600","26033","17479","127722","Shipped","2021-04-28 16:06:36","2021-04-24 23:44:00",NULL,NULL,"49.5"
"49041","33776","26982","22991","132351","Shipped","2021-09-16 10:21:55","2021-09-18 07:31:00",NULL,NULL,"49.5"
"49097","33812","27004","21793","132498","Shipped","2021-09-22 15:47:44","2021-09-24 14:33:00",NULL,NULL,"49.5"
"49668","34213","27314","17892","134080","Shipped","2022-08-22 08:41:24","2022-08-24 09:49:00",NULL,NULL,"49.5"
"50323","34669","27675","22697","135841","Shipped","2021-01-19 02:11:57","2021-01-21 10:12:00",NULL,NULL,"49.5"
"50919","35104","28016","22975","137439","Shipped","2020-06-20 06:02:08","2020-06-22 17:34:00",NULL,NULL,"49.5"
"50975","35143","28048","18695","137596","Shipped","2022-07-27 11:48:44","2022-07-29 05:11:00",NULL,NULL,"49.5"
"51636","35591","28440","23413","139382","Shipped","2021-06-18 16:22:35","2021-06-17 16:46:00",NULL,NULL,"49.5"
"52156","35944","28709","22945","140760","Shipped","2020-11-27 12:15:22","2020-11-27 01:00:00",NULL,NULL,"49.5"
"52208","35977","28740","27614","140893","Shipped","2021-07-31 13:37:44","2021-07-30 16:13:00",NULL,NULL,"49.5"
"52988","36529","29188","18012","142985","Shipped","2022-06-30 16:05:27","2022-07-01 04:14:00",NULL,NULL,"49.5"
"53002","36538","29196","27415","143024","Shipped","2022-03-13 10:16:48","2022-03-15 16:28:00",NULL,NULL,"49.5"
"53111","36616","29260","55","143310","Shipped","2021-01-26 01:54:58","2021-01-26 00:48:00",NULL,NULL,"49.5"
"53162","36649","29285","3145","143444","Shipped","2021-05-11 23:58:52","2021-05-14 17:01:00",NULL,NULL,"49.5"
"53226","36684","29317","1787","143630","Shipped","2022-04-09 22:32:39","2022-04-10 03:38:00",NULL,NULL,"49.5"
"53987","37203","29724","22565","145702","Shipped","2022-05-04 02:22:29","2022-05-04 13:37:00",NULL,NULL,"49.5"
"54168","37331","29832","15994","146171","Shipped","2021-01-15 16:09:02","2021-01-16 10:23:00",NULL,NULL,"49.5"
"54542","37600","30044","21863","147172","Shipped","2021-03-23 10:31:03","2021-03-23 07:36:00",NULL,NULL,"49.5"
"54612","37650","30086","21525","147353","Shipped","2021-07-19 00:47:31","2021-07-15 22:06:00",NULL,NULL,"49.5"
"54697","37711","30133","27886","147600","Shipped","2021-07-21 09:55:11","2021-07-20 00:26:00",NULL,NULL,"49.5"
"54896","37844","30228","2376","148140","Shipped","2022-08-25 16:24:35","2022-08-27 09:38:00",NULL,NULL,"49.5"
"54915","37856","30235","21982","148187","Shipped","2021-07-25 00:42:02","2021-07-26 01:01:00",NULL,NULL,"49.5"
"56472","38930","31119","22945","152420","Shipped","2021-12-04 21:05:07","2021-12-06 18:26:00",NULL,NULL,"49.5"
"57028","39303","31419","22896","153913","Shipped","2022-07-28 05:33:33","2022-07-30 08:29:00",NULL,NULL,"49.5"
"57151","39390","31492","20426","154253","Shipped","2022-03-02 09:05:22","2022-02-27 18:20:00",NULL,NULL,"49.5"
"57660","39737","31754","27728","155613","Shipped","2022-02-12 07:09:10","2022-02-11 13:09:00",NULL,NULL,"49.5"
"58724","40471","32325","16425","158491","Shipped","2022-04-03 02:57:37","2022-04-04 06:46:00",NULL,NULL,"49.5"
"59080","40716","32519","27588","159437","Shipped","2022-08-13 03:26:42","2022-08-15 20:17:00",NULL,NULL,"49.5"
"59909","41272","32967","16929","161725","Shipped","2022-07-06 04:20:31","2022-07-09 07:32:00",NULL,NULL,"49.5"
"59928","41289","32982","2074","161783","Shipped","2021-08-02 21:25:44","2021-08-03 02:18:00",NULL,NULL,"49.5"
"60000","41331","33017","22179","161988","Shipped","2022-06-06 13:37:50","2022-06-05 12:11:00",NULL,NULL,"49.5"
"60279","41518","33178","27899","162734","Shipped","2022-08-28 05:01:43","2022-08-29 23:31:00",NULL,NULL,"49.5"
"60773","41855","33456","27549","164075","Shipped","2022-03-13 03:06:20","2022-03-11 06:03:00",NULL,NULL,"49.5"
"60782","41863","33459","595","164102","Shipped","2021-06-17 17:05:47","2021-06-20 10:35:00",NULL,NULL,"49.5"
"61323","42223","33758","16397","165537","Shipped","2022-07-22 09:56:34","2022-07-19 14:27:00",NULL,NULL,"49.5"
"62008","42706","34146","21244","167390","Shipped","2022-03-02 12:42:21","2022-03-03 21:22:00",NULL,NULL,"49.5"
"62803","43243","34576","21000","169554","Shipped","2022-09-03 08:24:32.526382","2022-09-03 16:50:15.526382",NULL,NULL,"49.5"
"62918","43316","34634","27415","169867","Shipped","2019-12-14 06:10:10","2019-12-11 21:24:00",NULL,NULL,"49.5"
"62936","43330","34647","21386","169918","Shipped","2022-01-15 05:32:31","2022-01-15 02:05:00",NULL,NULL,"49.5"
"64212","44194","35344","1591","173349","Shipped","2022-08-18 22:29:34","2022-08-19 17:23:00",NULL,NULL,"49.5"
"64328","44269","35409","20586","173673","Shipped","2021-05-17 09:42:50","2021-05-18 17:15:00",NULL,NULL,"49.5"
"64683","44527","35625","17196","174640","Shipped","2021-09-08 21:32:02","2021-09-06 11:43:00",NULL,NULL,"49.5"
"64834","44628","35703","20213","175073","Shipped","2019-12-26 15:43:59","2019-12-24 02:22:00",NULL,NULL,"49.5"
"65686","45228","36147","21525","177368","Shipped","2022-03-02 05:29:43","2022-02-28 19:55:00",NULL,NULL,"49.5"
"65758","45273","36190","16894","177561","Shipped","2022-09-02 16:13:59.040639","2022-09-04 16:54:57.040639",NULL,NULL,"49.5"
"66610","45824","36649","18030","179846","Shipped","2020-12-23 17:05:26","2020-12-25 09:47:00",NULL,NULL,"49.5"
"66922","46039","36817","16478","180688","Shipped","2021-12-31 08:26:19","2021-12-31 05:15:00",NULL,NULL,"49.5"
"67571","46490","37179","22774","182454","Shipped","2022-05-02 03:18:10","2022-04-30 22:14:00",NULL,NULL,"49.5"
"67664","46559","37246","595","182695","Shipped","2020-09-06 23:59:35","2020-09-08 07:37:00",NULL,NULL,"49.5"
"67902","46726","37385","21264","183335","Shipped","2022-08-20 13:27:25","2022-08-18 14:53:00",NULL,NULL,"49.5"
"68089","46853","37481","10601","183835","Shipped","2022-06-15 05:58:25","2022-06-17 07:48:00",NULL,NULL,"49.5"
"69072","47555","38026","21982","186456","Shipped","2022-02-03 12:35:44","2022-02-01 15:13:00",NULL,NULL,"49.5"
"69414","47800","38219","28144","187363","Shipped","2021-11-27 05:50:15","2021-11-24 13:07:00",NULL,NULL,"49.5"
"70444","48514","38802","6913","190186","Shipped","2020-08-05 18:03:54","2020-08-05 19:16:00",NULL,NULL,"49.5"
"70496","48552","38834","16205","190320","Shipped","2022-08-22 17:20:29","2022-08-23 19:10:00",NULL,NULL,"49.5"
"70666","48665","38930","79","190783","Shipped","2022-03-07 01:11:41","2022-03-09 18:12:00",NULL,NULL,"49.5"
"71095","48948","39161","20993","191932","Shipped","2021-07-20 10:54:15","2021-07-21 07:18:00",NULL,NULL,"49.5"
"71264","49066","39268","22857","192398","Shipped","2021-10-19 03:23:00","2021-10-16 23:02:00",NULL,NULL,"49.5"
"72227","49741","39810","27824","194982","Shipped","2020-12-10 09:01:11","2020-12-10 23:01:00",NULL,NULL,"49.5"
"73317","50499","40418","4529","197975","Shipped","2020-12-21 02:06:13","2020-12-21 23:42:00",NULL,NULL,"49.5"
"74030","50998","40808","16478","199889","Shipped","2022-03-06 17:56:08","2022-03-07 06:55:00",NULL,NULL,"49.5"
"74179","51101","40906","18634","200298","Shipped","2020-09-17 02:16:25","2020-09-17 09:18:00",NULL,NULL,"49.5"
"75572","52074","41692","5162","204033","Shipped","2021-12-21 23:16:35","2021-12-22 09:39:00",NULL,NULL,"49.5"
"75963","52350","41911","16084","205126","Shipped","2021-03-23 12:51:52","2021-03-22 03:28:00",NULL,NULL,"49.5"
"76085","52433","41966","27886","205459","Shipped","2022-08-19 06:29:34","2022-08-21 16:24:00",NULL,NULL,"49.5"
"76630","52821","42264","16039","206919","Shipped","2022-07-31 03:25:48","2022-07-29 09:23:00",NULL,NULL,"49.5"
"76969","53071","42459","5081","207841","Shipped","2021-10-07 09:34:26","2021-10-09 09:18:00",NULL,NULL,"49.5"
"77508","53440","42764","19315","209236","Shipped","2022-02-24 05:35:58","2022-02-25 02:34:00",NULL,NULL,"49.5"
"77886","53699","42959","20608","210268","Shipped","2021-12-31 00:41:32","2021-12-29 03:31:00",NULL,NULL,"49.5"
"78214","53937","43148","16481","211160","Shipped","2022-06-07 02:57:12","2022-06-10 05:41:00",NULL,NULL,"49.5"
"79068","54515","43622","27886","213482","Shipped","2020-07-14 02:12:29","2020-07-16 08:13:00",NULL,NULL,"49.5"
"79180","54590","43673","23005","213787","Shipped","2021-12-06 11:41:03","2021-12-06 13:33:00",NULL,NULL,"49.5"
"79280","54663","43726","27849","214057","Shipped","2022-03-01 10:05:56","2022-03-03 02:27:00",NULL,NULL,"49.5"
"79299","54678","43736","16273","214106","Shipped","2021-03-05 12:29:02","2021-03-08 02:57:00",NULL,NULL,"49.5"
"80569","55567","44419","22015","217578","Shipped","2022-04-01 00:26:55","2022-04-03 22:23:00",NULL,NULL,"49.5"
"80819","55738","44555","15994","218276","Shipped","2022-08-23 11:03:13","2022-08-26 10:23:00",NULL,NULL,"49.5"
"80985","55851","44654","20993","218728","Shipped","2021-12-22 05:22:48","2021-12-22 17:07:00",NULL,NULL,"49.5"
"82236","56753","45387","28020","222062","Shipped","2022-08-19 15:38:07","2022-08-21 09:05:00",NULL,NULL,"49.5"
"82747","57120","45669","5081","223480","Shipped","2022-05-10 11:38:46","2022-05-09 12:18:00",NULL,NULL,"49.5"
"82817","57174","45716","16478","223665","Shipped","2021-11-11 22:54:04","2021-11-14 04:25:00",NULL,NULL,"49.5"
"83494","57659","46096","21361","225491","Shipped","2022-08-24 13:18:50","2022-08-25 14:41:00",NULL,NULL,"49.5"
"84632","58468","46766","20958","228587","Shipped","2022-02-10 15:25:29","2022-02-11 11:34:00",NULL,NULL,"49.5"
"84707","58520","46809","28020","228789","Shipped","2021-11-26 05:05:54","2021-11-28 00:05:00",NULL,NULL,"49.5"
"85201","58880","47072","21870","230138","Shipped","2021-04-24 10:44:51","2021-04-21 11:25:00",NULL,NULL,"49.5"
"85282","58934","47118","23090","230366","Shipped","2021-08-19 00:15:19","2021-08-19 09:44:00",NULL,NULL,"49.5"
"85339","58974","47145","18634","230510","Shipped","2021-12-05 14:56:18","2021-12-07 14:22:00",NULL,NULL,"49.5"
"86257","59603","47686","23340","232995","Shipped","2022-05-17 03:54:12","2022-05-15 11:55:00",NULL,NULL,"49.5"
"86382","59688","47756","2845","233344","Shipped","2022-03-14 16:25:14","2022-03-17 11:07:00",NULL,NULL,"49.5"
"86440","59725","47787","19089","233502","Shipped","2019-12-11 02:52:35","2019-12-09 06:08:00",NULL,NULL,"49.5"
"86479","59748","47803","16894","233609","Shipped","2021-09-24 13:43:49","2021-09-27 01:39:00",NULL,NULL,"49.5"
"86906","60057","48052","22915","234775","Shipped","2022-05-13 11:09:10","2022-05-14 21:13:00",NULL,NULL,"49.5"
"87072","60172","48156","22857","235222","Shipped","2021-04-21 05:32:29","2021-04-22 16:48:00",NULL,NULL,"49.5"
"88253","60988","48831","16606","238409","Shipped","2021-05-31 04:02:29","2021-06-01 16:37:00",NULL,NULL,"49.5"
"88275","61002","48840","28139","238466","Shipped","2022-08-26 11:17:03","2022-08-24 16:55:00",NULL,NULL,"49.5"
"88325","61036","48868","5210","238608","Shipped","2022-08-23 07:49:42","2022-08-24 03:56:00",NULL,NULL,"49.5"
"89213","61666","49374","16039","241007","Shipped","2022-04-16 00:19:49","2022-04-16 22:06:00",NULL,NULL,"49.5"
"89535","61892","49541","21870","241856","Shipped","2022-03-23 18:12:33","2022-03-21 21:35:00",NULL,NULL,"49.5"
"89536","61892","49541","21935","241859","Shipped","2022-03-20 15:52:26","2022-03-21 21:35:00",NULL,NULL,"49.5"
"90201","62347","49908","27396","243688","Shipped","2022-03-01 11:16:13","2022-03-02 10:32:00",NULL,NULL,"49.5"
"90372","62465","50007","4177","244130","Shipped","2022-07-20 11:30:43","2022-07-23 13:50:00",NULL,NULL,"49.5"
"90723","62701","50198","22540","245092","Shipped","2021-05-13 16:34:17","2021-05-15 01:01:00",NULL,NULL,"49.5"
"90768","62727","50215","16084","245216","Shipped","2022-09-07 05:21:13","2022-09-05 19:12:00",NULL,NULL,"49.5"
"91351","63126","50535","20937","246770","Shipped","2021-09-14 00:15:50","2021-09-14 21:33:00",NULL,NULL,"49.5"
"91374","63141","50552","390","246827","Shipped","2022-07-18 04:43:43","2022-07-19 01:08:00",NULL,NULL,"49.5"
"91620","63306","50690","17196","247487","Shipped","2021-06-23 08:32:17","2021-06-22 04:31:00",NULL,NULL,"49.5"
"92210","63713","51014","16273","249060","Shipped","2022-09-03 16:07:13.609262","2022-09-04 11:22:32.609262",NULL,NULL,"49.5"
"92519","63927","51175","16894","249894","Shipped","2020-11-03 16:43:01","2020-11-05 21:25:00",NULL,NULL,"49.5"
"93891","64874","51915","19030","253597","Shipped","2021-04-19 08:40:59","2021-04-21 01:31:00",NULL,NULL,"49.5"
"94017","64951","51976","19315","253938","Shipped","2020-07-28 11:39:44","2020-07-29 13:13:00",NULL,NULL,"49.5"
"94035","64967","51989","22849","253985","Shipped","2022-01-17 06:38:31","2022-01-15 18:20:00",NULL,NULL,"49.5"
"95706","66152","52902","17892","258534","Shipped","2022-07-26 10:54:35","2022-07-24 18:20:00",NULL,NULL,"49.5"
"95882","66270","52991","17234","259014","Shipped","2021-07-31 17:27:18","2021-07-31 20:08:00",NULL,NULL,"49.5"
"96153","66458","53132","27849","259730","Shipped","2020-03-13 23:43:14","2020-03-14 09:47:00",NULL,NULL,"49.5"
"97625","67471","53924","17478","263718","Shipped","2022-04-02 08:43:25","2022-04-03 04:10:00",NULL,NULL,"49.5"
"100186","69241","55369","22563","270585","Shipped","2020-07-25 23:05:23","2020-07-26 09:57:00",NULL,NULL,"49.5"
"100329","69339","55442","20426","270967","Shipped","2020-05-18 05:04:50","2020-05-18 16:26:00",NULL,NULL,"49.5"
"100343","69345","55448","746","271007","Shipped","2021-03-16 10:17:06","2021-03-16 21:33:00",NULL,NULL,"49.5"
"101482","70120","56057","1013","274083","Shipped","2020-11-17 16:37:21","2020-11-18 14:25:00",NULL,NULL,"49.5"
"101560","70176","56108","17077","274297","Shipped","2020-05-14 04:25:50","2020-05-12 12:24:00",NULL,NULL,"49.5"
"101794","70343","56247","27751","274912","Shipped","2022-04-10 12:56:29","2022-04-11 00:09:00",NULL,NULL,"49.5"
"101885","70415","56300","21264","275168","Shipped","2022-05-07 05:50:15","2022-05-06 02:34:00",NULL,NULL,"49.5"
"105493","72889","58304","22857","284938","Shipped","2020-11-13 03:27:58","2020-11-12 16:21:00",NULL,NULL,"49.5"
"105993","73250","58592","27749","286305","Shipped","2021-11-27 03:45:52","2021-11-24 03:01:00",NULL,NULL,"49.5"
"106975","73913","59107","55","288933","Shipped","2021-09-15 01:11:08","2021-09-13 13:42:00",NULL,NULL,"49.5"
"107143","74027","59186","19089","289392","Shipped","2022-08-17 12:45:14","2022-08-19 01:33:00",NULL,NULL,"49.5"
"107503","74278","59383","16205","290369","Shipped","2022-08-30 09:17:13","2022-08-31 23:57:00",NULL,NULL,"49.5"
"107542","74304","59405","3800","290483","Shipped","2022-08-17 15:43:34","2022-08-17 13:03:00",NULL,NULL,"49.5"
"108218","74761","59785","27886","292339","Shipped","2022-07-29 08:18:10","2022-07-31 18:55:00",NULL,NULL,"49.5"
"108341","74853","59858","20917","292668","Shipped","2022-01-23 10:12:46","2022-01-20 17:39:00",NULL,NULL,"49.5"
"108882","75213","60140","2554","294126","Shipped","2020-12-25 06:05:24","2020-12-25 10:18:00",NULL,NULL,"49.5"
"109227","75449","60318","20748","295039","Shipped","2020-11-25 01:53:27","2020-11-25 20:20:00",NULL,NULL,"49.5"
"109545","75675","60487","21525","295898","Shipped","2021-08-05 13:41:41","2021-08-04 20:26:00",NULL,NULL,"49.5"
"110048","76013","60782","22565","297240","Shipped","2021-02-07 10:37:04","2021-02-07 19:27:00",NULL,NULL,"49.5"
"110219","76140","60883","21257","297691","Shipped","2020-03-13 22:03:08","2020-03-16 15:04:00",NULL,NULL,"49.5"
"110689","76459","61148","27774","298930","Shipped","2021-04-20 13:29:44","2021-04-22 06:20:00",NULL,NULL,"49.5"
"111191","76821","61457","20937","300294","Shipped","2021-03-24 23:48:06","2021-03-25 14:51:00",NULL,NULL,"49.5"
"111418","76968","61591","6913","300910","Shipped","2021-09-05 17:56:36","2021-09-06 03:12:00",NULL,NULL,"49.5"
"111805","77234","61797","13535","301958","Shipped","2022-06-10 01:47:04","2022-06-08 16:59:00",NULL,NULL,"49.5"
"112354","77602","62075","17309","303463","Shipped","2021-09-17 03:38:38","2021-09-19 05:39:00",NULL,NULL,"49.5"
"112548","77738","62179","18871","303980","Shipped","2021-03-03 09:18:08","2021-03-05 19:07:00",NULL,NULL,"49.5"
"112610","77781","62217","27836","304151","Shipped","2022-08-31 21:58:24","2022-08-29 18:55:00",NULL,NULL,"49.5"
"113114","78131","62498","22857","305520","Shipped","2022-03-31 14:14:31","2022-04-02 05:15:00",NULL,NULL,"49.5"
"113263","78240","62575","27751","305918","Shipped","2022-05-21 11:54:58","2022-05-21 02:44:00",NULL,NULL,"49.5"
"113669","78524","62795","23166","307001","Shipped","2021-07-11 09:54:46","2021-07-08 02:41:00",NULL,NULL,"49.5"
"113864","78650","62894","1775","307534","Shipped","2022-04-04 22:43:29","2022-04-07 03:56:00",NULL,NULL,"49.5"
"115039","79450","63573","595","310718","Shipped","2020-01-03 00:13:28","2020-01-04 08:30:00",NULL,NULL,"49.5"
"115630","79859","63904","28192","312288","Shipped","2020-08-17 12:54:25","2020-08-16 00:10:00",NULL,NULL,"49.5"
"115820","79980","64009","16273","312796","Shipped","2021-11-30 23:31:30","2021-12-03 13:56:00",NULL,NULL,"49.5"
"116029","80126","64136","23166","313368","Shipped","2022-09-05 05:56:24","2022-09-02 11:34:00",NULL,NULL,"49.5"
"116074","80154","64160","16397","313485","Shipped","2021-10-09 15:13:06","2021-10-07 10:17:00",NULL,NULL,"49.5"
"116205","80239","64228","27849","313846","Shipped","2021-05-13 10:52:24","2021-05-12 17:32:00",NULL,NULL,"49.5"
"116665","80543","64483","5081","315095","Shipped","2021-02-27 14:10:42","2021-03-01 22:18:00",NULL,NULL,"49.5"
"117392","81033","64897","18020","317000","Shipped","2021-02-08 11:57:48","2021-02-10 04:26:00",NULL,NULL,"49.5"
"117405","81041","64901","22565","317035","Shipped","2022-01-08 05:41:52","2022-01-09 20:29:00",NULL,NULL,"49.5"
"117413","81049","64910","20608","317053","Shipped","2022-07-28 22:58:39","2022-08-01 00:55:00",NULL,NULL,"49.5"
"117637","81207","65043","27733","317657","Shipped","2022-03-29 14:32:28","2022-03-31 08:25:00",NULL,NULL,"49.5"
"118220","81605","65351","22915","319216","Shipped","2022-02-20 03:40:49","2022-02-22 22:30:00",NULL,NULL,"49.5"
"119066","82194","65813","27691","321480","Shipped","2022-08-01 23:06:31","2022-08-04 18:39:00",NULL,NULL,"49.5"
"119310","82362","65943","22565","322138","Shipped","2021-09-29 11:31:20","2021-09-30 16:01:00",NULL,NULL,"49.5"
"119328","82373","65950","3800","322182","Shipped","2022-04-15 04:09:21","2022-04-17 20:01:00",NULL,NULL,"49.5"
"119353","82390","65964","17479","322252","Shipped","2022-07-05 07:17:14","2022-07-06 01:03:00",NULL,NULL,"49.5"
"119914","82785","66266","17077","323759","Shipped","2021-06-12 16:12:01","2021-06-13 22:08:00",NULL,NULL,"49.5"
"119958","82809","66293","27706","323888","Shipped","2022-07-22 10:04:47","2022-07-24 19:44:00",NULL,NULL,"49.5"
"120677","83282","66688","22774","325841","Shipped","2022-07-27 16:56:38","2022-07-26 01:53:00",NULL,NULL,"49.5"
"122032","84180","67385","15993","329483","Shipped","2022-06-13 03:58:04","2022-06-11 05:12:00",NULL,NULL,"49.5"
"122488","84507","67644","17196","330729","Shipped","2022-08-05 09:29:59","2022-08-04 19:31:00",NULL,NULL,"49.5"
"122624","84600","67718","16929","331095","Shipped","2022-06-17 08:27:35","2022-06-18 22:08:00",NULL,NULL,"49.5"
"122840","84748","67822","21870","331693","Shipped","2019-12-24 01:07:16","2019-12-26 04:12:00",NULL,NULL,"49.5"
"124415","85829","68693","19030","335866","Shipped","2021-03-20 23:55:43","2021-03-21 08:14:00",NULL,NULL,"49.5"
"125166","86345","69093","55","337936","Shipped","2022-08-17 13:25:10","2022-08-17 19:02:00",NULL,NULL,"49.5"
"125323","86454","69185","2845","338359","Shipped","2021-12-06 08:34:40","2021-12-08 04:23:00",NULL,NULL,"49.5"
"126655","87355","69918","390","341977","Shipped","2022-09-05 01:53:29.376111","2022-09-05 04:03:57.376111",NULL,NULL,"49.5"
"126786","87442","69992","16425","342327","Shipped","2021-07-26 05:14:07","2021-07-27 04:34:00",NULL,NULL,"49.5"
"127229","87741","70241","22968","343495","Shipped","2020-08-13 00:25:12","2020-08-12 18:32:00",NULL,NULL,"49.5"
"127337","87812","70308","6365","343777","Shipped","2022-06-24 09:22:21","2022-06-25 03:28:00",NULL,NULL,"49.5"
"127630","88012","70480","6365","344582","Shipped","2021-02-27 04:58:57","2021-02-25 19:04:00",NULL,NULL,"49.5"
"127734","88089","70551","19315","344869","Shipped","2020-08-20 06:54:46","2020-08-21 17:14:00",NULL,NULL,"49.5"
"128421","88571","70950","23152","346756","Shipped","2019-11-25 22:13:58","2019-11-23 03:49:00",NULL,NULL,"49.5"
"128974","88948","71252","22915","348241","Shipped","2019-01-24 06:13:14","2019-01-26 15:10:00",NULL,NULL,"49.5"
"129266","89149","71418","28020","349046","Shipped","2021-07-15 20:50:44","2021-07-13 02:52:00",NULL,NULL,"49.5"
"129689","89445","71652","5038","350145","Shipped","2021-05-21 07:41:53","2021-05-22 08:57:00",NULL,NULL,"49.5"
"129835","89548","71725","18759","350549","Shipped","2022-02-18 01:07:35","2022-02-19 03:13:00",NULL,NULL,"49.5"
"130249","89836","71959","23090","351665","Shipped","2022-05-27 16:02:19","2022-05-29 08:17:00",NULL,NULL,"49.5"
"130425","89956","72056","17559","352145","Shipped","2021-04-03 04:08:59","2021-04-02 12:06:00",NULL,NULL,"49.5"
"130885","90285","72306","21863","353396","Shipped","2022-01-25 17:00:26","2022-01-27 17:52:00",NULL,NULL,"49.5"
"131029","90384","72396","13174","353781","Shipped","2022-07-08 07:58:41","2022-07-09 15:06:00",NULL,NULL,"49.5"
"131153","90463","72465","27395","354116","Shipped","2022-04-15 11:16:58","2022-04-13 16:14:00",NULL,NULL,"49.5"
"131599","90773","72716","18634","355317","Shipped","2021-09-18 00:01:13","2021-09-20 01:46:00",NULL,NULL,"49.5"
"131602","90776","72717","23001","355325","Shipped","2022-08-01 02:34:21","2022-08-03 13:50:00",NULL,NULL,"49.5"
"131876","90973","72874","1763","356057","Shipped","2022-03-14 01:19:05","2022-03-15 15:17:00",NULL,NULL,"49.5"
"132179","91185","73020","20958","356897","Shipped","2022-07-25 10:30:54","2022-07-26 05:11:00",NULL,NULL,"49.5"
"133406","92047","73726","21870","360222","Shipped","2021-01-01 10:31:45","2021-01-03 07:18:00",NULL,NULL,"49.5"
"133413","92051","73732","16132","360239","Shipped","2022-07-03 06:39:27","2022-06-30 23:55:00",NULL,NULL,"49.5"
"133659","92221","73862","20670","360911","Shipped","2022-06-03 04:01:01","2022-06-05 17:00:00",NULL,NULL,"49.5"
"134391","92723","74287","19009","362891","Shipped","2021-02-19 08:04:20","2021-02-19 22:27:00",NULL,NULL,"49.5"
"135157","93247","74703","5002","364981","Shipped","2021-04-16 13:48:26","2021-04-18 03:43:00",NULL,NULL,"49.5"
"135370","93408","74832","27415","365556","Shipped","2022-06-23 22:36:44","2022-06-25 19:31:00",NULL,NULL,"49.5"
"135546","93541","74949","28004","366030","Shipped","2021-09-28 14:27:49","2021-09-28 07:53:00",NULL,NULL,"49.5"
"135860","93752","75126","16520","366871","Shipped","2022-05-15 23:26:51","2022-05-17 08:20:00",NULL,NULL,"49.5"
"135955","93817","75189","28144","367136","Shipped","2020-12-02 12:19:21","2020-12-01 17:07:00",NULL,NULL,"49.5"
"136072","93898","75257","6913","367450","Shipped","2021-11-27 14:04:37","2021-11-26 09:08:00",NULL,NULL,"49.5"
"136195","93988","75328","2845","367775","Shipped","2021-07-09 12:58:37","2021-07-12 09:53:00",NULL,NULL,"49.5"
"136326","94079","75403","21935","368125","Shipped","2022-01-05 01:32:06","2022-01-02 15:35:00",NULL,NULL,"49.5"
"137088","94606","75822","5489","370173","Shipped","2020-11-25 05:51:16","2020-11-27 10:25:00",NULL,NULL,"49.5"
"137290","94731","75937","4529","370712","Shipped","2022-07-30 07:40:20","2022-07-30 18:01:00",NULL,NULL,"49.5"
"137630","94969","76125","17892","371612","Shipped","2020-03-30 21:02:01","2020-03-31 15:31:00",NULL,NULL,"49.5"
"137734","95043","76189","55","371890","Shipped","2022-01-13 06:02:36","2022-01-14 03:18:00",NULL,NULL,"49.5"
"138120","95315","76404","1216","372958","Shipped","2020-08-13 17:35:08","2020-08-13 01:49:00",NULL,NULL,"49.5"
"139015","95927","76919","1775","375393","Shipped","2022-05-04 22:58:47","2022-05-02 08:29:00",NULL,NULL,"49.5"
"139115","95991","76970","27549","375664","Shipped","2022-03-06 00:45:48","2022-03-08 15:45:00",NULL,NULL,"49.5"
"139176","96035","77005","390","375837","Shipped","2021-06-19 09:47:33","2021-06-22 02:33:00",NULL,NULL,"49.5"
"139206","96052","77021","5081","375915","Shipped","2022-09-03 00:12:04","2022-09-04 17:59:00",NULL,NULL,"49.5"
"139683","96357","77272","18871","377179","Shipped","2021-02-05 05:59:00","2021-02-06 02:09:00",NULL,NULL,"49.5"
"139702","96372","77281","15994","377228","Shipped","2021-05-29 21:56:07","2021-06-01 09:29:00",NULL,NULL,"49.5"
"140124","96667","77525","21000","378356","Shipped","2022-08-06 15:58:25","2022-08-04 06:34:00",NULL,NULL,"49.5"
"140736","97078","77849","20937","379993","Shipped","2021-12-31 15:04:12","2022-01-01 08:36:00",NULL,NULL,"49.5"
"141245","97417","78125","16650","381384","Shipped","2022-07-17 01:50:52","2022-07-19 18:21:00",NULL,NULL,"49.5"
"141246","97417","78125","27395","381388","Shipped","2022-07-19 04:54:42","2022-07-19 18:21:00",NULL,NULL,"49.5"
"142383","98227","78756","23413","384445","Shipped","2021-10-27 09:01:10","2021-10-25 13:25:00",NULL,NULL,"49.5"
"142756","98497","78962","14631","385444","Shipped","2022-04-19 13:11:15","2022-04-19 09:33:00",NULL,NULL,"49.5"
"143257","98849","79262","23166","386799","Shipped","2022-07-16 04:02:25","2022-07-18 14:11:00",NULL,NULL,"49.5"
"143971","99343","79651","17506","388724","Shipped","2021-10-10 23:48:52","2021-10-07 22:07:00",NULL,NULL,"49.5"
"144084","99419","79712","5002","389029","Shipped","2019-12-13 01:38:43","2019-12-14 00:39:00",NULL,NULL,"49.5"
"144442","99659","79907","27550","389992","Shipped","2021-05-06 13:23:01","2021-05-07 08:37:00",NULL,NULL,"49.5"
"144781","99900","80105","27899","390923","Shipped","2022-02-10 10:13:37","2022-02-10 23:25:00",NULL,NULL,"49.5"
"144784","99901","80106","5081","390932","Shipped","2020-11-18 10:24:51","2020-11-17 15:49:00",NULL,NULL,"49.5"
"144823","99926","80132","23005","391030","Shipped","2022-04-12 08:18:42","2022-04-11 06:04:00",NULL,NULL,"49.5"
"145192","100179","80331","21257","392048","Shipped","2022-05-29 09:53:46","2022-05-31 14:03:00",NULL,NULL,"49.5"
"145538","100416","80528","27886","392990","Shipped","2021-05-30 11:50:24","2021-06-01 06:46:00",NULL,NULL,"49.5"
"146488","101073","81095","20670","395560","Shipped","2022-08-27 11:44:17","2022-08-24 16:37:00",NULL,NULL,"49.5"
"146897","101341","81300","22896","396662","Shipped","2022-08-19 23:55:02","2022-08-21 05:11:00",NULL,NULL,"49.5"
"146969","101398","81338","1775","396855","Shipped","2020-08-31 00:24:27","2020-08-31 16:12:00",NULL,NULL,"49.5"
"147029","101437","81370","23152","397016","Shipped","2022-05-12 01:24:45","2022-05-11 10:53:00",NULL,NULL,"49.5"
"147204","101562","81465","27984","397462","Shipped","2021-01-18 14:05:01","2021-01-21 11:33:00",NULL,NULL,"49.5"
"147745","101952","81777","15","398924","Shipped","2022-03-26 04:46:26","2022-03-29 03:39:00",NULL,NULL,"49.5"
"148376","102389","82134","23152","400643","Shipped","2022-07-29 01:12:07","2022-07-31 10:35:00",NULL,NULL,"49.5"
"149335","103065","82670","22982","403262","Shipped","2022-02-27 14:23:32","2022-02-28 07:37:00",NULL,NULL,"49.5"
"150019","103523","83036","28192","405142","Shipped","2022-08-29 07:57:53","2022-08-27 22:07:00",NULL,NULL,"49.5"
"150161","103615","83109","20619","405551","Shipped","2021-02-08 07:12:08","2021-02-09 04:37:00",NULL,NULL,"49.5"
"150588","103912","83363","21715","406700","Shipped","2021-11-07 02:02:45","2021-11-08 10:17:00",NULL,NULL,"49.5"
"150631","103944","83390","16024","406815","Shipped","2021-07-29 02:59:26","2021-07-27 07:42:00",NULL,NULL,"49.5"
"150871","104110","83519","22073","407474","Shipped","2022-04-29 09:24:31","2022-04-30 10:28:00",NULL,NULL,"49.5"
"150963","104174","83569","6449","407719","Shipped","2022-04-27 15:42:22","2022-04-29 00:41:00",NULL,NULL,"49.5"
"151391","104452","83806","27836","408868","Shipped","2022-09-05 11:40:06.78771","2022-09-04 03:20:06.78771",NULL,NULL,"49.5"
"151552","104553","83889","16606","409304","Shipped","2022-08-17 11:22:31","2022-08-18 15:43:00",NULL,NULL,"49.5"
"151613","104598","83922","27638","409469","Shipped","2022-01-26 09:20:02","2022-01-27 02:38:00",NULL,NULL,"49.5"
"152962","105526","84660","22892","413063","Shipped","2022-07-31 07:58:37","2022-08-01 11:45:00",NULL,NULL,"49.5"
"153215","105698","84794","23597","413774","Shipped","2020-08-05 01:17:08","2020-08-07 19:59:00",NULL,NULL,"49.5"
"153756","106087","85097","21257","415205","Shipped","2020-07-13 04:01:35","2020-07-12 17:44:00",NULL,NULL,"49.5"
"153887","106184","85175","27899","415551","Shipped","2022-03-12 06:37:04","2022-03-13 00:27:00",NULL,NULL,"49.5"
"154097","106326","85275","22540","416121","Shipped","2021-04-01 08:12:29","2021-04-01 12:46:00",NULL,NULL,"49.5"
"155881","107541","86267","23082","420878","Shipped","2022-07-06 12:41:33","2022-07-09 01:43:00",NULL,NULL,"49.5"
"156398","107883","86533","28144","422287","Shipped","2022-02-20 02:25:39","2022-02-19 10:25:00",NULL,NULL,"49.5"
"157017","108299","86851","21870","423949","Shipped","2021-01-28 12:20:07","2021-01-28 02:43:00",NULL,NULL,"49.5"
"157196","108431","86955","27984","424441","Shipped","2022-06-25 08:13:20","2022-06-26 00:17:00",NULL,NULL,"49.5"
"157953","108953","87383","21525","426468","Shipped","2021-08-09 23:58:01","2021-08-10 23:39:00",NULL,NULL,"49.5"
"158115","109063","87467","1895","426901","Shipped","2022-08-08 02:49:44","2022-08-06 22:09:00",NULL,NULL,"49.5"
"158702","109467","87783","16132","428487","Shipped","2021-10-19 06:49:37","2021-10-16 19:53:00",NULL,NULL,"49.5"
"158751","109494","87807","27398","428624","Shipped","2022-09-03 06:35:45.584926","2022-09-02 11:42:56.584926",NULL,NULL,"49.5"
"159570","110077","88274","21361","430836","Shipped","2021-11-08 15:47:02","2021-11-08 05:18:00",NULL,NULL,"49.5"
"159628","110120","88304","21257","430998","Shipped","2021-08-22 01:03:58","2021-08-24 15:24:00",NULL,NULL,"49.5"
"160403","110662","88739","5038","433094","Shipped","2022-02-27 13:31:41","2022-02-27 03:22:00",NULL,NULL,"49.5"
"161164","111164","89124","17639","435136","Shipped","2021-06-29 01:17:32","2021-06-29 06:29:00",NULL,NULL,"49.5"
"162024","111743","89586","21244","437495","Shipped","2020-06-30 15:23:05","2020-06-29 03:36:00",NULL,NULL,"49.5"
"162441","112035","89825","27691","438631","Shipped","2022-07-22 07:46:07","2022-07-23 02:16:00",NULL,NULL,"49.5"
"162707","112227","89980","27925","439361","Shipped","2019-05-22 22:41:53","2019-05-23 06:22:00",NULL,NULL,"49.5"
"162730","112243","89995","28020","439426","Shipped","2022-05-17 12:50:12","2022-05-19 05:59:00",NULL,NULL,"49.5"
"163969","113106","90700","27638","442790","Shipped","2021-12-31 22:19:16","2022-01-03 05:31:00",NULL,NULL,"49.5"
"167417","115450","92538","20800","452140","Shipped","2021-08-01 01:08:12","2021-08-02 19:58:00",NULL,NULL,"49.5"
"167610","115585","92644","21386","452648","Shipped","2021-01-11 13:29:49","2021-01-12 14:47:00",NULL,NULL,"49.5"
"167853","115752","92793","5162","453286","Shipped","2022-06-02 09:26:41","2022-06-04 12:37:00",NULL,NULL,"49.5"
"168266","116039","93031","22563","454411","Shipped","2022-03-20 01:51:47","2022-03-22 10:18:00",NULL,NULL,"49.5"
"169546","116925","93750","27491","457840","Shipped","2020-01-19 02:54:08","2020-01-15 15:51:00",NULL,NULL,"49.5"
"169691","117013","93828","17874","458234","Shipped","2022-02-17 11:34:38","2022-02-19 05:43:00",NULL,NULL,"49.5"
"170069","117271","94041","746","459267","Shipped","2021-12-29 10:08:27","2021-12-30 05:18:00",NULL,NULL,"49.5"
"170655","117661","94369","21360","460890","Shipped","2022-07-14 07:55:53","2022-07-14 14:28:00",NULL,NULL,"49.5"
"171374","118148","94752","28192","462844","Shipped","2021-02-02 17:18:18","2021-02-03 10:46:00",NULL,NULL,"49.5"
"171440","118202","94799","21863","463011","Shipped","2020-04-22 04:04:57","2020-04-23 02:07:00",NULL,NULL,"49.5"
"172054","118636","95111","27395","464689","Shipped","2021-06-05 14:30:48","2021-06-07 05:08:00",NULL,NULL,"49.5"
"172084","118659","95129","17478","464773","Shipped","2021-12-16 05:50:56","2021-12-18 20:28:00",NULL,NULL,"49.5"
"173974","119998","96223","20619","469799","Shipped","2021-10-04 13:06:10","2021-10-03 15:31:00",NULL,NULL,"49.5"
"175078","120729","96794","28144","472823","Shipped","2022-04-29 11:36:07","2022-05-02 03:29:00",NULL,NULL,"49.5"
"175266","120865","96898","5210","473316","Shipped","2022-07-09 11:41:01","2022-07-09 00:23:00",NULL,NULL,"49.5"
"175654","121140","97131","23001","474380","Shipped","2022-08-15 01:53:55","2022-08-17 09:51:00",NULL,NULL,"49.5"
"175861","121284","97265","22991","474936","Shipped","2022-07-13 14:01:16","2022-07-15 13:57:00",NULL,NULL,"49.5"
"176649","121817","97697","5002","477091","Shipped","2021-06-07 13:02:21","2021-06-07 14:52:00",NULL,NULL,"49.5"
"176920","122018","97857","16478","477818","Shipped","2021-03-06 12:28:54","2021-03-06 05:17:00",NULL,NULL,"49.5"
"177082","122125","97932","21360","478264","Shipped","2022-06-27 23:28:43","2022-06-27 16:53:00",NULL,NULL,"49.5"
"177868","122676","98398","27984","480357","Shipped","2022-04-21 04:47:11","2022-04-22 14:27:00",NULL,NULL,"49.5"
"178236","122932","98599","16024","481333","Shipped","2022-04-17 12:51:27","2022-04-15 02:00:00",NULL,NULL,"49.5"
"178481","123110","98749","22540","482003","Shipped","2021-08-22 09:13:01","2021-08-22 16:16:00",NULL,NULL,"49.5"
"178650","123225","98842","28004","482462","Shipped","2022-08-22 13:11:59","2022-08-24 11:23:00",NULL,NULL,"49.5"
"179441","123759","99279","21863","484587","Shipped","2022-05-22 09:35:50","2022-05-24 20:44:00",NULL,NULL,"49.5"
"179969","124118","99554","16520","485995","Shipped","2020-09-15 14:30:40","2020-09-16 15:19:00",NULL,NULL,"49.5"
"179976","124123","99558","6913","486016","Shipped","2022-08-01 13:32:19","2022-08-03 14:33:00",NULL,NULL,"49.5"
"180287","124321","99708","16132","486857","Shipped","2022-08-10 01:37:44","2022-08-08 09:46:00",NULL,NULL,"49.5"
"895","638","531","16039","2404","Complete","2021-09-12 13:25:11","2021-09-14 15:24:00","2021-09-17 13:57:00",NULL,"49.5"
"1218","848","706","7908","3296","Complete","2021-12-12 07:34:06","2021-12-15 04:50:00","2021-12-20 00:26:00",NULL,"49.5"
"1520","1057","874","1658","4121","Complete","2021-07-18 04:15:01","2021-07-16 19:14:00","2021-07-18 09:30:00",NULL,"49.5"
"1593","1106","907","21982","4313","Complete","2021-12-06 14:34:56","2021-12-07 07:11:00","2021-12-10 01:38:00",NULL,"49.5"
"1976","1371","1104","22565","5357","Complete","2020-12-11 15:36:18","2020-12-13 20:12:00","2020-12-15 16:21:00",NULL,"49.5"
"3179","2155","1732","1787","8597","Complete","2021-12-10 15:03:42","2021-12-12 04:57:00","2021-12-13 03:38:00",NULL,"49.5"
"3503","2368","1904","18012","9472","Complete","2022-02-28 12:07:23","2022-02-26 13:22:00","2022-03-03 05:10:00",NULL,"49.5"
"4084","2771","2227","2554","11053","Complete","2022-06-23 07:22:01","2022-06-23 17:54:00","2022-06-24 13:12:00",NULL,"49.5"
"6005","4088","3321","17874","16250","Complete","2022-09-09 08:50:41.331322","2022-09-06 19:07:17.331322","2022-09-08 02:55:17.331322",NULL,"49.5"
"6033","4110","3338","20426","16318","Complete","2022-01-19 21:30:43","2022-01-20 13:39:00","2022-01-21 04:28:00",NULL,"49.5"
"6163","4206","3413","27849","16679","Complete","2020-01-06 15:37:18","2020-01-09 05:45:00","2020-01-11 17:02:00",NULL,"49.5"
"6344","4329","3518","18871","17164","Complete","2022-08-26 13:53:49","2022-08-27 08:58:00","2022-08-28 20:51:00",NULL,"49.5"
"6546","4454","3610","3145","17724","Complete","2020-09-12 17:31:07","2020-09-14 10:06:00","2020-09-18 04:19:00",NULL,"49.5"
"8103","5553","4495","17874","21983","Complete","2022-07-15 07:08:15","2022-07-15 21:20:00","2022-07-17 17:06:00",NULL,"49.5"
"8291","5683","4598","21264","22482","Complete","2020-03-06 12:08:29","2020-03-07 11:17:00","2020-03-09 08:19:00",NULL,"49.5"
"8687","5957","4820","1013","23557","Complete","2022-03-04 09:21:17","2022-03-06 06:47:00","2022-03-06 07:50:00",NULL,"49.5"
"8697","5964","4827","16132","23587","Complete","2022-05-15 22:41:39","2022-05-15 15:57:00","2022-05-18 15:33:00",NULL,"49.5"
"8985","6158","4974","1419","24368","Complete","2021-08-03 22:39:11","2021-08-04 03:55:00","2021-08-04 23:15:00",NULL,"49.5"
"11451","7878","6385","18695","31026","Complete","2019-10-01 05:04:31","2019-09-28 14:57:00","2019-09-29 18:32:00",NULL,"49.5"
"11500","7915","6419","16520","31157","Complete","2022-08-25 13:11:06","2022-08-26 23:08:00","2022-08-30 00:43:00",NULL,"49.5"
"12173","8402","6781","1895","32995","Complete","2022-03-15 22:17:56","2022-03-17 17:00:00","2022-03-20 02:21:00",NULL,"49.5"
"12555","8657","6987","17663","34015","Complete","2021-09-04 12:11:20","2021-09-07 11:29:00","2021-09-09 06:45:00",NULL,"49.5"
"12659","8735","7053","22991","34300","Complete","2022-07-05 02:12:34","2022-07-05 17:24:00","2022-07-09 13:46:00",NULL,"49.5"
"12988","8964","7234","20893","35182","Complete","2022-09-02 15:36:33.696309","2022-09-05 07:43:58.696309","2022-09-10 02:02:58.696309",NULL,"49.5"
"13225","9128","7359","16084","35831","Complete","2021-01-25 23:17:20","2021-01-27 06:27:00","2021-01-27 15:18:00",NULL,"49.5"
"13305","9176","7394","16132","36040","Complete","2021-12-13 12:25:13","2021-12-14 09:49:00","2021-12-17 05:02:00",NULL,"49.5"
"13485","9294","7490","1763","36548","Complete","2022-06-27 08:19:18","2022-06-24 21:39:00","2022-06-29 05:36:00",NULL,"49.5"
"15217","10457","8424","27733","41209","Complete","2022-08-10 22:43:19","2022-08-11 07:03:00","2022-08-14 22:39:00",NULL,"49.5"
"15246","10477","8439","22973","41289","Complete","2020-01-12 16:29:56","2020-01-12 13:14:00","2020-01-16 00:24:00",NULL,"49.5"
"15624","10717","8616","27728","42314","Complete","2022-07-25 05:43:50","2022-07-23 15:53:00","2022-07-24 05:32:00",NULL,"49.5"
"15664","10742","8631","28144","42422","Complete","2020-06-12 01:31:55","2020-06-13 03:46:00","2020-06-14 08:24:00",NULL,"49.5"
"16097","11059","8878","27640","43568","Complete","2022-09-01 05:46:04","2022-08-30 05:01:00","2022-09-01 21:12:00",NULL,"49.5"
"16556","11391","9163","27430","44813","Complete","2020-08-30 04:37:25","2020-08-28 16:56:00","2020-08-30 06:14:00",NULL,"49.5"
"16558","11391","9163","17209","44817","Complete","2020-08-26 07:05:28","2020-08-28 16:56:00","2020-08-30 06:14:00",NULL,"49.5"
"17266","11883","9546","7908","46756","Complete","2022-03-24 02:48:24","2022-03-23 22:10:00","2022-03-26 14:17:00",NULL,"49.5"
"17572","12086","9715","23597","47593","Complete","2020-05-28 01:36:55","2020-05-30 08:50:00","2020-06-01 22:53:00",NULL,"49.5"
"18542","12736","10216","17656","50204","Complete","2020-03-22 23:14:56","2020-03-23 04:15:00","2020-03-23 12:05:00",NULL,"49.5"
"18925","13008","10432","2554","51218","Complete","2021-05-22 07:58:48","2021-05-21 21:06:00","2021-05-23 05:52:00",NULL,"49.5"
"19263","13237","10609","27424","52119","Complete","2021-06-05 05:38:38","2021-06-08 01:06:00","2021-06-12 17:32:00",NULL,"49.5"
"19542","13432","10779","19009","52883","Complete","2022-07-29 14:54:06","2022-07-29 03:56:00","2022-08-02 10:04:00",NULL,"49.5"
"20608","14175","11352","55","55793","Complete","2021-03-10 12:16:30","2021-03-10 06:33:00","2021-03-14 09:07:00",NULL,"49.5"
"20890","14366","11504","1650","56536","Complete","2019-11-07 09:22:13","2019-11-08 23:26:00","2019-11-13 00:48:00",NULL,"49.5"
"20910","14381","11517","23090","56593","Complete","2022-07-28 12:36:45","2022-07-31 04:26:00","2022-07-31 19:50:00",NULL,"49.5"
"20955","14409","11532","4742","56710","Complete","2019-06-19 05:20:40","2019-06-18 17:51:00","2019-06-19 20:44:00",NULL,"49.5"
"21131","14529","11616","21257","57158","Complete","2019-11-26 21:41:30","2019-11-24 22:31:00","2019-11-26 08:31:00",NULL,"49.5"
"22370","15386","12290","2074","60446","Complete","2021-07-30 08:27:37","2021-08-01 14:58:00","2021-08-05 23:39:00",NULL,"49.5"
"22796","15678","12524","21365","61621","Complete","2021-05-18 06:01:40","2021-05-20 18:32:00","2021-05-22 14:22:00",NULL,"49.5"
"23260","16002","12783","21365","62865","Complete","2020-06-28 22:33:43","2020-06-30 04:38:00","2020-07-04 01:08:00",NULL,"49.5"
"23929","16461","13156","27640","64684","Complete","2021-09-01 06:08:41","2021-09-02 06:06:00","2021-09-03 16:33:00",NULL,"49.5"
"24729","17028","13600","16622","66837","Complete","2021-03-10 13:24:53","2021-03-09 23:16:00","2021-03-13 10:30:00",NULL,"49.5"
"25213","17374","13879","28004","68142","Complete","2020-11-04 10:55:52","2020-11-06 18:39:00","2020-11-07 05:16:00",NULL,"49.5"
"25558","17606","14064","17337","69062","Complete","2022-02-11 06:05:52","2022-02-09 21:44:00","2022-02-10 16:09:00",NULL,"49.5"
"25560","17606","14064","20619","69067","Complete","2022-02-10 07:17:50","2022-02-09 21:44:00","2022-02-10 16:09:00",NULL,"49.5"
"26169","18027","14404","17309","70728","Complete","2020-06-22 04:12:56","2020-06-23 02:02:00","2020-06-27 07:18:00",NULL,"49.5"
"26684","18385","14687","28144","72131","Complete","2022-06-12 09:17:56","2022-06-14 08:49:00","2022-06-14 19:34:00",NULL,"49.5"
"27049","18632","14880","21264","73132","Complete","2022-07-29 14:54:20","2022-07-29 23:03:00","2022-08-02 03:43:00",NULL,"49.5"
"27130","18689","14937","23082","73354","Complete","2020-09-17 02:11:43","2020-09-17 20:32:00","2020-09-22 06:35:00",NULL,"49.5"
"27325","18817","15047","4742","73868","Complete","2022-07-28 06:57:03","2022-07-27 16:52:00","2022-07-29 17:28:00",NULL,"49.5"
"27423","18891","15111","19030","74138","Complete","2020-03-28 14:53:05","2020-03-29 10:37:00","2020-03-30 02:18:00",NULL,"49.5"
"28118","19384","15506","19315","76009","Complete","2022-08-20 08:35:00","2022-08-19 23:23:00","2022-08-22 04:07:00",NULL,"49.5"
"28217","19450","15556","27491","76277","Complete","2022-07-17 01:14:23","2022-07-17 17:17:00","2022-07-21 04:03:00",NULL,"49.5"
"28558","19664","15723","20132","77194","Complete","2022-03-18 11:28:01","2022-03-19 00:01:00","2022-03-23 08:33:00",NULL,"49.5"
"29215","20111","16068","23245","78979","Complete","2022-04-23 22:15:22","2022-04-24 05:38:00","2022-04-24 11:17:00",NULL,"49.5"
"29467","20289","16212","554","79649","Complete","2022-05-24 01:01:43","2022-05-25 09:12:00","2022-05-25 10:30:00",NULL,"49.5"
"30107","20732","16575","22945","81385","Complete","2021-08-05 08:28:17","2021-08-07 07:18:00","2021-08-10 19:51:00",NULL,"49.5"
"31837","21904","17527","1787","86044","Complete","2021-08-04 04:05:30","2021-08-02 09:06:00","2021-08-02 10:40:00",NULL,"49.5"
"32042","22055","17637","17559","86575","Complete","2022-06-27 00:31:28","2022-06-28 11:19:00","2022-07-03 02:32:00",NULL,"49.5"
"32239","22181","17741","22973","87103","Complete","2020-12-03 12:14:43","2020-12-05 22:01:00","2020-12-08 00:59:00",NULL,"49.5"
"32256","22192","17749","17211","87148","Complete","2020-11-16 13:38:52","2020-11-17 12:14:00","2020-11-18 12:27:00",NULL,"49.5"
"32486","22357","17873","55","87777","Complete","2022-09-03 12:51:32","2022-09-03 05:04:00","2022-09-03 17:10:00",NULL,"49.5"
"33528","23075","18419","27415","90580","Complete","2021-01-30 17:15:50","2021-02-02 01:33:00","2021-02-04 08:31:00",NULL,"49.5"
"34623","23828","19026","16273","93537","Complete","2022-05-18 11:01:47","2022-05-16 10:29:00","2022-05-16 12:00:00",NULL,"49.5"
"34977","24077","19225","20426","94484","Complete","2022-02-05 23:32:56","2022-02-07 16:12:00","2022-02-10 06:39:00",NULL,"49.5"
"35622","24515","19590","20586","96200","Complete","2022-01-19 05:25:43","2022-01-21 04:58:00","2022-01-25 09:19:00",NULL,"49.5"
"36333","25020","20000","15","98100","Complete","2022-08-22 22:52:32","2022-08-24 18:10:00","2022-08-28 15:18:00",NULL,"49.5"
"36344","25027","20007","18634","98127","Complete","2022-06-22 15:52:07","2022-06-19 10:55:00","2022-06-19 20:15:00",NULL,"49.5"
"36439","25095","20064","2641","98375","Complete","2021-11-06 06:55:53","2021-11-07 12:14:00","2021-11-10 03:57:00",NULL,"49.5"
"36932","25425","20329","20608","99726","Complete","2022-08-10 05:35:42","2022-08-12 22:03:00","2022-08-14 12:46:00",NULL,"49.5"
"37027","25497","20384","18759","99979","Complete","2022-07-04 00:23:49","2022-07-06 13:56:00","2022-07-08 13:30:00",NULL,"49.5"
"37401","25749","20569","21057","101006","Complete","2021-01-05 01:04:25","2021-01-04 08:56:00","2021-01-08 21:57:00",NULL,"49.5"
"38363","26418","21110","27984","103567","Complete","2021-08-10 05:49:04","2021-08-09 10:44:00","2021-08-13 16:14:00",NULL,"49.5"
"38579","26572","21233","16520","104145","Complete","2021-11-15 13:00:21","2021-11-16 00:26:00","2021-11-20 05:10:00",NULL,"49.5"
"38729","26679","21325","746","104568","Complete","2021-10-12 03:21:28","2021-10-12 12:58:00","2021-10-13 00:15:00",NULL,"49.5"
"39755","27372","21855","16726","107316","Complete","2022-09-05 10:44:16.066833","2022-09-06 21:42:39.066833","2022-09-10 14:55:39.066833",NULL,"49.5"
"40174","27654","22088","746","108441","Complete","2020-10-30 13:33:25","2020-11-01 15:00:00","2020-11-06 12:08:00",NULL,"49.5"
"41073","28247","22536","16039","110885","Complete","2021-03-19 11:33:02","2021-03-19 16:55:00","2021-03-21 00:17:00",NULL,"49.5"
"41103","28263","22543","2376","110967","Complete","2022-03-12 17:12:24","2022-03-15 06:39:00","2022-03-19 19:52:00",NULL,"49.5"
"41505","28545","22770","16894","112037","Complete","2022-09-03 01:44:20","2022-09-04 12:12:00","2022-09-06 18:35:00",NULL,"49.5"
"41704","28684","22877","22702","112578","Complete","2022-02-25 08:49:25","2022-02-24 10:20:00","2022-02-26 20:55:00",NULL,"49.5"
"41983","28888","23044","2641","113336","Complete","2022-09-05 08:08:14.300787","2022-09-08 07:27:10.300787","2022-09-10 10:59:10.300787",NULL,"49.5"
"42522","29254","23325","21525","114834","Complete","2021-07-16 08:08:36","2021-07-19 00:01:00","2021-07-21 23:24:00",NULL,"49.5"
"42769","29431","23459","27836","115501","Complete","2022-04-20 09:56:55","2022-04-22 02:01:00","2022-04-25 15:58:00",NULL,"49.5"
"43516","29934","23871","10601","117513","Complete","2021-11-24 07:49:15","2021-11-26 15:18:00","2021-11-29 21:32:00",NULL,"49.5"
"44381","30550","24386","16606","119870","Complete","2022-08-02 01:13:11","2022-08-01 16:18:00","2022-08-04 07:55:00",NULL,"49.5"
"45185","31112","24834","21244","122024","Complete","2021-04-08 10:00:01","2021-04-10 04:05:00","2021-04-11 12:44:00",NULL,"49.5"
"45642","31425","25078","21863","123243","Complete","2022-07-29 11:07:02","2022-07-29 22:24:00","2022-07-30 05:01:00",NULL,"49.5"
"45672","31445","25095","20426","123328","Complete","2022-02-27 03:59:24","2022-02-25 02:54:00","2022-02-27 00:30:00",NULL,"49.5"
"47264","32567","26004","21982","127578","Complete","2022-02-14 13:20:14","2022-02-14 04:19:00","2022-02-14 08:53:00",NULL,"49.5"
"48661","33526","26778","22942","131323","Complete","2022-06-28 15:19:55","2022-06-29 17:09:00","2022-07-03 14:09:00",NULL,"49.5"
"50195","34575","27602","23152","135492","Complete","2022-05-04 14:43:29","2022-05-05 05:14:00","2022-05-08 14:17:00",NULL,"49.5"
"50339","34677","27681","20800","135889","Complete","2022-06-13 03:05:44","2022-06-14 22:15:00","2022-06-17 05:59:00",NULL,"49.5"
"51185","35284","28167","22968","138155","Complete","2022-05-07 02:01:26","2022-05-08 14:41:00","2022-05-13 09:46:00",NULL,"49.5"
"52472","36159","28888","22975","141600","Complete","2021-01-15 01:39:40","2021-01-15 17:25:00","2021-01-17 21:18:00",NULL,"49.5"
"52504","36183","28903","23068","141690","Complete","2021-09-26 15:42:22","2021-09-27 17:21:00","2021-09-28 06:53:00",NULL,"49.5"
"53349","36770","29385","16622","143956","Complete","2022-08-02 09:00:41","2022-08-05 00:17:00","2022-08-06 07:06:00",NULL,"49.5"
"55738","38420","30702","5002","150403","Complete","2022-05-18 04:03:22","2022-05-19 10:54:00","2022-05-24 02:09:00",NULL,"49.5"
"56537","38973","31162","23152","152591","Complete","2021-06-13 01:55:54","2021-06-15 13:19:00","2021-06-18 06:35:00",NULL,"49.5"
"56687","39072","31237","23340","153000","Complete","2021-12-26 13:27:30","2021-12-29 05:27:00","2022-01-01 14:25:00",NULL,"49.5"
"57297","39498","31557","2224","154645","Complete","2021-08-08 02:56:51","2021-08-08 14:23:00","2021-08-11 03:16:00",NULL,"49.5"
"57473","39615","31652","27824","155119","Complete","2021-05-18 07:10:35","2021-05-16 14:06:00","2021-05-20 14:31:00",NULL,"49.5"
"57525","39644","31674","21715","155254","Complete","2022-08-08 11:19:15","2022-08-08 22:47:00","2022-08-09 01:38:00",NULL,"49.5"
"58166","40092","32034","4044","156965","Complete","2021-12-18 08:29:20","2021-12-20 13:08:00","2021-12-23 04:27:00",NULL,"49.5"
"58169","40095","32037","23386","156974","Complete","2022-05-28 00:14:16","2022-05-29 16:40:00","2022-05-30 15:39:00",NULL,"49.5"
"59226","40812","32597","27691","159845","Complete","2021-08-21 22:24:48","2021-08-23 12:26:00","2021-08-25 18:45:00",NULL,"49.5"
"59251","40830","32608","554","159911","Complete","2022-03-29 23:33:12","2022-04-01 18:08:00","2022-04-02 20:33:00",NULL,"49.5"
"59412","40939","32695","27751","160364","Complete","2022-08-27 04:59:52","2022-08-23 20:16:00","2022-08-27 16:06:00",NULL,"49.5"
"60168","41440","33115","1419","162450","Complete","2021-12-31 16:05:14","2022-01-02 00:15:00","2022-01-03 19:21:00",NULL,"49.5"
"60328","41555","33205","17613","162869","Complete","2022-03-26 02:28:06","2022-03-23 11:01:00","2022-03-26 17:07:00",NULL,"49.5"
"60638","41764","33387","20586","163716","Complete","2022-07-28 02:14:45","2022-07-26 12:58:00","2022-07-31 12:54:00",NULL,"49.5"
"61095","42067","33622","27638","164943","Complete","2020-07-27 22:30:42","2020-07-26 01:20:00","2020-07-27 15:17:00",NULL,"49.5"
"61485","42338","33841","27395","165977","Complete","2020-10-09 12:11:13","2020-10-12 11:33:00","2020-10-15 21:45:00",NULL,"49.5"
"62143","42799","34212","23296","167751","Complete","2021-04-09 02:42:15","2021-04-09 18:56:00","2021-04-10 09:06:00",NULL,"49.5"
"62517","43055","34424","17077","168767","Complete","2021-04-25 04:38:58","2021-04-26 00:29:00","2021-04-26 18:40:00",NULL,"49.5"
"63283","43573","34840","16520","170875","Complete","2022-01-26 13:47:43","2022-01-25 13:09:00","2022-01-29 05:37:00",NULL,"49.5"
"63515","43732","34965","27836","171478","Complete","2020-10-23 00:52:10","2020-10-24 06:59:00","2020-10-29 00:37:00",NULL,"49.5"
"63953","44025","35214","20132","172657","Complete","2022-07-31 08:48:29","2022-08-01 11:07:00","2022-08-05 04:44:00",NULL,"49.5"
"64378","44308","35445","1895","173813","Complete","2022-08-01 01:10:27","2022-07-30 19:04:00","2022-08-04 06:26:00",NULL,"49.5"
"64587","44456","35559","22973","174382","Complete","2019-12-22 07:03:12","2019-12-20 21:32:00","2019-12-22 12:13:00",NULL,"49.5"
"64646","44500","35605","21257","174538","Complete","2022-08-23 14:51:53","2022-08-23 21:25:00","2022-08-24 02:03:00",NULL,"49.5"
"64724","44551","35645","27728","174758","Complete","2020-06-28 21:42:21","2020-06-27 03:40:00","2020-06-29 18:15:00",NULL,"49.5"
"64962","44719","35764","1775","175427","Complete","2021-03-02 11:52:52","2021-03-05 09:20:00","2021-03-06 05:20:00",NULL,"49.5"
"65969","45413","36307","28181","178131","Complete","2021-10-24 12:52:36","2021-10-22 18:18:00","2021-10-25 22:20:00",NULL,"49.5"
"66252","45597","36450","18634","178903","Complete","2022-07-11 22:15:17","2022-07-10 18:16:00","2022-07-15 11:51:00",NULL,"49.5"
"66848","45987","36781","17613","180493","Complete","2022-02-21 11:56:10","2022-02-20 05:34:00","2022-02-21 21:48:00",NULL,"49.5"
"66890","46017","36800","21793","180604","Complete","2022-01-16 21:27:03","2022-01-16 07:08:00","2022-01-20 21:58:00",NULL,"49.5"
"67233","46259","36991","17663","181556","Complete","2021-07-10 09:23:06","2021-07-08 00:11:00","2021-07-09 07:07:00",NULL,"49.5"
"67865","46702","37366","3800","183242","Complete","2022-07-18 03:14:02","2022-07-20 11:30:00","2022-07-22 20:50:00",NULL,"49.5"
"68361","47045","37635","7908","184561","Complete","2022-01-12 01:17:08","2022-01-14 00:06:00","2022-01-16 20:16:00",NULL,"49.5"
"68494","47141","37706","2224","184902","Complete","2020-10-12 15:07:10","2020-10-13 03:36:00","2020-10-16 22:16:00",NULL,"49.5"
"69100","47571","38038","1591","186537","Complete","2021-08-03 02:41:49","2021-08-03 11:06:00","2021-08-08 02:39:00",NULL,"49.5"
"69492","47851","38265","22975","187579","Complete","2020-07-07 13:47:46","2020-07-04 06:06:00","2020-07-07 23:21:00",NULL,"49.5"
"70014","48204","38546","17209","189004","Complete","2022-08-03 15:47:39","2022-08-04 16:42:00","2022-08-05 12:13:00",NULL,"49.5"
"73297","50487","40413","4529","197916","Complete","2022-04-07 03:15:50","2022-04-08 21:53:00","2022-04-13 05:23:00",NULL,"49.5"
"73434","50579","40476","28024","198279","Complete","2021-09-02 10:17:44","2021-09-03 15:16:00","2021-09-08 00:09:00",NULL,"49.5"
"73582","50678","40549","6449","198680","Complete","2022-08-04 16:32:48","2022-08-06 09:32:00","2022-08-08 06:07:00",NULL,"49.5"
"74084","51033","40838","23166","200031","Complete","2021-12-28 14:06:11","2021-12-28 18:58:00","2021-12-29 08:28:00",NULL,"49.5"
"74485","51323","41068","22849","201105","Complete","2022-09-03 04:47:25","2022-09-03 21:21:00","2022-09-08 12:30:00",NULL,"49.5"
"74867","51587","41283","23144","202135","Complete","2022-09-01 07:37:53","2022-09-01 21:39:00","2022-09-05 07:49:00",NULL,"49.5"
"75545","52056","41671","22968","203963","Complete","2021-05-05 11:49:43","2021-05-03 12:28:00","2021-05-03 13:41:00",NULL,"49.5"
"76161","52487","42005","488","205662","Complete","2022-06-18 11:57:22","2022-06-20 22:12:00","2022-06-24 13:28:00",NULL,"49.5"
"76582","52786","42236","20937","206786","Complete","2022-02-02 06:46:22","2022-02-04 00:56:00","2022-02-06 21:18:00",NULL,"49.5"
"76617","52812","42258","27614","206883","Complete","2022-04-20 12:54:50","2022-04-22 13:57:00","2022-04-23 04:11:00",NULL,"49.5"
"76689","52864","42301","15993","207093","Complete","2020-04-10 08:47:55","2020-04-11 17:21:00","2020-04-12 12:39:00",NULL,"49.5"
"76735","52901","42324","17663","207217","Complete","2021-12-11 09:21:43","2021-12-12 01:56:00","2021-12-14 21:29:00",NULL,"49.5"
"77000","53095","42475","22728","207925","Complete","2022-06-27 14:14:57","2022-06-28 09:42:00","2022-07-01 04:16:00",NULL,"49.5"
"77521","53450","42772","4529","209271","Complete","2022-03-11 11:01:57","2022-03-11 19:25:00","2022-03-14 22:54:00",NULL,"49.5"
"78109","53865","43086","22053","210873","Complete","2022-05-03 05:06:45","2022-05-02 06:46:00","2022-05-02 10:07:00",NULL,"49.5"
"78332","54015","43216","27398","211469","Complete","2022-02-25 00:12:31","2022-02-26 00:07:00","2022-03-02 04:10:00",NULL,"49.5"
"79034","54491","43607","22982","213384","Complete","2021-12-03 04:26:37","2021-12-04 07:09:00","2021-12-05 13:39:00",NULL,"49.5"
"80818","55737","44555","21264","218273","Complete","2022-08-26 10:56:26","2022-08-28 18:26:00","2022-08-30 21:01:00",NULL,"49.5"
"81667","56339","45035","23082","220541","Complete","2022-07-01 11:59:35","2022-07-01 15:46:00","2022-07-04 14:09:00",NULL,"49.5"
"81950","56537","45191","21935","221302","Complete","2022-05-02 02:46:25","2022-05-03 13:56:00","2022-05-08 00:21:00",NULL,"49.5"
"82755","57128","45677","1775","223506","Complete","2021-10-27 11:38:06","2021-10-28 03:55:00","2021-11-01 20:33:00",NULL,"49.5"
"83035","57333","45831","20788","224248","Complete","2022-05-08 17:54:47","2022-05-09 08:57:00","2022-05-12 06:39:00",NULL,"49.5"
"83270","57501","45969","22991","224899","Complete","2022-05-04 17:32:15","2022-05-07 09:54:00","2022-05-09 18:45:00",NULL,"49.5"
"83565","57711","46134","22697","225683","Complete","2021-10-11 02:07:51","2021-10-08 07:38:00","2021-10-09 17:04:00",NULL,"49.5"
"84171","58141","46480","21793","227344","Complete","2022-07-29 13:57:08","2022-07-30 01:03:00","2022-07-30 20:44:00",NULL,"49.5"
"84244","58197","46536","22892","227540","Complete","2021-04-10 21:04:44","2021-04-11 00:13:00","2021-04-15 14:23:00",NULL,"49.5"
"84322","58253","46582","18871","227738","Complete","2022-02-06 04:43:23","2022-02-08 08:24:00","2022-02-11 06:00:00",NULL,"49.5"
"84630","58466","46766","27424","228580","Complete","2021-10-24 12:32:13","2021-10-25 18:55:00","2021-10-27 05:39:00",NULL,"49.5"
"85097","58808","47017","6365","229859","Complete","2022-04-13 15:30:16","2022-04-14 14:12:00","2022-04-17 17:42:00",NULL,"49.5"
"86413","59708","47772","15994","233429","Complete","2022-04-30 06:34:03","2022-04-29 03:25:00","2022-05-03 04:02:00",NULL,"49.5"
"86852","60017","48019","6913","234626","Complete","2020-09-19 09:14:48","2020-09-22 02:57:00","2020-09-26 05:07:00",NULL,"49.5"
"87163","60230","48204","17613","235473","Complete","2021-01-07 23:34:48","2021-01-09 16:42:00","2021-01-14 03:17:00",NULL,"49.5"
"87390","60387","48340","27849","236091","Complete","2022-01-15 10:39:13","2022-01-15 03:04:00","2022-01-19 02:51:00",NULL,"49.5"
"87394","60388","48341","27396","236100","Complete","2022-08-21 07:40:10","2022-08-20 10:18:00","2022-08-22 15:06:00",NULL,"49.5"
"87893","60746","48633","17337","237427","Complete","2021-11-16 06:36:20","2021-11-17 23:07:00","2021-11-22 20:56:00",NULL,"49.5"
"88190","60950","48793","17639","238241","Complete","2020-05-26 04:07:03","2020-05-23 22:36:00","2020-05-25 13:04:00",NULL,"49.5"
"89074","61565","49285","390","240636","Complete","2022-01-26 11:20:59","2022-01-28 12:05:00","2022-01-29 22:29:00",NULL,"49.5"
"89335","61746","49437","1775","241338","Complete","2022-02-08 12:49:55","2022-02-09 09:39:00","2022-02-13 06:08:00",NULL,"49.5"
"89390","61781","49467","27588","241475","Complete","2020-06-09 00:02:24","2020-06-08 20:39:00","2020-06-11 18:01:00",NULL,"49.5"
"89685","62000","49625","27398","242271","Complete","2021-07-31 07:33:51","2021-07-30 11:16:00","2021-08-01 09:28:00",NULL,"49.5"
"90516","62561","50083","18012","244531","Complete","2019-08-28 16:19:06","2019-08-30 06:48:00","2019-09-02 14:06:00",NULL,"49.5"
"90735","62710","50202","17892","245128","Complete","2022-04-04 07:45:02","2022-04-03 01:06:00","2022-04-07 10:04:00",NULL,"49.5"
"90854","62783","50267","22968","245431","Complete","2021-01-30 11:38:39","2021-02-01 06:41:00","2021-02-06 03:02:00",NULL,"49.5"
"93242","64437","51560","27494","251823","Complete","2022-08-31 03:35:18","2022-08-31 22:03:00","2022-09-04 00:10:00",NULL,"49.5"
"94389","65214","52176","16425","254967","Complete","2022-03-15 14:08:57","2022-03-12 17:05:00","2022-03-14 20:30:00",NULL,"49.5"
"94760","65463","52376","5210","255978","Complete","2022-09-01 11:32:39","2022-09-02 09:07:00","2022-09-03 06:37:00",NULL,"49.5"
"95478","65997","52791","17639","257915","Complete","2022-06-07 07:09:58","2022-06-09 21:19:00","2022-06-13 08:15:00",NULL,"49.5"
"95627","66100","52863","16024","258317","Complete","2021-12-27 00:15:33","2021-12-28 05:27:00","2021-12-29 13:07:00",NULL,"49.5"
"96251","66517","53183","23166","259995","Complete","2022-07-10 09:26:51","2022-07-12 03:02:00","2022-07-13 19:23:00",NULL,"49.5"
"96623","66766","53367","14631","260987","Complete","2022-09-03 03:40:22.174971","2022-09-03 19:40:34.174971","2022-09-06 21:17:34.174971",NULL,"49.5"
"98803","68269","54582","18634","266895","Complete","2021-12-08 03:24:26","2021-12-10 03:00:00","2021-12-10 04:14:00",NULL,"49.5"
"99392","68687","54918","28061","268473","Complete","2022-05-21 06:12:57","2022-05-24 01:30:00","2022-05-26 08:11:00",NULL,"49.5"
"99843","69016","55178","22945","269682","Complete","2022-02-03 07:20:26","2022-02-03 21:39:00","2022-02-07 02:25:00",NULL,"49.5"
"100218","69264","55384","13174","270667","Complete","2020-11-02 09:29:51","2020-11-03 06:18:00","2020-11-07 12:19:00",NULL,"49.5"
"100270","69302","55413","23413","270803","Complete","2021-04-17 09:13:24","2021-04-18 04:16:00","2021-04-21 07:39:00",NULL,"49.5"
"100583","69509","55594","23597","271634","Complete","2022-09-02 16:08:46.554362","2022-09-04 16:26:31.554362","2022-09-05 07:32:31.554362",NULL,"49.5"
"101065","69843","55853","16622","272949","Complete","2022-04-15 14:55:56","2022-04-15 12:25:00","2022-04-19 14:26:00",NULL,"49.5"
"101260","69972","55945","27396","273469","Complete","2021-03-01 08:55:28","2021-02-27 16:10:00","2021-03-02 11:45:00",NULL,"49.5"
"101896","70420","56302","6786","275200","Complete","2022-03-01 04:26:18","2022-02-28 10:41:00","2022-03-01 09:14:00",NULL,"49.5"
"102983","71154","56879","26","278156","Complete","2022-07-25 14:45:53","2022-07-25 00:02:00","2022-07-28 02:29:00",NULL,"49.5"
"103108","71245","56951","20670","278499","Complete","2021-10-17 05:59:23","2021-10-17 08:52:00","2021-10-18 18:35:00",NULL,"49.5"
"103457","71492","57157","1895","279453","Complete","2022-08-23 21:11:46","2022-08-23 06:59:00","2022-08-28 05:26:00",NULL,"49.5"
"103805","71736","57363","27398","280413","Complete","2022-06-18 04:40:21","2022-06-18 00:12:00","2022-06-20 07:15:00",NULL,"49.5"
"104647","72315","57816","16039","282664","Complete","2021-09-24 01:55:49","2021-09-26 08:18:00","2021-09-26 21:55:00",NULL,"49.5"
"105334","72789","58221","23166","284509","Complete","2020-06-01 04:26:49","2020-06-01 05:19:00","2020-06-04 20:48:00",NULL,"49.5"
"106965","73907","59105","1419","288906","Complete","2022-07-25 13:11:34","2022-07-26 09:48:00","2022-07-29 18:30:00",NULL,"49.5"
"107563","74314","59411","3145","290537","Complete","2021-09-04 04:04:19","2021-09-02 01:46:00","2021-09-05 21:18:00",NULL,"49.5"
"107716","74418","59491","14635","290948","Complete","2022-06-30 02:51:32","2022-06-29 05:16:00","2022-07-04 04:00:00",NULL,"49.5"
"108360","74865","59865","13280","292721","Complete","2020-05-05 03:21:12","2020-05-03 22:03:00","2020-05-07 17:31:00",NULL,"49.5"
"108401","74889","59884","5470","292821","Complete","2022-09-01 03:46:47","2022-09-03 11:39:00","2022-09-06 18:51:00",NULL,"49.5"
"109039","75323","60218","23068","294545","Complete","2022-01-04 14:12:32","2022-01-04 04:37:00","2022-01-04 09:31:00",NULL,"49.5"
"110177","76109","60863","14635","297576","Complete","2022-06-08 04:42:17","2022-06-09 05:23:00","2022-06-14 03:30:00",NULL,"49.5"
"110424","76277","61001","23082","298221","Complete","2020-06-06 11:30:53","2020-06-04 05:18:00","2020-06-08 06:49:00",NULL,"49.5"
"110551","76365","61074","79","298571","Complete","2022-08-10 01:30:17","2022-08-12 16:34:00","2022-08-14 03:43:00",NULL,"49.5"
"110668","76446","61136","17196","298874","Complete","2021-07-11 15:24:30","2021-07-12 16:17:00","2021-07-17 12:22:00",NULL,"49.5"
"111701","77160","61741","27424","301678","Complete","2021-07-05 15:20:30","2021-07-06 09:45:00","2021-07-06 18:58:00",NULL,"49.5"
"112090","77423","61942","20800","302749","Complete","2022-02-26 21:04:13","2022-02-28 21:58:00","2022-03-04 15:07:00",NULL,"49.5"
"112240","77527","62018","27836","303168","Complete","2022-07-24 04:19:29","2022-07-26 06:39:00","2022-07-26 23:35:00",NULL,"49.5"
"112645","77807","62235","2376","304252","Complete","2022-03-06 01:21:32","2022-03-08 16:25:00","2022-03-09 09:28:00",NULL,"49.5"
"113297","78262","62596","16520","306012","Complete","2020-01-23 15:42:10","2020-01-26 08:30:00","2020-01-26 14:26:00",NULL,"49.5"
"113347","78301","62625","1216","306148","Complete","2021-11-14 21:23:25","2021-11-17 16:10:00","2021-11-20 13:01:00",NULL,"49.5"
"113462","78383","62685","21793","306449","Complete","2022-02-28 10:36:31","2022-03-03 08:31:00","2022-03-07 08:05:00",NULL,"49.5"
"114126","78830","63056","20586","308235","Complete","2022-08-28 22:37:27","2022-08-31 11:10:00","2022-09-04 21:37:00",NULL,"49.5"
"114350","78982","63171","17479","308850","Complete","2022-09-03 12:32:44","2022-09-02 07:42:00","2022-09-07 02:26:00",NULL,"49.5"
"114541","79113","63280","20958","309363","Complete","2022-01-25 14:51:06","2022-01-26 08:47:00","2022-01-29 10:06:00",NULL,"49.5"
"114875","79348","63472","23413","310274","Complete","2019-11-20 01:45:34","2019-11-22 22:26:00","2019-11-26 00:40:00",NULL,"49.5"
"115904","80039","64059","22540","313023","Complete","2020-10-30 07:14:34","2020-10-28 06:29:00","2020-10-29 03:50:00",NULL,"49.5"
"117216","80916","64787","17559","316540","Complete","2022-07-29 07:54:41","2022-07-30 13:22:00","2022-07-30 18:51:00",NULL,"49.5"
"118789","82007","65650","17309","320751","Complete","2021-02-17 11:48:57","2021-02-18 10:32:00","2021-02-18 12:47:00",NULL,"49.5"
"119076","82199","65814","22896","321506","Complete","2022-07-06 17:15:49","2022-07-08 17:54:00","2022-07-12 19:37:00",NULL,"49.5"
"119100","82214","65825","10601","321569","Complete","2022-09-03 01:03:52.802371","2022-09-04 05:12:09.802371","2022-09-05 13:36:09.802371",NULL,"49.5"
"119172","82266","65866","18012","321761","Complete","2021-03-29 17:22:23","2021-03-31 00:23:00","2021-03-31 12:43:00",NULL,"49.5"
"120465","83145","66571","27424","325281","Complete","2021-05-09 09:42:13","2021-05-08 19:43:00","2021-05-09 04:52:00",NULL,"49.5"
"120505","83170","66596","27398","325391","Complete","2021-09-03 09:37:00","2021-09-04 17:55:00","2021-09-07 22:09:00",NULL,"49.5"
"120600","83233","66651","22896","325638","Complete","2020-03-13 02:01:55","2020-03-13 10:24:00","2020-03-15 19:25:00",NULL,"49.5"
"121574","83897","67163","16622","328251","Complete","2019-09-17 01:46:27","2019-09-17 15:30:00","2019-09-21 06:25:00",NULL,"49.5"
"122695","84647","67752","27774","331293","Complete","2021-06-07 09:27:31","2021-06-10 03:36:00","2021-06-10 07:33:00",NULL,"49.5"
"123625","85288","68256","27588","333766","Complete","2021-11-08 10:52:32","2021-11-05 02:53:00","2021-11-07 12:00:00",NULL,"49.5"
"123778","85393","68340","17077","334177","Complete","2020-04-01 16:34:32","2020-03-31 15:53:00","2020-04-01 22:24:00",NULL,"49.5"
"125238","86398","69139","20670","338132","Complete","2022-05-18 07:14:44","2022-05-18 14:45:00","2022-05-19 12:40:00",NULL,"49.5"
"126323","87137","69731","27395","341071","Complete","2022-09-05 11:06:17.609819","2022-09-06 18:52:52.609819","2022-09-08 20:56:52.609819",NULL,"49.5"
"126666","87361","69922","23152","342006","Complete","2022-06-24 00:24:11","2022-06-25 09:22:00","2022-06-26 22:51:00",NULL,"49.5"
"127094","87652","70172","6449","343162","Complete","2022-04-17 06:06:01","2022-04-15 14:47:00","2022-04-20 05:10:00",NULL,"49.5"
"127803","88138","70584","27751","345057","Complete","2021-09-29 11:22:38","2021-09-30 16:29:00","2021-10-05 08:45:00",NULL,"49.5"
"127898","88209","70638","27640","345320","Complete","2022-07-15 05:40:03","2022-07-12 09:11:00","2022-07-15 18:40:00",NULL,"49.5"
"127947","88244","70666","17479","345459","Complete","2022-04-12 16:37:17","2022-04-12 20:25:00","2022-04-15 08:34:00",NULL,"49.5"
"128386","88549","70928","18759","346665","Complete","2022-08-06 07:50:44","2022-08-07 15:15:00","2022-08-09 15:01:00",NULL,"49.5"
"129549","89343","71570","21935","349787","Complete","2021-06-15 13:28:38","2021-06-17 01:43:00","2021-06-17 04:58:00",NULL,"49.5"
"129565","89355","71578","27849","349827","Complete","2022-03-07 06:20:03","2022-03-08 21:13:00","2022-03-11 19:32:00",NULL,"49.5"
"129594","89374","71595","20788","349902","Complete","2021-03-12 23:24:28","2021-03-14 13:26:00","2021-03-17 03:48:00",NULL,"49.5"
"129610","89387","71605","27836","349941","Complete","2021-04-04 00:21:36","2021-04-04 09:03:00","2021-04-05 14:30:00",NULL,"49.5"
"131243","90527","72522","4044","354361","Complete","2022-08-10 03:23:35","2022-08-11 14:11:00","2022-08-15 02:37:00",NULL,"49.5"
"131542","90733","72688","28144","355158","Complete","2020-06-08 03:02:09","2020-06-06 04:22:00","2020-06-10 07:10:00",NULL,"49.5"
"133691","92244","73884","22565","360997","Complete","2020-03-21 11:54:40","2020-03-23 03:40:00","2020-03-26 18:24:00",NULL,"49.5"
"133972","92434","74043","16622","361744","Complete","2020-05-28 22:58:47","2020-05-27 11:28:00","2020-05-31 23:28:00",NULL,"49.5"
"134597","92864","74401","27491","363467","Complete","2022-08-31 05:02:04","2022-09-01 17:31:00","2022-09-03 00:43:00",NULL,"49.5"
"135504","93506","74919","21361","365925","Complete","2022-05-05 23:16:31","2022-05-06 01:35:00","2022-05-09 10:33:00",NULL,"49.5"
"135920","93794","75163","21715","367030","Complete","2022-07-01 13:59:14","2022-07-03 11:03:00","2022-07-06 02:25:00",NULL,"49.5"
"137207","94680","75891","5162","370481","Complete","2022-04-05 16:19:06","2022-04-08 12:16:00","2022-04-13 02:25:00",NULL,"49.5"
"137509","94879","76046","17309","371293","Complete","2022-06-27 22:49:34","2022-06-28 21:13:00","2022-07-03 03:53:00",NULL,"49.5"
"137850","95125","76251","15994","372209","Complete","2021-12-19 02:46:17","2021-12-21 23:06:00","2021-12-22 15:37:00",NULL,"49.5"
"138109","95307","76396","16425","372926","Complete","2022-08-22 13:24:31","2022-08-25 07:07:00","2022-08-28 19:15:00",NULL,"49.5"
"138115","95312","76402","21525","372947","Complete","2022-03-20 23:30:34","2022-03-22 15:12:00","2022-03-26 08:35:00",NULL,"49.5"
"138458","95544","76603","17639","373875","Complete","2021-03-24 02:17:22","2021-03-25 21:53:00","2021-03-28 21:52:00",NULL,"49.5"
"139703","96373","77281","21244","377231","Complete","2021-09-11 22:24:54","2021-09-12 01:28:00","2021-09-12 02:11:00",NULL,"49.5"
"139993","96571","77439","6607","378014","Complete","2021-01-24 03:33:11","2021-01-24 08:33:00","2021-01-24 13:13:00",NULL,"49.5"
"140050","96612","77471","17337","378164","Complete","2020-06-16 01:36:25","2020-06-18 11:59:00","2020-06-20 20:51:00",NULL,"49.5"
"140087","96641","77504","22179","378263","Complete","2022-07-27 15:40:07","2022-07-30 01:37:00","2022-07-30 02:23:00",NULL,"49.5"
"142070","97994","78576","22540","383600","Complete","2020-11-09 11:01:38","2020-11-10 18:09:00","2020-11-12 05:43:00",NULL,"49.5"
"142299","98165","78713","23340","384215","Complete","2022-02-23 17:20:32","2022-02-25 19:27:00","2022-02-26 04:17:00",NULL,"49.5"
"142637","98416","78913","21365","385121","Complete","2020-12-10 14:19:43","2020-12-11 03:07:00","2020-12-12 00:27:00",NULL,"49.5"
"142699","98456","78940","28144","385291","Complete","2022-08-04 15:07:33","2022-08-06 02:44:00","2022-08-08 22:32:00",NULL,"49.5"
"142711","98464","78943","18759","385321","Complete","2021-01-31 10:38:35","2021-02-02 06:50:00","2021-02-04 15:46:00",NULL,"49.5"
"143177","98789","79212","21257","386592","Complete","2021-04-08 08:03:14","2021-04-08 20:51:00","2021-04-11 20:53:00",NULL,"49.5"
"143377","98938","79325","20608","387113","Complete","2022-07-13 05:16:57","2022-07-11 07:08:00","2022-07-14 22:59:00",NULL,"49.5"
"143962","99337","79649","5162","388697","Complete","2021-10-22 16:20:36","2021-10-19 22:33:00","2021-10-23 20:58:00",NULL,"49.5"
"144188","99483","79766","17506","389310","Complete","2022-07-26 04:49:14","2022-07-28 14:12:00","2022-07-29 19:19:00",NULL,"49.5"
"144386","99621","79877","17211","389850","Complete","2022-05-25 13:28:36","2022-05-28 07:55:00","2022-06-01 08:14:00",NULL,"49.5"
"144687","99829","80045","22540","390661","Complete","2020-09-08 11:45:18","2020-09-10 14:52:00","2020-09-14 16:44:00",NULL,"49.5"
"145872","100658","80760","22942","393902","Complete","2022-07-04 01:39:46","2022-07-04 21:28:00","2022-07-09 01:34:00",NULL,"49.5"
"147149","101523","81436","1650","397320","Complete","2022-07-17 14:53:25","2022-07-20 07:25:00","2022-07-20 11:55:00",NULL,"49.5"
"147794","101987","81799","22915","399056","Complete","2022-06-23 04:06:37","2022-06-23 23:02:00","2022-06-28 14:13:00",NULL,"49.5"
"147940","102087","81884","19028","399445","Complete","2021-03-04 00:27:11","2021-03-06 23:23:00","2021-03-10 07:37:00",NULL,"49.5"
"148389","102395","82138","27588","400675","Complete","2022-05-21 01:29:04","2022-05-20 13:58:00","2022-05-22 22:35:00",NULL,"49.5"
"148697","102606","82310","27588","401539","Complete","2022-03-25 13:12:22","2022-03-27 15:09:00","2022-04-01 10:34:00",NULL,"49.5"
"148821","102690","82379","20426","401873","Complete","2022-03-27 15:48:06","2022-03-26 14:39:00","2022-03-27 03:36:00",NULL,"49.5"
"149457","103146","82736","19028","403590","Complete","2021-03-29 10:03:45","2021-03-30 23:52:00","2021-04-03 06:14:00",NULL,"49.5"
"149779","103370","82919","79","404472","Complete","2022-07-15 06:58:49","2022-07-18 01:11:00","2022-07-20 04:38:00",NULL,"49.5"
"150819","104074","83493","22857","407327","Complete","2022-01-19 04:43:09","2022-01-21 10:10:00","2022-01-23 21:47:00",NULL,"49.5"
"151237","104351","83719","22942","408450","Complete","2021-06-26 15:33:59","2021-06-28 22:42:00","2021-06-29 00:46:00",NULL,"49.5"
"151595","104584","83910","27563","409419","Complete","2022-09-03 04:54:23.662988","2022-09-03 14:36:09.662988","2022-09-05 19:07:09.662988",NULL,"49.5"
"152634","105317","84493","18871","412201","Complete","2021-05-22 12:53:11","2021-05-24 01:15:00","2021-05-26 04:41:00",NULL,"49.5"
"152687","105356","84524","16478","412341","Complete","2021-07-28 15:28:38","2021-07-29 04:18:00","2021-07-29 16:55:00",NULL,"49.5"
"153128","105640","84758","17478","413533","Complete","2021-02-14 08:49:20","2021-02-14 07:39:00","2021-02-17 14:53:00",NULL,"49.5"
"154080","106313","85268","22857","416080","Complete","2020-05-05 01:51:35","2020-05-04 03:36:00","2020-05-08 15:55:00",NULL,"49.5"
"154490","106595","85507","19089","417166","Complete","2022-03-28 13:58:09","2022-03-30 10:22:00","2022-04-03 04:56:00",NULL,"49.5"
"156136","107708","86405","27849","421566","Complete","2022-05-20 21:28:34","2022-05-21 02:53:00","2022-05-25 06:55:00",NULL,"49.5"
"156688","108082","86684","15994","423053","Complete","2022-07-18 06:22:36","2022-07-20 00:05:00","2022-07-22 17:09:00",NULL,"49.5"
"157181","108420","86942","28024","424404","Complete","2020-04-17 11:50:52","2020-04-17 06:12:00","2020-04-20 18:09:00",NULL,"49.5"
"157380","108547","87046","19009","424944","Complete","2022-02-04 08:17:37","2022-02-04 13:53:00","2022-02-05 08:18:00",NULL,"49.5"
"157429","108581","87072","6786","425072","Complete","2021-07-05 13:05:44","2021-07-08 15:23:00","2021-07-11 12:20:00",NULL,"49.5"
"157835","108862","87311","554","426160","Complete","2022-07-26 08:57:48","2022-07-28 10:34:00","2022-07-29 10:27:00",NULL,"49.5"
"160031","110399","88540","5038","432084","Complete","2020-08-30 14:35:23","2020-08-28 00:07:00","2020-08-28 05:57:00",NULL,"49.5"
"160344","110620","88698","1419","432932","Complete","2022-01-26 00:47:15","2022-01-25 19:30:00","2022-01-29 12:26:00",NULL,"49.5"
"160974","111042","89021","23245","434620","Complete","2021-09-25 02:41:28","2021-09-28 04:45:00","2021-09-29 08:50:00",NULL,"49.5"
"161260","111236","89181","21000","435392","Complete","2022-04-08 04:20:50","2022-04-10 04:22:00","2022-04-10 21:06:00",NULL,"49.5"
"161865","111646","89516","27749","437062","Complete","2019-11-12 22:46:49","2019-11-15 18:21:00","2019-11-16 17:00:00",NULL,"49.5"
"162079","111773","89603","27751","437640","Complete","2020-05-11 04:38:01","2020-05-13 09:38:00","2020-05-17 18:52:00",NULL,"49.5"
"162794","112287","90034","55","439599","Complete","2022-08-01 04:14:49","2022-07-31 13:06:00","2022-08-03 03:53:00",NULL,"49.5"
"163450","112741","90403","3145","441353","Complete","2021-09-22 14:21:33","2021-09-23 09:45:00","2021-09-27 09:55:00",NULL,"49.5"
"163747","112961","90578","27984","442155","Complete","2021-07-24 01:29:18","2021-07-25 08:35:00","2021-07-28 07:09:00",NULL,"49.5"
"164107","113196","90771","16650","443156","Complete","2022-09-02 15:04:35","2022-09-02 09:22:00","2022-09-03 17:43:00",NULL,"49.5"
"164108","113196","90771","23166","443159","Complete","2022-09-03 16:54:42","2022-09-02 09:22:00","2022-09-03 17:43:00",NULL,"49.5"
"164473","113454","90968","21863","444171","Complete","2020-09-25 09:47:27","2020-09-27 05:47:00","2020-09-30 02:00:00",NULL,"49.5"
"165112","113868","91293","13174","445913","Complete","2021-07-12 07:51:23","2021-07-14 20:54:00","2021-07-19 17:51:00",NULL,"49.5"
"165194","113921","91340","21000","446144","Complete","2020-08-13 10:18:56","2020-08-14 16:31:00","2020-08-18 18:44:00",NULL,"49.5"
"166525","114840","92065","16024","449758","Complete","2021-07-27 02:04:04","2021-07-30 03:53:00","2021-08-01 07:26:00",NULL,"49.5"
"167221","115316","92429","55","451618","Complete","2020-07-13 03:34:08","2020-07-15 00:50:00","2020-07-19 14:01:00",NULL,"49.5"
"167254","115340","92449","3145","451709","Complete","2022-02-18 10:08:11","2022-02-19 06:03:00","2022-02-21 08:28:00",NULL,"49.5"
"167274","115355","92463","1013","451765","Complete","2022-05-01 16:40:10","2022-05-04 04:43:00","2022-05-07 11:39:00",NULL,"49.5"
"167468","115488","92568","22015","452273","Complete","2021-06-11 23:28:03","2021-06-13 17:04:00","2021-06-16 14:18:00",NULL,"49.5"
"168832","116436","93348","14631","455918","Complete","2022-07-22 04:44:45","2022-07-24 05:01:00","2022-07-25 04:04:00",NULL,"49.5"
"169227","116714","93583","27396","456984","Complete","2021-02-27 07:48:39","2021-03-02 02:44:00","2021-03-05 19:31:00",NULL,"49.5"
"169692","117014","93829","27774","458236","Complete","2022-06-03 13:01:28","2022-06-05 04:29:00","2022-06-09 01:54:00",NULL,"49.5"
"169994","117220","93994","1216","459056","Complete","2019-07-17 10:49:24","2019-07-18 01:09:00","2019-07-21 17:06:00",NULL,"49.5"
"170313","117430","94177","23152","459939","Complete","2021-11-01 12:04:55","2021-11-01 07:49:00","2021-11-03 23:10:00",NULL,"49.5"
"170511","117568","94289","1787","460469","Complete","2022-08-10 17:57:47","2022-08-09 17:24:00","2022-08-13 13:07:00",NULL,"49.5"
"170969","117875","94528","27751","461762","Complete","2022-01-17 04:30:53","2022-01-15 07:56:00","2022-01-15 15:48:00",NULL,"49.5"
"170982","117882","94533","22945","461793","Complete","2022-08-31 13:59:41","2022-09-01 20:56:00","2022-09-05 02:58:00",NULL,"49.5"
"171570","118300","94870","17478","463354","Complete","2020-04-28 13:16:17","2020-04-25 12:08:00","2020-04-28 01:02:00",NULL,"49.5"
"172262","118781","95231","23152","465252","Complete","2020-12-18 07:47:19","2020-12-19 19:34:00","2020-12-20 05:14:00",NULL,"49.5"
"172597","119025","95411","22892","466153","Complete","2022-03-13 11:18:39","2022-03-13 20:29:00","2022-03-15 09:11:00",NULL,"49.5"
"174287","120201","96396","17663","470652","Complete","2020-06-28 12:50:22","2020-06-29 15:27:00","2020-07-01 10:28:00",NULL,"49.5"
"174981","120663","96749","16205","472550","Complete","2022-05-08 08:30:09","2022-05-10 03:06:00","2022-05-14 11:02:00",NULL,"49.5"
"175768","121221","97216","23296","474693","Complete","2020-01-18 07:15:43","2020-01-19 02:48:00","2020-01-21 14:32:00",NULL,"49.5"
"176454","121692","97603","3800","476557","Complete","2020-09-25 22:00:49","2020-09-26 15:05:00","2020-10-01 06:57:00",NULL,"49.5"
"177418","122354","98131","10410","479156","Complete","2021-09-09 22:11:06","2021-09-11 19:55:00","2021-09-14 07:38:00",NULL,"49.5"
"177600","122491","98246","27415","479642","Complete","2020-04-23 08:46:22","2020-04-22 23:52:00","2020-04-24 10:48:00",NULL,"49.5"
"177810","122636","98373","27640","480206","Complete","2021-09-08 12:03:02","2021-09-08 15:21:00","2021-09-13 09:25:00",NULL,"49.5"
"177870","122678","98400","27749","480364","Complete","2021-03-03 02:19:05","2021-03-04 14:56:00","2021-03-05 11:44:00",NULL,"49.5"
"179835","124019","99469","1650","485632","Complete","2022-08-16 04:50:07","2022-08-17 00:39:00","2022-08-19 13:23:00",NULL,"49.5"
"180104","124209","99624","18020","486375","Complete","2021-10-17 21:53:51","2021-10-15 17:43:00","2021-10-19 05:05:00",NULL,"49.5"
"180348","124364","99736","28139","487018","Complete","2021-01-11 13:50:19","2021-01-07 18:47:00","2021-01-11 02:44:00",NULL,"49.5"
"1983","1375","1108","22892","5374","Returned","2022-07-07 10:10:43","2022-07-05 18:07:00","2022-07-10 04:49:00","2022-07-12 03:46:00","49.5"
"2328","1597","1284","23597","6300","Returned","2022-01-18 05:43:26","2022-01-20 20:57:00","2022-01-21 18:04:00","2022-01-23 12:04:00","49.5"
"4726","3235","2638","6913","12814","Returned","2022-09-02 06:07:15","2022-09-04 15:19:00","2022-09-09 13:36:00","2022-09-11 20:23:00","49.5"
"7253","4958","4020","27899","19650","Returned","2021-02-16 11:29:40","2021-02-16 11:50:00","2021-02-20 15:09:00","2021-02-23 13:25:00","49.5"
"7378","5044","4087","19028","19999","Returned","2021-10-03 09:51:37","2021-10-04 20:10:00","2021-10-07 08:51:00","2021-10-08 17:26:00","49.5"
"8211","5623","4548","20800","22272","Returned","2021-04-13 06:29:39","2021-04-14 11:47:00","2021-04-15 05:05:00","2021-04-15 06:00:00","49.5"
"9101","6241","5053","19030","24670","Returned","2022-06-27 08:14:22","2022-06-27 10:52:00","2022-06-28 05:50:00","2022-06-30 07:46:00","49.5"
"9308","6385","5180","5470","25236","Returned","2022-04-22 07:40:50","2022-04-23 00:58:00","2022-04-27 16:49:00","2022-04-29 00:07:00","49.5"
"15169","10425","8390","22857","41088","Returned","2022-02-28 23:48:42","2022-02-28 16:24:00","2022-03-04 20:53:00","2022-03-05 10:49:00","49.5"
"15321","10521","8466","595","41499","Returned","2021-04-27 23:49:25","2021-04-25 23:27:00","2021-04-27 02:53:00","2021-04-30 01:39:00","49.5"
"16079","11047","8868","17309","43519","Returned","2020-01-01 06:55:10","2019-12-29 19:25:00","2020-01-03 17:40:00","2020-01-04 22:08:00","49.5"
"17509","12046","9678","27733","47436","Returned","2022-08-14 13:15:10","2022-08-15 13:45:00","2022-08-17 02:20:00","2022-08-17 08:36:00","49.5"
"18324","12595","10103","16650","49627","Returned","2021-05-25 11:10:13","2021-05-24 01:13:00","2021-05-26 18:18:00","2021-05-26 23:58:00","49.5"
"19649","13506","10836","22849","53164","Returned","2022-09-03 09:53:37","2022-09-04 18:20:00","2022-09-05 20:02:00","2022-09-07 23:11:00","49.5"
"21433","14745","11783","1216","57935","Returned","2021-01-02 07:17:20","2021-01-01 13:07:00","2021-01-06 04:26:00","2021-01-06 11:25:00","49.5"
"21765","14963","11950","5162","58828","Returned","2022-07-23 04:46:22","2022-07-25 02:00:00","2022-07-25 08:52:00","2022-07-27 19:04:00","49.5"
"21830","15007","11986","23152","58997","Returned","2022-05-20 05:33:09","2022-05-22 15:06:00","2022-05-23 20:51:00","2022-05-24 18:28:00","49.5"
"23323","16041","12813","21715","63034","Returned","2021-05-06 17:07:39","2021-05-07 01:42:00","2021-05-09 09:52:00","2021-05-11 09:09:00","49.5"
"24223","16660","13319","488","65474","Returned","2022-09-03 04:25:18","2022-09-02 20:55:00","2022-09-07 12:57:00","2022-09-09 08:24:00","49.5"
"25496","17568","14037","19030","68897","Returned","2022-06-18 11:34:38","2022-06-19 06:44:00","2022-06-22 11:21:00","2022-06-24 14:07:00","49.5"
"26054","17951","14340","21793","70405","Returned","2021-10-23 03:13:26","2021-10-22 11:55:00","2021-10-22 16:16:00","2021-10-24 22:09:00","49.5"
"26396","18193","14541","1895","71346","Returned","2022-08-21 13:32:29","2022-08-23 06:40:00","2022-08-28 00:20:00","2022-08-30 22:59:00","49.5"
"26550","18296","14619","79","71759","Returned","2022-07-15 03:36:03","2022-07-16 11:40:00","2022-07-16 12:50:00","2022-07-17 00:02:00","49.5"
"27942","19263","15403","21057","75539","Returned","2021-07-31 17:14:24","2021-07-31 23:52:00","2021-07-31 23:57:00","2021-08-01 14:35:00","49.5"
"28101","19373","15493","13535","75961","Returned","2022-07-08 09:54:59","2022-07-07 05:42:00","2022-07-08 00:23:00","2022-07-09 12:28:00","49.5"
"29765","20505","16384","17478","80464","Returned","2021-11-16 16:23:14","2021-11-15 22:32:00","2021-11-16 19:06:00","2021-11-18 03:38:00","49.5"
"31521","21688","17354","22982","85193","Returned","2021-05-17 09:21:39","2021-05-18 03:21:00","2021-05-21 22:08:00","2021-05-22 10:28:00","49.5"
"32526","22386","17894","28144","87890","Returned","2021-01-04 05:37:35","2021-01-04 03:09:00","2021-01-04 16:01:00","2021-01-07 14:37:00","49.5"
"32541","22394","17902","20132","87929","Returned","2022-08-09 05:19:03","2022-08-10 02:48:00","2022-08-11 02:21:00","2022-08-12 07:21:00","49.5"
"32573","22419","17920","1650","88020","Returned","2022-06-16 06:40:06","2022-06-15 02:05:00","2022-06-17 23:18:00","2022-06-19 11:11:00","49.5"
"33517","23067","18415","10601","90553","Returned","2022-09-05 01:41:51.068767","2022-09-06 11:39:07.068767","2022-09-08 14:22:07.068767","2022-09-08 15:02:07.068767","49.5"
"34216","23559","18806","1775","92442","Returned","2022-08-27 06:51:50","2022-08-27 19:05:00","2022-09-01 04:42:00","2022-09-02 07:51:00","49.5"
"37872","26073","20831","21793","102243","Returned","2022-01-10 12:56:25","2022-01-12 18:14:00","2022-01-16 15:17:00","2022-01-19 02:43:00","49.5"
"38174","26283","20999","4529","103060","Returned","2021-09-25 17:37:35","2021-09-27 19:15:00","2021-10-02 02:38:00","2021-10-04 07:40:00","49.5"
"39503","27203","21736","28024","106646","Returned","2022-05-05 11:04:44","2022-05-06 16:34:00","2022-05-11 03:33:00","2022-05-11 16:57:00","49.5"
"40346","27765","22173","20132","108915","Returned","2022-06-30 22:02:48","2022-07-02 21:20:00","2022-07-05 15:57:00","2022-07-08 03:51:00","49.5"
"41178","28320","22593","6365","111172","Returned","2020-10-24 13:26:55","2020-10-23 15:08:00","2020-10-28 13:28:00","2020-10-30 00:52:00","49.5"
"41314","28415","22666","21870","111536","Returned","2020-12-06 06:08:20","2020-12-05 03:11:00","2020-12-08 21:24:00","2020-12-09 09:10:00","49.5"
"41679","28665","22860","27491","112505","Returned","2022-06-18 11:34:20","2022-06-16 20:25:00","2022-06-17 15:00:00","2022-06-20 09:00:00","49.5"
"46048","31701","25285","10601","124339","Returned","2021-12-17 17:01:38","2021-12-18 21:53:00","2021-12-19 01:02:00","2021-12-19 10:00:00","49.5"
"46124","31753","25337","27588","124543","Returned","2022-03-07 00:03:01","2022-03-06 05:25:00","2022-03-06 16:38:00","2022-03-07 22:32:00","49.5"
"46580","32073","25604","22942","125767","Returned","2020-08-26 04:42:35","2020-08-27 10:46:00","2020-08-28 18:13:00","2020-08-29 11:34:00","49.5"
"47174","32507","25956","17613","127333","Returned","2022-01-28 11:10:19","2022-01-29 14:37:00","2022-01-30 12:18:00","2022-01-31 11:48:00","49.5"
"47703","32869","26250","13174","128755","Returned","2022-08-17 21:50:54","2022-08-15 23:08:00","2022-08-16 14:53:00","2022-08-18 05:24:00","49.5"
"49607","34174","27282","23386","133909","Returned","2022-06-30 13:24:46","2022-07-01 21:25:00","2022-07-03 21:28:00","2022-07-06 14:52:00","49.5"
"49654","34205","27306","21244","134041","Returned","2022-04-25 01:28:08","2022-04-25 12:44:00","2022-04-29 16:07:00","2022-05-02 09:16:00","49.5"
"51334","35384","28259","13535","138550","Returned","2020-04-22 12:53:21","2020-04-19 11:20:00","2020-04-22 09:11:00","2020-04-24 02:42:00","49.5"
"51739","35656","28490","23144","139656","Returned","2020-11-30 14:31:07","2020-11-29 09:01:00","2020-12-01 02:36:00","2020-12-02 17:27:00","49.5"
"52371","36093","28825","27706","141326","Returned","2022-05-28 13:07:01","2022-05-30 21:42:00","2022-06-03 02:40:00","2022-06-05 23:27:00","49.5"
"53295","36732","29357","20426","143820","Returned","2021-11-09 22:46:33","2021-11-08 16:21:00","2021-11-10 21:55:00","2021-11-11 09:52:00","49.5"
"54769","37762","30168","20893","147809","Returned","2021-08-03 11:18:16","2021-08-04 02:48:00","2021-08-09 01:27:00","2021-08-09 15:54:00","49.5"
"55024","37937","30304","23001","148472","Returned","2020-04-19 14:57:45","2020-04-21 03:16:00","2020-04-21 04:12:00","2020-04-21 05:00:00","49.5"
"64058","44089","35267","17663","172935","Returned","2022-07-20 22:02:56","2022-07-18 06:49:00","2022-07-18 15:45:00","2022-07-20 05:20:00","49.5"
"64152","44152","35318","2224","173187","Returned","2021-08-07 06:34:06","2021-08-08 20:00:00","2021-08-12 05:34:00","2021-08-12 12:23:00","49.5"
"64250","44216","35364","17892","173456","Returned","2022-06-08 01:11:44","2022-06-08 08:57:00","2022-06-12 23:13:00","2022-06-15 15:40:00","49.5"
"64529","44416","35521","27774","174226","Returned","2021-11-03 07:45:05","2021-11-05 08:54:00","2021-11-07 03:47:00","2021-11-09 23:48:00","49.5"
"64560","44438","35540","16024","174307","Returned","2021-10-13 06:47:02","2021-10-15 19:19:00","2021-10-19 08:02:00","2021-10-19 19:20:00","49.5"
"64681","44526","35625","18695","174635","Returned","2021-06-09 23:04:32","2021-06-10 12:06:00","2021-06-13 08:46:00","2021-06-13 22:07:00","49.5"
"66624","45835","36658","2260","179883","Returned","2022-03-01 13:56:13","2022-03-02 03:21:00","2022-03-02 15:53:00","2022-03-03 20:19:00","49.5"
"67156","46200","36943","2845","181345","Returned","2022-07-15 10:26:05","2022-07-16 01:04:00","2022-07-18 06:03:00","2022-07-20 09:37:00","49.5"
"70245","48373","38682","21365","189639","Returned","2022-06-30 23:27:58","2022-07-03 19:38:00","2022-07-04 19:38:00","2022-07-05 21:25:00","49.5"
"70669","48666","38932","17337","190791","Returned","2022-04-04 00:51:44","2022-04-03 06:42:00","2022-04-06 16:01:00","2022-04-07 10:22:00","49.5"
"71774","49434","39574","22973","193771","Returned","2022-06-01 16:16:16","2022-06-02 07:13:00","2022-06-06 10:30:00","2022-06-06 15:07:00","49.5"
"76047","52406","41947","16416","205352","Returned","2022-08-08 15:33:56","2022-08-10 21:27:00","2022-08-13 21:11:00","2022-08-15 02:26:00","49.5"
"76509","52736","42199","27728","206605","Returned","2022-06-05 09:01:27","2022-06-06 17:05:00","2022-06-09 19:50:00","2022-06-11 09:35:00","49.5"
"77361","53344","42677","20213","208844","Returned","2021-06-02 15:10:47","2021-06-03 09:30:00","2021-06-05 01:24:00","2021-06-06 16:27:00","49.5"
"77473","53419","42752","18695","209142","Returned","2022-08-16 08:37:53","2022-08-18 23:48:00","2022-08-23 09:32:00","2022-08-24 16:38:00","49.5"
"77793","53634","42915","27396","210005","Returned","2022-02-27 12:35:18","2022-02-27 02:07:00","2022-03-02 03:09:00","2022-03-03 04:00:00","49.5"
"78831","54357","43504","17309","212817","Returned","2022-08-12 00:01:56","2022-08-10 15:04:00","2022-08-14 22:20:00","2022-08-16 02:01:00","49.5"
"81490","56221","44934","27494","220074","Returned","2022-04-10 13:17:47","2022-04-11 04:03:00","2022-04-12 21:01:00","2022-04-15 14:34:00","49.5"
"82352","56838","45454","13535","222383","Returned","2021-11-24 04:56:37","2021-11-22 14:45:00","2021-11-23 19:30:00","2021-11-24 05:46:00","49.5"
"83103","57383","45868","746","224446","Returned","2022-06-08 14:03:35","2022-06-07 04:04:00","2022-06-10 20:12:00","2022-06-13 01:09:00","49.5"
"83637","57763","46177","28004","225882","Returned","2020-12-04 01:35:48","2020-12-06 06:14:00","2020-12-07 21:34:00","2020-12-09 08:27:00","49.5"
"84725","58531","46816","10410","228834","Returned","2020-12-25 18:16:37","2020-12-28 13:08:00","2020-12-29 16:11:00","2020-12-30 23:50:00","49.5"
"85665","59200","47341","27849","231405","Returned","2022-08-16 04:19:17","2022-08-17 22:00:00","2022-08-19 15:37:00","2022-08-20 21:39:00","49.5"
"85793","59292","47423","17234","231742","Returned","2021-09-15 07:14:01","2021-09-15 23:37:00","2021-09-18 17:33:00","2021-09-20 06:36:00","49.5"
"85915","59372","47499","16606","232069","Returned","2022-09-02 08:33:45","2022-09-05 08:51:00","2022-09-09 04:01:00","2022-09-10 00:09:00","49.5"
"86030","59450","47564","27849","232381","Returned","2022-06-27 21:39:49","2022-06-27 13:55:00","2022-06-29 14:05:00","2022-07-01 11:54:00","49.5"
"86614","59843","47885","2554","233969","Returned","2022-07-03 06:03:51","2022-07-05 12:43:00","2022-07-08 04:55:00","2022-07-10 18:57:00","49.5"
"86694","59907","47930","22991","234191","Returned","2021-06-05 15:28:28","2021-06-06 14:43:00","2021-06-09 03:27:00","2021-06-09 21:55:00","49.5"
"87148","60224","48200","22975","235433","Returned","2022-08-26 21:35:47","2022-08-28 23:32:00","2022-09-01 13:17:00","2022-09-03 16:57:00","49.5"
"87386","60383","48338","16006","236076","Returned","2022-07-28 04:23:29","2022-07-30 21:29:00","2022-08-04 17:51:00","2022-08-04 23:33:00","49.5"
"87775","60661","48573","16039","237115","Returned","2022-02-02 01:42:33","2022-02-02 21:13:00","2022-02-06 00:15:00","2022-02-07 13:17:00","49.5"
"87943","60780","48663","5162","237568","Returned","2021-12-30 23:55:58","2021-12-31 17:14:00","2022-01-05 15:40:00","2022-01-06 21:07:00","49.5"
"91776","63413","50771","27824","247897","Returned","2019-10-20 23:53:21","2019-10-22 00:41:00","2019-10-23 09:58:00","2019-10-24 17:26:00","49.5"
"92905","64198","51377","2554","250934","Returned","2021-10-26 04:04:23","2021-10-28 10:04:00","2021-10-31 02:26:00","2021-11-02 09:24:00","49.5"
"92920","64204","51382","1658","250976","Returned","2021-11-27 13:04:03","2021-11-23 19:12:00","2021-11-25 12:51:00","2021-11-26 15:04:00","49.5"
"92989","64255","51426","27396","251156","Returned","2021-10-15 16:07:30","2021-10-18 16:47:00","2021-10-21 20:46:00","2021-10-23 13:51:00","49.5"
"94946","65608","52487","1419","256474","Returned","2022-04-10 07:12:57","2022-04-11 10:17:00","2022-04-11 20:04:00","2022-04-14 00:24:00","49.5"
"95556","66050","52824","22540","258121","Returned","2022-03-10 02:36:45","2022-03-12 03:20:00","2022-03-15 01:21:00","2022-03-16 18:14:00","49.5"
"95582","66068","52842","22982","258194","Returned","2021-07-23 09:27:10","2021-07-26 03:01:00","2021-07-29 00:08:00","2021-07-30 01:08:00","49.5"
"97737","67544","53981","554","264027","Returned","2022-07-21 15:24:39","2022-07-19 00:47:00","2022-07-23 21:22:00","2022-07-26 16:37:00","49.5"
"98167","67831","54199","10601","265185","Returned","2021-10-17 15:43:00","2021-10-15 11:46:00","2021-10-18 20:54:00","2021-10-21 19:20:00","49.5"
"99379","68675","54906","27640","268437","Returned","2021-04-28 15:22:24","2021-04-26 17:20:00","2021-04-30 09:21:00","2021-05-02 15:32:00","49.5"
"99760","68958","55134","23144","269456","Returned","2021-10-02 16:13:10","2021-10-01 01:00:00","2021-10-05 17:14:00","2021-10-07 02:39:00","49.5"
"102701","70956","56717","28144","277403","Returned","2019-07-23 16:19:31","2019-07-25 02:30:00","2019-07-27 12:46:00","2019-07-28 06:57:00","49.5"
"103479","71508","57169","22892","279511","Returned","2022-06-30 11:43:23","2022-06-28 16:03:00","2022-07-01 20:26:00","2022-07-02 04:38:00","49.5"
"109568","75690","60502","19089","295956","Returned","2022-08-09 01:10:05","2022-08-11 01:09:00","2022-08-13 21:05:00","2022-08-15 21:39:00","49.5"
"112173","77482","61985","27550","302979","Returned","2022-08-16 02:41:55","2022-08-14 04:42:00","2022-08-15 20:24:00","2022-08-18 15:24:00","49.5"
"112174","77482","61985","16481","302981","Returned","2022-08-15 02:37:12","2022-08-14 04:42:00","2022-08-15 20:24:00","2022-08-18 15:24:00","49.5"
"112355","77603","62075","27925","303467","Returned","2021-11-09 04:13:22","2021-11-11 15:48:00","2021-11-15 02:36:00","2021-11-17 12:10:00","49.5"
"114931","79383","63500","16481","310417","Returned","2021-08-28 10:09:01","2021-08-27 09:37:00","2021-08-28 20:52:00","2021-08-29 12:21:00","49.5"
"115141","79522","63629","23166","310988","Returned","2022-09-05 06:47:31","2022-09-04 08:18:00","2022-09-04 09:03:00","2022-09-04 12:28:00","49.5"
"116950","80745","64643","2224","315826","Returned","2020-11-03 12:39:06","2020-10-31 19:46:00","2020-11-02 12:08:00","2020-11-03 10:34:00","49.5"
"117243","80932","64803","1787","316616","Returned","2020-09-17 11:13:11","2020-09-14 15:54:00","2020-09-16 13:02:00","2020-09-18 23:46:00","49.5"
"117515","81124","64975","23296","317326","Returned","2022-08-29 17:13:30","2022-08-30 20:31:00","2022-09-04 08:58:00","2022-09-05 08:26:00","49.5"
"118840","82042","65679","27824","320887","Returned","2020-09-20 07:30:55","2020-09-21 13:42:00","2020-09-26 10:54:00","2020-09-27 18:24:00","49.5"
"118876","82069","65708","22945","320979","Returned","2022-02-09 07:35:26","2022-02-11 12:36:00","2022-02-14 20:04:00","2022-02-16 02:40:00","49.5"
"120030","82854","66330","16425","324084","Returned","2021-04-05 23:33:38","2021-04-08 03:39:00","2021-04-09 14:51:00","2021-04-10 01:37:00","49.5"
"121157","83608","66944","21982","327145","Returned","2020-09-02 00:07:57","2020-09-03 14:57:00","2020-09-05 05:09:00","2020-09-06 00:47:00","49.5"
"123406","85145","68142","17209","333190","Returned","2022-04-30 20:56:15","2022-05-03 18:22:00","2022-05-07 07:10:00","2022-05-08 20:21:00","49.5"
"127239","87749","70248","16024","343519","Returned","2022-06-14 02:46:20","2022-06-14 23:41:00","2022-06-16 21:05:00","2022-06-17 23:06:00","49.5"
"127240","87749","70248","20748","343522","Returned","2022-06-15 01:35:30","2022-06-14 23:41:00","2022-06-16 21:05:00","2022-06-17 23:06:00","49.5"
"128451","88597","70965","17656","346841","Returned","2021-01-27 02:58:53","2021-01-29 13:31:00","2021-01-31 21:23:00","2021-02-02 20:41:00","49.5"
"129458","89282","71526","20608","349551","Returned","2021-07-06 12:20:30","2021-07-09 14:54:00","2021-07-10 08:54:00","2021-07-13 08:44:00","49.5"
"130283","89855","71974","20619","351756","Returned","2022-07-12 14:36:27","2022-07-15 15:32:00","2022-07-19 20:57:00","2022-07-20 02:42:00","49.5"
"133431","92060","73741","28139","360292","Returned","2022-05-28 13:16:21","2022-05-26 20:31:00","2022-05-28 01:18:00","2022-05-30 02:07:00","49.5"
"133895","92380","73999","17211","361543","Returned","2021-08-05 01:57:44","2021-08-07 19:07:00","2021-08-11 12:07:00","2021-08-13 02:59:00","49.5"
"136101","93920","75271","21365","367530","Returned","2022-09-02 15:00:57.469103","2022-09-03 07:19:19.469103","2022-09-08 01:38:19.469103","2022-09-10 20:58:19.469103","49.5"
"136846","94434","75683","19009","369533","Returned","2022-05-16 05:07:52","2022-05-16 00:52:00","2022-05-18 05:54:00","2022-05-20 11:57:00","49.5"
"138902","95853","76858","19315","375082","Returned","2022-04-03 04:44:31","2022-04-03 09:29:00","2022-04-04 13:50:00","2022-04-06 06:37:00","49.5"
"140011","96585","77454","20619","378064","Returned","2020-04-26 13:41:20","2020-04-24 01:29:00","2020-04-24 09:43:00","2020-04-26 17:24:00","49.5"
"140066","96626","77485","2074","378206","Returned","2022-07-30 14:00:02","2022-07-30 19:09:00","2022-07-31 05:15:00","2022-08-02 00:04:00","49.5"
"140567","96968","77772","5002","379554","Returned","2022-02-03 08:44:02","2022-02-03 21:36:00","2022-02-06 08:04:00","2022-02-07 23:54:00","49.5"
"143286","98872","79281","18012","386880","Returned","2021-11-18 04:02:00","2021-11-18 21:48:00","2021-11-21 14:25:00","2021-11-21 15:16:00","49.5"
"144223","99504","79781","1216","389410","Returned","2022-02-27 00:20:25","2022-02-28 16:24:00","2022-03-01 01:06:00","2022-03-03 12:53:00","49.5"
"144523","99713","79950","16205","390207","Returned","2021-07-01 11:51:36","2021-07-01 10:26:00","2021-07-04 17:26:00","2021-07-07 11:44:00","49.5"
"144626","99787","80013","23364","390483","Returned","2021-10-27 04:30:09","2021-10-28 04:23:00","2021-10-29 19:30:00","2021-10-31 06:14:00","49.5"
"145155","100157","80316","22053","391946","Returned","2020-05-19 10:45:45","2020-05-19 10:03:00","2020-05-20 00:48:00","2020-05-22 20:52:00","49.5"
"147375","101683","81553","22563","397924","Returned","2021-12-10 17:39:33","2021-12-12 10:00:00","2021-12-14 21:50:00","2021-12-17 15:20:00","49.5"
"147422","101715","81582","5162","398051","Returned","2022-06-19 05:25:58","2022-06-19 19:53:00","2022-06-24 08:48:00","2022-06-24 22:29:00","49.5"
"147561","101825","81674","22702","398428","Returned","2022-04-11 03:15:54","2022-04-13 10:09:00","2022-04-14 13:00:00","2022-04-14 13:41:00","49.5"
"149749","103350","82900","22073","404390","Returned","2022-08-22 01:24:23","2022-08-22 06:32:00","2022-08-26 22:50:00","2022-08-27 22:59:00","49.5"
"150232","103666","83154","10601","405741","Returned","2022-05-18 08:11:04","2022-05-19 02:37:00","2022-05-21 04:45:00","2022-05-23 08:06:00","49.5"
"150824","104079","83495","21982","407341","Returned","2020-09-21 08:27:29","2020-09-22 07:49:00","2020-09-26 08:59:00","2020-09-28 07:43:00","49.5"
"152504","105226","84428","22073","411860","Returned","2022-08-28 09:54:52","2022-08-27 21:24:00","2022-08-30 06:04:00","2022-08-31 10:07:00","49.5"
"152596","105292","84474","16478","412093","Returned","2022-07-01 20:56:43","2022-07-01 10:07:00","2022-07-05 20:35:00","2022-07-07 10:33:00","49.5"
"153170","105668","84775","21870","413648","Returned","2022-08-25 22:27:26","2022-08-23 07:00:00","2022-08-24 16:39:00","2022-08-26 20:13:00","49.5"
"154435","106560","85478","16606","417012","Returned","2020-04-05 16:27:31","2020-04-05 10:51:00","2020-04-08 20:40:00","2020-04-09 15:02:00","49.5"
"155246","107105","85929","13280","419205","Returned","2020-04-13 03:39:29","2020-04-10 20:07:00","2020-04-12 18:47:00","2020-04-13 18:16:00","49.5"
"159698","110173","88348","17874","431189","Returned","2021-02-05 04:19:20","2021-02-07 13:18:00","2021-02-07 22:24:00","2021-02-10 14:54:00","49.5"
"162342","111969","89769","21000","438358","Returned","2022-09-05 10:44:54.371691","2022-09-06 18:07:49.371691","2022-09-09 07:29:49.371691","2022-09-10 15:27:49.371691","49.5"
"163567","112826","90466","28144","441685","Returned","2021-12-06 01:05:22","2021-12-07 22:52:00","2021-12-12 22:03:00","2021-12-13 13:24:00","49.5"
"165764","114324","91648","27614","447698","Returned","2022-05-28 01:15:24","2022-05-30 21:26:00","2022-05-31 02:13:00","2022-06-02 05:42:00","49.5"
"167398","115441","92530","1419","452091","Returned","2022-06-18 13:41:57","2022-06-20 01:23:00","2022-06-20 01:25:00","2022-06-21 02:35:00","49.5"
"169109","116634","93513","6607","456675","Returned","2022-07-17 23:07:57","2022-07-14 17:07:00","2022-07-15 01:54:00","2022-07-17 02:54:00","49.5"
"169699","117021","93831","16606","458256","Returned","2022-05-14 02:33:04","2022-05-16 17:22:00","2022-05-17 12:22:00","2022-05-17 14:00:00","49.5"
"178402","123050","98703","16478","481776","Returned","2022-05-10 07:40:48","2022-05-10 12:31:00","2022-05-10 18:25:00","2022-05-13 01:44:00","49.5"
"2243","1536","1246","20800","6076","Cancelled","2021-02-06 03:35:26",NULL,NULL,NULL,"49.5"
"3675","2491","2010","3800","9938","Cancelled","2021-02-10 01:54:02",NULL,NULL,NULL,"49.5"
"3971","2704","2174","27396","10745","Cancelled","2020-07-15 02:44:25",NULL,NULL,NULL,"49.5"
"4392","3001","2420","27749","11915","Cancelled","2020-05-01 03:22:57",NULL,NULL,NULL,"49.5"
"4402","3007","2424","17892","11938","Cancelled","2022-08-22 01:09:52",NULL,NULL,NULL,"49.5"
"4441","3035","2444","27491","12044","Cancelled","2019-11-01 02:07:18",NULL,NULL,NULL,"49.5"
"4568","3133","2544","2224","12381","Cancelled","2019-08-11 23:37:44",NULL,NULL,NULL,"49.5"
"5356","3658","2989","22015","14503","Cancelled","2021-08-23 16:46:15",NULL,NULL,NULL,"49.5"
"5620","3832","3122","23090","15211","Cancelled","2022-08-22 16:19:30",NULL,NULL,NULL,"49.5"
"5730","3901","3174","22896","15517","Cancelled","2022-07-21 07:50:24",NULL,NULL,NULL,"49.5"
"8355","5724","4623","20619","22658","Cancelled","2021-11-23 08:01:11",NULL,NULL,NULL,"49.5"
"8540","5851","4737","6786","23170","Cancelled","2022-04-05 01:48:26",NULL,NULL,NULL,"49.5"
"10120","6960","5658","22565","27442","Cancelled","2022-07-15 18:01:05",NULL,NULL,NULL,"49.5"
"11472","7896","6403","27836","31086","Cancelled","2022-08-14 12:16:30",NULL,NULL,NULL,"49.5"
"11888","8197","6633","20917","32213","Cancelled","2021-02-03 09:14:32",NULL,NULL,NULL,"49.5"
"13006","8978","7248","79","35230","Cancelled","2021-12-15 08:45:11",NULL,NULL,NULL,"49.5"
"13299","9173","7392","17209","36025","Cancelled","2022-03-18 00:07:32",NULL,NULL,NULL,"49.5"
"13310","9178","7395","16205","36056","Cancelled","2019-09-29 15:21:02",NULL,NULL,NULL,"49.5"
"13395","9233","7447","55","36288","Cancelled","2021-11-03 01:36:11",NULL,NULL,NULL,"49.5"
"15037","10337","8317","22728","40737","Cancelled","2020-11-30 09:12:38",NULL,NULL,NULL,"49.5"
"16374","11256","9046","7908","44321","Cancelled","2020-11-30 16:59:42",NULL,NULL,NULL,"49.5"
"16427","11293","9075","16425","44464","Cancelled","2022-07-30 10:26:52",NULL,NULL,NULL,"49.5"
"16527","11371","9145","2554","44737","Cancelled","2021-06-03 05:45:10",NULL,NULL,NULL,"49.5"
"17751","12203","9818","18020","48080","Cancelled","2022-06-23 10:19:10",NULL,NULL,NULL,"49.5"
"18582","12766","10237","21700","50309","Cancelled","2022-03-28 22:04:02",NULL,NULL,NULL,"49.5"
"18653","12821","10288","22973","50500","Cancelled","2021-02-09 16:11:41",NULL,NULL,NULL,"49.5"
"18719","12867","10329","22697","50669","Cancelled","2020-07-26 14:25:46",NULL,NULL,NULL,"49.5"
"19037","13089","10494","21700","51524","Cancelled","2022-02-14 09:35:50",NULL,NULL,NULL,"49.5"
"21108","14514","11609","5470","57096","Cancelled","2022-09-03 02:48:04.867001",NULL,NULL,NULL,"49.5"
"21607","14856","11871","23413","58417","Cancelled","2021-06-26 14:13:05",NULL,NULL,NULL,"49.5"
"22960","15792","12628","16006","62067","Cancelled","2022-08-31 02:41:09",NULL,NULL,NULL,"49.5"
"23026","15839","12664","6365","62241","Cancelled","2020-08-08 00:33:07",NULL,NULL,NULL,"49.5"
"25013","17230","13766","17613","67611","Cancelled","2021-09-29 08:26:03",NULL,NULL,NULL,"49.5"
"25399","17499","13979","19028","68627","Cancelled","2020-03-15 10:20:09",NULL,NULL,NULL,"49.5"
"25476","17553","14022","4177","68842","Cancelled","2022-06-21 01:06:07",NULL,NULL,NULL,"49.5"
"25996","17914","14317","22968","70248","Cancelled","2020-10-15 09:52:31",NULL,NULL,NULL,"49.5"
"26109","17986","14373","21715","70562","Cancelled","2020-08-20 16:59:48",NULL,NULL,NULL,"49.5"
"28075","19357","15479","5002","75886","Cancelled","2022-01-15 03:40:08",NULL,NULL,NULL,"49.5"
"28432","19581","15657","5470","76862","Cancelled","2022-08-22 13:23:34",NULL,NULL,NULL,"49.5"
"28485","19613","15682","15993","77000","Cancelled","2022-01-12 02:39:19",NULL,NULL,NULL,"49.5"
"28881","19887","15893","17077","78082","Cancelled","2020-03-23 10:15:52",NULL,NULL,NULL,"49.5"
"29456","20281","16208","28192","79624","Cancelled","2022-05-15 22:33:32",NULL,NULL,NULL,"49.5"
"30111","20735","16577","16132","81398","Cancelled","2019-08-26 00:02:28",NULL,NULL,NULL,"49.5"
"30789","21199","16983","22968","83233","Cancelled","2022-08-11 13:08:41",NULL,NULL,NULL,"49.5"
"31184","21457","17168","27424","84284","Cancelled","2022-09-06 12:16:01.379068",NULL,NULL,NULL,"49.5"
"32080","22078","17660","27774","86676","Cancelled","2021-08-15 10:26:23",NULL,NULL,NULL,"49.5"
"32223","22172","17736","20426","87058","Cancelled","2022-08-12 00:47:09",NULL,NULL,NULL,"49.5"
"33320","22939","18301","27886","90009","Cancelled","2022-08-08 01:55:12",NULL,NULL,NULL,"49.5"
"33576","23107","18449","19089","90702","Cancelled","2022-08-03 12:17:09",NULL,NULL,NULL,"49.5"
"34131","23505","18758","20586","92214","Cancelled","2021-07-26 21:23:50",NULL,NULL,NULL,"49.5"
"34883","24010","19173","1895","94238","Cancelled","2021-01-31 02:17:25",NULL,NULL,NULL,"49.5"
"34996","24091","19237","18020","94542","Cancelled","2022-05-10 17:50:21",NULL,NULL,NULL,"49.5"
"35759","24611","19675","16205","96561","Cancelled","2021-08-31 23:07:18",NULL,NULL,NULL,"49.5"
"36219","24939","19936","21870","97796","Cancelled","2022-05-04 15:56:14",NULL,NULL,NULL,"49.5"
"36889","25390","20302","27640","99600","Cancelled","2022-01-08 02:21:38",NULL,NULL,NULL,"49.5"
"39739","27360","21848","28061","107266","Cancelled","2021-06-27 11:33:13",NULL,NULL,NULL,"49.5"
"39811","27411","21887","554","107472","Cancelled","2021-01-25 10:19:19",NULL,NULL,NULL,"49.5"
"40120","27618","22058","19009","108295","Cancelled","2022-03-16 01:12:41",NULL,NULL,NULL,"49.5"
"40528","27885","22257","4177","109411","Cancelled","2022-05-05 12:43:05",NULL,NULL,NULL,"49.5"
"40627","27946","22304","27494","109696","Cancelled","2020-09-04 03:38:58",NULL,NULL,NULL,"49.5"
"40743","28026","22355","1216","110020","Cancelled","2020-01-17 04:44:57",NULL,NULL,NULL,"49.5"
"41084","28253","22538","16481","110915","Cancelled","2022-05-26 10:29:51",NULL,NULL,NULL,"49.5"
"41263","28381","22640","20958","111404","Cancelled","2021-09-07 01:26:29",NULL,NULL,NULL,"49.5"
"41472","28523","22752","20132","111946","Cancelled","2022-02-11 07:25:48",NULL,NULL,NULL,"49.5"
"42390","29165","23261","19028","114461","Cancelled","2020-08-07 10:29:25",NULL,NULL,NULL,"49.5"
"43626","30013","23924","23144","117823","Cancelled","2021-10-25 06:35:51",NULL,NULL,NULL,"49.5"
"43702","30059","23965","27549","118026","Cancelled","2020-09-25 03:55:28",NULL,NULL,NULL,"49.5"
"43810","30134","24022","21000","118323","Cancelled","2022-09-01 23:55:15.727186",NULL,NULL,NULL,"49.5"
"44946","30940","24700","20800","121388","Cancelled","2022-07-11 13:51:26",NULL,NULL,NULL,"49.5"
"45074","31035","24779","20586","121729","Cancelled","2020-07-20 23:06:40",NULL,NULL,NULL,"49.5"
"45520","31341","25018","27550","122914","Cancelled","2022-08-25 14:08:56",NULL,NULL,NULL,"49.5"
"48872","33669","26889","21764","131881","Cancelled","2021-12-30 08:55:23",NULL,NULL,NULL,"49.5"
"49463","34062","27195","27588","133508","Cancelled","2022-09-03 12:09:00.131752",NULL,NULL,NULL,"49.5"
"49573","34149","27259","22975","133817","Cancelled","2021-09-22 07:55:16",NULL,NULL,NULL,"49.5"
"50383","34706","27707","27749","136003","Cancelled","2022-08-09 08:10:37",NULL,NULL,NULL,"49.5"
"54841","37805","30196","4044","148000","Cancelled","2022-05-19 03:52:54",NULL,NULL,NULL,"49.5"
"55317","38129","30463","21057","149250","Cancelled","2022-08-30 05:55:01",NULL,NULL,NULL,"49.5"
"55877","38516","30775","27395","150794","Cancelled","2020-06-27 03:49:18",NULL,NULL,NULL,"49.5"
"56812","39155","31300","21386","153341","Cancelled","2022-01-06 02:47:56",NULL,NULL,NULL,"49.5"
"57242","39455","31535","14631","154494","Cancelled","2022-02-18 01:26:43",NULL,NULL,NULL,"49.5"
"57612","39703","31724","27549","155483","Cancelled","2022-01-01 02:11:41",NULL,NULL,NULL,"49.5"
"57870","39881","31873","17077","156173","Cancelled","2022-08-29 14:08:11",NULL,NULL,NULL,"49.5"
"59604","41072","32813","5002","160887","Cancelled","2022-05-17 09:54:50",NULL,NULL,NULL,"49.5"
"60303","41534","33188","5470","162801","Cancelled","2022-09-04 11:19:08",NULL,NULL,NULL,"49.5"
"60966","41988","33558","13535","164589","Cancelled","2022-08-28 00:35:14",NULL,NULL,NULL,"49.5"
"62900","43305","34627","1419","169815","Cancelled","2022-03-18 00:26:02",NULL,NULL,NULL,"49.5"
"64019","44066","35249","554","172827","Cancelled","2022-07-29 16:12:41",NULL,NULL,NULL,"49.5"
"64069","44095","35272","21700","172964","Cancelled","2022-05-30 22:27:26",NULL,NULL,NULL,"49.5"
"64391","44316","35450","3800","173847","Cancelled","2022-08-31 08:27:35",NULL,NULL,NULL,"49.5"
"67075","46142","36899","1775","181118","Cancelled","2019-02-23 05:39:26",NULL,NULL,NULL,"49.5"
"68197","46931","37536","20993","184129","Cancelled","2020-12-28 07:19:29",NULL,NULL,NULL,"49.5"
"69730","48012","38392","18030","188229","Cancelled","2020-09-01 23:54:48",NULL,NULL,NULL,"49.5"
"71582","49296","39456","28192","193257","Cancelled","2021-01-13 13:40:37",NULL,NULL,NULL,"49.5"
"71768","49431","39572","22991","193756","Cancelled","2022-08-21 12:22:41",NULL,NULL,NULL,"49.5"
"72132","49679","39765","5002","194735","Cancelled","2022-02-02 07:11:07",NULL,NULL,NULL,"49.5"
"72964","50263","40237","22973","197012","Cancelled","2021-04-25 00:36:57",NULL,NULL,NULL,"49.5"
"73604","50694","40564","5489","198743","Cancelled","2021-08-27 06:09:24",NULL,NULL,NULL,"49.5"
"75532","52045","41660","23005","203925","Cancelled","2019-01-20 12:43:09",NULL,NULL,NULL,"49.5"
"76074","52426","41962","5470","205428","Cancelled","2022-03-11 20:55:26",NULL,NULL,NULL,"49.5"
"77281","53282","42633","22982","208638","Cancelled","2022-09-03 11:39:47",NULL,NULL,NULL,"49.5"
"78419","54069","43258","28181","211700","Cancelled","2022-08-29 00:36:43",NULL,NULL,NULL,"49.5"
"78538","54146","43340","20917","212021","Cancelled","2021-07-30 12:10:18",NULL,NULL,NULL,"49.5"
"79365","54731","43776","21057","214283","Cancelled","2022-03-08 10:29:49",NULL,NULL,NULL,"49.5"
"80734","55679","44511","22179","218037","Cancelled","2022-08-08 13:10:54",NULL,NULL,NULL,"49.5"
"80793","55720","44543","1895","218202","Cancelled","2021-10-30 06:18:52",NULL,NULL,NULL,"49.5"
"81037","55893","44686","28192","218857","Cancelled","2022-05-09 05:28:00",NULL,NULL,NULL,"49.5"
"82911","57241","45761","27494","223915","Cancelled","2021-10-28 04:00:06",NULL,NULL,NULL,"49.5"
"83304","57524","45989","27550","224988","Cancelled","2021-10-26 13:31:49",NULL,NULL,NULL,"49.5"
"84127","58111","46464","1591","227227","Cancelled","2019-05-27 01:05:35",NULL,NULL,NULL,"49.5"
"84174","58143","46482","16425","227351","Cancelled","2019-11-20 11:05:46",NULL,NULL,NULL,"49.5"
"84208","58167","46509","21057","227444","Cancelled","2022-03-04 07:05:50",NULL,NULL,NULL,"49.5"
"86358","59674","47744","18030","233277","Cancelled","2022-08-08 22:03:57",NULL,NULL,NULL,"49.5"
"86508","59765","47816","18759","233686","Cancelled","2022-08-28 16:17:28",NULL,NULL,NULL,"49.5"
"87513","60473","48410","1763","236409","Cancelled","2022-01-22 14:55:03",NULL,NULL,NULL,"49.5"
"87604","60534","48470","20958","236659","Cancelled","2021-07-10 02:54:38",NULL,NULL,NULL,"49.5"
"88310","61027","48860","17237","238564","Cancelled","2022-08-11 09:34:29",NULL,NULL,NULL,"49.5"
"89003","61514","49249","17209","240459","Cancelled","2022-05-13 22:59:16",NULL,NULL,NULL,"49.5"
"89159","61625","49331","21365","240864","Cancelled","2022-06-08 23:01:14",NULL,NULL,NULL,"49.5"
"90168","62324","49893","22982","243602","Cancelled","2022-03-10 10:34:03",NULL,NULL,NULL,"49.5"
"93853","64850","51899","18759","253496","Cancelled","2020-06-24 10:09:36",NULL,NULL,NULL,"49.5"
"93936","64900","51935","2365","253718","Cancelled","2019-11-08 08:12:33",NULL,NULL,NULL,"49.5"
"94588","65345","52272","21361","255504","Cancelled","2020-10-29 10:47:42",NULL,NULL,NULL,"49.5"
"94677","65401","52327","16205","255753","Cancelled","2022-09-05 15:49:24",NULL,NULL,NULL,"49.5"
"95455","65980","52776","1216","257851","Cancelled","2022-07-31 22:23:03",NULL,NULL,NULL,"49.5"
"95547","66041","52818","17639","258095","Cancelled","2022-07-16 10:48:06",NULL,NULL,NULL,"49.5"
"96250","66516","53183","17077","259993","Cancelled","2021-12-15 10:25:30",NULL,NULL,NULL,"49.5"
"96530","66707","53325","16650","260732","Cancelled","2019-08-06 14:39:26",NULL,NULL,NULL,"49.5"
"99103","68475","54753","27706","267709","Cancelled","2020-01-04 13:02:15",NULL,NULL,NULL,"49.5"
"99955","69092","55246","27563","269979","Cancelled","2021-08-26 00:32:50",NULL,NULL,NULL,"49.5"
"100839","69689","55728","27494","272347","Cancelled","2022-03-18 03:19:29",NULL,NULL,NULL,"49.5"
"101241","69961","55939","2224","273414","Cancelled","2021-12-17 13:22:28",NULL,NULL,NULL,"49.5"
"101814","70358","56257","746","274966","Cancelled","2021-11-23 10:13:11",NULL,NULL,NULL,"49.5"
"103076","71221","56933","27614","278411","Cancelled","2022-02-21 21:10:34",NULL,NULL,NULL,"49.5"
"103343","71411","57088","27984","279145","Cancelled","2021-11-07 07:39:52",NULL,NULL,NULL,"49.5"
"104362","72112","57649","20426","281915","Cancelled","2022-08-03 11:16:56",NULL,NULL,NULL,"49.5"
"105287","72756","58185","20670","284374","Cancelled","2022-05-19 15:08:07",NULL,NULL,NULL,"49.5"
"106107","73331","58659","22179","286606","Cancelled","2022-07-21 12:38:36",NULL,NULL,NULL,"49.5"
"108924","75247","60161","27751","294232","Cancelled","2020-10-12 05:56:50",NULL,NULL,NULL,"49.5"
"109251","75466","60330","1763","295108","Cancelled","2022-04-02 03:11:01",NULL,NULL,NULL,"49.5"
"110438","76283","61006","15994","298264","Cancelled","2021-01-09 12:11:16",NULL,NULL,NULL,"49.5"
"110499","76328","61046","21361","298429","Cancelled","2021-09-08 03:25:00",NULL,NULL,NULL,"49.5"
"111658","77129","61711","2554","301558","Cancelled","2020-07-23 08:35:58",NULL,NULL,NULL,"49.5"
"111787","77223","61791","23588","301908","Cancelled","2022-01-28 07:01:23",NULL,NULL,NULL,"49.5"
"111788","77223","61791","20426","301910","Cancelled","2022-01-29 06:13:10",NULL,NULL,NULL,"49.5"
"113566","78456","62744","27733","306724","Cancelled","2022-06-21 22:38:06",NULL,NULL,NULL,"49.5"
"114274","78929","63136","18634","308635","Cancelled","2022-01-05 04:29:49",NULL,NULL,NULL,"49.5"
"114996","79423","63537","18030","310599","Cancelled","2021-03-12 15:26:53",NULL,NULL,NULL,"49.5"
"117826","81336","65135","20937","318176","Cancelled","2020-05-19 05:18:13",NULL,NULL,NULL,"49.5"
"118291","81658","65385","23144","319405","Cancelled","2021-08-02 17:41:50",NULL,NULL,NULL,"49.5"
"118645","81900","65573","2554","320364","Cancelled","2022-08-19 16:07:47",NULL,NULL,NULL,"49.5"
"118694","81939","65597","20426","320493","Cancelled","2020-10-16 18:09:14",NULL,NULL,NULL,"49.5"
"118900","82087","65718","1216","321039","Cancelled","2022-03-03 00:42:07",NULL,NULL,NULL,"49.5"
"119356","82392","65964","22073","322260","Cancelled","2020-01-08 07:27:02",NULL,NULL,NULL,"49.5"
"119959","82810","66294","22973","323890","Cancelled","2021-11-02 07:38:45",NULL,NULL,NULL,"49.5"
"124802","86101","68902","17874","336929","Cancelled","2022-04-11 15:06:35",NULL,NULL,NULL,"49.5"
"125177","86355","69102","21365","337966","Cancelled","2022-02-21 05:29:43",NULL,NULL,NULL,"49.5"
"125209","86378","69122","19030","338054","Cancelled","2022-05-01 10:12:43",NULL,NULL,NULL,"49.5"
"125387","86496","69221","16894","338525","Cancelled","2021-01-02 06:50:44",NULL,NULL,NULL,"49.5"
"125447","86542","69256","21361","338694","Cancelled","2022-07-14 04:46:52",NULL,NULL,NULL,"49.5"
"127859","88178","70619","23082","345213","Cancelled","2021-09-16 15:02:29",NULL,NULL,NULL,"49.5"
"127880","88195","70629","10410","345273","Cancelled","2020-10-09 16:24:41",NULL,NULL,NULL,"49.5"
"128093","88345","70756","21982","345863","Cancelled","2021-12-24 10:13:22",NULL,NULL,NULL,"49.5"
"128143","88378","70784","27424","346004","Cancelled","2022-08-16 15:33:06",NULL,NULL,NULL,"49.5"
"129536","89335","71564","15993","349750","Cancelled","2020-01-20 04:25:24",NULL,NULL,NULL,"49.5"
"130446","89971","72068","16478","352201","Cancelled","2021-05-27 03:31:58",NULL,NULL,NULL,"49.5"
"130547","90047","72129","17613","352466","Cancelled","2022-06-27 15:26:17",NULL,NULL,NULL,"49.5"
"131340","90601","72585","7908","354610","Cancelled","2021-02-15 12:22:41",NULL,NULL,NULL,"49.5"
"132325","91285","73100","27415","357300","Cancelled","2021-05-22 00:23:07",NULL,NULL,NULL,"49.5"
"133781","92306","73938","27563","361248","Cancelled","2022-05-14 05:37:17",NULL,NULL,NULL,"49.5"
"133913","92393","74007","21982","361590","Cancelled","2020-06-10 08:22:44",NULL,NULL,NULL,"49.5"
"133974","92436","74044","17892","361748","Cancelled","2022-07-13 15:14:07",NULL,NULL,NULL,"49.5"
"134158","92570","74154","1650","362254","Cancelled","2021-05-26 04:07:25",NULL,NULL,NULL,"49.5"
"135358","93400","74826","22973","365522","Cancelled","2021-11-24 10:22:25",NULL,NULL,NULL,"49.5"
"136138","93946","75290","23413","367627","Cancelled","2021-04-04 13:38:09",NULL,NULL,NULL,"49.5"
"136680","94317","75593","17209","369074","Cancelled","2022-01-23 10:02:04",NULL,NULL,NULL,"49.5"
"137942","95189","76302","16478","372462","Cancelled","2022-06-16 02:57:04",NULL,NULL,NULL,"49.5"
"139919","96520","77402","16132","377808","Cancelled","2022-02-10 05:42:18",NULL,NULL,NULL,"49.5"
"139920","96521","77402","28139","377810","Cancelled","2020-04-13 05:03:17",NULL,NULL,NULL,"49.5"
"139952","96540","77417","23068","377902","Cancelled","2021-10-16 10:09:41",NULL,NULL,NULL,"49.5"
"140196","96716","77553","28020","378558","Cancelled","2021-09-07 11:28:33",NULL,NULL,NULL,"49.5"
"141428","97558","78242","20993","381881","Cancelled","2022-07-29 00:02:43",NULL,NULL,NULL,"49.5"
"141621","97680","78323","21715","382395","Cancelled","2022-08-12 00:57:03",NULL,NULL,NULL,"49.5"
"142806","98529","78994","15","385583","Cancelled","2022-08-27 01:06:10",NULL,NULL,NULL,"49.5"
"143553","99055","79429","13142","387595","Cancelled","2020-11-25 04:09:00",NULL,NULL,NULL,"49.5"
"144375","99615","79872","1763","389822","Cancelled","2021-01-20 02:18:04",NULL,NULL,NULL,"49.5"
"145877","100660","80760","21870","393917","Cancelled","2021-04-02 03:15:33",NULL,NULL,NULL,"49.5"
"146326","100957","81005","17639","395131","Cancelled","2021-12-04 13:59:14",NULL,NULL,NULL,"49.5"
"147022","101434","81369","21764","396997","Cancelled","2019-04-16 15:30:20",NULL,NULL,NULL,"49.5"
"147233","101582","81483","16478","397542","Cancelled","2022-07-03 10:32:29",NULL,NULL,NULL,"49.5"
"150422","103798","83268","6365","406265","Cancelled","2022-08-11 08:31:44",NULL,NULL,NULL,"49.5"
"150443","103813","83287","27430","406319","Cancelled","2019-12-13 01:56:46",NULL,NULL,NULL,"49.5"
"150738","104019","83451","17478","407102","Cancelled","2019-10-28 23:01:35",NULL,NULL,NULL,"49.5"
"150810","104068","83490","16606","407302","Cancelled","2022-04-30 12:21:13",NULL,NULL,NULL,"49.5"
"151208","104331","83703","27774","408372","Cancelled","2022-02-16 11:01:25",NULL,NULL,NULL,"49.5"
"152616","105303","84483","21935","412145","Cancelled","2022-01-03 01:01:46",NULL,NULL,NULL,"49.5"
"153673","106025","85046","23005","414989","Cancelled","2022-08-09 22:53:19",NULL,NULL,NULL,"49.5"
"153721","106061","85078","19009","415112","Cancelled","2021-02-15 03:23:13",NULL,NULL,NULL,"49.5"
"154581","106660","85559","23001","417419","Cancelled","2020-12-05 09:51:14",NULL,NULL,NULL,"49.5"
"155967","107588","86304","2845","421106","Cancelled","2020-07-09 02:57:11",NULL,NULL,NULL,"49.5"
"156036","107644","86353","22991","421303","Cancelled","2022-08-29 08:08:13",NULL,NULL,NULL,"49.5"
"157243","108463","86988","27638","424571","Cancelled","2021-10-25 04:09:26",NULL,NULL,NULL,"49.5"
"157833","108861","87310","16481","426156","Cancelled","2021-11-22 08:10:36",NULL,NULL,NULL,"49.5"
"158219","109128","87521","16478","427178","Cancelled","2020-11-13 17:11:28",NULL,NULL,NULL,"49.5"
"159053","109716","87986","22565","429432","Cancelled","2020-10-18 01:21:26",NULL,NULL,NULL,"49.5"
"159943","110348","88498","20993","431855","Cancelled","2020-07-03 08:04:30",NULL,NULL,NULL,"49.5"
"160382","110649","88726","27728","433037","Cancelled","2022-02-21 22:11:43",NULL,NULL,NULL,"49.5"
"161291","111258","89201","22774","435479","Cancelled","2020-07-23 13:42:13",NULL,NULL,NULL,"49.5"
"162110","111800","89622","20586","437726","Cancelled","2021-06-21 01:03:25",NULL,NULL,NULL,"49.5"
"163137","112519","90228","16084","440515","Cancelled","2022-02-10 00:24:35",NULL,NULL,NULL,"49.5"
"163209","112569","90266","554","440701","Cancelled","2022-08-15 23:58:40",NULL,NULL,NULL,"49.5"
"163659","112892","90514","17209","441928","Cancelled","2021-10-14 02:08:41",NULL,NULL,NULL,"49.5"
"163917","113073","90677","21386","442643","Cancelled","2022-08-03 01:00:45",NULL,NULL,NULL,"49.5"
"167695","115644","92693","16726","452862","Cancelled","2022-02-07 02:54:10",NULL,NULL,NULL,"49.5"
"168552","116238","93198","16205","455179","Cancelled","2021-08-19 07:43:27",NULL,NULL,NULL,"49.5"
"170816","117765","94442","16726","461329","Cancelled","2022-02-24 22:54:35",NULL,NULL,NULL,"49.5"
"171306","118102","94712","16726","462662","Cancelled","2020-12-25 21:50:13",NULL,NULL,NULL,"49.5"
"173484","119654","95939","5162","468511","Cancelled","2022-09-05 13:12:36.478443",NULL,NULL,NULL,"49.5"
"174589","120414","96548","28061","471457","Cancelled","2022-03-19 17:31:26",NULL,NULL,NULL,"49.5"
"174771","120530","96641","27424","471962","Cancelled","2022-07-25 23:34:50",NULL,NULL,NULL,"49.5"
"175615","121112","97109","22968","474271","Cancelled","2022-02-02 03:27:24",NULL,NULL,NULL,"49.5"
"176376","121634","97554","17211","476339","Cancelled","2021-10-18 12:03:31",NULL,NULL,NULL,"49.5"
"176817","121943","97798","2376","477554","Cancelled","2022-05-23 08:36:55",NULL,NULL,NULL,"49.5"
"179140","123554","99109","20608","483771","Cancelled","2021-10-03 16:11:06",NULL,NULL,NULL,"49.5"
"179587","123857","99346","1650","484983","Cancelled","2022-05-05 04:17:51",NULL,NULL,NULL,"49.5"
"210","151","121","16006","554","Processing","2022-01-24 15:09:44",NULL,NULL,NULL,"49.5"
"1146","794","668","17874","3094","Processing","2021-04-21 12:58:46",NULL,NULL,NULL,"49.5"
"1722","1201","970","595","4663","Processing","2020-01-24 10:11:28",NULL,NULL,NULL,"49.5"
"2398","1644","1322","4529","6489","Processing","2021-01-21 13:05:23",NULL,NULL,NULL,"49.5"
"2953","2019","1628","10601","7993","Processing","2022-08-15 04:38:14",NULL,NULL,NULL,"49.5"
"4641","3182","2588","20426","12580","Processing","2021-05-04 06:22:18",NULL,NULL,NULL,"49.5"
"5103","3484","2854","1650","13813","Processing","2021-03-27 09:02:11",NULL,NULL,NULL,"49.5"
"5363","3662","2990","20213","14520","Processing","2021-09-23 13:19:22",NULL,NULL,NULL,"49.5"
"6851","4672","3796","1895","18554","Processing","2022-09-01 07:15:57",NULL,NULL,NULL,"49.5"
"8099","5550","4492","22073","21973","Processing","2021-02-01 06:02:41",NULL,NULL,NULL,"49.5"
"8417","5768","4661","10410","22838","Processing","2022-02-24 08:51:57",NULL,NULL,NULL,"49.5"
"9225","6325","5125","17209","25018","Processing","2022-04-16 09:47:51",NULL,NULL,NULL,"49.5"
"9256","6347","5144","23005","25097","Processing","2022-04-12 07:37:38",NULL,NULL,NULL,"49.5"
"9575","6588","5347","16039","25981","Processing","2021-10-31 22:31:35",NULL,NULL,NULL,"49.5"
"10098","6947","5651","27925","27390","Processing","2020-08-27 01:54:40",NULL,NULL,NULL,"49.5"
"11737","8084","6548","27899","31800","Processing","2022-01-04 09:56:32",NULL,NULL,NULL,"49.5"
"11852","8167","6610","21057","32106","Processing","2021-08-15 07:11:02",NULL,NULL,NULL,"49.5"
"11919","8221","6649","20937","32302","Processing","2022-01-26 00:17:02",NULL,NULL,NULL,"49.5"
"11986","8271","6686","5470","32493","Processing","2021-05-30 12:53:59",NULL,NULL,NULL,"49.5"
"12971","8951","7221","27886","35140","Processing","2020-12-01 12:13:55",NULL,NULL,NULL,"49.5"
"13912","9584","7729","16606","37702","Processing","2022-03-05 01:07:53",NULL,NULL,NULL,"49.5"
"14452","9942","8010","22896","39178","Processing","2022-07-26 11:55:07",NULL,NULL,NULL,"49.5"
"15620","10716","8616","17506","42306","Processing","2022-06-28 07:19:54",NULL,NULL,NULL,"49.5"
"16571","11398","9169","16397","44848","Processing","2020-06-04 15:07:09",NULL,NULL,NULL,"49.5"
"16593","11415","9179","18695","44905","Processing","2021-01-11 23:19:07",NULL,NULL,NULL,"49.5"
"17101","11772","9471","23340","46302","Processing","2022-08-11 02:23:36",NULL,NULL,NULL,"49.5"
"18145","12471","10025","20937","49159","Processing","2022-08-05 15:33:47",NULL,NULL,NULL,"49.5"
"18358","12621","10123","27398","49718","Processing","2021-01-19 17:29:53",NULL,NULL,NULL,"49.5"
"18949","13025","10447","22915","51285","Processing","2022-01-11 17:17:53",NULL,NULL,NULL,"49.5"
"19613","13479","10814","23413","53074","Processing","2021-10-03 09:41:21",NULL,NULL,NULL,"49.5"
"20214","13900","11144","27925","54704","Processing","2022-08-25 10:32:49",NULL,NULL,NULL,"49.5"
"21542","14815","11834","17309","58237","Processing","2021-09-04 16:43:42",NULL,NULL,NULL,"49.5"
"21573","14832","11850","27824","58323","Processing","2021-11-15 05:00:38",NULL,NULL,NULL,"49.5"
"22425","15422","12322","22849","60604","Processing","2021-08-12 22:39:20",NULL,NULL,NULL,"49.5"
"23551","16208","12962","28181","63655","Processing","2021-12-12 23:34:38",NULL,NULL,NULL,"49.5"
"23581","16231","12986","27733","63747","Processing","2022-04-24 06:37:07",NULL,NULL,NULL,"49.5"
"23644","16271","13023","21935","63921","Processing","2022-07-14 21:14:17",NULL,NULL,NULL,"49.5"
"25038","17247","13779","17663","67680","Processing","2022-08-12 07:24:56",NULL,NULL,NULL,"49.5"
"25912","17856","14271","20586","70026","Processing","2021-12-14 13:37:39",NULL,NULL,NULL,"49.5"
"26205","18055","14424","27774","70823","Processing","2019-03-01 03:28:41",NULL,NULL,NULL,"49.5"
"26374","18174","14524","21935","71281","Processing","2022-01-04 22:10:01",NULL,NULL,NULL,"49.5"
"26515","18274","14602","27824","71667","Processing","2022-04-20 02:39:43",NULL,NULL,NULL,"49.5"
"27211","18739","14981","21793","73565","Processing","2022-08-28 14:03:14",NULL,NULL,NULL,"49.5"
"27612","19022","15212","17479","74635","Processing","2022-05-21 11:44:15",NULL,NULL,NULL,"49.5"
"27821","19168","15335","1216","75218","Processing","2020-06-24 14:14:33",NULL,NULL,NULL,"49.5"
"28464","19600","15669","27396","76944","Processing","2022-07-30 13:42:30",NULL,NULL,NULL,"49.5"
"28617","19700","15752","2376","77351","Processing","2021-02-02 11:11:34",NULL,NULL,NULL,"49.5"
"29489","20305","16220","17478","79710","Processing","2020-10-15 01:29:03",NULL,NULL,NULL,"49.5"
"29566","20356","16257","27691","79926","Processing","2020-11-28 06:46:00",NULL,NULL,NULL,"49.5"
"29824","20548","16426","1419","80627","Processing","2021-09-01 02:02:35",NULL,NULL,NULL,"49.5"
"30503","21013","16826","22896","82479","Processing","2021-09-22 00:33:16",NULL,NULL,NULL,"49.5"
"31255","21502","17214","16929","84468","Processing","2021-02-22 06:24:01",NULL,NULL,NULL,"49.5"
"31324","21551","17248","22565","84665","Processing","2021-01-28 06:31:52",NULL,NULL,NULL,"49.5"
"31357","21572","17260","23068","84747","Processing","2022-08-17 14:18:58",NULL,NULL,NULL,"49.5"
"32168","22141","17711","1013","86903","Processing","2022-08-02 10:09:17",NULL,NULL,NULL,"49.5"
"33208","22859","18244","55","89701","Processing","2020-08-01 21:45:51",NULL,NULL,NULL,"49.5"
"33230","22875","18255","28144","89757","Processing","2021-06-20 16:29:50",NULL,NULL,NULL,"49.5"
"34489","23744","18947","20132","93171","Processing","2022-08-30 23:01:52.820922",NULL,NULL,NULL,"49.5"
"36059","24824","19845","4044","97384","Processing","2022-08-20 09:02:41",NULL,NULL,NULL,"49.5"
"36209","24930","19926","23082","97771","Processing","2022-06-10 02:00:33",NULL,NULL,NULL,"49.5"
"36211","24932","19927","22991","97776","Processing","2021-07-26 14:17:21",NULL,NULL,NULL,"49.5"
"36761","25301","20223","1013","99238","Processing","2022-04-24 00:29:24",NULL,NULL,NULL,"49.5"
"37379","25733","20557","16397","100938","Processing","2022-07-29 13:07:23",NULL,NULL,NULL,"49.5"
"37896","26090","20848","22942","102307","Processing","2022-03-24 16:41:42",NULL,NULL,NULL,"49.5"
"38153","26268","20983","27491","103008","Processing","2022-01-17 11:24:14",NULL,NULL,NULL,"49.5"
"38655","26626","21283","23144","104359","Processing","2021-09-19 08:09:00",NULL,NULL,NULL,"49.5"
"40217","27681","22112","21360","108558","Processing","2022-05-18 10:01:40",NULL,NULL,NULL,"49.5"
"40358","27772","22180","20670","108948","Processing","2022-04-16 07:36:39",NULL,NULL,NULL,"49.5"
"40359","27772","22180","23296","108952","Processing","2022-04-19 09:16:39",NULL,NULL,NULL,"49.5"
"40815","28075","22394","27549","110212","Processing","2022-08-02 07:44:55",NULL,NULL,NULL,"49.5"
"42287","29091","23197","21365","114177","Processing","2022-04-30 09:04:39",NULL,NULL,NULL,"49.5"
"43101","29650","23650","1658","116388","Processing","2021-04-22 17:26:02",NULL,NULL,NULL,"49.5"
"44252","30447","24304","21764","119520","Processing","2022-03-04 02:34:15",NULL,NULL,NULL,"49.5"
"44256","30450","24306","22942","119528","Processing","2022-09-02 14:10:29",NULL,NULL,NULL,"49.5"
"44405","30565","24395","23152","119934","Processing","2022-06-15 05:23:55",NULL,NULL,NULL,"49.5"
"44985","30973","24727","21935","121492","Processing","2022-07-02 10:50:27",NULL,NULL,NULL,"49.5"
"45798","31530","25163","15993","123659","Processing","2022-08-27 00:22:50",NULL,NULL,NULL,"49.5"
"45805","31535","25167","4529","123679","Processing","2021-12-02 15:16:04",NULL,NULL,NULL,"49.5"
"46027","31684","25266","21365","124274","Processing","2020-08-12 07:18:00",NULL,NULL,NULL,"49.5"
"46091","31731","25313","21386","124458","Processing","2020-03-07 14:16:09",NULL,NULL,NULL,"49.5"
"47230","32547","25990","20958","127482","Processing","2021-12-06 13:18:32",NULL,NULL,NULL,"49.5"
"47405","32662","26074","21870","127960","Processing","2022-08-26 15:45:45",NULL,NULL,NULL,"49.5"
"47827","32959","26333","27494","129089","Processing","2022-07-24 14:47:19",NULL,NULL,NULL,"49.5"
"48204","33210","26535","17874","130104","Processing","2021-11-28 09:15:58",NULL,NULL,NULL,"49.5"
"48915","33702","26911","16397","132006","Processing","2022-06-11 23:15:14",NULL,NULL,NULL,"49.5"
"50782","35000","27931","2376","137063","Processing","2022-09-05 00:31:15.882532",NULL,NULL,NULL,"49.5"
"50886","35079","27991","17663","137345","Processing","2019-12-26 05:06:51",NULL,NULL,NULL,"49.5"
"52041","35864","28645","21257","140464","Processing","2022-03-17 01:43:02",NULL,NULL,NULL,"49.5"
"52260","36013","28764","5162","141030","Processing","2021-01-09 12:48:26",NULL,NULL,NULL,"49.5"
"52491","36172","28896","23068","141650","Processing","2022-01-21 04:07:52",NULL,NULL,NULL,"49.5"
"53629","36955","29525","27728","144723","Processing","2022-01-19 11:01:55",NULL,NULL,NULL,"49.5"
"53811","37081","29620","21870","145234","Processing","2022-07-03 06:19:49",NULL,NULL,NULL,"49.5"
"53864","37119","29654","22892","145374","Processing","2021-05-01 11:44:15",NULL,NULL,NULL,"49.5"
"54630","37662","30096","23296","147407","Processing","2022-04-07 16:37:19",NULL,NULL,NULL,"49.5"
"54930","37864","30243","5081","148232","Processing","2021-08-28 14:42:37",NULL,NULL,NULL,"49.5"
"55401","38184","30509","23090","149481","Processing","2021-04-28 13:37:33",NULL,NULL,NULL,"49.5"
"55438","38207","30530","27430","149583","Processing","2020-01-22 12:55:15",NULL,NULL,NULL,"49.5"
"55917","38541","30800","20132","150906","Processing","2020-08-09 04:58:34",NULL,NULL,NULL,"49.5"
"59382","40918","32684","21360","160276","Processing","2021-05-16 15:26:55",NULL,NULL,NULL,"49.5"
"59503","41003","32745","19089","160611","Processing","2022-03-03 08:07:58",NULL,NULL,NULL,"49.5"
"60352","41567","33213","3145","162932","Processing","2021-10-09 09:37:53",NULL,NULL,NULL,"49.5"
"61563","42397","33891","55","166187","Processing","2021-12-15 16:20:12",NULL,NULL,NULL,"49.5"
"62156","42809","34219","27491","167784","Processing","2022-03-09 00:40:52",NULL,NULL,NULL,"49.5"
"62353","42944","34327","17613","168302","Processing","2022-07-14 14:36:05",NULL,NULL,NULL,"49.5"
"62388","42966","34347","2365","168406","Processing","2021-10-29 05:41:38",NULL,NULL,NULL,"49.5"
"62513","43052","34422","5470","168756","Processing","2022-08-12 06:47:33",NULL,NULL,NULL,"49.5"
"62665","43151","34507","2641","169170","Processing","2022-07-18 15:20:31",NULL,NULL,NULL,"49.5"
"63097","43441","34731","20958","170359","Processing","2022-08-31 10:58:06",NULL,NULL,NULL,"49.5"
"64370","44302","35439","21257","173793","Processing","2022-08-25 05:39:47",NULL,NULL,NULL,"49.5"
"65620","45189","36118","1658","177194","Processing","2021-04-24 04:47:06",NULL,NULL,NULL,"49.5"
"67229","46256","36989","23597","181546","Processing","2021-03-02 09:50:37",NULL,NULL,NULL,"49.5"
"68757","47325","37852","16606","185618","Processing","2021-08-19 10:44:20",NULL,NULL,NULL,"49.5"
"69239","47671","38108","22892","186899","Processing","2022-07-13 17:55:31",NULL,NULL,NULL,"49.5"
"69437","47813","38230","20670","187427","Processing","2021-02-04 07:54:21",NULL,NULL,NULL,"49.5"
"69559","47900","38294","2376","187759","Processing","2021-05-11 13:45:56",NULL,NULL,NULL,"49.5"
"69733","48013","38394","15","188236","Processing","2021-10-14 04:10:34",NULL,NULL,NULL,"49.5"
"70091","48260","38589","23340","189213","Processing","2022-05-21 07:35:56",NULL,NULL,NULL,"49.5"
"70110","48276","38604","2224","189271","Processing","2021-08-28 02:29:36",NULL,NULL,NULL,"49.5"
"70139","48297","38617","22015","189353","Processing","2022-02-12 12:09:22",NULL,NULL,NULL,"49.5"
"71221","49038","39242","22179","192286","Processing","2021-05-27 03:30:01",NULL,NULL,NULL,"49.5"
"71898","49523","39645","22857","194095","Processing","2022-08-24 10:59:13",NULL,NULL,NULL,"49.5"
"72373","49845","39903","4177","195393","Processing","2022-04-03 21:52:49",NULL,NULL,NULL,"49.5"
"73789","50816","40653","3800","199232","Processing","2019-06-19 12:29:16",NULL,NULL,NULL,"49.5"
"74987","51670","41345","5081","202466","Processing","2020-12-04 08:17:09",NULL,NULL,NULL,"49.5"
"75051","51715","41375","6365","202634","Processing","2022-08-23 01:56:23",NULL,NULL,NULL,"49.5"
"75265","51861","41492","23340","203199","Processing","2021-05-02 23:07:27",NULL,NULL,NULL,"49.5"
"75924","52323","41885","27640","205020","Processing","2021-05-06 06:22:33",NULL,NULL,NULL,"49.5"
"76030","52393","41943","13535","205307","Processing","2022-05-08 03:25:24",NULL,NULL,NULL,"49.5"
"76620","52814","42259","21057","206893","Processing","2021-12-27 03:48:47",NULL,NULL,NULL,"49.5"
"76650","52834","42274","21863","206978","Processing","2020-03-17 13:48:11",NULL,NULL,NULL,"49.5"
"76986","53084","42467","14635","207887","Processing","2020-04-03 04:34:46",NULL,NULL,NULL,"49.5"
"77008","53099","42481","22982","207942","Processing","2021-10-05 11:29:40",NULL,NULL,NULL,"49.5"
"77879","53695","42956","14631","210250","Processing","2020-10-03 09:25:18",NULL,NULL,NULL,"49.5"
"78982","54457","43576","5210","213240","Processing","2022-08-21 06:48:02",NULL,NULL,NULL,"49.5"
"80729","55676","44507","27614","218021","Processing","2021-01-06 07:58:20",NULL,NULL,NULL,"49.5"
"80968","55836","44641","16273","218676","Processing","2022-06-26 17:37:57",NULL,NULL,NULL,"49.5"
"81122","55952","44732","27886","219082","Processing","2020-07-12 12:46:45",NULL,NULL,NULL,"49.5"
"81219","56025","44784","27751","219340","Processing","2022-08-01 07:01:48",NULL,NULL,NULL,"49.5"
"81279","56065","44810","17077","219503","Processing","2021-08-30 11:23:56",NULL,NULL,NULL,"49.5"
"81626","56309","45004","19030","220436","Processing","2021-09-10 07:15:35",NULL,NULL,NULL,"49.5"
"82935","57260","45778","27395","223984","Processing","2022-03-05 11:26:21",NULL,NULL,NULL,"49.5"
"82973","57286","45794","27563","224086","Processing","2021-05-22 15:44:29",NULL,NULL,NULL,"49.5"
"84241","58195","46535","27749","227532","Processing","2020-11-27 22:52:35",NULL,NULL,NULL,"49.5"
"85438","59037","47199","2641","230781","Processing","2022-02-02 14:50:44",NULL,NULL,NULL,"49.5"
"85564","59127","47272","20586","231118","Processing","2022-09-01 17:46:47",NULL,NULL,NULL,"49.5"
"87653","60568","48498","6913","236792","Processing","2022-09-03 12:07:05.70554",NULL,NULL,NULL,"49.5"
"88340","61047","48873","21982","238648","Processing","2021-11-12 06:53:14",NULL,NULL,NULL,"49.5"
"89403","61791","49472","2376","241506","Processing","2021-10-31 15:18:47",NULL,NULL,NULL,"49.5"
"89612","61950","49592","17639","242069","Processing","2022-02-20 03:37:07",NULL,NULL,NULL,"49.5"
"90241","62377","49937","20586","243788","Processing","2021-10-07 22:50:12",NULL,NULL,NULL,"49.5"
"90334","62442","49991","15993","244031","Processing","2022-08-17 07:49:33",NULL,NULL,NULL,"49.5"
"90382","62470","50009","17309","244153","Processing","2021-08-01 06:14:29",NULL,NULL,NULL,"49.5"
"90782","62736","50220","27751","245247","Processing","2022-08-12 23:02:51",NULL,NULL,NULL,"49.5"
"91326","63104","50517","22857","246706","Processing","2021-12-24 02:45:30",NULL,NULL,NULL,"49.5"
"91757","63401","50757","16650","247846","Processing","2022-02-02 02:25:45",NULL,NULL,NULL,"49.5"
"92975","64243","51416","16006","251119","Processing","2022-01-01 07:52:30",NULL,NULL,NULL,"49.5"
"93158","64376","51510","22968","251609","Processing","2022-01-03 11:30:16",NULL,NULL,NULL,"49.5"
"93306","64483","51602","2641","251993","Processing","2022-07-25 10:09:55",NULL,NULL,NULL,"49.5"
"93545","64630","51710","19030","252647","Processing","2022-08-17 12:42:35",NULL,NULL,NULL,"49.5"
"93690","64733","51800","16132","253046","Processing","2021-10-30 03:00:46",NULL,NULL,NULL,"49.5"
"95192","65790","52634","17116","257130","Processing","2021-12-17 12:40:06",NULL,NULL,NULL,"49.5"
"95681","66134","52890","27824","258467","Processing","2022-01-03 23:27:06",NULL,NULL,NULL,"49.5"
"95824","66233","52962","17639","258861","Processing","2021-04-21 05:08:37",NULL,NULL,NULL,"49.5"
"95853","66251","52978","20993","258936","Processing","2021-09-26 01:55:48",NULL,NULL,NULL,"49.5"
"96603","66754","53361","1787","260926","Processing","2022-02-19 12:38:29",NULL,NULL,NULL,"49.5"
"97639","67479","53932","16416","263755","Processing","2021-02-19 04:43:10",NULL,NULL,NULL,"49.5"
"99474","68740","54958","27836","268695","Processing","2021-12-19 08:14:11",NULL,NULL,NULL,"49.5"
"99578","68819","55030","20608","268978","Processing","2021-11-06 04:18:16",NULL,NULL,NULL,"49.5"
"100345","69346","55449","1216","271011","Processing","2019-01-29 09:34:34",NULL,NULL,NULL,"49.5"
"100792","69656","55701","5210","272220","Processing","2022-08-01 12:56:46",NULL,NULL,NULL,"49.5"
"101093","69864","55867","16084","273021","Processing","2021-06-20 01:19:08",NULL,NULL,NULL,"49.5"
"101226","69949","55932","27836","273372","Processing","2022-08-04 15:12:21",NULL,NULL,NULL,"49.5"
"101418","70081","56027","16481","273907","Processing","2022-07-31 04:11:31",NULL,NULL,NULL,"49.5"
"101867","70398","56288","21715","275111","Processing","2022-05-22 00:56:42",NULL,NULL,NULL,"49.5"
"102680","70942","56706","16606","277350","Processing","2021-07-30 02:13:38",NULL,NULL,NULL,"49.5"
"103025","71183","56906","23005","278265","Processing","2022-06-17 13:17:17",NULL,NULL,NULL,"49.5"
"103713","71672","57305","18030","280165","Processing","2021-11-11 05:40:06",NULL,NULL,NULL,"49.5"
"104070","71918","57503","21360","281115","Processing","2022-06-05 01:57:12",NULL,NULL,NULL,"49.5"
"104282","72057","57609","22073","281684","Processing","2021-08-13 23:54:31",NULL,NULL,NULL,"49.5"
"104854","72453","57926","22015","283229","Processing","2022-06-01 00:10:20",NULL,NULL,NULL,"49.5"
"106921","73881","59079","20800","288795","Processing","2022-07-18 11:22:05",NULL,NULL,NULL,"49.5"
"107295","74124","59259","595","289814","Processing","2020-01-29 23:19:51",NULL,NULL,NULL,"49.5"
"107443","74230","59347","16606","290207","Processing","2022-03-07 14:17:58",NULL,NULL,NULL,"49.5"
"107765","74449","59518","22697","291087","Processing","2022-08-07 10:54:15",NULL,NULL,NULL,"49.5"
"108805","75163","60103","23152","293911","Processing","2021-04-20 11:13:40",NULL,NULL,NULL,"49.5"
"109138","75392","60274","27563","294797","Processing","2021-08-29 13:06:53",NULL,NULL,NULL,"49.5"
"110388","76250","60975","18030","298127","Processing","2021-08-27 14:30:20",NULL,NULL,NULL,"49.5"
"110621","76414","61110","23597","298754","Processing","2022-05-15 07:25:33",NULL,NULL,NULL,"49.5"
"111292","76883","61511","21870","300570","Processing","2022-05-06 23:24:37",NULL,NULL,NULL,"49.5"
"111465","77000","61613","17613","301030","Processing","2022-04-03 02:08:20",NULL,NULL,NULL,"49.5"
"111682","77147","61726","5162","301627","Processing","2021-10-04 10:29:31",NULL,NULL,NULL,"49.5"
"112906","77982","62380","21793","304958","Processing","2021-06-30 01:04:07",NULL,NULL,NULL,"49.5"
"115223","79575","63668","10410","311206","Processing","2021-09-07 10:52:26",NULL,NULL,NULL,"49.5"
"116009","80115","64129","23068","313317","Processing","2022-04-30 21:56:48",NULL,NULL,NULL,"49.5"
"116555","80479","64430","17209","314795","Processing","2022-05-22 13:19:08",NULL,NULL,NULL,"49.5"
"116714","80575","64516","27638","315224","Processing","2022-04-09 05:31:12",NULL,NULL,NULL,"49.5"
"116739","80592","64529","28181","315288","Processing","2021-09-30 17:59:27",NULL,NULL,NULL,"49.5"
"117179","80892","64763","27886","316435","Processing","2022-07-25 10:04:20",NULL,NULL,NULL,"49.5"
"117245","80934","64805","23090","316622","Processing","2021-04-27 01:10:02",NULL,NULL,NULL,"49.5"
"118225","81609","65353","1763","319229","Processing","2022-08-11 16:17:23",NULL,NULL,NULL,"49.5"
"118660","81913","65582","27691","320401","Processing","2020-08-29 03:44:50",NULL,NULL,NULL,"49.5"
"118916","82099","65732","21982","321077","Processing","2021-08-06 03:42:50",NULL,NULL,NULL,"49.5"
"119504","82494","66044","17663","322647","Processing","2021-07-11 16:34:56",NULL,NULL,NULL,"49.5"
"119556","82531","66077","21361","322793","Processing","2022-04-12 03:17:26",NULL,NULL,NULL,"49.5"
"120009","82844","66320","27849","324025","Processing","2022-09-01 22:41:52",NULL,NULL,NULL,"49.5"
"120062","82873","66345","21264","324168","Processing","2022-01-13 11:59:56",NULL,NULL,NULL,"49.5"
"120165","82942","66409","23597","324431","Processing","2022-03-19 05:04:57",NULL,NULL,NULL,"49.5"
"121525","83866","67142","27640","328123","Processing","2020-12-30 13:34:51",NULL,NULL,NULL,"49.5"
"121746","84004","67252","27549","328728","Processing","2020-03-20 14:23:02",NULL,NULL,NULL,"49.5"
"122684","84641","67746","16520","331263","Processing","2022-02-08 00:48:21",NULL,NULL,NULL,"49.5"
"122718","84663","67764","595","331358","Processing","2022-06-09 17:49:54",NULL,NULL,NULL,"49.5"
"124431","85841","68705","21000","335909","Processing","2022-03-08 12:28:05",NULL,NULL,NULL,"49.5"
"124811","86108","68907","27491","336955","Processing","2022-02-01 13:35:01",NULL,NULL,NULL,"49.5"
"124935","86191","68963","1763","337302","Processing","2021-05-17 06:57:52",NULL,NULL,NULL,"49.5"
"125359","86479","69206","19030","338453","Processing","2022-06-13 11:06:08",NULL,NULL,NULL,"49.5"
"125392","86501","69224","20937","338541","Processing","2021-04-27 06:55:11",NULL,NULL,NULL,"49.5"
"126942","87553","70092","15994","342751","Processing","2020-09-27 11:34:39",NULL,NULL,NULL,"49.5"
"127091","87649","70170","2554","343154","Processing","2021-08-17 22:04:50",NULL,NULL,NULL,"49.5"
"128023","88292","70704","20958","345668","Processing","2022-06-15 01:26:47",NULL,NULL,NULL,"49.5"
"128429","88579","70953","5210","346775","Processing","2020-06-01 03:58:58",NULL,NULL,NULL,"49.5"
"129828","89545","71721","15","350527","Processing","2022-08-31 14:23:05",NULL,NULL,NULL,"49.5"
"129872","89574","71746","21935","350646","Processing","2022-02-28 23:18:14",NULL,NULL,NULL,"49.5"
"130140","89759","71887","16397","351376","Processing","2021-10-13 09:09:33",NULL,NULL,NULL,"49.5"
"131730","90867","72782","28004","355672","Processing","2021-02-17 07:12:04",NULL,NULL,NULL,"49.5"
"132207","91205","73035","23005","356975","Processing","2022-06-20 10:01:33",NULL,NULL,NULL,"49.5"
"132440","91362","73164","22975","357612","Processing","2021-07-30 11:27:55",NULL,NULL,NULL,"49.5"
"133202","91915","73623","55","359674","Processing","2021-11-22 05:35:46",NULL,NULL,NULL,"49.5"
"133749","92286","73921","27588","361156","Processing","2022-02-14 23:00:04",NULL,NULL,NULL,"49.5"
"134309","92671","74242","22982","362669","Processing","2021-09-21 02:36:26",NULL,NULL,NULL,"49.5"
"134824","93014","74511","20608","364084","Processing","2021-01-08 07:41:31",NULL,NULL,NULL,"49.5"
"136799","94399","75652","27424","369398","Processing","2022-06-09 14:44:09",NULL,NULL,NULL,"49.5"
"137187","94665","75879","16273","370432","Processing","2021-06-18 13:36:34",NULL,NULL,NULL,"49.5"
"137937","95186","76299","20619","372449","Processing","2022-06-20 02:52:35",NULL,NULL,NULL,"49.5"
"138320","95452","76528","7908","373504","Processing","2021-11-01 06:33:28",NULL,NULL,NULL,"49.5"
"139082","95970","76951","18695","375575","Processing","2021-11-26 00:00:17",NULL,NULL,NULL,"49.5"
"140229","96739","77573","27925","378645","Processing","2022-08-30 22:20:58.555224",NULL,NULL,NULL,"49.5"
"141162","97360","78079","21793","381145","Processing","2022-05-06 02:55:21",NULL,NULL,NULL,"49.5"
"141820","97824","78433","5038","382913","Processing","2021-05-05 08:30:13",NULL,NULL,NULL,"49.5"
"142355","98206","78747","27395","384374","Processing","2022-07-11 16:24:02",NULL,NULL,NULL,"49.5"
"142693","98455","78938","16205","385276","Processing","2021-05-11 23:53:23",NULL,NULL,NULL,"49.5"
"143125","98752","79176","1419","386445","Processing","2020-11-22 04:37:38",NULL,NULL,NULL,"49.5"
"144277","99546","79816","27491","389556","Processing","2022-06-27 01:33:36",NULL,NULL,NULL,"49.5"
"144875","99964","80160","21863","391174","Processing","2022-07-02 23:44:58",NULL,NULL,NULL,"49.5"
"145172","100166","80324","26","391991","Processing","2021-11-29 10:08:43",NULL,NULL,NULL,"49.5"
"146278","100929","80984","27824","394996","Processing","2022-08-10 12:17:45",NULL,NULL,NULL,"49.5"
"147406","101707","81575","27491","398008","Processing","2022-04-29 22:54:37",NULL,NULL,NULL,"49.5"
"147742","101949","81773","23082","398914","Processing","2022-05-14 00:54:39",NULL,NULL,NULL,"49.5"
"148586","102523","82238","2365","401227","Processing","2019-12-26 05:20:14",NULL,NULL,NULL,"49.5"
"149539","103207","82778","16929","403821","Processing","2022-02-24 05:55:09",NULL,NULL,NULL,"49.5"
"150135","103600","83091","17237","405477","Processing","2022-08-27 09:33:34",NULL,NULL,NULL,"49.5"
"151638","104616","83937","27749","409539","Processing","2022-03-15 02:51:57",NULL,NULL,NULL,"49.5"
"151963","104848","84139","15993","410412","Processing","2021-10-26 11:22:46",NULL,NULL,NULL,"49.5"
"152009","104885","84165","21000","410530","Processing","2022-06-20 02:42:22",NULL,NULL,NULL,"49.5"
"154668","106720","85619","20670","417653","Processing","2021-05-08 12:12:42",NULL,NULL,NULL,"49.5"
"154895","106876","85752","18759","418258","Processing","2021-09-13 00:40:20",NULL,NULL,NULL,"49.5"
"156077","107666","86375","20748","421408","Processing","2021-05-19 16:29:58",NULL,NULL,NULL,"49.5"
"156957","108264","86826","6786","423781","Processing","2020-11-11 12:50:04",NULL,NULL,NULL,"49.5"
"157101","108364","86899","20619","424178","Processing","2022-07-01 13:02:53",NULL,NULL,NULL,"49.5"
"157376","108544","87045","2845","424932","Processing","2021-07-21 09:57:14",NULL,NULL,NULL,"49.5"
"157841","108868","87316","27749","426178","Processing","2020-07-27 03:40:13",NULL,NULL,NULL,"49.5"
"159533","110055","88257","27886","430731","Processing","2021-09-26 15:28:04",NULL,NULL,NULL,"49.5"
"160234","110541","88642","5038","432639","Processing","2021-05-06 03:06:08",NULL,NULL,NULL,"49.5"
"161608","111478","89382","21360","436351","Processing","2021-07-07 06:14:53",NULL,NULL,NULL,"49.5"
"161656","111511","89412","23364","436491","Processing","2021-08-17 01:22:44",NULL,NULL,NULL,"49.5"
"161792","111599","89479","79","436865","Processing","2021-10-22 13:26:56",NULL,NULL,NULL,"49.5"
"161971","111713","89564","23296","437357","Processing","2021-02-14 12:43:07",NULL,NULL,NULL,"49.5"
"164156","113230","90794","6449","443290","Processing","2022-09-05 02:42:22",NULL,NULL,NULL,"49.5"
"164185","113247","90810","23340","443375","Processing","2022-05-13 07:50:30",NULL,NULL,NULL,"49.5"
"165001","113797","91234","16024","445613","Processing","2022-09-03 04:45:56.845418",NULL,NULL,NULL,"49.5"
"166463","114799","92025","16520","449586","Processing","2022-07-04 01:29:02",NULL,NULL,NULL,"49.5"
"169339","116787","93636","21244","457284","Processing","2020-06-21 14:19:41",NULL,NULL,NULL,"49.5"
"169778","117082","93878","20917","458479","Processing","2022-02-22 13:34:28",NULL,NULL,NULL,"49.5"
"173552","119702","95978","2224","468691","Processing","2022-02-28 08:24:54",NULL,NULL,NULL,"49.5"
"173754","119843","96099","18871","469215","Processing","2020-07-02 05:26:00",NULL,NULL,NULL,"49.5"
"174754","120520","96634","22982","471913","Processing","2022-03-10 13:40:09",NULL,NULL,NULL,"49.5"
"175613","121111","97107","1650","474267","Processing","2021-11-05 06:02:31",NULL,NULL,NULL,"49.5"
"175692","121169","97163","27395","474489","Processing","2022-01-15 03:41:43",NULL,NULL,NULL,"49.5"
"175888","121306","97282","17337","475008","Processing","2020-07-10 05:24:00",NULL,NULL,NULL,"49.5"
"177062","122114","97923","19030","478211","Processing","2022-01-01 16:37:09",NULL,NULL,NULL,"49.5"
"179904","124068","99509","27491","485822","Processing","2022-08-30 04:17:34",NULL,NULL,NULL,"49.5"
"180198","124272","99669","21700","486621","Processing","2022-08-30 07:42:31",NULL,NULL,NULL,"49.5"
"180779","124684","99979","27824","488189","Processing","2021-12-02 05:55:33",NULL,NULL,NULL,"49.5"
"26365","18169","14521","13700","71256","Shipped","2022-01-18 11:15:47","2022-01-18 02:13:00",NULL,NULL,"51.5"
"52404","36114","28848","13700","141417","Shipped","2021-10-30 05:37:46","2021-10-30 17:14:00",NULL,NULL,"51.5"
"85111","58817","47025","13700","229899","Shipped","2020-10-06 16:54:32","2020-10-03 15:44:00",NULL,NULL,"51.5"
"151511","104529","83873","15417","409196","Shipped","2020-09-22 07:19:12","2020-09-25 05:23:00",NULL,NULL,"51.5"
"27470","18926","15138","15417","74266","Complete","2020-09-28 02:04:13","2020-09-30 12:03:00","2020-10-04 15:43:00",NULL,"51.5"
"76151","52479","42000","13700","205638","Complete","2022-01-17 04:29:36","2022-01-17 13:56:00","2022-01-21 01:18:00",NULL,"51.5"
"47011","32380","25860","13700","126896","Returned","2022-03-01 15:02:26","2022-02-26 18:58:00","2022-02-28 18:39:00","2022-03-02 00:27:00","51.5"
"50939","35116","28024","13700","137492","Returned","2021-05-23 12:11:32","2021-05-25 05:59:00","2021-05-26 00:00:00","2021-05-28 20:15:00","51.5"
"96063","66397","53085","15417","259491","Returned","2022-04-14 01:32:23","2022-04-14 02:59:00","2022-04-17 06:47:00","2022-04-17 17:42:00","51.5"
"121655","83948","67209","15417","328472","Returned","2019-10-23 09:45:15","2019-10-23 16:12:00","2019-10-27 07:50:00","2019-10-28 17:59:00","51.5"
"50877","35072","27985","15417","137322","Cancelled","2021-05-07 12:54:43",NULL,NULL,NULL,"51.5"
"150773","104044","83469","15417","407199","Processing","2022-08-31 22:22:06.832196",NULL,NULL,NULL,"51.5"
"25102","17295","13814","14728","67851","Shipped","2022-03-03 00:18:43","2022-03-05 16:25:00",NULL,NULL,"53.5"
"41555","28580","22795","12761","112167","Shipped","2021-03-04 15:31:46","2021-03-02 06:00:00",NULL,NULL,"53.5"
"86110","59502","47605","14829","232614","Shipped","2022-01-06 15:43:12","2022-01-08 05:00:00",NULL,NULL,"53.5"
"115296","79632","63705","12732","311398","Shipped","2021-12-03 15:06:13","2021-12-04 10:11:00",NULL,NULL,"53.5"
"130002","89665","71820","12761","351014","Shipped","2022-06-15 17:30:41","2022-06-16 04:43:00",NULL,NULL,"53.5"
"153425","105846","84904","12732","414348","Shipped","2022-06-03 06:57:12","2022-06-04 20:01:00",NULL,NULL,"53.5"
"156968","108271","86835","12732","423810","Shipped","2022-03-20 22:57:37","2022-03-19 16:09:00",NULL,NULL,"53.5"
"13767","9491","7634","14829","37308","Complete","2021-08-02 01:08:54","2021-08-02 08:35:00","2021-08-06 12:31:00",NULL,"53.5"
"22140","15221","12159","14728","59838","Complete","2020-10-30 23:24:25","2020-11-01 16:49:00","2020-11-01 21:41:00",NULL,"53.5"
"32990","22714","18141","14893","89130","Complete","2022-06-22 00:53:05","2022-06-23 19:15:00","2022-06-23 20:44:00",NULL,"53.5"
"49384","34009","27153","12732","133293","Complete","2020-07-23 02:33:27","2020-07-24 16:54:00","2020-07-24 21:28:00",NULL,"53.5"
"54941","37875","30251","12732","148257","Complete","2021-11-06 13:01:28","2021-11-07 02:48:00","2021-11-08 10:19:00",NULL,"53.5"
"62770","43220","34562","12732","169462","Complete","2021-08-24 11:18:02","2021-08-26 23:45:00","2021-08-29 03:18:00",NULL,"53.5"
"122457","84484","67617","14728","330640","Complete","2022-03-03 13:53:25","2022-03-04 22:28:00","2022-03-05 12:25:00",NULL,"53.5"
"153136","105643","84759","14829","413554","Complete","2020-12-22 10:47:44","2020-12-22 09:52:00","2020-12-24 18:24:00",NULL,"53.5"
"143501","99019","79395","12732","387451","Returned","2020-10-17 05:49:54","2020-10-18 10:03:00","2020-10-21 22:59:00","2020-10-24 18:39:00","53.5"
"170141","117320","94081","14829","459478","Returned","2022-04-21 08:04:38","2022-04-21 16:58:00","2022-04-22 04:19:00","2022-04-22 16:34:00","53.5"
"13453","9277","7480","14829","36461","Cancelled","2022-07-21 05:20:13",NULL,NULL,NULL,"53.5"
"61405","42284","33810","12732","165766","Cancelled","2022-09-02 02:05:13",NULL,NULL,NULL,"53.5"
"62315","42919","34310","14829","168214","Cancelled","2022-01-11 03:29:35",NULL,NULL,NULL,"53.5"
"72064","49634","39729","14893","194542","Cancelled","2020-04-02 08:36:48",NULL,NULL,NULL,"53.5"
"80747","55687","44516","14829","218075","Cancelled","2021-11-06 11:18:58",NULL,NULL,NULL,"53.5"
"12214","8425","6799","14893","33104","Processing","2022-03-29 04:26:15",NULL,NULL,NULL,"53.5"
"71015","48893","39116","14893","191719","Processing","2021-10-15 10:29:09",NULL,NULL,NULL,"53.5"
"130293","89862","71982","14829","351786","Processing","2022-02-18 11:55:47",NULL,NULL,NULL,"53.5"
"130799","90225","72260","12761","353175","Processing","2020-10-12 05:38:43",NULL,NULL,NULL,"53.5"
"164261","113298","90842","12761","443581","Processing","2020-12-16 09:01:08",NULL,NULL,NULL,"53.5"
"175278","120876","96908","12732","473350","Processing","2022-04-02 21:09:08",NULL,NULL,NULL,"53.5"
"9405","6466","5251","28296","25507","Shipped","2022-02-18 12:52:49","2022-02-17 07:31:00",NULL,NULL,"55.5"
"14872","10228","8225","2450","40277","Shipped","2021-11-06 04:41:52","2021-11-06 17:28:00",NULL,NULL,"55.5"
"29577","20364","16263","28296","79958","Shipped","2022-07-13 04:33:21","2022-07-14 02:17:00",NULL,NULL,"55.5"
"36573","25171","20122","28296","98740","Shipped","2021-05-08 12:19:12","2021-05-08 19:13:00",NULL,NULL,"55.5"
"41343","28435","22685","7568","111609","Shipped","2021-10-30 03:56:42","2021-10-31 11:03:00",NULL,NULL,"55.5"
"67303","46310","37033","7568","181746","Shipped","2021-05-21 02:50:49","2021-05-22 05:27:00",NULL,NULL,"55.5"
"67518","46455","37155","28296","182306","Shipped","2022-03-25 14:40:21","2022-03-27 15:15:00",NULL,NULL,"55.5"
"78380","54044","43237","7568","211593","Shipped","2020-07-28 07:10:59","2020-07-30 07:05:00",NULL,NULL,"55.5"
"85143","58840","47046","28296","229985","Shipped","2021-09-05 15:11:28","2021-09-07 14:20:00",NULL,NULL,"55.5"
"92653","64019","51244","1654","250254","Shipped","2022-07-18 15:12:13","2022-07-19 03:47:00",NULL,NULL,"55.5"
"141489","97598","78272","7736","382049","Shipped","2021-09-24 03:17:39","2021-09-26 15:52:00",NULL,NULL,"55.5"
"175265","120865","96898","2450","473314","Shipped","2022-07-06 10:39:41","2022-07-09 00:23:00",NULL,NULL,"55.5"
"176826","121950","97803","2450","477574","Shipped","2021-10-18 01:35:52","2021-10-19 01:04:00",NULL,NULL,"55.5"
"3693","2503","2021","2450","9991","Complete","2021-11-06 12:48:13","2021-11-06 18:39:00","2021-11-11 16:22:00",NULL,"55.5"
"12700","8768","7081","13260","34417","Complete","2022-03-26 09:46:26","2022-03-26 13:00:00","2022-03-29 14:38:00",NULL,"55.5"
"34569","23799","18998","10360","93391","Complete","2020-06-12 08:26:46","2020-06-13 00:12:00","2020-06-17 22:20:00",NULL,"55.5"
"42871","29500","23520","13260","115778","Complete","2021-09-17 01:22:07","2021-09-17 17:14:00","2021-09-18 13:17:00",NULL,"55.5"
"56027","38622","30872","28296","151201","Complete","2019-09-27 09:55:52","2019-09-25 05:35:00","2019-09-27 11:44:00",NULL,"55.5"
"57538","39657","31688","2450","155288","Complete","2021-10-18 03:31:42","2021-10-20 13:18:00","2021-10-25 11:31:00",NULL,"55.5"
"57574","39681","31707","7568","155381","Complete","2020-01-19 17:24:02","2020-01-16 02:39:00","2020-01-20 11:01:00",NULL,"55.5"
"88201","60959","48799","10360","238271","Complete","2021-11-30 16:48:16","2021-11-28 21:40:00","2021-11-30 10:26:00",NULL,"55.5"
"89857","62110","49719","1654","242739","Complete","2022-04-25 00:51:30","2022-04-24 12:23:00","2022-04-27 17:46:00",NULL,"55.5"
"100323","69336","55440","10360","270947","Complete","2021-04-11 12:01:56","2021-04-11 23:57:00","2021-04-12 13:29:00",NULL,"55.5"
"103219","71320","57010","13260","278799","Complete","2021-04-22 02:37:13","2021-04-22 06:34:00","2021-04-26 16:14:00",NULL,"55.5"
"106070","73308","58645","1654","286507","Complete","2022-06-30 08:18:48","2022-07-02 23:47:00","2022-07-07 19:15:00",NULL,"55.5"
"155692","107399","86170","7568","420391","Complete","2021-08-10 16:56:36","2021-08-13 06:37:00","2021-08-16 15:40:00",NULL,"55.5"
"66344","45653","36493","10360","179146","Returned","2022-05-06 10:46:30","2022-05-04 22:12:00","2022-05-08 13:12:00","2022-05-08 15:11:00","55.5"
"124035","85564","68466","1654","334857","Returned","2020-07-05 00:24:05","2020-07-06 11:44:00","2020-07-08 08:59:00","2020-07-10 05:36:00","55.5"
"141711","97747","78371","7736","382636","Returned","2022-08-19 01:42:38","2022-08-19 06:33:00","2022-08-22 03:17:00","2022-08-25 00:27:00","55.5"
"164770","113651","91119","7568","444978","Returned","2020-09-30 01:47:31","2020-09-29 15:50:00","2020-10-02 01:40:00","2020-10-03 15:03:00","55.5"
"90613","62625","50136","13260","244802","Cancelled","2021-09-07 11:09:22",NULL,NULL,NULL,"55.5"
"144704","99844","80052","7568","390702","Cancelled","2022-02-06 12:24:03",NULL,NULL,NULL,"55.5"
"175731","121197","97195","1654","474598","Cancelled","2021-05-29 22:21:42",NULL,NULL,NULL,"55.5"
"19789","13612","10902","7568","53547","Processing","2021-12-31 11:03:03",NULL,NULL,NULL,"55.5"
"23210","15971","12761","7568","62727","Processing","2022-03-17 02:33:00",NULL,NULL,NULL,"55.5"
"134537","92825","74366","21198","363303","Shipped","2021-04-04 10:27:43","2021-03-31 12:31:00",NULL,NULL,"214"
"156392","107880","86530","21059","422274","Shipped","2022-06-19 14:27:18","2022-06-21 08:41:00",NULL,NULL,"214"
"4050","2748","2204","21059","10963","Complete","2022-03-09 09:54:44","2022-03-12 07:32:00","2022-03-12 21:31:00",NULL,"214"
"22274","15317","12239","21059","60190","Complete","2022-04-02 17:20:27","2022-03-31 21:37:00","2022-04-02 11:42:00",NULL,"214"
"24145","16606","13272","14281","65271","Complete","2022-08-24 14:43:36","2022-08-25 15:36:00","2022-08-26 22:43:00",NULL,"214"
"86949","60086","48082","21198","234891","Complete","2022-06-22 11:39:12","2022-06-24 04:57:00","2022-06-28 15:26:00",NULL,"214"
"93199","64405","51529","14281","251714","Complete","2022-07-14 09:41:15","2022-07-16 23:27:00","2022-07-18 19:50:00",NULL,"214"
"25464","17545","14015","21059","68810","Cancelled","2022-07-16 08:33:26",NULL,NULL,NULL,"214"
"84570","58426","46733","21059","228416","Cancelled","2021-12-08 03:10:13",NULL,NULL,NULL,"214"
"111145","76792","61434","21059","300172","Cancelled","2020-04-15 01:13:28",NULL,NULL,NULL,"214"
"9515","6546","5310","14281","25805","Processing","2020-08-10 17:06:01",NULL,NULL,NULL,"214"
"12765","8816","7116","21059","34587","Processing","2022-04-27 03:21:05",NULL,NULL,NULL,"214"
"106581","73650","58895","21602","287891","Processing","2021-01-13 02:46:38",NULL,NULL,NULL,"214"
"151123","104283","83662","21602","408136","Processing","2020-09-03 05:10:06",NULL,NULL,NULL,"214"
"86630","59852","47890","4424","234016","Complete","2022-07-04 11:09:26","2022-07-05 12:04:00","2022-07-06 15:56:00",NULL,"222"
"160805","110924","88932","4424","434177","Returned","2022-01-17 16:20:54","2022-01-18 20:06:00","2022-01-23 01:55:00","2022-01-25 14:52:00","222"
"176218","121531","97466","4424","475916","Returned","2022-02-08 07:17:32","2022-02-06 09:42:00","2022-02-10 02:23:00","2022-02-10 06:17:00","222"
"75327","51904","41530","4424","203368","Cancelled","2022-03-07 03:30:21",NULL,NULL,NULL,"222"
"140350","96818","77645","4424","378971","Processing","2021-10-06 12:49:06",NULL,NULL,NULL,"222"
"39965","27507","21967","20543","107868","Shipped","2020-10-10 17:49:15","2020-10-12 21:22:00",NULL,NULL,"230"
"45247","31155","24868","23839","122192","Shipped","2022-05-21 14:55:38","2022-05-21 18:22:00",NULL,NULL,"230"
"59725","41148","32880","8537","161226","Shipped","2019-03-25 17:45:31","2019-03-24 19:08:00",NULL,NULL,"230"
"72316","49802","39862","26893","195229","Shipped","2022-01-26 16:11:47","2022-01-29 02:47:00",NULL,NULL,"230"
"108563","75002","59977","23839","293264","Shipped","2022-05-05 02:58:16","2022-05-06 21:58:00",NULL,NULL,"230"
"131471","90687","72658","12950","354973","Shipped","2021-09-15 13:42:59","2021-09-16 04:59:00",NULL,NULL,"230"
"134352","92696","74261","8413","362784","Shipped","2022-06-05 15:36:31","2022-06-07 10:29:00",NULL,NULL,"230"
"145859","100649","80749","8413","393870","Shipped","2021-08-11 02:19:16","2021-08-09 20:37:00",NULL,NULL,"230"
"148842","102703","82387","24050","401925","Shipped","2022-07-29 02:58:07","2022-07-31 20:16:00",NULL,NULL,"230"
"58426","40276","32170","12950","157686","Complete","2021-10-18 15:32:06","2021-10-17 02:07:00","2021-10-19 09:35:00",NULL,"230"
"60629","41756","33381","8413","163691","Complete","2021-05-15 11:41:08","2021-05-16 06:01:00","2021-05-20 03:46:00",NULL,"230"
"61064","42052","33608","26893","164856","Complete","2019-06-12 01:35:57","2019-06-10 21:04:00","2019-06-15 19:31:00",NULL,"230"
"61823","42569","34041","8413","166898","Complete","2021-12-28 02:02:31","2021-12-25 08:08:00","2021-12-28 07:45:00",NULL,"230"
"67275","46291","37019","26893","181668","Complete","2022-05-05 01:29:00","2022-05-06 12:42:00","2022-05-10 12:29:00",NULL,"230"
"72969","50267","40240","26893","197027","Complete","2021-04-09 12:12:35","2021-04-11 17:47:00","2021-04-15 20:34:00",NULL,"230"
"76436","52684","42159","26893","206403","Complete","2021-07-20 14:03:59","2021-07-23 02:32:00","2021-07-23 08:26:00",NULL,"230"
"86233","59589","47675","24050","232933","Complete","2022-04-07 12:23:38","2022-04-07 17:50:00","2022-04-08 01:19:00",NULL,"230"
"87909","60756","48641","8537","237474","Complete","2021-10-05 10:50:38","2021-10-06 20:33:00","2021-10-07 00:08:00",NULL,"230"
"103585","71585","57232","24050","279808","Complete","2022-05-16 02:00:31","2022-05-16 09:59:00","2022-05-21 01:18:00",NULL,"230"
"135736","93671","75054","26893","366537","Complete","2021-11-15 21:37:34","2021-11-17 08:43:00","2021-11-19 14:11:00",NULL,"230"
"145348","100278","80412","20543","392471","Complete","2022-03-07 10:01:45","2022-03-07 14:40:00","2022-03-10 04:29:00",NULL,"230"
"149733","103338","82889","26893","404347","Complete","2022-06-19 01:30:46","2022-06-20 01:03:00","2022-06-23 01:05:00",NULL,"230"
"158221","109130","87522","20543","427183","Complete","2022-01-26 10:21:18","2022-01-27 09:00:00","2022-01-29 20:00:00",NULL,"230"
"159296","109895","88130","24050","430092","Complete","2022-08-03 01:19:45","2022-08-01 03:04:00","2022-08-01 21:34:00",NULL,"230"
"64265","44227","35375","3119","173494","Processing","2022-06-27 17:14:09",NULL,NULL,NULL,"268"
"46136","31762","25346","8413","124575","Returned","2021-12-09 12:49:57","2021-12-11 22:28:00","2021-12-15 13:56:00","2021-12-17 03:47:00","230"
"5218","3556","2910","12950","14119","Cancelled","2020-10-05 18:59:46",NULL,NULL,NULL,"230"
"34921","24042","19198","20543","94342","Cancelled","2022-07-14 06:15:18",NULL,NULL,NULL,"230"
"77686","53569","42864","8537","209699","Cancelled","2022-04-28 14:17:12",NULL,NULL,NULL,"230"
"108319","74836","59845","12950","292611","Cancelled","2022-02-08 01:55:41",NULL,NULL,NULL,"230"
"128705","88767","71096","23839","347522","Cancelled","2022-08-18 03:17:29",NULL,NULL,NULL,"230"
"153841","106152","85150","12950","415427","Cancelled","2022-02-18 09:44:23",NULL,NULL,NULL,"230"
"20716","14243","11399","8537","56075","Processing","2020-09-19 21:51:29",NULL,NULL,NULL,"230"
"72074","49639","39734","20543","194571","Processing","2021-05-17 01:47:11",NULL,NULL,NULL,"230"
"72911","50225","40206","26893","196864","Processing","2022-08-06 14:04:48",NULL,NULL,NULL,"230"
"90692","62676","50179","20543","245012","Processing","2022-03-21 09:40:05",NULL,NULL,NULL,"230"
"93012","64269","51436","20543","251217","Processing","2022-06-06 14:23:01",NULL,NULL,NULL,"230"
"137935","95185","76298","8413","372443","Processing","2022-09-02 10:33:43.447917",NULL,NULL,NULL,"230"
"146684","101195","81193","8413","396087","Processing","2021-10-09 22:57:15",NULL,NULL,NULL,"230"
"157024","108302","86855","20543","423969","Processing","2021-12-23 02:24:27",NULL,NULL,NULL,"230"
"162495","112075","89854","26893","438777","Processing","2022-09-02 13:28:24",NULL,NULL,NULL,"230"
"28081","19361","15484","13346","75903","Shipped","2022-08-02 06:05:37","2022-08-01 16:12:00",NULL,NULL,"238"
"42632","29331","23385","13346","115121","Shipped","2021-01-23 01:21:57","2021-01-21 23:06:00",NULL,NULL,"238"
"111322","76899","61524","13346","300649","Shipped","2022-03-07 15:34:43","2022-03-09 00:54:00",NULL,NULL,"238"
"150302","103714","83195","56","405935","Shipped","2021-06-21 09:29:57","2021-06-19 20:06:00",NULL,NULL,"238"
"19296","13262","10637","4438","52216","Complete","2022-09-02 23:49:01","2022-09-01 22:04:00","2022-09-03 23:24:00",NULL,"238"
"62778","43224","34566","13346","169484","Complete","2020-03-14 03:17:13","2020-03-13 01:28:00","2020-03-17 06:07:00",NULL,"238"
"29101","20032","16000","4438","78676","Cancelled","2021-12-01 08:59:27",NULL,NULL,NULL,"238"
"69370","47769","38190","4438","187247","Cancelled","2021-02-05 14:53:04",NULL,NULL,NULL,"238"
"99470","68737","54955","13346","268687","Cancelled","2022-08-30 18:44:06",NULL,NULL,NULL,"238"
"106173","73377","58694","4438","286782","Cancelled","2022-06-02 17:41:05",NULL,NULL,NULL,"238"
"79348","54716","43764","4438","214234","Processing","2022-07-07 04:11:39",NULL,NULL,NULL,"238"
"92796","64117","51319","13346","250642","Processing","2021-08-08 11:43:00",NULL,NULL,NULL,"238"
"136617","94275","75561","4438","368895","Processing","2022-05-31 09:11:18",NULL,NULL,NULL,"238"
"149662","103295","82858","13346","404153","Processing","2022-04-14 17:03:49",NULL,NULL,NULL,"238"
"69162","47621","38069","6861","186702","Shipped","2022-09-05 15:57:45.109834","2022-09-07 02:29:47.109834",NULL,NULL,"246"
"70806","48758","39009","21249","191155","Shipped","2022-04-08 11:35:15","2022-04-10 23:10:00",NULL,NULL,"246"
"86197","59565","47651","6861","232842","Shipped","2021-11-06 11:09:14","2021-11-07 20:24:00",NULL,NULL,"246"
"106314","73467","58757","6861","287167","Shipped","2021-10-04 02:43:25","2021-10-06 14:35:00",NULL,NULL,"246"
"119911","82782","66264","21249","323750","Shipped","2022-07-03 13:43:40","2022-07-04 11:11:00",NULL,NULL,"246"
"166597","114886","92100","6861","449945","Shipped","2022-01-17 01:23:25","2022-01-16 22:11:00",NULL,NULL,"246"
"13778","9494","7639","21249","37342","Complete","2022-06-18 00:04:36","2022-06-16 06:32:00","2022-06-18 23:48:00",NULL,"246"
"102625","70906","56679","6861","277202","Complete","2022-09-03 01:45:56.01368","2022-09-03 23:30:01.01368","2022-09-06 22:12:01.01368",NULL,"246"
"32622","22451","17949","21249","88159","Returned","2020-11-19 13:13:16","2020-11-21 03:19:00","2020-11-24 15:40:00","2020-11-27 10:08:00","246"
"2621","1797","1453","20683","7087","Shipped","2021-10-12 06:49:29","2021-10-09 07:09:00",NULL,NULL,"268"
"6251","4264","3466","5568","16914","Shipped","2022-07-27 22:34:10","2022-07-25 13:33:00",NULL,NULL,"268"
"41119","28275","22557","5287","111006","Shipped","2022-07-01 13:47:37","2022-07-01 17:23:00",NULL,NULL,"268"
"79126","54556","43646","20683","213642","Shipped","2020-09-18 06:39:57","2020-09-15 16:30:00",NULL,NULL,"268"
"103407","71452","57123","16558","279320","Shipped","2022-01-02 11:29:40","2022-01-03 02:40:00",NULL,NULL,"268"
"104035","71894","57488","20683","281019","Shipped","2021-05-29 11:39:04","2021-06-01 06:17:00",NULL,NULL,"268"
"110935","76640","61301","16558","299605","Shipped","2021-08-13 14:37:41","2021-08-16 02:26:00",NULL,NULL,"268"
"111429","76976","61595","16558","300943","Shipped","2022-02-05 05:44:52","2022-02-08 05:24:00",NULL,NULL,"268"
"114114","78822","63049","3119","308200","Shipped","2022-05-27 00:27:53","2022-05-24 11:33:00",NULL,NULL,"268"
"115942","80066","64086","5568","313129","Shipped","2022-05-10 08:09:45","2022-05-11 18:45:00",NULL,NULL,"268"
"138264","95408","76490","5568","373348","Shipped","2022-08-25 15:26:48","2022-08-24 08:15:00",NULL,NULL,"268"
"2959","2023","1632","3119","8010","Complete","2021-04-11 11:11:52","2021-04-14 03:41:00","2021-04-15 08:55:00",NULL,"268"
"30576","21060","16859","20683","82680","Complete","2020-07-05 07:31:07","2020-07-04 18:26:00","2020-07-05 01:47:00",NULL,"268"
"31399","21603","17277","20683","84868","Complete","2022-02-18 09:06:27","2022-02-21 05:57:00","2022-02-25 11:47:00",NULL,"268"
"35284","24284","19398","5568","95312","Complete","2022-07-31 03:25:11","2022-07-31 19:16:00","2022-08-05 02:00:00",NULL,"268"
"45177","31106","24830","16040","122006","Complete","2022-04-27 09:22:45","2022-04-30 00:04:00","2022-05-01 02:01:00",NULL,"268"
"46722","32173","25699","16558","126148","Complete","2022-01-13 13:45:19","2022-01-12 19:50:00","2022-01-14 09:56:00",NULL,"268"
"86782","59970","47982","5287","234434","Complete","2021-06-02 17:07:34","2021-06-03 14:48:00","2021-06-03 15:00:00",NULL,"268"
"92287","63761","51047","5568","249264","Complete","2022-08-07 23:12:03","2022-08-10 12:03:00","2022-08-12 05:51:00",NULL,"268"
"93265","64457","51580","5568","251889","Complete","2022-01-05 04:56:28","2022-01-07 17:33:00","2022-01-09 08:50:00",NULL,"268"
"103090","71231","56944","3119","278450","Complete","2022-03-21 05:14:56","2022-03-23 12:44:00","2022-03-23 14:39:00",NULL,"268"
"105670","73017","58400","16558","285425","Complete","2022-09-09 11:46:28.142946","2022-09-07 00:23:49.142946","2022-09-11 19:41:49.142946",NULL,"268"
"116674","80549","64492","5287","315116","Complete","2021-04-03 07:35:03","2021-04-05 20:02:00","2021-04-08 02:38:00",NULL,"268"
"129207","89108","71386","20683","348887","Complete","2021-08-25 09:13:22","2021-08-25 01:06:00","2021-08-27 08:39:00",NULL,"268"
"173721","119818","96077","5568","469131","Complete","2021-08-18 00:36:41","2021-08-18 10:03:00","2021-08-21 19:10:00",NULL,"268"
"20353","13994","11219","5287","55093","Returned","2019-12-25 07:49:07","2019-12-26 01:20:00","2019-12-27 20:12:00","2019-12-28 12:40:00","268"
"20881","14359","11498","16558","56512","Returned","2021-04-16 00:32:27","2021-04-18 15:29:00","2021-04-23 08:58:00","2021-04-24 07:42:00","268"
"145156","100157","80316","16558","391949","Returned","2020-05-19 12:12:03","2020-05-19 10:03:00","2020-05-20 00:48:00","2020-05-22 20:52:00","268"
"154104","106332","85280","5287","416142","Returned","2020-08-30 11:24:24","2020-09-01 08:04:00","2020-09-03 17:06:00","2020-09-05 07:49:00","268"
"163837","113013","90627","3119","442408","Returned","2021-10-02 01:12:43","2021-10-04 19:03:00","2021-10-06 21:48:00","2021-10-07 17:23:00","268"
"18661","12828","10299","20683","50518","Cancelled","2022-08-15 04:13:54",NULL,NULL,NULL,"268"
"24113","16585","13258","20683","65181","Cancelled","2022-04-14 00:08:47",NULL,NULL,NULL,"268"
"82175","56707","45352","20683","221889","Cancelled","2022-06-09 04:58:29",NULL,NULL,NULL,"268"
"88358","61060","48885","20683","238698","Cancelled","2021-08-22 23:22:55",NULL,NULL,NULL,"268"
"101557","70174","56106","5287","274290","Cancelled","2021-04-03 13:33:09",NULL,NULL,NULL,"268"
"120822","83387","66768","16040","326229","Cancelled","2022-04-26 10:11:07",NULL,NULL,NULL,"268"
"134793","92986","74484","16040","364002","Cancelled","2022-07-07 02:38:16",NULL,NULL,NULL,"268"
"1618","1124","918","20683","4384","Processing","2021-02-23 07:19:55",NULL,NULL,NULL,"268"
"10150","6980","5681","16040","27522","Processing","2020-05-12 02:50:10",NULL,NULL,NULL,"268"
"34053","23448","18705","16040","92009","Processing","2020-05-21 08:05:39",NULL,NULL,NULL,"268"
"40522","27880","22255","16040","109398","Processing","2021-05-08 15:46:06",NULL,NULL,NULL,"268"
"86542","59790","47833","5568","233775","Processing","2020-10-24 00:16:04",NULL,NULL,NULL,"268"
"119620","82574","66108","5287","322963","Processing","2021-09-10 13:03:09",NULL,NULL,NULL,"268"
"127462","87896","70375","3119","344118","Processing","2021-11-22 14:31:46",NULL,NULL,NULL,"268"
"146709","101210","81202","20683","396159","Processing","2021-11-01 09:13:47",NULL,NULL,NULL,"268"
"157849","108874","87319","16040","426197","Processing","2019-08-08 12:19:24",NULL,NULL,NULL,"268"
"170326","117440","94185","5287","459974","Processing","2022-07-18 16:29:15",NULL,NULL,NULL,"268"
"179498","123800","99305","5287","484743","Processing","2022-06-14 13:32:27",NULL,NULL,NULL,"268"
"176848","121964","97817","3998","477635","Shipped","2021-06-10 01:18:51","2021-06-08 11:29:00",NULL,NULL,"284"
"178894","123390","98975","3998","483108","Shipped","2021-11-29 22:21:48","2021-12-02 08:17:00",NULL,NULL,"284"
"24875","17134","13685","3998","67232","Complete","2020-03-28 21:52:35","2020-03-29 16:42:00","2020-04-01 00:59:00",NULL,"284"
"74297","51186","40963","3998","200608","Complete","2021-06-30 15:48:11","2021-07-01 15:28:00","2021-07-06 08:49:00",NULL,"284"
"37121","25565","20427","3998","100235","Returned","2021-12-12 08:25:00","2021-12-11 01:24:00","2021-12-11 03:35:00","2021-12-13 18:12:00","284"
"3318","2253","1809","3998","8982","Cancelled","2021-05-16 01:11:52",NULL,NULL,NULL,"284"
"101474","70116","56053","3998","274061","Cancelled","2022-02-17 01:40:27",NULL,NULL,NULL,"284"
"155630","107363","86142","3998","420226","Cancelled","2021-05-04 07:50:13",NULL,NULL,NULL,"284"
"179833","124017","99468","3998","485627","Processing","2021-10-09 01:55:51",NULL,NULL,NULL,"284"
"21288","14636","11696","8320","57570","Shipped","2020-03-18 21:10:48","2020-03-19 17:03:00",NULL,NULL,"300"
"22188","15253","12187","20266","59961","Shipped","2020-02-08 15:36:01","2020-02-08 23:23:00",NULL,NULL,"300"
"39202","26990","21556","24434","105845","Shipped","2021-09-09 23:03:01","2021-09-11 22:13:00",NULL,NULL,"300"
"41357","28443","22690","24434","111650","Shipped","2021-05-24 02:19:10","2021-05-23 14:02:00",NULL,NULL,"300"
"41837","28781","22954","23917","112946","Shipped","2020-08-12 05:10:14","2020-08-12 01:53:00",NULL,NULL,"300"
"48544","33445","26712","8584","131010","Shipped","2022-08-15 12:36:26","2022-08-16 02:07:00",NULL,NULL,"300"
"59455","40967","32718","24434","160481","Shipped","2022-06-26 14:01:17","2022-06-26 20:01:00",NULL,NULL,"300"
"68898","47424","37924","24434","185998","Shipped","2022-08-10 15:47:16","2022-08-13 02:31:00",NULL,NULL,"300"
"69068","47551","38021","24434","186446","Shipped","2020-12-06 01:38:18","2020-12-06 10:50:00",NULL,NULL,"300"
"69711","48000","38379","24047","188177","Shipped","2021-10-25 04:55:48","2021-10-25 21:04:00",NULL,NULL,"300"
"77809","53647","42924","24047","210051","Shipped","2020-03-22 08:37:45","2020-03-23 17:17:00",NULL,NULL,"300"
"87248","60291","48253","8794","235699","Shipped","2022-03-19 09:08:10","2022-03-21 10:45:00",NULL,NULL,"300"
"90697","62679","50181","3067","245024","Shipped","2020-10-26 02:44:23","2020-10-26 18:46:00",NULL,NULL,"300"
"91806","63433","50785","8794","247989","Shipped","2022-01-20 11:07:24","2022-01-23 07:49:00",NULL,NULL,"300"
"119740","82666","66176","24173","323273","Shipped","2022-08-04 03:41:05","2022-08-05 06:46:00",NULL,NULL,"300"
"126531","87279","69852","24434","341636","Shipped","2022-09-01 07:26:21","2022-08-31 19:02:00",NULL,NULL,"300"
"177369","122324","98092","24047","479027","Shipped","2021-08-01 07:04:21","2021-08-03 12:25:00",NULL,NULL,"300"
"179346","123699","99233","7576","484327","Shipped","2022-01-21 18:27:41","2022-01-23 12:11:00",NULL,NULL,"300"
"6327","4317","3506","24047","17113","Complete","2021-10-04 01:27:12","2021-10-06 10:44:00","2021-10-10 21:22:00",NULL,"300"
"7055","4805","3894","8320","19103","Complete","2020-03-13 13:29:17","2020-03-13 15:40:00","2020-03-13 23:19:00",NULL,"300"
"8080","5538","4484","24047","21917","Complete","2022-08-09 17:17:40","2022-08-11 15:55:00","2022-08-12 22:28:00",NULL,"300"
"15813","10849","8717","24434","42818","Complete","2022-06-12 00:41:38","2022-06-12 11:40:00","2022-06-16 04:42:00",NULL,"300"
"19327","13283","10651","20266","52293","Complete","2022-08-30 11:07:19","2022-08-30 15:34:00","2022-08-31 17:00:00",NULL,"300"
"19659","13514","10841","24434","53190","Complete","2021-09-02 02:26:53","2021-09-02 07:39:00","2021-09-02 21:10:00",NULL,"300"
"19790","13613","10903","8794","53550","Complete","2021-06-06 05:49:07","2021-06-06 15:51:00","2021-06-10 15:17:00",NULL,"300"
"29089","20025","15994","3067","78644","Complete","2022-09-01 17:16:31.232116","2022-09-04 03:09:57.232116","2022-09-04 09:12:57.232116",NULL,"300"
"38695","26655","21302","24173","104476","Complete","2021-12-02 17:21:23","2021-12-01 12:21:00","2021-12-02 17:09:00",NULL,"300"
"45841","31559","25182","24213","123769","Complete","2022-06-28 17:56:10","2022-06-26 21:38:00","2022-06-30 10:16:00",NULL,"300"
"74736","51499","41219","24173","201781","Complete","2021-07-23 07:23:13","2021-07-23 11:30:00","2021-07-27 13:06:00",NULL,"300"
"84812","58593","46860","24434","229079","Complete","2021-05-01 14:08:44","2021-05-04 14:48:00","2021-05-06 18:39:00",NULL,"300"
"98504","68060","54400","24434","266101","Complete","2022-05-10 16:09:33","2022-05-12 18:54:00","2022-05-14 16:37:00",NULL,"300"
"99877","69039","55197","23917","269776","Complete","2020-08-02 02:14:03","2020-08-04 18:18:00","2020-08-07 18:38:00",NULL,"300"
"109163","75404","60289","24213","294860","Complete","2021-02-21 05:49:51","2021-02-18 06:18:00","2021-02-20 00:45:00",NULL,"300"
"110779","76525","61207","24047","299180","Complete","2021-06-03 07:12:06","2021-06-03 05:03:00","2021-06-03 22:27:00",NULL,"300"
"122390","84435","67585","20266","330459","Complete","2020-03-18 15:41:26","2020-03-18 21:57:00","2020-03-23 19:24:00",NULL,"300"
"127710","88074","70541","23917","344802","Complete","2021-04-25 09:24:31","2021-04-21 19:08:00","2021-04-23 21:44:00",NULL,"300"
"134653","92898","74427","24047","363620","Complete","2022-08-09 02:40:59","2022-08-10 14:26:00","2022-08-15 05:33:00",NULL,"300"
"145784","100593","80693","24047","393660","Complete","2021-04-17 12:43:12","2021-04-15 03:59:00","2021-04-18 00:16:00",NULL,"300"
"147695","101918","81742","8794","398784","Complete","2021-03-12 05:08:50","2021-03-09 03:27:00","2021-03-11 01:51:00",NULL,"300"
"167829","115737","92778","23917","453220","Complete","2021-07-11 15:40:25","2021-07-14 01:08:00","2021-07-18 08:42:00",NULL,"300"
"173790","119869","96121","24213","469306","Complete","2022-08-27 07:00:52","2022-08-23 21:55:00","2022-08-24 02:18:00",NULL,"300"
"176743","121887","97745","23917","477356","Complete","2021-03-31 01:36:29","2021-04-03 00:24:00","2021-04-03 16:00:00",NULL,"300"
"22195","15258","12189","24173","59981","Returned","2021-04-28 15:59:15","2021-04-30 19:12:00","2021-05-03 03:29:00","2021-05-03 12:49:00","300"
"23970","16486","13179","24173","64795","Returned","2022-07-14 07:01:31","2022-07-17 01:26:00","2022-07-21 14:47:00","2022-07-24 05:29:00","300"
"78842","54364","43510","7576","212846","Returned","2022-03-30 02:15:40","2022-03-31 16:50:00","2022-04-01 01:13:00","2022-04-03 19:50:00","300"
"11885","8195","6630","24213","32206","Cancelled","2022-04-06 00:28:50",NULL,NULL,NULL,"300"
"68426","47092","37672","20266","184730","Cancelled","2022-03-01 02:45:03",NULL,NULL,NULL,"300"
"95530","66030","52811","24434","258053","Cancelled","2020-02-18 06:19:39",NULL,NULL,NULL,"300"
"99918","69062","55222","24434","269886","Cancelled","2022-06-19 13:49:19",NULL,NULL,NULL,"300"
"124784","86091","68898","7576","336878","Cancelled","2022-09-06 20:26:13",NULL,NULL,NULL,"300"
"173148","119413","95729","3067","467653","Cancelled","2022-02-27 01:28:43",NULL,NULL,NULL,"300"
"179047","123494","99059","24173","483527","Cancelled","2022-03-20 14:37:50",NULL,NULL,NULL,"300"
"19166","13175","10565","8794","51857","Processing","2022-08-27 04:51:04",NULL,NULL,NULL,"300"
"31697","21812","17458","24047","85667","Processing","2022-05-04 12:31:44",NULL,NULL,NULL,"300"
"43787","30121","24014","23917","118265","Processing","2020-06-30 12:09:19",NULL,NULL,NULL,"300"
"72217","49733","39804","23917","194953","Processing","2021-06-19 08:44:20",NULL,NULL,NULL,"300"
"78232","53949","43156","24173","211207","Processing","2021-06-16 02:45:02",NULL,NULL,NULL,"300"
"84699","58515","46805","24213","228765","Processing","2022-04-11 14:33:21",NULL,NULL,NULL,"300"
"86378","59684","47754","24173","233333","Processing","2021-12-31 16:38:24",NULL,NULL,NULL,"300"
"106929","73887","59083","23917","288815","Processing","2022-05-27 16:24:10",NULL,NULL,NULL,"300"
"114292","78940","63142","23917","308687","Processing","2022-03-15 15:46:00",NULL,NULL,NULL,"300"
"128897","88898","71217","24047","348033","Processing","2022-06-23 01:48:34",NULL,NULL,NULL,"300"
"3805","2584","2094","7730","10295","Shipped","2020-01-06 05:20:33","2020-01-08 00:42:00",NULL,NULL,"348"
"14981","10300","8278","19640","40579","Shipped","2021-09-09 17:09:45","2021-09-09 13:02:00",NULL,NULL,"348"
"41053","28232","22524","7970","110838","Shipped","2022-07-28 17:16:12","2022-07-31 04:50:00",NULL,NULL,"348"
"65281","44949","35938","7730","176271","Shipped","2022-07-01 02:18:28","2022-07-01 20:29:00",NULL,NULL,"348"
"71000","48880","39108","1315","191677","Shipped","2022-07-25 10:54:46","2022-07-26 15:41:00",NULL,NULL,"348"
"77573","53485","42797","7970","209410","Shipped","2022-05-25 11:38:35","2022-05-26 22:19:00",NULL,NULL,"348"
"88374","61070","48897","7730","238738","Shipped","2022-07-30 02:37:12","2022-07-30 08:40:00",NULL,NULL,"348"
"112730","77862","62281","7730","304478","Shipped","2022-05-29 06:28:05","2022-05-25 22:01:00",NULL,NULL,"348"
"131972","91044","72930","1315","356326","Shipped","2022-01-17 15:45:27","2022-01-17 00:49:00",NULL,NULL,"348"
"160549","110761","88818","1315","433493","Shipped","2020-06-12 08:29:59","2020-06-14 11:24:00",NULL,NULL,"348"
"12226","8432","6808","19640","33136","Complete","2021-10-04 14:20:27","2021-10-07 15:22:00","2021-10-12 05:35:00",NULL,"348"
"20337","13983","11209","7970","55047","Complete","2020-07-26 03:51:06","2020-07-24 20:25:00","2020-07-27 12:27:00",NULL,"348"
"132077","91116","72979","7970","356608","Complete","2022-09-03 13:53:37.562004","2022-09-05 11:24:19.562004","2022-09-07 08:39:19.562004",NULL,"348"
"144411","99637","79886","1315","389908","Complete","2022-06-21 12:14:22","2022-06-23 01:33:00","2022-06-27 19:23:00",NULL,"348"
"146229","100898","80951","7730","394862","Complete","2021-07-05 12:44:18","2021-07-07 13:48:00","2021-07-11 20:03:00",NULL,"348"
"167719","115658","92704","1315","452925","Complete","2021-11-11 04:40:16","2021-11-07 18:58:00","2021-11-07 19:45:00",NULL,"348"
"73950","50939","40758","19640","199665","Cancelled","2020-02-20 00:45:34",NULL,NULL,NULL,"348"
"93100","64332","51479","7970","251456","Cancelled","2022-01-10 10:46:57",NULL,NULL,NULL,"348"
"148459","102435","82174","7970","400876","Cancelled","2022-05-25 11:12:11",NULL,NULL,NULL,"348"
"175705","121180","97173","7970","474523","Cancelled","2021-09-11 17:28:49",NULL,NULL,NULL,"348"
"118023","81463","65235","7730","318694","Processing","2022-01-11 23:33:30",NULL,NULL,NULL,"348"
"73042","50317","40275","20237","197234","Shipped","2021-05-17 14:04:56","2021-05-18 12:34:00",NULL,NULL,"380"
"108596","75023","59987","20237","293352","Shipped","2020-12-13 01:37:49","2020-12-15 20:41:00",NULL,NULL,"380"
"496","353","307","20237","1307","Complete","2022-04-18 05:25:57","2022-04-18 10:30:00","2022-04-20 16:52:00",NULL,"380"
"113885","78664","62907","20237","307588","Complete","2022-08-06 04:16:43","2022-08-06 07:59:00","2022-08-09 14:29:00",NULL,"380"
"131412","90646","72625","20237","354821","Returned","2021-09-06 22:48:17","2021-09-08 20:49:00","2021-09-10 06:01:00","2021-09-11 19:41:00","380"
"815","579","487","20237","2186","Cancelled","2022-05-11 09:21:37",NULL,NULL,NULL,"380"
"30755","21173","16960","20237","83139","Cancelled","2022-05-27 03:41:43",NULL,NULL,NULL,"380"
"135422","93445","74870","20237","365694","Cancelled","2022-08-04 04:23:54",NULL,NULL,NULL,"380"
"153164","105663","84772","20237","413630","Processing","2022-06-08 02:41:44",NULL,NULL,NULL,"380"
"3885","2645","2137","3383","10514","Shipped","2022-08-16 12:38:59","2022-08-18 15:05:00",NULL,NULL,"396"
"23771","16364","13085","3360","64266","Shipped","2022-08-31 12:26:23","2022-09-03 04:18:00",NULL,NULL,"396"
"73447","50591","40486","3360","198316","Shipped","2022-01-06 13:50:38","2022-01-09 00:34:00",NULL,NULL,"396"
"92164","63681","50984","3383","248933","Shipped","2022-07-24 05:03:21","2022-07-24 14:51:00",NULL,NULL,"396"
"112729","77862","62281","3360","304476","Shipped","2022-05-27 09:21:00","2022-05-25 22:01:00",NULL,NULL,"396"
"48176","33185","26517","3383","130037","Complete","2021-09-27 03:04:25","2021-09-28 23:55:00","2021-10-02 15:16:00",NULL,"396"
"180022","124154","99577","3383","486145","Returned","2020-11-22 14:46:01","2020-11-24 11:11:00","2020-11-25 03:45:00","2020-11-27 13:16:00","396"
"18139","12466","10020","3360","49143","Cancelled","2021-10-14 04:22:56",NULL,NULL,NULL,"396"
"145674","100510","80616","3360","393369","Cancelled","2021-08-11 04:40:05",NULL,NULL,NULL,"396"
"91000","62888","50347","3360","245820","Processing","2022-02-01 12:45:50",NULL,NULL,NULL,"396"
"131701","90848","72767","3360","355592","Processing","2020-01-25 18:20:47",NULL,NULL,NULL,"396"
"154078","106312","85266","3360","416073","Processing","2019-07-18 05:55:40",NULL,NULL,NULL,"396"
"11710","8058","6534","7836","31726","Shipped","2021-07-15 01:08:02","2021-07-15 11:33:00",NULL,NULL,"428"
"82845","57194","45730","7836","223740","Shipped","2022-07-30 09:06:32","2022-07-31 08:09:00",NULL,NULL,"428"
"89024","61531","49262","7836","240510","Shipped","2021-09-19 14:14:55","2021-09-18 09:59:00",NULL,NULL,"428"
"109125","75383","60268","7836","294763","Shipped","2020-09-18 04:57:12","2020-09-17 13:12:00",NULL,NULL,"428"
"146259","100916","80974","7836","394946","Shipped","2022-02-20 23:52:40","2022-02-20 05:49:00",NULL,NULL,"428"
"157985","108974","87393","7836","426556","Shipped","2021-10-05 02:09:50","2021-10-07 20:18:00",NULL,NULL,"428"
"171013","117904","94551","7836","461869","Shipped","2021-05-25 16:54:42","2021-05-27 23:09:00",NULL,NULL,"428"
"22491","15463","12354","7836","60788","Returned","2022-01-09 03:23:05","2022-01-10 02:59:00","2022-01-14 18:18:00","2022-01-17 12:39:00","428"
"12022","8302","6710","7836","32589","Cancelled","2021-02-16 10:47:23",NULL,NULL,NULL,"428"
"52081","35893","28675","7836","140563","Processing","2021-01-14 02:51:20",NULL,NULL,NULL,"428"
"4043","2744","2200","19956","10945","Shipped","2020-04-15 17:50:20","2020-04-16 00:55:00",NULL,NULL,"600"
"175632","121123","97116","19956","474318","Cancelled","2022-04-28 07:56:11",NULL,NULL,NULL,"600"
"60747","41840","33443","19956","164006","Processing","2022-02-02 14:11:18",NULL,NULL,NULL,"600"
"96765","66857","53438","19956","261365","Processing","2020-11-09 15:01:47",NULL,NULL,NULL,"600"
"111529","77048","61643","19956","301208","Processing","2020-02-23 08:23:29",NULL,NULL,NULL,"600"
"179606","123871","99358","8774","485033","Shipped","2021-12-24 14:05:15","2021-12-24 21:03:00",NULL,NULL,"825"
"78306","53998","43199","8774","211399","Complete","2022-04-13 12:40:07","2022-04-14 03:29:00","2022-04-18 14:23:00",NULL,"825"
"104484","72195","57717","8774","282244","Cancelled","2020-03-15 00:00:58",NULL,NULL,NULL,"825"
"119015","82163","65786","8774","321338","Processing","2022-05-06 13:21:48",NULL,NULL,NULL,"825"
"18662","12829","10299","24069","50522","Shipped","2022-08-18 06:55:54","2022-08-18 13:56:00",NULL,NULL,"284.75"
"108937","75257","60170","24069","294268","Shipped","2020-07-29 11:44:28","2020-07-29 03:51:00",NULL,NULL,"284.75"
"135612","93583","74984","24069","366210","Complete","2022-09-03 04:48:17.596448","2022-09-04 04:58:11.596448","2022-09-08 20:21:11.596448",NULL,"284.75"
"4634","3176","2583","28046","12564","Shipped","2022-07-28 05:31:08","2022-07-31 05:56:00",NULL,NULL,"71.25"
"62883","43293","34617","28034","169768","Shipped","2021-09-18 20:47:05","2021-09-20 03:18:00",NULL,NULL,"71.25"
"89546","61901","49553","23467","241886","Shipped","2021-05-10 22:50:41","2021-05-10 20:23:00",NULL,NULL,"71.25"
"135547","93541","74949","23467","366033","Shipped","2021-09-29 15:18:23","2021-09-28 07:53:00",NULL,NULL,"71.25"
"156086","107674","86380","23467","421428","Shipped","2022-04-08 13:34:59","2022-04-09 20:30:00",NULL,NULL,"71.25"
"164122","113206","90778","28034","443197","Shipped","2022-08-09 11:27:46","2022-08-12 10:10:00",NULL,NULL,"71.25"
"4450","3044","2455","23467","12069","Complete","2022-03-24 10:27:40","2022-03-26 22:15:00","2022-03-31 03:10:00",NULL,"71.25"
"35199","24222","19346","23467","95088","Complete","2022-03-04 11:53:32","2022-03-03 19:15:00","2022-03-05 10:09:00",NULL,"71.25"
"38984","26846","21441","23467","105238","Complete","2022-08-02 01:24:43","2022-08-02 23:22:00","2022-08-03 23:44:00",NULL,"71.25"
"95875","66267","52988","28046","258998","Complete","2022-06-29 11:52:03","2022-06-30 18:57:00","2022-07-03 16:41:00",NULL,"71.25"
"97118","67110","53624","28046","262335","Complete","2020-11-05 16:45:11","2020-11-07 01:35:00","2020-11-09 12:44:00",NULL,"71.25"
"111527","77047","61643","28034","301202","Complete","2021-11-13 10:44:14","2021-11-13 11:37:00","2021-11-16 00:19:00",NULL,"71.25"
"114402","79018","63203","23467","308994","Complete","2019-12-07 13:53:09","2019-12-07 01:27:00","2019-12-10 12:10:00",NULL,"71.25"
"146178","100864","80922","28222","394718","Complete","2022-08-05 00:14:12","2022-08-07 02:22:00","2022-08-10 11:15:00",NULL,"71.25"
"141148","97350","78068","13586","381102","Returned","2019-05-10 06:32:42","2019-05-11 09:46:00","2019-05-12 15:40:00","2019-05-14 03:44:00","71.25"
"40532","27888","22260","13586","109421","Cancelled","2022-07-27 01:36:38",NULL,NULL,NULL,"71.25"
"67372","46356","37071","23467","181931","Cancelled","2021-06-21 10:48:32",NULL,NULL,NULL,"71.25"
"10520","7236","5886","28046","28517","Processing","2020-06-18 02:54:43",NULL,NULL,NULL,"71.25"
"55786","38450","30728","28222","150542","Processing","2020-09-17 21:55:33",NULL,NULL,NULL,"71.25"
"63487","43713","34952","23467","171408","Processing","2022-07-25 01:19:01",NULL,NULL,NULL,"71.25"
"92256","63744","51035","23467","249178","Processing","2021-03-18 10:46:20",NULL,NULL,NULL,"71.25"
"102337","70713","56540","13586","276425","Processing","2019-12-31 00:25:23",NULL,NULL,NULL,"71.25"
"109538","75669","60483","13586","295880","Processing","2021-10-13 04:38:18",NULL,NULL,NULL,"71.25"
"132191","91192","73027","28046","356930","Processing","2021-09-03 13:51:04",NULL,NULL,NULL,"71.25"
"135064","93181","74654","28034","364721","Processing","2022-09-04 04:16:16.309704",NULL,NULL,NULL,"71.25"
"138496","95566","76622","28046","373977","Processing","2020-09-21 08:50:30",NULL,NULL,NULL,"71.25"
"149981","103503","83022","28222","405040","Processing","2021-11-23 16:25:12",NULL,NULL,NULL,"71.25"
"174109","120087","96302","13586","470163","Processing","2021-10-09 08:35:19",NULL,NULL,NULL,"71.25"
"175504","121032","97035","28034","473982","Processing","2020-09-26 02:17:55",NULL,NULL,NULL,"71.25"
"153293","105751","84833","11548","413984","Shipped","2021-07-24 03:15:58","2021-07-25 17:06:00",NULL,NULL,"115.25"
"153684","106034","85054","11548","415017","Shipped","2022-05-31 00:54:53","2022-06-01 00:21:00",NULL,NULL,"115.25"
"30733","21160","16947","11548","83081","Cancelled","2022-04-26 15:28:37",NULL,NULL,NULL,"115.25"
"80916","55799","44612","11548","218540","Processing","2021-11-09 22:14:38",NULL,NULL,NULL,"115.25"
"21470","14769","11801","8420","58037","Shipped","2021-07-17 12:52:08","2021-07-16 08:37:00",NULL,NULL,"134.5"
"164548","113496","90997","8420","444369","Shipped","2022-08-19 05:24:42","2022-08-21 07:25:00",NULL,NULL,"134.5"
"21694","14914","11912","26486","58637","Complete","2021-12-22 13:28:14","2021-12-22 17:44:00","2021-12-27 09:37:00",NULL,"134.5"
"55594","38323","30627","8420","150010","Complete","2021-01-30 02:36:49","2021-01-30 17:09:00","2021-02-01 16:32:00",NULL,"134.5"
"100823","69681","55720","26486","272306","Complete","2022-01-10 12:23:50","2022-01-10 14:51:00","2022-01-14 08:10:00",NULL,"134.5"
"166307","114696","91950","8420","449167","Complete","2022-05-05 00:25:36","2022-05-03 05:45:00","2022-05-07 03:29:00",NULL,"134.5"
"32904","22654","18089","26486","88903","Returned","2022-01-09 09:44:31","2022-01-07 18:19:00","2022-01-10 08:03:00","2022-01-11 03:18:00","134.5"
"69211","47653","38093","8420","186824","Returned","2022-05-19 05:46:14","2022-05-21 12:21:00","2022-05-24 16:25:00","2022-05-27 12:58:00","134.5"
"37578","25871","20667","26486","101473","Processing","2022-08-24 01:39:30",NULL,NULL,NULL,"134.5"
"80375","55434","44325","26486","217033","Processing","2020-12-07 04:38:45",NULL,NULL,NULL,"134.5"
"100171","69229","55357","26486","270548","Processing","2022-04-08 05:59:06",NULL,NULL,NULL,"134.5"
"137892","95156","76276","26486","372326","Processing","2022-04-27 00:50:21",NULL,NULL,NULL,"134.5"
"167782","115706","92752","26486","453098","Processing","2021-11-15 13:09:26",NULL,NULL,NULL,"134.5"
"150134","103599","83091","21243","405474","Shipped","2021-12-29 06:38:21","2022-01-01 01:55:00",NULL,NULL,"142.5"
"176196","121515","97457","21243","475862","Shipped","2020-09-22 21:54:15","2020-09-25 21:48:00",NULL,NULL,"142.5"
"76164","52490","42007","21243","205670","Complete","2022-08-03 12:28:47","2022-08-04 04:26:00","2022-08-05 22:28:00",NULL,"142.5"
"144534","99719","79955","21243","390235","Returned","2021-12-07 16:35:28","2021-12-09 06:11:00","2021-12-09 14:06:00","2021-12-09 20:09:00","142.5"
"33560","23100","18442","21243","90664","Processing","2022-08-01 12:16:55",NULL,NULL,NULL,"142.5"
"49452","34053","27186","21243","133480","Processing","2022-08-05 03:28:42",NULL,NULL,NULL,"142.5"
"115199","79558","63653","21243","311140","Processing","2021-10-11 00:01:57",NULL,NULL,NULL,"142.5"
"151070","104245","83626","21243","407994","Processing","2021-03-05 01:14:34",NULL,NULL,NULL,"142.5"
"154671","106720","85619","21243","417660","Processing","2021-05-09 10:52:52",NULL,NULL,NULL,"142.5"
"97047","67064","53587","883","262131","Cancelled","2020-09-11 03:20:42",NULL,NULL,NULL,"166.5"
"170280","117408","94156","883","459851","Processing","2022-01-06 03:41:44",NULL,NULL,NULL,"166.5"
"155240","107102","85928","20024","419189","Complete","2020-07-23 07:09:35","2020-07-21 15:38:00","2020-07-22 06:57:00",NULL,"198.5"
"21292","14639","11698","20024","57581","Processing","2021-11-13 09:35:43",NULL,NULL,NULL,"198.5"
"89688","62001","49627","20024","242278","Processing","2022-09-02 07:10:04",NULL,NULL,NULL,"198.5"
"22600","15542","12424","14203","61085","Shipped","2020-07-24 11:25:34","2020-07-21 18:13:00",NULL,NULL,"214.5"
"139247","96073","77039","14203","376017","Shipped","2021-05-07 02:34:50","2021-05-06 23:55:00",NULL,NULL,"214.5"
"141118","97328","78049","14203","381023","Shipped","2021-10-28 06:53:48","2021-10-24 18:02:00",NULL,NULL,"214.5"
"163648","112884","90511","14203","441902","Shipped","2021-12-07 16:51:27","2021-12-07 20:46:00",NULL,NULL,"214.5"
"170169","117339","94095","14203","459552","Complete","2022-09-04 05:33:40.458967","2022-09-05 02:25:46.458967","2022-09-09 10:52:46.458967",NULL,"214.5"
"13392","9230","7444","14203","36280","Returned","2020-11-26 02:34:43","2020-11-27 01:49:00","2020-11-30 00:03:00","2020-11-30 16:58:00","214.5"
"156837","108179","86769","14203","423470","Cancelled","2021-11-16 15:41:03",NULL,NULL,NULL,"214.5"
"133946","92415","74027","14203","361673","Processing","2020-02-20 07:08:16",NULL,NULL,NULL,"214.5"
"87952","60787","48665","8702","237593","Shipped","2020-05-08 15:46:01","2020-05-09 10:58:00",NULL,NULL,"269"
"98062","67768","54142","19650","264910","Shipped","2021-10-21 00:28:20","2021-10-22 14:40:00",NULL,NULL,"269"
"67899","46725","37384","8702","183326","Complete","2022-06-03 10:18:04","2022-06-03 16:25:00","2022-06-05 07:05:00",NULL,"269"
"116915","80718","64626","8702","315735","Complete","2022-08-03 04:34:20","2022-08-04 08:00:00","2022-08-04 19:34:00",NULL,"269"
"65251","44928","35921","8702","176191","Cancelled","2022-05-23 01:39:04",NULL,NULL,NULL,"269"
"99841","69014","55177","19468","269677","Cancelled","2022-03-06 14:50:13",NULL,NULL,NULL,"269"
"101421","70084","56031","19650","273917","Cancelled","2021-06-20 06:24:43",NULL,NULL,NULL,"269"
"161376","111314","89251","19468","435710","Cancelled","2021-05-06 01:55:40",NULL,NULL,NULL,"269"
"7384","5049","4089","19468","20014","Processing","2022-04-22 06:52:45",NULL,NULL,NULL,"269"
"34770","23928","19104","19650","93926","Processing","2021-08-16 12:43:57",NULL,NULL,NULL,"269"
"60985","42003","33572","8702","164635","Processing","2022-06-16 05:09:54",NULL,NULL,NULL,"269"
"124685","86023","68845","19650","336603","Processing","2021-06-01 15:36:33",NULL,NULL,NULL,"269"
"17913","12320","9914","23863","48528","Shipped","2021-12-25 06:39:36","2021-12-23 15:34:00",NULL,NULL,"285"
"33675","23189","18516","300","90984","Shipped","2022-05-09 10:47:25","2022-05-12 00:41:00",NULL,NULL,"285"
"49996","34431","27496","1490","134963","Shipped","2020-10-15 09:47:55","2020-10-12 18:55:00",NULL,NULL,"285"
"56543","38977","31164","8556","152607","Shipped","2022-08-04 01:28:11","2022-08-05 10:13:00",NULL,NULL,"285"
"71237","49049","39254","13164","192330","Shipped","2022-06-24 16:00:13","2022-06-25 08:19:00",NULL,NULL,"285"
"114753","79262","63407","18449","309944","Shipped","2021-04-25 07:32:13","2021-04-25 21:56:00",NULL,NULL,"285"
"116932","80730","64634","1490","315781","Shipped","2022-06-30 01:10:40","2022-06-30 13:29:00",NULL,NULL,"285"
"120020","82849","66325","23863","324058","Shipped","2022-07-31 07:01:13","2022-07-28 10:54:00",NULL,NULL,"285"
"127437","87877","70356","300","344050","Shipped","2020-11-17 08:54:27","2020-11-17 20:37:00",NULL,NULL,"285"
"129000","88965","71267","23863","348318","Shipped","2020-05-30 04:38:51","2020-05-30 13:30:00",NULL,NULL,"285"
"129310","89176","71442","13164","349160","Shipped","2022-06-18 03:39:04","2022-06-17 05:42:00",NULL,NULL,"285"
"160489","110721","88787","13164","433333","Shipped","2022-08-16 11:38:46","2022-08-17 04:01:00",NULL,NULL,"285"
"161556","111441","89351","1490","436203","Shipped","2022-07-24 02:28:24","2022-07-25 03:00:00",NULL,NULL,"285"
"1247","862","718","8556","3377","Complete","2019-06-26 06:51:40","2019-06-26 03:31:00","2019-06-27 12:28:00",NULL,"285"
"3368","2286","1837","300","9107","Complete","2020-09-22 01:17:47","2020-09-24 09:01:00","2020-09-25 06:12:00",NULL,"285"
"6789","4629","3752","300","18383","Complete","2022-05-13 15:32:31","2022-05-13 17:53:00","2022-05-16 23:02:00",NULL,"285"
"19571","13451","10794","300","52958","Complete","2022-06-28 15:23:25","2022-06-28 03:38:00","2022-06-28 22:02:00",NULL,"285"
"19810","13628","10914","18449","53612","Complete","2021-08-08 05:38:57","2021-08-08 10:45:00","2021-08-09 14:12:00",NULL,"285"
"50104","34503","27547","18449","135257","Complete","2022-03-28 15:49:34","2022-03-30 18:39:00","2022-04-01 18:50:00",NULL,"285"
"60193","41457","33128","18449","162510","Complete","2020-02-20 11:06:20","2020-02-22 14:28:00","2020-02-24 06:51:00",NULL,"285"
"70125","48287","38610","1490","189312","Complete","2021-12-15 07:05:03","2021-12-15 01:28:00","2021-12-18 03:58:00",NULL,"285"
"72628","50025","40035","13164","196115","Complete","2021-01-11 02:51:08","2021-01-12 09:47:00","2021-01-14 17:29:00",NULL,"285"
"93923","64893","51930","8556","253684","Complete","2021-04-05 12:44:12","2021-04-06 07:10:00","2021-04-07 11:34:00",NULL,"285"
"97827","67609","54031","13164","264268","Complete","2022-09-01 10:05:58","2022-09-02 22:00:00","2022-09-07 18:19:00",NULL,"285"
"101503","70135","56069","23863","274148","Complete","2021-10-27 01:58:23","2021-10-26 20:41:00","2021-10-28 20:25:00",NULL,"285"
"124105","85616","68514","8556","335042","Complete","2022-06-04 09:13:00","2022-06-01 14:14:00","2022-06-04 22:56:00",NULL,"285"
"157874","108891","87336","8556","426262","Complete","2022-07-17 17:22:42","2022-07-18 06:47:00","2022-07-20 11:40:00",NULL,"285"
"165644","114242","91591","1490","447375","Complete","2020-03-22 06:45:21","2020-03-23 13:30:00","2020-03-26 06:47:00",NULL,"285"
"172767","119148","95512","13164","466616","Complete","2022-08-15 03:55:30","2022-08-14 18:41:00","2022-08-15 10:01:00",NULL,"285"
"8859","6077","4912","13164","24029","Returned","2021-07-06 07:16:07","2021-07-07 18:00:00","2021-07-10 14:36:00","2021-07-10 20:59:00","285"
"23874","16428","13133","23863","64538","Returned","2022-02-05 08:34:01","2022-02-05 00:47:00","2022-02-07 04:30:00","2022-02-07 06:46:00","285"
"68628","47234","37777","300","185260","Returned","2022-07-01 23:53:45","2022-06-30 11:44:00","2022-07-01 19:20:00","2022-07-03 02:06:00","285"
"84245","58198","46537","1490","227542","Returned","2022-08-28 13:39:57","2022-08-31 11:59:00","2022-09-01 05:03:00","2022-09-03 04:57:00","285"
"96596","66748","53357","13164","260903","Returned","2019-11-25 04:46:18","2019-11-26 21:03:00","2019-11-28 11:20:00","2019-11-29 04:35:00","285"
"157860","108882","87323","23863","426227","Returned","2022-01-24 14:05:17","2022-01-26 06:15:00","2022-01-30 17:21:00","2022-01-31 19:31:00","285"
"168310","116069","93060","18449","454534","Returned","2019-12-18 22:57:17","2019-12-21 12:42:00","2019-12-24 13:35:00","2019-12-24 14:25:00","285"
"41215","28349","22613","23863","111274","Cancelled","2022-03-07 22:21:30",NULL,NULL,NULL,"285"
"43161","29688","23678","13164","116557","Cancelled","2022-04-10 13:53:13",NULL,NULL,NULL,"285"
"76661","52842","42279","1490","207013","Cancelled","2020-05-06 02:08:37",NULL,NULL,NULL,"285"
"10510","7227","5879","13164","28491","Processing","2021-06-17 02:16:46",NULL,NULL,NULL,"285"
"33782","23266","18572","1490","91263","Processing","2022-03-24 11:46:26",NULL,NULL,NULL,"285"
"68463","47117","37693","18449","184821","Processing","2020-03-31 06:06:01",NULL,NULL,NULL,"285"
"77552","53471","42783","1490","209351","Processing","2022-09-01 04:38:43.488198",NULL,NULL,NULL,"285"
"82060","56622","45266","18449","221589","Processing","2022-05-16 02:24:40",NULL,NULL,NULL,"285"
"101751","70312","56221","13164","274798","Processing","2022-08-24 11:54:52",NULL,NULL,NULL,"285"
"120391","83083","66519","1490","325061","Processing","2021-02-08 04:01:01",NULL,NULL,NULL,"285"
"123373","85122","68127","13164","333104","Processing","2021-03-24 09:49:07",NULL,NULL,NULL,"285"
"173519","119677","95959","23863","468607","Processing","2021-03-02 14:48:43",NULL,NULL,NULL,"285"
"44143","30371","24230","8442","119231","Shipped","2022-08-31 13:14:44","2022-09-03 09:34:00",NULL,NULL,"349"
"105608","72968","58364","1287","285256","Shipped","2021-11-11 03:32:13","2021-11-08 18:10:00",NULL,NULL,"349"
"62592","43108","34473","1287","168974","Complete","2022-05-17 11:17:26","2022-05-18 06:21:00","2022-05-20 03:43:00",NULL,"349"
"77207","53231","42598","1287","208450","Complete","2022-06-26 03:49:49","2022-06-28 14:23:00","2022-06-30 03:50:00",NULL,"349"
"25692","17701","14133","8442","69441","Returned","2020-08-15 23:21:14","2020-08-18 20:30:00","2020-08-22 22:35:00","2020-08-22 22:44:00","349"
"31863","21926","17544","8442","86109","Cancelled","2022-08-16 12:41:30",NULL,NULL,NULL,"349"
"171186","118015","94642","8442","462327","Cancelled","2022-02-19 03:29:47",NULL,NULL,NULL,"349"
"7507","5138","4167","1287","20341","Processing","2020-06-09 14:11:37",NULL,NULL,NULL,"349"
"159917","110329","88478","8442","431785","Processing","2022-08-01 11:40:38",NULL,NULL,NULL,"349"
"8379","5740","4637","24195","22726","Shipped","2022-08-07 09:46:33","2022-08-08 22:58:00",NULL,NULL,"429"
"15327","10527","8469","24195","41516","Shipped","2021-11-05 15:43:11","2021-11-05 22:04:00",NULL,NULL,"429"
"19252","13228","10601","24037","52093","Shipped","2022-09-02 00:53:27.8361","2022-09-02 07:15:27.8361",NULL,NULL,"429"
"27646","19042","15226","24037","74733","Shipped","2022-03-27 16:13:09","2022-03-30 09:27:00",NULL,NULL,"429"
"39265","27030","21592","24037","106015","Shipped","2022-08-24 10:43:45","2022-08-26 12:20:00",NULL,NULL,"429"
"48312","33289","26595","24177","130388","Shipped","2022-05-15 00:16:33","2022-05-17 15:27:00",NULL,NULL,"429"
"87677","60588","48516","24195","236860","Shipped","2022-01-15 00:42:39","2022-01-15 06:10:00",NULL,NULL,"429"
"121724","83989","67245","24177","328668","Shipped","2021-03-18 10:19:37","2021-03-17 10:13:00",NULL,NULL,"429"
"148442","102425","82164","24195","400828","Shipped","2022-09-02 14:00:04","2022-09-04 20:20:00",NULL,NULL,"429"
"19651","13507","10837","24177","53169","Complete","2022-07-31 13:16:10","2022-07-31 21:26:00","2022-08-02 17:15:00",NULL,"429"
"20033","13780","11044","24195","54214","Complete","2019-05-03 12:42:05","2019-05-06 00:28:00","2019-05-09 12:18:00",NULL,"429"
"43501","29925","23867","24195","117473","Complete","2022-06-21 01:48:41","2022-06-19 18:23:00","2022-06-20 18:32:00",NULL,"429"
"68957","47464","37963","24177","186150","Complete","2022-07-15 07:08:58","2022-07-17 22:19:00","2022-07-22 19:45:00",NULL,"429"
"96375","66598","53241","24037","260325","Complete","2020-12-16 23:50:45","2020-12-19 14:19:00","2020-12-20 10:40:00",NULL,"429"
"167079","115224","92353","24195","451240","Complete","2022-06-12 15:20:41","2022-06-11 20:09:00","2022-06-14 07:37:00",NULL,"429"
"156917","108236","86808","24037","423680","Returned","2021-08-21 02:06:13","2021-08-19 08:01:00","2021-08-22 11:01:00","2021-08-23 13:16:00","429"
"25518","17583","14049","24195","68956","Cancelled","2022-08-16 14:03:28",NULL,NULL,NULL,"429"
"50798","35011","27938","24195","137106","Cancelled","2021-12-04 09:00:31",NULL,NULL,NULL,"429"
"32578","22423","17925","24177","88036","Processing","2021-08-12 05:31:43",NULL,NULL,NULL,"429"
"62819","43253","34584","24177","169598","Processing","2021-07-19 03:02:59",NULL,NULL,NULL,"429"
"126465","87234","69817","24195","341450","Processing","2020-01-18 04:41:17",NULL,NULL,NULL,"429"
"87227","60272","48242","20366","235643","Shipped","2020-09-01 09:39:34","2020-09-03 22:21:00",NULL,NULL,"698"
"97494","67379","53843","20366","263358","Shipped","2022-03-15 14:00:56","2022-03-16 12:02:00",NULL,NULL,"698"
"114140","78839","63066","7649","308270","Shipped","2022-07-24 01:58:49","2022-07-24 07:05:00",NULL,NULL,"698"
"124620","85968","68806","20368","336424","Complete","2019-06-27 00:59:02","2019-06-28 15:39:00","2019-07-02 07:15:00",NULL,"698"
"178220","122921","98595","20366","481284","Complete","2021-12-18 08:04:28","2021-12-16 05:15:00","2021-12-17 22:44:00",NULL,"698"
"25787","17777","14200","20368","69693","Returned","2021-04-26 06:14:07","2021-04-28 12:18:00","2021-05-03 09:18:00","2021-05-04 15:01:00","698"
"39329","27073","21627","20366","106188","Returned","2022-07-01 08:01:44","2022-07-02 09:44:00","2022-07-04 01:10:00","2022-07-06 04:35:00","698"
"93139","64362","51501","20366","251559","Returned","2020-06-04 01:01:55","2020-06-04 12:12:00","2020-06-08 09:55:00","2020-06-11 04:42:00","698"
"134514","92809","74352","20368","363235","Returned","2021-09-04 10:31:02","2021-09-05 15:22:00","2021-09-09 10:15:00","2021-09-12 08:15:00","698"
"146049","100771","80850","20366","394365","Cancelled","2022-05-22 01:21:58",NULL,NULL,NULL,"698"
"156126","107701","86401","20366","421537","Cancelled","2021-09-09 08:35:38",NULL,NULL,NULL,"698"
"164116","113203","90777","20368","443180","Cancelled","2022-08-03 03:25:13",NULL,NULL,NULL,"698"
"99492","68754","54967","7649","268741","Processing","2020-08-21 13:43:41",NULL,NULL,NULL,"698"
"104949","72520","57983","20368","283492","Processing","2022-07-06 04:54:55",NULL,NULL,NULL,"698"
"118547","81835","65521","20366","320089","Processing","2019-12-02 02:17:09",NULL,NULL,NULL,"698"
"38959","26827","21428","24077","105174","Shipped","2022-04-20 01:54:32","2022-04-20 13:45:00",NULL,NULL,"150.75"
"77553","53472","42784","24077","209353","Shipped","2021-11-06 00:08:57","2021-11-03 16:02:00",NULL,NULL,"150.75"
"83973","57994","46377","24310","226808","Shipped","2020-09-07 07:16:27","2020-09-09 16:56:00",NULL,NULL,"150.75"
"150435","103807","83277","24077","406297","Shipped","2022-02-17 06:30:26","2022-02-14 04:53:00",NULL,NULL,"150.75"
"28079","19360","15483","24310","75896","Complete","2021-08-31 01:35:47","2021-08-31 18:40:00","2021-09-01 14:32:00",NULL,"150.75"
"42341","29130","23231","24077","114323","Complete","2020-07-07 13:53:31","2020-07-06 05:03:00","2020-07-07 13:34:00",NULL,"150.75"
"113523","78422","62713","24077","306612","Returned","2020-12-05 08:36:25","2020-12-07 06:41:00","2020-12-07 07:25:00","2020-12-08 14:59:00","150.75"
"1042","723","602","24077","2797","Cancelled","2020-09-11 09:25:41",NULL,NULL,NULL,"150.75"
"133682","92236","73874","24077","360977","Processing","2021-04-17 08:37:43",NULL,NULL,NULL,"150.75"
"18474","12692","10184","20467","50021","Shipped","2020-06-11 22:17:08","2020-06-08 10:45:00",NULL,NULL,"269.5"
"37690","25952","20730","20230","101758","Shipped","2022-04-18 16:30:57","2022-04-19 17:03:00",NULL,NULL,"269.5"
"38325","26389","21087","20467","103452","Shipped","2022-08-10 13:08:23","2022-08-13 00:43:00",NULL,NULL,"269.5"
"45152","31091","24819","20230","121937","Shipped","2022-03-03 02:39:48","2022-03-01 18:19:00",NULL,NULL,"269.5"
"63098","43442","34732","20230","170362","Shipped","2021-10-26 04:43:51","2021-10-27 20:29:00",NULL,NULL,"269.5"
"120139","82923","66395","20230","324362","Shipped","2022-09-05 09:09:47.278306","2022-09-06 05:38:25.278306",NULL,NULL,"269.5"
"126131","86995","69627","20458","340558","Shipped","2021-08-10 12:37:09","2021-08-10 23:55:00",NULL,NULL,"269.5"
"136642","94289","75574","20230","368970","Shipped","2022-08-03 05:20:02","2022-08-03 00:40:00",NULL,NULL,"269.5"
"22637","15567","12443","20467","61185","Complete","2022-02-17 15:00:39","2022-02-18 18:08:00","2022-02-21 07:29:00",NULL,"269.5"
"74725","51491","41206","20467","201752","Complete","2021-11-13 12:45:57","2021-11-15 02:04:00","2021-11-17 16:55:00",NULL,"269.5"
"82587","57003","45571","20230","223035","Complete","2022-02-10 08:11:19","2022-02-10 08:51:00","2022-02-10 09:01:00",NULL,"269.5"
"128004","88277","70690","20458","345614","Complete","2020-10-29 03:43:36","2020-10-29 02:01:00","2020-10-29 02:32:00",NULL,"269.5"
"135337","93383","74809","20230","365466","Complete","2021-07-02 08:12:43","2021-07-04 15:11:00","2021-07-08 05:59:00",NULL,"269.5"
"146177","100863","80921","20230","394715","Complete","2022-06-13 01:35:45","2022-06-13 11:40:00","2022-06-16 16:54:00",NULL,"269.5"
"170194","117355","94107","20230","459618","Complete","2020-12-18 14:22:04","2020-12-16 03:12:00","2020-12-16 10:53:00",NULL,"269.5"
"19278","13248","10621","20467","52169","Returned","2020-08-15 01:39:48","2020-08-12 10:09:00","2020-08-14 14:48:00","2020-08-16 16:08:00","269.5"
"60974","41995","33565","20458","164609","Returned","2021-11-17 18:14:17","2021-11-20 04:49:00","2021-11-24 05:33:00","2021-11-25 06:04:00","269.5"
"22155","15232","12173","20230","59879","Cancelled","2021-05-03 13:05:28",NULL,NULL,NULL,"269.5"
"30272","20846","16680","20458","81850","Cancelled","2020-11-23 06:24:58",NULL,NULL,NULL,"269.5"
"74701","51474","41186","20458","201692","Cancelled","2019-04-07 06:45:18",NULL,NULL,NULL,"269.5"
"99952","69089","55242","20467","269971","Cancelled","2022-09-04 07:09:59.499857",NULL,NULL,NULL,"269.5"
"65116","44830","35849","20230","175827","Processing","2022-05-04 08:11:32",NULL,NULL,NULL,"269.5"
"132304","91269","73083","20467","357246","Processing","2021-03-25 23:22:28",NULL,NULL,NULL,"269.5"
"166236","114645","91910","20230","448972","Processing","2022-03-31 04:59:24",NULL,NULL,NULL,"269.5"
"88986","61502","49238","8435","240411","Shipped","2020-10-01 07:05:07","2020-10-02 00:23:00",NULL,NULL,"699"
"117603","81184","65026","8778","317566","Shipped","2022-03-01 22:44:03","2022-03-03 05:38:00",NULL,NULL,"699"
"34587","23809","19005","8435","93438","Complete","2021-03-20 07:52:56","2021-03-18 17:23:00","2021-03-19 06:31:00",NULL,"699"
"80681","55640","44474","8435","217880","Returned","2020-03-26 15:22:27","2020-03-28 03:08:00","2020-03-28 20:15:00","2020-03-30 15:44:00","699"
"2858","1949","1573","8435","7735","Cancelled","2022-06-11 10:51:01",NULL,NULL,NULL,"699"
"24909","17156","13708","8435","67330","Cancelled","2021-10-11 15:49:31",NULL,NULL,NULL,"699"
"116994","80780","64671","8778","315945","Cancelled","2021-08-28 14:44:46",NULL,NULL,NULL,"699"
"117080","80837","64715","8435","316168","Cancelled","2021-11-10 08:09:07",NULL,NULL,NULL,"699"
"171956","118568","95053","8435","464421","Cancelled","2022-09-07 23:27:09.611256",NULL,NULL,NULL,"699"
"20661","14206","11374","8721","55930","Shipped","2019-11-05 21:37:00","2019-11-06 10:01:00",NULL,NULL,"795"
"46135","31761","25345","23742","124573","Shipped","2021-06-05 04:34:04","2021-06-06 14:00:00",NULL,NULL,"795"
"72030","49611","39717","8300","194449","Shipped","2021-09-09 02:55:18","2021-09-11 23:19:00",NULL,NULL,"795"
"5965","4061","3298","23742","16143","Complete","2022-03-12 08:27:15","2022-03-12 10:47:00","2022-03-15 22:30:00",NULL,"795"
"18035","12407","9977","8300","48866","Complete","2022-03-15 07:46:20","2022-03-14 21:20:00","2022-03-17 12:21:00",NULL,"795"
"55604","38329","30632","23742","150035","Complete","2021-11-18 13:29:20","2021-11-20 16:04:00","2021-11-24 08:51:00",NULL,"795"
"72553","49970","39994","8721","195912","Complete","2019-05-31 02:17:54","2019-06-02 21:58:00","2019-06-06 13:01:00",NULL,"795"
"90519","62562","50084","8300","244538","Complete","2022-08-13 05:51:58","2022-08-13 06:12:00","2022-08-16 20:08:00",NULL,"795"
"106645","73691","58933","8300","288053","Complete","2022-02-02 16:24:51","2022-02-03 08:48:00","2022-02-04 12:20:00",NULL,"795"
"133420","92053","73735","8300","360261","Complete","2022-07-24 05:36:46","2022-07-26 03:26:00","2022-07-27 22:59:00",NULL,"795"
"109281","75490","60348","8721","295192","Returned","2019-05-03 11:38:09","2019-05-04 01:40:00","2019-05-06 00:27:00","2019-05-07 14:54:00","795"
"10295","7087","5775","23742","27912","Cancelled","2021-01-26 17:00:21",NULL,NULL,NULL,"795"
"72552","49969","39993","8300","195910","Cancelled","2021-12-05 10:52:16",NULL,NULL,NULL,"795"
"19028","13082","10489","23742","51500","Processing","2022-08-19 04:47:32",NULL,NULL,NULL,"795"
"72837","50171","40162","23742","196672","Processing","2021-01-22 14:27:19",NULL,NULL,NULL,"795"
"125116","86313","69068","23742","337803","Processing","2022-05-23 04:48:24",NULL,NULL,NULL,"795"
"478","337","295","25999","1261","Shipped","2022-06-16 14:37:03","2022-06-18 13:42:00",NULL,NULL,"33.75"
"877","624","520","22652","2357","Shipped","2021-07-03 09:57:31","2021-07-05 17:08:00",NULL,NULL,"33.75"
"16001","10990","8825","23515","43311","Shipped","2022-09-05 19:00:56.32864","2022-09-07 17:26:40.32864",NULL,NULL,"33.75"
"17916","12320","9914","22775","48535","Shipped","2021-12-24 05:58:45","2021-12-23 15:34:00",NULL,NULL,"33.75"
"31513","21681","17346","22814","85174","Shipped","2022-07-28 07:41:40","2022-07-27 22:34:00",NULL,NULL,"33.75"
"37693","25954","20731","27379","101765","Shipped","2021-08-20 04:24:12","2021-08-20 01:14:00",NULL,NULL,"33.75"
"39226","27003","21567","23281","105912","Shipped","2020-02-17 10:51:30","2020-02-18 22:08:00",NULL,NULL,"33.75"
"42237","29054","23164","23513","114035","Shipped","2022-06-24 11:57:38","2022-06-27 04:08:00",NULL,NULL,"33.75"
"42353","29136","23235","23515","114357","Shipped","2021-06-28 04:43:32","2021-06-30 22:19:00",NULL,NULL,"33.75"
"48904","33694","26908","23041","131972","Shipped","2019-01-26 12:08:40","2019-01-25 22:15:00",NULL,NULL,"33.75"
"56160","38714","30957","22925","151551","Shipped","2021-11-20 12:03:37","2021-11-18 23:03:00",NULL,NULL,"33.75"
"60490","41661","33298","28990","163319","Shipped","2020-07-22 01:23:15","2020-07-22 03:43:00",NULL,NULL,"33.75"
"68098","46860","37485","13328","183857","Shipped","2022-01-31 05:22:02","2022-01-31 06:52:00",NULL,NULL,"33.75"
"73610","50697","40566","29063","198756","Shipped","2022-09-04 13:16:21.361924","2022-09-02 02:19:53.361924",NULL,NULL,"33.75"
"74160","51085","40886","23281","200250","Shipped","2022-06-30 23:00:37","2022-07-02 17:40:00",NULL,NULL,"33.75"
"78158","53893","43111","23281","211007","Shipped","2022-06-25 09:06:18","2022-06-23 13:46:00",NULL,NULL,"33.75"
"84608","58451","46754","6084","228524","Shipped","2021-05-09 08:56:06","2021-05-11 16:06:00",NULL,NULL,"33.75"
"84931","58679","46922","23519","229405","Shipped","2022-02-03 05:07:24","2022-02-05 13:09:00",NULL,NULL,"33.75"
"86665","59882","47911","25999","234108","Shipped","2022-07-23 14:30:52","2022-07-24 06:35:00",NULL,NULL,"33.75"
"86709","59919","47941","28412","234233","Shipped","2020-03-10 04:26:21","2020-03-09 02:44:00",NULL,NULL,"33.75"
"87870","60729","48620","28990","237365","Shipped","2022-02-03 00:52:09","2022-02-05 03:09:00",NULL,NULL,"33.75"
"91654","63329","50709","28965","247578","Shipped","2022-07-02 02:04:27","2022-07-02 02:16:00",NULL,NULL,"33.75"
"98291","67921","54277","27379","265529","Shipped","2021-11-11 01:40:11","2021-11-13 17:50:00",NULL,NULL,"33.75"
"98736","68220","54539","22775","266724","Shipped","2021-10-27 22:46:50","2021-10-29 02:07:00",NULL,NULL,"33.75"
"100355","69351","55452","28990","271040","Shipped","2022-04-15 00:40:09","2022-04-15 00:08:00",NULL,NULL,"33.75"
"100700","69587","55652","27379","271967","Shipped","2021-11-26 00:54:31","2021-11-27 20:54:00",NULL,NULL,"33.75"
"106138","73355","58674","29063","286694","Shipped","2022-05-24 01:50:55","2022-05-22 05:47:00",NULL,NULL,"33.75"
"110360","76234","60962","28562","298056","Shipped","2022-07-18 13:33:53","2022-07-18 23:17:00",NULL,NULL,"33.75"
"114750","79262","63407","25999","309934","Shipped","2021-04-27 07:23:25","2021-04-25 21:56:00",NULL,NULL,"33.75"
"115787","79957","63991","23041","312709","Shipped","2022-02-14 15:28:04","2022-02-15 08:43:00",NULL,NULL,"33.75"
"118269","81643","65374","22925","319350","Shipped","2021-08-14 08:45:51","2021-08-17 02:05:00",NULL,NULL,"33.75"
"125793","86761","69424","23530","339600","Shipped","2022-08-18 05:41:12","2022-08-20 16:57:00",NULL,NULL,"33.75"
"127159","87690","70202","22652","343322","Shipped","2019-04-27 12:51:42","2019-04-26 01:48:00",NULL,NULL,"33.75"
"129353","89203","71460","25999","349276","Shipped","2022-02-01 20:59:33","2022-02-03 18:02:00",NULL,NULL,"33.75"
"132416","91344","73146","27379","357549","Shipped","2019-12-14 02:07:30","2019-12-13 14:51:00",NULL,NULL,"33.75"
"135532","93528","74939","23530","365992","Shipped","2022-09-03 22:36:37","2022-09-01 04:03:00",NULL,NULL,"33.75"
"139677","96353","77269","25999","377166","Shipped","2020-07-24 02:48:30","2020-07-23 08:08:00",NULL,NULL,"33.75"
"139863","96479","77361","28990","377671","Shipped","2022-07-11 09:47:28","2022-07-11 19:31:00",NULL,NULL,"33.75"
"140198","96717","77554","27379","378563","Shipped","2022-05-04 12:42:43","2022-05-02 10:03:00",NULL,NULL,"33.75"
"142929","98618","79063","25999","385914","Shipped","2022-01-27 03:19:01","2022-01-28 22:18:00",NULL,NULL,"33.75"
"152547","105259","84453","28965","411970","Shipped","2020-03-25 20:42:13","2020-03-27 21:13:00",NULL,NULL,"33.75"
"159970","110366","88515","27379","431928","Shipped","2021-08-01 22:45:25","2021-08-03 01:46:00",NULL,NULL,"33.75"
"160701","110866","88897","22753","433894","Shipped","2021-03-08 13:57:08","2021-03-08 03:20:00",NULL,NULL,"33.75"
"164679","113588","91080","22814","444729","Shipped","2022-08-23 14:55:55","2022-08-25 11:47:00",NULL,NULL,"33.75"
"168198","115991","92985","28562","454227","Shipped","2022-08-03 14:15:48","2022-08-04 03:38:00",NULL,NULL,"33.75"
"175086","120734","96797","23041","472845","Shipped","2020-11-29 00:27:34","2020-11-30 10:06:00",NULL,NULL,"33.75"
"178290","122969","98628","23513","481488","Shipped","2022-06-02 16:21:50","2022-06-03 05:03:00",NULL,NULL,"33.75"
"2000","1385","1119","28562","5418","Complete","2021-04-03 11:59:19","2021-04-04 19:33:00","2021-04-05 15:08:00",NULL,"33.75"
"2390","1639","1318","22652","6468","Complete","2022-06-29 03:03:37","2022-06-30 05:47:00","2022-07-04 14:16:00",NULL,"33.75"
"8537","5849","4735","22925","23162","Complete","2020-09-10 15:52:16","2020-09-13 15:01:00","2020-09-18 10:08:00",NULL,"33.75"
"13924","9588","7737","23519","37733","Complete","2021-12-15 10:01:05","2021-12-15 14:44:00","2021-12-16 03:41:00",NULL,"33.75"
"24598","16926","13518","22775","66473","Complete","2022-09-07 09:47:50.039064","2022-09-05 00:14:45.039064","2022-09-08 00:00:45.039064",NULL,"33.75"
"35820","24655","19720","29063","96725","Complete","2021-07-16 03:39:26","2021-07-16 06:13:00","2021-07-16 06:40:00",NULL,"33.75"
"40345","27764","22172","23519","108911","Complete","2022-06-03 06:05:25","2022-06-05 06:40:00","2022-06-10 00:59:00",NULL,"33.75"
"50510","34797","27779","22925","136342","Complete","2020-06-20 14:26:45","2020-06-22 05:16:00","2020-06-25 16:16:00",NULL,"33.75"
"60145","41426","33100","22652","162385","Complete","2022-09-04 04:19:21","2022-09-01 13:01:00","2022-09-02 07:56:00",NULL,"33.75"
"62828","43258","34590","6084","169621","Complete","2021-01-22 14:22:49","2021-01-23 15:38:00","2021-01-26 02:26:00",NULL,"33.75"
"65812","45306","36215","23041","177705","Complete","2022-05-02 00:32:43","2022-05-03 08:35:00","2022-05-04 09:26:00",NULL,"33.75"
"67847","46690","37354","23515","183191","Complete","2021-09-29 13:23:43","2021-09-29 17:58:00","2021-10-01 03:52:00",NULL,"33.75"
"67995","46783","37423","23530","183585","Complete","2021-02-17 11:56:05","2021-02-16 17:39:00","2021-02-20 00:08:00",NULL,"33.75"
"69467","47835","38247","28562","187507","Complete","2021-10-22 01:09:50","2021-10-22 23:02:00","2021-10-23 03:56:00",NULL,"33.75"
"69615","47933","38324","22925","187917","Complete","2021-03-21 10:37:49","2021-03-19 01:11:00","2021-03-20 23:35:00",NULL,"33.75"
"71530","49255","39416","23513","193120","Complete","2022-04-17 04:15:17","2022-04-16 19:34:00","2022-04-20 18:40:00",NULL,"33.75"
"71941","49553","39672","22775","194208","Complete","2022-03-31 13:25:13","2022-03-27 21:39:00","2022-03-30 04:45:00",NULL,"33.75"
"73725","50773","40625","22753","199057","Complete","2022-03-05 03:24:11","2022-03-07 07:34:00","2022-03-10 01:03:00",NULL,"33.75"
"78650","54223","43408","28562","212322","Complete","2022-01-23 09:45:29","2022-01-23 17:45:00","2022-01-26 00:58:00",NULL,"33.75"
"84858","58622","46879","23041","229214","Complete","2022-01-25 06:07:23","2022-01-26 17:11:00","2022-01-29 09:33:00",NULL,"33.75"
"86666","59883","47913","23281","234110","Complete","2022-04-17 11:45:26","2022-04-19 17:51:00","2022-04-20 18:42:00",NULL,"33.75"
"91296","63083","50498","13328","246625","Complete","2022-04-28 07:16:02","2022-04-28 10:44:00","2022-04-28 15:20:00",NULL,"33.75"
"97157","67135","53639","13328","262436","Complete","2021-03-17 06:07:22","2021-03-19 15:47:00","2021-03-22 14:02:00",NULL,"33.75"
"97733","67542","53979","22652","264015","Complete","2022-08-11 07:53:28","2022-08-10 18:31:00","2022-08-11 05:51:00",NULL,"33.75"
"97925","67674","54073","23513","264540","Complete","2022-01-30 16:14:07","2022-01-29 01:41:00","2022-02-02 01:29:00",NULL,"33.75"
"103491","71517","57179","22775","279545","Complete","2020-11-08 22:09:40","2020-11-11 00:11:00","2020-11-11 15:23:00",NULL,"33.75"
"104829","72432","57912","22753","283167","Complete","2022-01-26 06:47:54","2022-01-27 05:50:00","2022-01-27 21:51:00",NULL,"33.75"
"105712","73045","58420","23519","285548","Complete","2022-03-17 15:16:57","2022-03-19 22:17:00","2022-03-23 06:30:00",NULL,"33.75"
"107123","74016","59179","28562","289337","Complete","2021-01-01 16:12:12","2021-01-04 11:42:00","2021-01-08 07:36:00",NULL,"33.75"
"110284","76187","60924","28562","297858","Complete","2021-08-11 15:37:28","2021-08-12 00:17:00","2021-08-13 07:18:00",NULL,"33.75"
"112818","77921","62324","22652","304715","Complete","2021-03-17 16:25:33","2021-03-16 01:20:00","2021-03-20 02:25:00",NULL,"33.75"
"116807","80641","64566","28990","315463","Complete","2021-10-27 22:36:05","2021-10-28 03:13:00","2021-10-30 20:59:00",NULL,"33.75"
"118133","81547","65308","29063","318990","Complete","2022-08-31 23:44:25","2022-09-01 03:19:00","2022-09-01 15:00:00",NULL,"33.75"
"119216","82294","65888","22814","321884","Complete","2021-09-11 17:02:05","2021-09-11 20:11:00","2021-09-14 12:13:00",NULL,"33.75"
"121811","84048","67285","23513","328892","Complete","2022-08-30 02:02:10","2022-08-27 14:58:00","2022-08-31 08:12:00",NULL,"33.75"
"129103","89031","71326","25999","348603","Complete","2020-11-23 09:00:37","2020-11-25 11:24:00","2020-11-27 04:20:00",NULL,"33.75"
"130255","89839","71961","23513","351679","Complete","2021-04-17 10:40:02","2021-04-17 13:42:00","2021-04-19 11:01:00",NULL,"33.75"
"131678","90834","72757","25999","355534","Complete","2022-09-06 12:39:55.924033","2022-09-06 14:54:13.924033","2022-09-10 00:22:13.924033",NULL,"33.75"
"144316","99569","79834","25999","389666","Complete","2021-01-26 23:42:56","2021-01-28 15:03:00","2021-01-29 06:58:00",NULL,"33.75"
"149774","103366","82916","25999","404459","Complete","2022-04-21 03:06:06","2022-04-21 18:12:00","2022-04-23 21:19:00",NULL,"33.75"
"152657","105334","84505","23041","412264","Complete","2021-08-24 11:53:07","2021-08-21 03:07:00","2021-08-24 23:15:00",NULL,"33.75"
"167477","115495","92572","22775","452299","Complete","2021-07-08 23:34:01","2021-07-11 14:04:00","2021-07-15 06:00:00",NULL,"33.75"
"168972","116539","93431","28412","456299","Complete","2021-10-06 03:15:59","2021-10-04 23:57:00","2021-10-07 12:00:00",NULL,"33.75"
"171762","118432","94957","22925","463888","Complete","2022-03-26 12:09:26","2022-03-28 21:18:00","2022-03-30 12:27:00",NULL,"33.75"
"17745","12199","9815","23519","48061","Returned","2020-02-25 08:03:14","2020-02-27 17:13:00","2020-02-29 13:31:00","2020-03-02 14:15:00","33.75"
"70392","48479","38774","28562","190050","Returned","2022-02-26 01:19:23","2022-02-26 13:48:00","2022-03-02 16:56:00","2022-03-04 05:35:00","33.75"
"70667","48666","38932","23513","190786","Returned","2022-04-03 02:12:01","2022-04-03 06:42:00","2022-04-06 16:01:00","2022-04-07 10:22:00","33.75"
"84158","58132","46476","23530","227308","Returned","2020-10-27 03:49:21","2020-10-25 22:01:00","2020-10-29 19:45:00","2020-11-01 08:01:00","33.75"
"95412","65949","52758","28562","257732","Returned","2021-05-27 14:32:14","2021-05-29 03:49:00","2021-06-02 13:29:00","2021-06-05 11:40:00","33.75"
"100946","69762","55782","28562","272641","Returned","2021-05-08 15:06:01","2021-05-07 11:45:00","2021-05-09 08:21:00","2021-05-10 05:37:00","33.75"
"123844","85437","68368","28412","334355","Returned","2022-09-06 22:09:12","2022-09-04 23:05:00","2022-09-07 08:09:00","2022-09-07 19:59:00","33.75"
"153267","105735","84820","23519","413917","Returned","2020-01-24 09:55:35","2020-01-26 14:39:00","2020-01-28 10:32:00","2020-01-30 06:47:00","33.75"
"154555","106642","85544","25999","417342","Returned","2019-06-10 08:27:11","2019-06-08 05:30:00","2019-06-12 20:19:00","2019-06-14 09:59:00","33.75"
"156478","107939","86579","23515","422493","Returned","2020-04-10 08:34:56","2020-04-10 13:31:00","2020-04-13 16:14:00","2020-04-14 08:28:00","33.75"
"2056","1419","1142","13328","5565","Cancelled","2021-02-23 11:19:53",NULL,NULL,NULL,"33.75"
"9708","6681","5418","22814","26342","Cancelled","2021-09-11 14:29:36",NULL,NULL,NULL,"33.75"
"33461","23034","18381","22775","90402","Cancelled","2021-01-09 12:09:07",NULL,NULL,NULL,"33.75"
"39810","27410","21886","25999","107468","Cancelled","2022-02-28 04:41:13",NULL,NULL,NULL,"33.75"
"44257","30451","24306","28412","119531","Cancelled","2022-08-31 16:44:46",NULL,NULL,NULL,"33.75"
"45648","31428","25080","6084","123263","Cancelled","2020-12-12 09:59:41",NULL,NULL,NULL,"33.75"
"51105","35231","28121","22652","137948","Cancelled","2020-10-03 15:07:32",NULL,NULL,NULL,"33.75"
"74405","51263","41012","13328","200902","Cancelled","2021-02-17 12:44:55",NULL,NULL,NULL,"33.75"
"82234","56751","45386","6084","222056","Cancelled","2022-07-14 06:00:02",NULL,NULL,NULL,"33.75"
"104733","72372","57861","23041","282901","Cancelled","2022-08-12 13:39:12",NULL,NULL,NULL,"33.75"
"111013","76693","61346","22814","299816","Cancelled","2021-01-16 01:06:33",NULL,NULL,NULL,"33.75"
"115725","79920","63959","25999","312537","Cancelled","2022-07-31 01:31:46",NULL,NULL,NULL,"33.75"
"117270","80950","64822","28990","316687","Cancelled","2019-12-12 13:57:55",NULL,NULL,NULL,"33.75"
"117606","81186","65027","23513","317575","Cancelled","2021-11-22 12:26:30",NULL,NULL,NULL,"33.75"
"132916","91703","73457","23515","358913","Cancelled","2022-03-07 08:18:36",NULL,NULL,NULL,"33.75"
"137852","95127","76252","22652","372213","Cancelled","2022-06-29 15:44:18",NULL,NULL,NULL,"33.75"
"151735","104682","83989","28965","409794","Cancelled","2021-11-06 09:37:48",NULL,NULL,NULL,"33.75"
"154840","106838","85728","23530","418111","Cancelled","2021-06-30 03:49:04",NULL,NULL,NULL,"33.75"
"179098","123524","99083","22925","483653","Cancelled","2021-10-07 09:03:38",NULL,NULL,NULL,"33.75"
"180168","124253","99655","28562","486531","Cancelled","2022-02-14 17:27:58",NULL,NULL,NULL,"33.75"
"2313","1586","1278","22925","6260","Processing","2022-03-18 22:44:13",NULL,NULL,NULL,"33.75"
"15412","10582","8512","22652","41745","Processing","2022-02-14 08:01:00",NULL,NULL,NULL,"33.75"
"23986","16497","13189","23281","64837","Processing","2021-03-13 21:07:38",NULL,NULL,NULL,"33.75"
"24238","16671","13330","27379","65509","Processing","2022-06-23 13:03:51",NULL,NULL,NULL,"33.75"
"28357","19539","15624","22753","76660","Processing","2021-06-24 03:08:18",NULL,NULL,NULL,"33.75"
"31429","21624","17294","28562","84953","Processing","2020-08-16 09:48:35",NULL,NULL,NULL,"33.75"
"33113","22798","18198","28412","89454","Processing","2021-01-10 01:44:57",NULL,NULL,NULL,"33.75"
"42374","29152","23248","22652","114414","Processing","2022-07-08 03:12:07",NULL,NULL,NULL,"33.75"
"53368","36787","29399","23530","144013","Processing","2020-10-13 06:49:23",NULL,NULL,NULL,"33.75"
"60035","41352","33037","28990","162089","Processing","2022-01-31 11:58:18",NULL,NULL,NULL,"33.75"
"66552","45790","36609","23281","179700","Processing","2021-02-04 06:55:48",NULL,NULL,NULL,"33.75"
"98117","67801","54175","28990","265051","Processing","2021-04-07 01:08:52",NULL,NULL,NULL,"33.75"
"103729","71686","57317","23041","280213","Processing","2019-10-27 05:00:30",NULL,NULL,NULL,"33.75"
"108670","75079","60028","13328","293542","Processing","2022-07-05 16:50:11",NULL,NULL,NULL,"33.75"
"109663","75749","60557","23513","296215","Processing","2022-08-06 18:56:23",NULL,NULL,NULL,"33.75"
"113214","78202","62549","22753","305781","Processing","2021-09-24 03:02:28",NULL,NULL,NULL,"33.75"
"116554","80479","64430","29063","314793","Processing","2022-05-26 12:50:13",NULL,NULL,NULL,"33.75"
"117181","80892","64763","28412","316440","Processing","2022-07-26 11:30:29",NULL,NULL,NULL,"33.75"
"120582","83222","66640","6084","325590","Processing","2022-07-14 17:06:13",NULL,NULL,NULL,"33.75"
"125460","86549","69260","28965","338729","Processing","2022-09-02 12:37:49.387115",NULL,NULL,NULL,"33.75"
"126253","87082","69692","6084","340881","Processing","2022-03-23 02:20:47",NULL,NULL,NULL,"33.75"
"148866","102721","82404","6084","401983","Processing","2022-06-26 10:16:46",NULL,NULL,NULL,"33.75"
"157658","108738","87205","23530","425687","Processing","2022-03-08 03:25:47",NULL,NULL,NULL,"33.75"
"166394","114750","91990","6084","449405","Processing","2019-10-31 04:41:42",NULL,NULL,NULL,"33.75"
"180420","124420","99772","22814","487201","Processing","2022-03-07 17:39:28",NULL,NULL,NULL,"33.75"
"30542","21039","16845","24366","82588","Shipped","2022-09-03 01:30:04","2022-09-04 10:24:00",NULL,NULL,"35.75"
"153362","105804","84872","24366","414179","Shipped","2019-10-24 11:35:27","2019-10-25 20:24:00",NULL,NULL,"35.75"
"166423","114770","92005","24366","449480","Complete","2022-03-28 07:42:08","2022-03-29 00:37:00","2022-04-02 14:38:00",NULL,"35.75"
"179297","123664","99201","24366","484192","Returned","2022-08-28 06:46:39","2022-08-30 17:40:00","2022-08-31 13:14:00","2022-09-02 16:50:00","35.75"
"51316","35368","28240","24366","138502","Cancelled","2022-02-15 09:07:15",NULL,NULL,NULL,"35.75"
"180399","124403","99758","24366","487150","Cancelled","2021-02-13 15:09:19",NULL,NULL,NULL,"35.75"
"652","465","399","648","1743","Shipped","2022-08-14 09:39:06","2022-08-16 23:30:00",NULL,NULL,"39.75"
"14549","10014","8056","648","39419","Shipped","2021-11-09 22:59:42","2021-11-10 12:16:00",NULL,NULL,"39.75"
"109412","75580","60417","648","295538","Shipped","2020-10-09 01:20:02","2020-10-07 09:15:00",NULL,NULL,"39.75"
"6115","4171","3380","13472","16545","Returned","2020-08-29 07:53:17","2020-08-28 13:11:00","2020-08-30 19:26:00","2020-09-02 12:11:00","39.75"
"66657","45858","36675","13472","179976","Returned","2021-11-19 05:17:51","2021-11-19 21:35:00","2021-11-22 05:27:00","2021-11-23 16:18:00","39.75"
"116550","80476","64428","648","314784","Cancelled","2022-06-17 18:55:43",NULL,NULL,NULL,"39.75"
"146309","100948","80996","13472","395085","Cancelled","2021-07-03 07:29:31",NULL,NULL,NULL,"39.75"
"103496","71521","57180","1268","279557","Shipped","2021-08-31 08:10:40","2021-09-03 04:14:00",NULL,NULL,"41.75"
"15937","10940","8792","1268","43136","Complete","2022-03-20 06:04:08","2022-03-22 04:36:00","2022-03-23 08:00:00",NULL,"41.75"
"24523","16872","13481","1268","66282","Complete","2021-08-21 08:46:55","2021-08-21 20:57:00","2021-08-26 19:49:00",NULL,"41.75"
"141128","97336","78057","1268","381050","Cancelled","2022-07-14 00:20:28",NULL,NULL,NULL,"41.75"
"29153","20068","16035","27092","78810","Shipped","2020-08-23 00:43:16","2020-08-21 18:08:00",NULL,NULL,"43.75"
"86306","59636","47715","27092","233130","Shipped","2020-09-12 23:10:09","2020-09-12 04:11:00",NULL,NULL,"43.75"
"79934","55119","44087","27092","215840","Complete","2022-04-29 03:33:43","2022-04-29 16:33:00","2022-05-04 06:18:00",NULL,"43.75"
"117415","81050","64910","27092","317060","Complete","2022-08-07 23:12:57","2022-08-07 06:03:00","2022-08-07 09:09:00",NULL,"43.75"
"173514","119675","95957","27092","468591","Complete","2020-12-08 09:33:57","2020-12-08 22:26:00","2020-12-12 05:58:00",NULL,"43.75"
"136302","94062","75391","27092","368058","Returned","2019-09-20 09:34:57","2019-09-22 02:17:00","2019-09-23 13:01:00","2019-09-25 19:05:00","43.75"
"16880","11618","9351","27092","45724","Processing","2022-07-21 16:09:57",NULL,NULL,NULL,"43.75"
"68056","46829","37467","13146","183747","Shipped","2021-08-05 04:36:35","2021-08-06 13:32:00",NULL,NULL,"45.75"
"81307","56085","44824","13146","219577","Cancelled","2022-07-03 01:47:39",NULL,NULL,NULL,"45.75"
"161601","111473","89379","13146","436334","Cancelled","2020-05-29 15:19:19",NULL,NULL,NULL,"45.75"
"168149","115962","92963","13168","454092","Shipped","2021-03-11 08:55:03","2021-03-11 15:20:00",NULL,NULL,"47.75"
"70991","48873","39103","13168","191653","Complete","2021-12-26 04:00:24","2021-12-24 18:50:00","2021-12-25 02:36:00",NULL,"47.75"
"93010","64268","51435","13168","251212","Complete","2022-03-29 09:26:41","2022-03-28 01:38:00","2022-03-30 23:39:00",NULL,"47.75"
"93061","64308","51462","13168","251356","Complete","2022-03-21 08:49:06","2022-03-19 17:49:00","2022-03-22 08:31:00",NULL,"47.75"
"151819","104744","84047","17911","410026","Shipped","2022-06-12 17:10:40","2022-06-14 09:52:00",NULL,NULL,"49.75"
"40928","28151","22450","17911","110501","Complete","2021-11-01 16:17:57","2021-10-30 23:55:00","2021-10-31 23:42:00",NULL,"49.75"
"10427","7171","5838","10171","28266","Shipped","2022-05-02 11:17:52","2022-05-04 00:09:00",NULL,NULL,"51.75"
"19291","13257","10632","13061","52202","Shipped","2021-11-28 01:35:41","2021-11-26 21:16:00",NULL,NULL,"51.75"
"38413","26455","21138","13248","103698","Shipped","2022-04-21 03:28:14","2022-04-22 14:11:00",NULL,NULL,"51.75"
"41953","28865","23026","23099","113262","Shipped","2019-12-16 05:03:40","2019-12-17 16:40:00",NULL,NULL,"51.75"
"51097","35226","28119","27708","137927","Shipped","2021-09-22 14:21:41","2021-09-23 13:51:00",NULL,NULL,"51.75"
"51828","35712","28533","13248","139899","Shipped","2019-11-10 08:18:55","2019-11-10 12:46:00",NULL,NULL,"51.75"
"97165","67142","53643","27708","262459","Shipped","2022-06-16 01:23:26","2022-06-16 19:02:00",NULL,NULL,"51.75"
"102196","70616","56457","27708","276021","Shipped","2020-07-13 22:57:17","2020-07-16 17:48:00",NULL,NULL,"51.75"
"102477","70810","56612","23099","276816","Shipped","2020-11-22 07:14:15","2020-11-23 19:02:00",NULL,NULL,"51.75"
"105366","72808","58239","13248","284592","Shipped","2021-09-30 13:29:46","2021-09-29 12:15:00",NULL,NULL,"51.75"
"142089","98012","78591","15074","383655","Shipped","2022-07-12 22:55:20","2022-07-13 08:53:00",NULL,NULL,"51.75"
"159540","110060","88261","13248","430750","Shipped","2021-05-05 03:14:43","2021-05-07 02:02:00",NULL,NULL,"51.75"
"171319","118110","94718","27708","462697","Shipped","2020-12-18 16:10:27","2020-12-20 13:29:00",NULL,NULL,"51.75"
"176232","121537","97471","27708","475958","Shipped","2021-12-03 07:39:52","2021-12-03 18:41:00",NULL,NULL,"51.75"
"7135","4864","3941","28372","19322","Complete","2021-12-19 02:42:31","2021-12-19 11:12:00","2021-12-19 19:45:00",NULL,"51.75"
"20961","14412","11535","23099","56727","Complete","2022-08-05 02:09:48","2022-08-08 04:14:00","2022-08-12 10:38:00",NULL,"51.75"
"22403","15406","12307","27708","60543","Complete","2022-03-06 05:08:09","2022-03-07 09:58:00","2022-03-09 19:21:00",NULL,"51.75"
"50481","34775","27760","13248","136265","Complete","2022-06-18 00:12:35","2022-06-18 14:52:00","2022-06-20 12:56:00",NULL,"51.75"
"50703","34940","27879","10171","136846","Complete","2020-12-26 02:19:10","2020-12-26 23:57:00","2020-12-31 13:18:00",NULL,"51.75"
"80697","55651","44484","23099","217934","Complete","2021-09-02 22:02:54","2021-09-04 00:10:00","2021-09-06 05:39:00",NULL,"51.75"
"108455","74924","59914","10171","292964","Complete","2022-03-05 09:42:16","2022-03-04 18:26:00","2022-03-09 09:17:00",NULL,"51.75"
"118776","81998","65643","10171","320717","Complete","2021-08-30 03:49:46","2021-08-27 00:15:00","2021-08-29 21:41:00",NULL,"51.75"
"123779","85393","68340","28372","334180","Complete","2020-03-29 14:27:42","2020-03-31 15:53:00","2020-04-01 22:24:00",NULL,"51.75"
"163655","112889","90513","13248","441918","Complete","2022-03-28 14:38:48","2022-03-30 22:23:00","2022-04-02 01:57:00",NULL,"51.75"
"24587","16918","13513","23099","66444","Returned","2020-06-05 01:19:20","2020-06-05 19:28:00","2020-06-09 18:44:00","2020-06-12 04:48:00","51.75"
"38544","26549","21216","15074","104052","Returned","2022-05-03 15:55:07","2022-05-05 10:32:00","2022-05-06 02:16:00","2022-05-06 14:15:00","51.75"
"43463","29900","23841","28372","117365","Returned","2022-08-31 09:25:52","2022-09-02 17:23:00","2022-09-04 03:03:00","2022-09-05 06:38:00","51.75"
"90550","62585","50108","27708","244623","Returned","2022-07-13 00:34:11","2022-07-14 02:17:00","2022-07-14 04:31:00","2022-07-17 03:36:00","51.75"
"110662","76440","61133","13248","298857","Returned","2022-08-04 17:28:54","2022-08-05 01:47:00","2022-08-06 18:34:00","2022-08-07 09:58:00","51.75"
"149439","103135","82723","23099","403543","Returned","2021-02-14 15:43:09","2021-02-15 09:13:00","2021-02-20 05:39:00","2021-02-20 15:45:00","51.75"
"175939","121342","97314","13248","475146","Returned","2022-09-03 12:38:55","2022-09-03 15:54:00","2022-09-04 13:52:00","2022-09-07 03:21:00","51.75"
"38586","26577","21239","27708","104163","Cancelled","2022-06-13 11:23:35",NULL,NULL,NULL,"51.75"
"43824","30146","24029","28372","118355","Cancelled","2020-09-23 06:24:34",NULL,NULL,NULL,"51.75"
"59131","40754","32548","13061","159574","Cancelled","2021-08-19 04:11:01",NULL,NULL,NULL,"51.75"
"67876","46710","37372","28372","183270","Cancelled","2021-03-13 09:06:45",NULL,NULL,NULL,"51.75"
"155324","107161","85975","28372","419415","Cancelled","2022-07-11 07:32:30",NULL,NULL,NULL,"51.75"
"157858","108881","87322","13061","426222","Cancelled","2021-12-28 13:27:05",NULL,NULL,NULL,"51.75"
"2439","1675","1353","13061","6603","Processing","2020-12-17 01:10:35",NULL,NULL,NULL,"51.75"
"14736","10140","8151","28372","39919","Processing","2022-08-30 11:16:32",NULL,NULL,NULL,"51.75"
"57379","39551","31605","23099","154870","Processing","2022-04-23 12:29:18",NULL,NULL,NULL,"51.75"
"64413","44329","35460","28372","173909","Processing","2022-07-15 08:07:15",NULL,NULL,NULL,"51.75"
"69720","48009","38390","15074","188204","Processing","2021-02-23 00:34:23",NULL,NULL,NULL,"51.75"
"92605","63985","51220","27708","250117","Processing","2022-08-08 00:50:53",NULL,NULL,NULL,"51.75"
"99369","68667","54899","13061","268408","Processing","2019-11-14 00:57:35",NULL,NULL,NULL,"51.75"
"111620","77103","61681","10171","301454","Processing","2022-07-19 15:43:48",NULL,NULL,NULL,"51.75"
"125933","86855","69506","28372","339995","Processing","2021-12-23 12:58:24",NULL,NULL,NULL,"51.75"
"162582","112138","89897","28372","439013","Processing","2020-08-18 14:53:19",NULL,NULL,NULL,"51.75"
"179133","123550","99106","23099","483749","Processing","2021-03-04 15:56:17",NULL,NULL,NULL,"51.75"
"88460","61135","48955","12860","238980","Shipped","2022-03-29 15:17:35","2022-03-27 15:51:00",NULL,NULL,"53.75"
"95024","65665","52537","12860","256684","Shipped","2021-01-04 05:22:02","2021-01-05 23:10:00",NULL,NULL,"53.75"
"37377","25731","20556","12860","100934","Complete","2020-01-24 10:02:40","2020-01-21 11:36:00","2020-01-24 19:15:00",NULL,"53.75"
"4823","3296","2684","12860","13067","Cancelled","2019-10-09 00:50:50",NULL,NULL,NULL,"53.75"
"116419","80395","64358","12860","314431","Cancelled","2021-11-11 07:17:07",NULL,NULL,NULL,"53.75"
"178212","122916","98591","12860","481262","Cancelled","2022-08-18 21:17:53",NULL,NULL,NULL,"53.75"
"127428","87870","70353","13025","344024","Shipped","2020-07-18 09:16:05","2020-07-20 22:10:00",NULL,NULL,"55.75"
"32492","22360","17876","13025","87795","Cancelled","2021-11-14 04:31:23",NULL,NULL,NULL,"55.75"
"126887","87517","70062","13025","342599","Cancelled","2020-09-20 11:00:43",NULL,NULL,NULL,"55.75"
"133652","92215","73859","13025","360896","Processing","2021-11-23 06:01:44",NULL,NULL,NULL,"55.75"
"177503","122417","98191","13025","479377","Processing","2022-06-02 01:45:48",NULL,NULL,NULL,"55.75"
"12864","8879","7168","6100","34853","Shipped","2021-02-28 00:38:06","2021-03-02 10:42:00",NULL,NULL,"59.75"
"139820","96449","77336","6100","377550","Shipped","2022-07-29 00:30:14","2022-07-27 11:40:00",NULL,NULL,"59.75"
"63089","43434","34723","6100","170332","Complete","2022-08-20 09:27:39","2022-08-16 21:01:00","2022-08-16 21:12:00",NULL,"59.75"
"116318","80321","64292","6100","314154","Complete","2020-06-19 03:40:25","2020-06-19 09:46:00","2020-06-23 13:51:00",NULL,"59.75"
"17147","11810","9494","6100","46425","Returned","2021-10-20 08:30:23","2021-10-21 23:42:00","2021-10-23 00:52:00","2021-10-23 19:20:00","59.75"
"19961","13733","11009","6100","54022","Processing","2021-12-29 08:54:58",NULL,NULL,NULL,"59.75"
"22661","15585","12460","6100","61253","Processing","2022-04-23 13:09:25",NULL,NULL,NULL,"59.75"
"76113","52453","41980","11986","205532","Shipped","2022-07-11 10:49:34","2022-07-08 14:06:00",NULL,NULL,"61.75"
"55840","38488","30757","11986","150691","Returned","2022-01-01 23:26:14","2022-01-04 11:37:00","2022-01-06 08:34:00","2022-01-06 09:13:00","61.75"
"88085","60883","48731","11986","237948","Returned","2021-07-05 04:27:47","2021-07-05 13:29:00","2021-07-08 15:01:00","2021-07-10 02:31:00","61.75"
"163574","112832","90473","11986","441703","Cancelled","2020-04-13 07:56:06",NULL,NULL,NULL,"61.75"
"67121","46176","36925","11986","181246","Processing","2021-07-21 10:34:38",NULL,NULL,NULL,"61.75"
"75292","51882","41507","11986","203274","Processing","2021-11-11 08:31:18",NULL,NULL,NULL,"61.75"
"118226","81609","65353","11986","319231","Processing","2022-08-09 17:34:37",NULL,NULL,NULL,"61.75"
"4126","2801","2249","21816","11177","Shipped","2022-08-08 10:36:18","2022-08-09 15:37:00",NULL,NULL,"63.75"
"13404","9237","7449","21816","36317","Shipped","2022-09-05 02:11:45.342156","2022-09-05 23:11:04.342156",NULL,NULL,"63.75"
"17890","12302","9899","21816","48465","Shipped","2022-08-31 06:50:26","2022-08-30 18:09:00",NULL,NULL,"63.75"
"40388","27789","22193","14922","109027","Shipped","2021-04-12 00:28:58","2021-04-10 19:16:00",NULL,NULL,"63.75"
"65792","45294","36205","14922","177656","Shipped","2021-01-24 16:58:53","2021-01-24 22:15:00",NULL,NULL,"63.75"
"66917","46036","36815","14922","180673","Shipped","2021-10-05 14:09:47","2021-10-06 22:26:00",NULL,NULL,"63.75"
"152632","105315","84491","21816","412196","Shipped","2021-12-25 11:32:53","2021-12-27 21:48:00",NULL,NULL,"63.75"
"164641","113559","91054","21816","444626","Shipped","2022-09-02 03:44:12.897241","2022-09-02 08:13:23.897241",NULL,NULL,"63.75"
"73607","50695","40564","14922","198749","Complete","2022-08-12 05:33:35","2022-08-12 07:07:00","2022-08-15 10:14:00",NULL,"63.75"
"151896","104801","84099","14922","410233","Complete","2020-07-01 02:24:39","2020-06-30 23:56:00","2020-07-05 07:34:00",NULL,"63.75"
"158863","109581","87880","21816","428928","Complete","2022-06-10 11:04:46","2022-06-11 08:58:00","2022-06-13 11:19:00",NULL,"63.75"
"160800","110922","88931","21709","434165","Complete","2022-09-05 05:30:56","2022-09-04 13:51:00","2022-09-06 02:26:00",NULL,"63.75"
"11688","8045","6523","21709","31669","Returned","2022-08-18 02:40:44","2022-08-19 09:37:00","2022-08-23 18:04:00","2022-08-26 17:54:00","63.75"
"47494","32720","26124","21709","128192","Returned","2022-02-04 01:48:25","2022-02-05 20:33:00","2022-02-08 01:30:00","2022-02-09 19:30:00","63.75"
"138127","95317","76407","14922","372976","Returned","2022-03-28 08:04:44","2022-03-27 15:33:00","2022-03-31 12:02:00","2022-03-31 23:46:00","63.75"
"151877","104787","84086","21709","410182","Returned","2021-07-13 14:50:24","2021-07-15 16:31:00","2021-07-19 16:39:00","2021-07-19 18:51:00","63.75"
"164380","113388","90917","21816","443912","Returned","2022-02-07 08:29:19","2022-02-07 12:07:00","2022-02-09 09:21:00","2022-02-11 09:45:00","63.75"
"165840","114376","91681","21816","447910","Returned","2022-02-14 10:31:19","2022-02-17 07:47:00","2022-02-18 19:15:00","2022-02-21 15:59:00","63.75"
"41154","28300","22578","14922","111108","Cancelled","2021-08-15 06:38:18",NULL,NULL,NULL,"63.75"
"162776","112275","90022","21816","439549","Cancelled","2021-02-18 05:59:34",NULL,NULL,NULL,"63.75"
"7757","5318","4304","21816","21042","Processing","2022-07-25 08:37:01",NULL,NULL,NULL,"63.75"
"21697","14917","11915","21816","58647","Processing","2021-08-04 13:51:02",NULL,NULL,NULL,"63.75"
"46917","32314","25806","21816","126657","Processing","2021-02-28 18:39:42",NULL,NULL,NULL,"63.75"
"47003","32375","25855","21816","126873","Processing","2022-05-23 08:45:19",NULL,NULL,NULL,"63.75"
"80049","55200","44150","21709","216137","Processing","2022-01-13 16:56:15",NULL,NULL,NULL,"63.75"
"131250","90532","72529","21709","354378","Processing","2020-12-20 03:01:19",NULL,NULL,NULL,"63.75"
"24165","16619","13285","15111","65326","Shipped","2021-12-10 15:42:36","2021-12-09 07:36:00",NULL,NULL,"67.5"
"31583","21731","17388","28248","85362","Shipped","2022-03-04 08:25:33","2022-03-02 11:09:00",NULL,NULL,"67.5"
"50633","34884","27835","27551","136665","Shipped","2022-06-07 05:17:08","2022-06-09 10:13:00",NULL,NULL,"67.5"
"53518","36878","29466","4867","144417","Shipped","2022-03-01 00:40:57","2022-02-26 07:49:00",NULL,NULL,"67.5"
"62127","42787","34206","23468","167710","Shipped","2020-03-30 17:23:36","2020-04-01 21:39:00",NULL,NULL,"67.5"
"70413","48492","38780","28248","190102","Shipped","2022-08-16 07:33:22","2022-08-19 03:57:00",NULL,NULL,"67.5"
"76884","53015","42421","15111","207618","Shipped","2022-09-02 00:52:19","2022-09-01 14:28:00",NULL,NULL,"67.5"
"82540","56973","45553","23468","222908","Shipped","2021-10-28 02:14:20","2021-10-26 23:22:00",NULL,NULL,"67.5"
"95559","66053","52826","28256","258130","Shipped","2021-12-05 09:23:55","2021-12-07 21:51:00",NULL,NULL,"67.5"
"121523","83864","67140","28256","328119","Shipped","2021-09-01 03:24:54","2021-09-01 22:53:00",NULL,NULL,"67.5"
"152038","104902","84181","4867","410615","Shipped","2022-03-08 09:11:53","2022-03-09 10:23:00",NULL,NULL,"67.5"
"155385","107204","86010","15111","419572","Shipped","2022-02-13 12:33:47","2022-02-11 10:12:00",NULL,NULL,"67.5"
"173154","119417","95736","28248","467668","Shipped","2022-03-29 13:41:38","2022-03-30 10:45:00",NULL,NULL,"67.5"
"27712","19089","15263","4867","74905","Complete","2020-07-13 16:09:56","2020-07-14 14:52:00","2020-07-19 00:26:00",NULL,"67.5"
"34037","23439","18699","4867","91962","Complete","2022-05-13 00:20:17","2022-05-14 03:42:00","2022-05-14 21:42:00",NULL,"67.5"
"39046","26886","21478","27815","105404","Complete","2022-09-03 05:40:15.044392","2022-09-04 23:12:29.044392","2022-09-08 02:16:29.044392",NULL,"67.5"
"56820","39160","31305","28256","153363","Complete","2020-10-27 12:54:35","2020-10-27 19:31:00","2020-10-29 00:51:00",NULL,"67.5"
"70945","48843","39078","4867","191530","Complete","2022-07-20 03:47:21","2022-07-16 23:40:00","2022-07-21 08:40:00",NULL,"67.5"
"88697","61316","49103","27815","239627","Complete","2020-07-20 11:45:54","2020-07-22 12:16:00","2020-07-23 07:25:00",NULL,"67.5"
"102030","70509","56369","28248","275561","Complete","2020-03-26 23:07:53","2020-03-28 04:20:00","2020-03-31 17:21:00",NULL,"67.5"
"136446","94166","75482","27551","368436","Complete","2022-06-22 03:17:02","2022-06-24 14:08:00","2022-06-25 16:41:00",NULL,"67.5"
"138852","95818","76829","23468","374945","Complete","2022-07-06 09:06:35","2022-07-08 06:18:00","2022-07-12 01:15:00",NULL,"67.5"
"142972","98648","79084","28248","386025","Complete","2019-01-31 14:52:36","2019-02-02 15:20:00","2019-02-02 16:54:00",NULL,"67.5"
"154411","106541","85463","27551","416945","Complete","2021-05-04 14:27:38","2021-05-07 03:36:00","2021-05-08 17:56:00",NULL,"67.5"
"32200","22157","17723","27815","86996","Returned","2022-05-21 02:54:12","2022-05-19 19:54:00","2022-05-24 13:03:00","2022-05-26 01:57:00","67.5"
"51931","35789","28588","23468","140189","Returned","2022-07-15 09:40:51","2022-07-16 01:31:00","2022-07-18 07:04:00","2022-07-19 04:20:00","67.5"
"93049","64298","51456","27551","251318","Returned","2022-03-17 07:38:45","2022-03-20 01:42:00","2022-03-23 07:53:00","2022-03-24 21:03:00","67.5"
"98983","68395","54682","28256","267386","Returned","2021-08-12 12:59:36","2021-08-14 19:01:00","2021-08-16 03:03:00","2021-08-18 04:11:00","67.5"
"146490","101074","81096","28248","395564","Returned","2022-07-11 11:09:39","2022-07-11 19:34:00","2022-07-16 01:01:00","2022-07-16 08:33:00","67.5"
"151345","104422","83779","15111","408736","Returned","2022-08-29 14:15:49","2022-08-28 12:22:00","2022-08-29 13:07:00","2022-08-31 17:09:00","67.5"
"6857","4677","3800","4867","18571","Cancelled","2021-11-30 11:46:15",NULL,NULL,NULL,"67.5"
"11154","7673","6231","28256","30221","Cancelled","2022-07-12 01:38:06",NULL,NULL,NULL,"67.5"
"59032","40682","32496","23468","159314","Cancelled","2021-10-29 13:37:49",NULL,NULL,NULL,"67.5"
"79670","54945","43940","23468","215124","Cancelled","2021-10-01 14:03:09",NULL,NULL,NULL,"67.5"
"24172","16623","13287","15111","65342","Processing","2022-07-29 11:23:44",NULL,NULL,NULL,"67.5"
"74508","51339","41075","23468","201172","Processing","2020-12-05 09:44:49",NULL,NULL,NULL,"67.5"
"85299","58945","47125","27815","230415","Processing","2022-05-10 23:57:35",NULL,NULL,NULL,"67.5"
"123411","85149","68147","27551","333203","Processing","2022-03-27 07:39:08",NULL,NULL,NULL,"67.5"
"178037","122793","98491","28248","480811","Processing","2020-11-12 07:49:17",NULL,NULL,NULL,"67.5"
"2146","1471","1192","17300","5813","Shipped","2022-02-23 11:38:22","2022-02-23 09:05:00",NULL,NULL,"79.5"
"4176","2840","2276","22398","11319","Shipped","2021-01-19 12:00:40","2021-01-17 20:18:00",NULL,NULL,"79.5"
"6293","4292","3489","75","17024","Shipped","2022-04-23 05:45:29","2022-04-21 18:51:00",NULL,NULL,"79.5"
"7568","5181","4205","4442","20510","Shipped","2022-07-22 05:55:49","2022-07-22 11:11:00",NULL,NULL,"79.5"
"8217","5627","4549","15107","22286","Shipped","2022-08-01 15:18:22","2022-08-02 22:40:00",NULL,NULL,"79.5"
"8364","5732","4629","75","22682","Shipped","2021-04-23 11:00:43","2021-04-24 17:58:00",NULL,NULL,"79.5"
"8987","6159","4974","14844","24372","Shipped","2022-03-10 01:13:03","2022-03-12 02:13:00",NULL,NULL,"79.5"
"10235","7049","5741","48","27759","Shipped","2022-04-20 06:15:50","2022-04-19 03:46:00",NULL,NULL,"79.5"
"10723","7373","6000","22398","29057","Shipped","2022-04-14 05:37:25","2022-04-13 14:16:00",NULL,NULL,"79.5"
"11308","7776","6302","4339","30631","Shipped","2021-10-03 22:40:50","2021-10-06 17:47:00",NULL,NULL,"79.5"
"11315","7783","6309","16604","30654","Shipped","2021-09-25 16:12:39","2021-09-24 00:52:00",NULL,NULL,"79.5"
"12939","8925","7201","20546","35060","Shipped","2022-07-06 12:27:22","2022-07-05 02:14:00",NULL,NULL,"79.5"
"13319","9183","7400","21978","36080","Shipped","2022-08-23 06:52:12","2022-08-19 23:48:00",NULL,NULL,"79.5"
"13781","9496","7641","21978","37350","Shipped","2022-01-28 16:47:11","2022-01-24 23:13:00",NULL,NULL,"79.5"
"15832","10864","8728","21202","42867","Shipped","2022-02-05 04:53:25","2022-02-07 13:11:00",NULL,NULL,"79.5"
"16279","11192","8995","16048","44073","Shipped","2020-09-27 22:55:20","2020-09-27 18:36:00",NULL,NULL,"79.5"
"17516","12052","9683","17370","47455","Shipped","2022-01-16 09:09:53","2022-01-16 14:05:00",NULL,NULL,"79.5"
"19914","13701","10975","48","53893","Shipped","2021-06-18 05:56:48","2021-06-15 11:40:00",NULL,NULL,"79.5"
"19962","13734","11010","76","54025","Shipped","2022-08-05 12:03:13","2022-08-06 21:14:00",NULL,NULL,"79.5"
"20271","13935","11171","22404","54861","Shipped","2022-06-02 13:18:48","2022-05-31 09:38:00",NULL,NULL,"79.5"
"21215","14583","11650","5123","57382","Shipped","2022-08-01 11:31:06","2022-08-03 11:46:00",NULL,NULL,"79.5"
"22281","15320","12242","2019","60210","Shipped","2022-08-13 12:04:24","2022-08-10 06:28:00",NULL,NULL,"79.5"
"25704","17712","14141","18568","69470","Shipped","2022-01-24 23:56:19","2022-01-26 06:51:00",NULL,NULL,"79.5"
"26165","18024","14402","20546","70718","Shipped","2021-11-08 06:57:24","2021-11-09 12:22:00",NULL,NULL,"79.5"
"26707","18400","14697","2019","72192","Shipped","2021-06-16 12:33:38","2021-06-16 09:24:00",NULL,NULL,"79.5"
"27266","18778","15010","22352","73712","Shipped","2022-03-04 06:29:11","2022-03-05 19:15:00",NULL,NULL,"79.5"
"29058","20003","15974","2019","78562","Shipped","2022-08-08 03:13:31","2022-08-10 13:31:00",NULL,NULL,"79.5"
"29303","20174","16136","7641","79209","Shipped","2022-08-29 05:41:57","2022-08-30 10:27:00",NULL,NULL,"79.5"
"29877","20581","16460","8541","80767","Shipped","2022-04-21 02:40:57","2022-04-21 10:01:00",NULL,NULL,"79.5"
"30788","21198","16983","21162","83231","Shipped","2022-08-27 10:19:38","2022-08-29 14:45:00",NULL,NULL,"79.5"
"30895","21267","17033","15107","83521","Shipped","2022-05-16 04:22:50","2022-05-17 02:36:00",NULL,NULL,"79.5"
"32204","22159","17726","15107","87008","Shipped","2021-07-17 13:20:55","2021-07-19 23:37:00",NULL,NULL,"79.5"
"33592","23123","18463","4325","90746","Shipped","2021-11-08 00:54:38","2021-11-10 18:11:00",NULL,NULL,"79.5"
"34871","24000","19163","17370","94201","Shipped","2022-08-06 08:51:18","2022-08-06 21:39:00",NULL,NULL,"79.5"
"34881","24009","19172","22398","94231","Shipped","2021-11-27 11:08:05","2021-11-24 22:14:00",NULL,NULL,"79.5"
"36539","25150","20103","21184","98649","Shipped","2020-02-13 15:45:45","2020-02-13 22:20:00",NULL,NULL,"79.5"
"36620","25202","20152","4374","98858","Shipped","2022-04-19 02:26:01","2022-04-21 10:58:00",NULL,NULL,"79.5"
"37795","26018","20790","22310","102034","Shipped","2022-08-16 22:08:33","2022-08-18 18:51:00",NULL,NULL,"79.5"
"38430","26464","21145","2019","103741","Shipped","2022-08-17 07:01:22","2022-08-19 19:16:00",NULL,NULL,"79.5"
"39842","27432","21907","22140","107556","Shipped","2022-09-01 04:45:59","2022-09-01 20:58:00",NULL,NULL,"79.5"
"40918","28144","22444","20535","110475","Shipped","2021-12-22 10:46:53","2021-12-23 14:37:00",NULL,NULL,"79.5"
"42525","29256","23326","4374","114842","Shipped","2021-08-20 00:25:24","2021-08-22 08:36:00",NULL,NULL,"79.5"
"43828","30150","24033","17370","118364","Shipped","2022-03-02 11:10:14","2022-02-28 20:30:00",NULL,NULL,"79.5"
"44163","30386","24244","75","119286","Shipped","2020-12-19 14:15:33","2020-12-21 05:26:00",NULL,NULL,"79.5"
"44183","30399","24252","18835","119332","Shipped","2021-10-16 03:36:54","2021-10-18 12:19:00",NULL,NULL,"79.5"
"47129","32475","25940","22140","127204","Shipped","2022-05-26 10:06:09","2022-05-27 14:03:00",NULL,NULL,"79.5"
"48552","33450","26719","17154","131032","Shipped","2022-08-28 15:04:19","2022-08-29 00:22:00",NULL,NULL,"79.5"
"48756","33586","26817","22583","131575","Shipped","2021-06-14 10:59:51","2021-06-15 16:02:00",NULL,NULL,"79.5"
"49037","33773","26976","20535","132337","Shipped","2022-02-26 09:00:42","2022-02-28 23:21:00",NULL,NULL,"79.5"
"50619","34876","27830","22404","136624","Shipped","2021-07-21 10:39:15","2021-07-24 11:10:00",NULL,NULL,"79.5"
"50852","35052","27972","21925","137259","Shipped","2022-06-01 23:46:23","2022-06-01 03:32:00",NULL,NULL,"79.5"
"51485","35489","28351","4325","138976","Shipped","2021-09-26 14:34:28","2021-09-26 03:10:00",NULL,NULL,"79.5"
"53594","36927","29504","1880","144625","Shipped","2022-05-15 14:10:26","2022-05-14 12:11:00",NULL,NULL,"79.5"
"54221","37366","29858","17079","146315","Shipped","2021-08-19 22:24:16","2021-08-21 19:12:00",NULL,NULL,"79.5"
"55687","38388","30678","18568","150257","Shipped","2021-10-29 22:47:04","2021-11-01 17:36:00",NULL,NULL,"79.5"
"58430","40280","32171","17079","157699","Shipped","2020-07-26 02:10:38","2020-07-26 18:29:00",NULL,NULL,"79.5"
"61630","42440","33934","5283","166372","Shipped","2022-03-24 15:12:22","2022-03-25 01:24:00",NULL,NULL,"79.5"
"62448","43005","34383","18835","168576","Shipped","2021-02-12 13:28:33","2021-02-11 16:31:00",NULL,NULL,"79.5"
"63079","43426","34715","22310","170308","Shipped","2020-04-30 03:46:37","2020-04-29 09:38:00",NULL,NULL,"79.5"
"64673","44520","35621","16502","174613","Shipped","2020-09-23 01:21:11","2020-09-24 09:02:00",NULL,NULL,"79.5"
"64823","44620","35696","21202","175040","Shipped","2021-06-13 02:10:46","2021-06-13 20:21:00",NULL,NULL,"79.5"
"64931","44698","35748","22411","175348","Shipped","2021-07-30 13:16:15","2021-08-02 11:12:00",NULL,NULL,"79.5"
"65136","44843","35856","18568","175888","Shipped","2019-10-27 13:12:06","2019-10-28 04:51:00",NULL,NULL,"79.5"
"65530","45131","36072","21184","176959","Shipped","2020-12-28 07:19:09","2020-12-26 02:14:00",NULL,NULL,"79.5"
"66046","45455","36341","22140","178346","Shipped","2022-07-20 04:41:14","2022-07-22 04:55:00",NULL,NULL,"79.5"
"66955","46061","36835","22599","180784","Shipped","2022-08-12 01:34:25","2022-08-12 13:10:00",NULL,NULL,"79.5"
"67106","46165","36915","17154","181202","Shipped","2020-11-27 01:16:39","2020-11-24 10:08:00",NULL,NULL,"79.5"
"68588","47209","37760","106","185155","Shipped","2020-10-21 06:57:36","2020-10-20 19:34:00",NULL,NULL,"79.5"
"70063","48236","38573","23076","189138","Shipped","2022-02-02 02:55:24","2022-01-30 20:08:00",NULL,NULL,"79.5"
"75752","52202","41802","21184","204531","Shipped","2022-03-26 03:07:19","2022-03-27 14:24:00",NULL,NULL,"79.5"
"77670","53558","42851","8541","209658","Shipped","2019-11-17 09:58:28","2019-11-16 17:41:00",NULL,NULL,"79.5"
"77755","53613","42899","1258","209887","Shipped","2021-11-22 06:17:44","2021-11-19 20:17:00",NULL,NULL,"79.5"
"79088","54526","43628","21448","213541","Shipped","2022-08-24 03:25:23","2022-08-27 03:33:00",NULL,NULL,"79.5"
"79239","54632","43707","75","213951","Shipped","2022-05-18 00:12:52","2022-05-18 11:41:00",NULL,NULL,"79.5"
"79665","54943","43940","18928","215110","Shipped","2021-10-19 13:13:56","2021-10-17 23:37:00",NULL,NULL,"79.5"
"80360","55424","44318","5283","216995","Shipped","2020-05-19 07:13:43","2020-05-21 20:29:00",NULL,NULL,"79.5"
"81436","56178","44903","17144","219924","Shipped","2022-02-10 15:51:39","2022-02-09 02:32:00",NULL,NULL,"79.5"
"82299","56799","45421","38","222241","Shipped","2021-09-18 08:17:07","2021-09-16 06:48:00",NULL,NULL,"79.5"
"85455","59051","47208","28226","230825","Shipped","2021-04-27 11:39:55","2021-04-29 10:22:00",NULL,NULL,"79.5"
"88698","61317","49103","22256","239630","Shipped","2022-01-31 12:40:30","2022-01-29 16:32:00",NULL,NULL,"79.5"
"91943","63529","50863","1913","248347","Shipped","2022-07-09 05:25:19","2022-07-11 07:47:00",NULL,NULL,"79.5"
"92532","63935","51182","4882","249924","Shipped","2022-07-28 23:06:07","2022-07-29 09:34:00",NULL,NULL,"79.5"
"94459","65258","52207","15235","255162","Shipped","2021-10-25 00:56:14","2021-10-22 21:29:00",NULL,NULL,"79.5"
"97938","67682","54078","22352","264573","Shipped","2021-12-16 11:50:32","2021-12-17 21:46:00",NULL,NULL,"79.5"
"99911","69056","55217","17847","269865","Shipped","2020-08-16 02:21:24","2020-08-19 00:19:00",NULL,NULL,"79.5"
"100330","69339","55442","21202","270971","Shipped","2020-05-19 04:48:12","2020-05-18 16:26:00",NULL,NULL,"79.5"
"100747","69620","55676","4556","272096","Shipped","2021-04-01 16:59:38","2021-04-03 13:43:00",NULL,NULL,"79.5"
"102359","70729","56554","21086","276489","Shipped","2022-07-06 07:17:08","2022-07-08 02:43:00",NULL,NULL,"79.5"
"102936","71124","56850","22598","278031","Shipped","2021-09-26 09:39:02","2021-09-26 05:41:00",NULL,NULL,"79.5"
"103412","71457","57126","16048","279333","Shipped","2019-05-26 23:12:50","2019-05-28 08:04:00",NULL,NULL,"79.5"
"103887","71799","57413","18568","280633","Shipped","2022-03-28 01:38:45","2022-03-31 00:25:00",NULL,NULL,"79.5"
"106379","73513","58786","21166","287338","Shipped","2021-11-06 14:45:46","2021-11-08 13:52:00",NULL,NULL,"79.5"
"106938","73892","59086","4398","288838","Shipped","2020-11-16 11:12:17","2020-11-16 14:30:00",NULL,NULL,"79.5"
"106980","73918","59111","17218","288947","Shipped","2021-01-16 03:26:57","2021-01-18 14:14:00",NULL,NULL,"79.5"
"107264","74106","59246","18928","289728","Shipped","2022-04-19 10:02:33","2022-04-16 15:34:00",NULL,NULL,"79.5"
"107676","74392","59474","15107","290842","Shipped","2021-09-14 01:06:28","2021-09-16 07:14:00",NULL,NULL,"79.5"
"110838","76567","61243","21162","299344","Shipped","2021-04-23 07:21:50","2021-04-22 06:25:00",NULL,NULL,"79.5"
"111837","77256","61813","21336","302042","Shipped","2022-06-05 11:15:27","2022-06-06 11:04:00",NULL,NULL,"79.5"
"114666","79198","63349","1258","309701","Shipped","2022-06-30 15:51:07","2022-06-28 23:05:00",NULL,NULL,"79.5"
"115950","80070","64088","22140","313150","Shipped","2022-07-12 20:45:39","2022-07-14 20:34:00",NULL,NULL,"79.5"
"116643","80531","64476","1155","315037","Shipped","2021-09-24 12:41:06","2021-09-26 11:50:00",NULL,NULL,"79.5"
"118305","81669","65393","23076","319443","Shipped","2021-02-19 08:20:53","2021-02-21 06:18:00",NULL,NULL,"79.5"
"119241","82310","65901","4442","321948","Shipped","2021-09-19 12:47:20","2021-09-21 19:30:00",NULL,NULL,"79.5"
"121687","83969","67229","17079","328563","Shipped","2021-05-20 13:41:08","2021-05-20 14:01:00",NULL,NULL,"79.5"
"121956","84136","67352","16502","329279","Shipped","2021-04-22 11:32:38","2021-04-22 12:24:00",NULL,NULL,"79.5"
"128990","88959","71263","4325","348290","Shipped","2021-06-27 13:19:23","2021-06-26 01:50:00",NULL,NULL,"79.5"
"129312","89177","71443","17370","349166","Shipped","2022-03-13 07:27:20","2022-03-15 05:46:00",NULL,NULL,"79.5"
"129550","89344","71571","17750","349789","Shipped","2020-07-19 00:51:16","2020-07-21 09:47:00",NULL,NULL,"79.5"
"130348","89904","72019","2019","351941","Shipped","2022-03-09 03:39:56","2022-03-10 16:35:00",NULL,NULL,"79.5"
"132813","91626","73392","19017","358642","Shipped","2021-02-22 10:10:59","2021-02-23 15:07:00",NULL,NULL,"79.5"
"132850","91655","73411","16048","358739","Shipped","2022-01-09 00:23:15","2022-01-08 04:15:00",NULL,NULL,"79.5"
"133494","92099","73768","48","360464","Shipped","2022-02-08 14:01:20","2022-02-06 02:22:00",NULL,NULL,"79.5"
"134071","92502","74104","22411","362009","Shipped","2021-07-05 05:00:48","2021-07-04 21:10:00",NULL,NULL,"79.5"
"137301","94738","75942","48","370738","Shipped","2021-01-03 08:41:14","2021-01-01 08:05:00",NULL,NULL,"79.5"
"137572","94927","76090","17847","371459","Shipped","2020-02-05 06:39:27","2020-02-05 16:14:00",NULL,NULL,"79.5"
"138157","95337","76422","1913","373053","Shipped","2020-04-19 22:18:16","2020-04-21 13:26:00",NULL,NULL,"79.5"
"138778","95767","76783","17079","374745","Shipped","2021-07-01 06:38:57","2021-07-01 10:58:00",NULL,NULL,"79.5"
"138908","95856","76858","22352","375100","Shipped","2021-03-01 04:52:31","2021-03-03 07:27:00",NULL,NULL,"79.5"
"141052","97290","78024","22599","380841","Shipped","2020-09-15 13:27:13","2020-09-12 20:19:00",NULL,NULL,"79.5"
"141087","97309","78038","22404","380941","Shipped","2021-05-01 13:15:33","2021-05-01 17:03:00",NULL,NULL,"79.5"
"142121","98037","78612","2024","383736","Shipped","2021-07-11 15:18:02","2021-07-14 09:24:00",NULL,NULL,"79.5"
"142951","98634","79073","18835","385967","Shipped","2022-07-01 03:33:02","2022-06-29 08:33:00",NULL,NULL,"79.5"
"144683","99826","80042","1880","390648","Shipped","2020-06-08 14:33:30","2020-06-07 01:27:00",NULL,NULL,"79.5"
"145452","100353","80467","22140","392759","Shipped","2020-06-14 09:09:29","2020-06-14 10:48:00",NULL,NULL,"79.5"
"148268","102321","82078","18835","400337","Shipped","2021-12-16 07:38:01","2021-12-19 00:34:00",NULL,NULL,"79.5"
"148443","102425","82164","22310","400831","Shipped","2022-09-02 13:43:35","2022-09-04 20:20:00",NULL,NULL,"79.5"
"151672","104640","83959","22599","409630","Shipped","2022-06-25 11:18:22","2022-06-26 05:30:00",NULL,NULL,"79.5"
"152961","105526","84660","18928","413059","Shipped","2022-08-01 09:58:48","2022-08-01 11:45:00",NULL,NULL,"79.5"
"154069","106304","85262","18835","416047","Shipped","2022-08-24 10:42:16","2022-08-25 00:06:00",NULL,NULL,"79.5"
"155283","107131","85951","21318","419307","Shipped","2021-08-27 21:00:24","2021-08-30 19:34:00",NULL,NULL,"79.5"
"155641","107368","86144","1258","420255","Shipped","2020-09-02 13:34:27","2020-09-01 05:13:00",NULL,NULL,"79.5"
"159058","109719","87989","14833","429444","Shipped","2022-03-20 11:05:26","2022-03-20 18:51:00",NULL,NULL,"79.5"
"161147","111152","89111","17079","435087","Shipped","2022-07-30 22:19:58","2022-08-01 08:43:00",NULL,NULL,"79.5"
"161582","111460","89364","17154","436279","Shipped","2022-02-12 11:50:49","2022-02-13 01:29:00",NULL,NULL,"79.5"
"161781","111594","89474","48","436831","Shipped","2022-07-18 01:35:46","2022-07-16 11:14:00",NULL,NULL,"79.5"
"162203","111869","89686","28226","437986","Shipped","2022-05-19 11:53:17","2022-05-22 05:43:00",NULL,NULL,"79.5"
"164203","113260","90820","23076","443432","Shipped","2020-10-28 14:26:26","2020-10-29 05:31:00",NULL,NULL,"79.5"
"164374","113384","90913","21336","443895","Shipped","2021-07-24 00:24:18","2021-07-24 03:33:00",NULL,NULL,"79.5"
"165216","113938","91355","22140","446212","Shipped","2020-04-23 13:10:02","2020-04-24 09:39:00",NULL,NULL,"79.5"
"165495","114139","91502","22398","446964","Shipped","2022-09-06 00:37:45","2022-09-04 21:48:00",NULL,NULL,"79.5"
"165643","114241","91589","21448","447373","Shipped","2022-09-02 14:05:09.534039","2022-09-02 18:18:38.534039",NULL,NULL,"79.5"
"165752","114314","91641","21202","447662","Shipped","2022-01-23 18:14:26","2022-01-24 04:15:00",NULL,NULL,"79.5"
"169558","116932","93757","17218","457872","Shipped","2019-10-16 06:49:21","2019-10-15 22:09:00",NULL,NULL,"79.5"
"170130","117311","94070","22599","459442","Shipped","2020-09-26 06:06:47","2020-09-27 21:27:00",NULL,NULL,"79.5"
"172164","118717","95178","48","464990","Shipped","2021-10-20 08:27:31","2021-10-19 04:53:00",NULL,NULL,"79.5"
"172991","119303","95628","5123","467243","Shipped","2022-06-20 03:12:10","2022-06-21 06:04:00",NULL,NULL,"79.5"
"173092","119376","95693","17330","467513","Shipped","2021-12-11 11:45:27","2021-12-10 18:09:00",NULL,NULL,"79.5"
"173813","119884","96135","24072","469370","Shipped","2021-12-15 03:08:40","2021-12-13 03:35:00",NULL,NULL,"79.5"
"174642","120451","96578","17300","471595","Shipped","2021-10-31 14:35:22","2021-11-01 20:31:00",NULL,NULL,"79.5"
"177032","122093","97908","2024","478132","Shipped","2022-08-14 15:42:26","2022-08-16 10:20:00",NULL,NULL,"79.5"
"177352","122313","98080","22140","478983","Shipped","2022-09-03 06:32:59.490248","2022-09-05 08:19:35.490248",NULL,NULL,"79.5"
"177943","122731","98443","22140","480558","Shipped","2020-06-23 11:09:13","2020-06-21 20:49:00",NULL,NULL,"79.5"
"179397","123731","99262","4442","484465","Shipped","2020-04-16 17:52:20","2020-04-15 16:29:00",NULL,NULL,"79.5"
"179887","124055","99499","17154","485782","Shipped","2022-01-04 09:36:21","2022-01-05 08:47:00",NULL,NULL,"79.5"
"524","374","326","4325","1385","Complete","2022-08-31 04:18:51","2022-09-02 14:11:00","2022-09-03 11:07:00",NULL,"79.5"
"3644","2469","1995","22404","9852","Complete","2020-07-13 09:26:31","2020-07-14 05:03:00","2020-07-14 19:02:00",NULL,"79.5"
"9556","6576","5334","20535","25929","Complete","2021-08-20 01:23:34","2021-08-20 05:04:00","2021-08-22 00:44:00",NULL,"79.5"
"11587","7972","6466","22583","31395","Complete","2021-08-26 05:55:08","2021-08-28 17:16:00","2021-08-31 21:06:00",NULL,"79.5"
"14959","10287","8268","17154","40518","Complete","2021-12-24 00:04:56","2021-12-21 01:36:00","2021-12-26 00:32:00",NULL,"79.5"
"16457","11317","9097","21978","44542","Complete","2021-01-23 09:02:42","2021-01-24 13:59:00","2021-01-27 23:46:00",NULL,"79.5"
"19509","13413","10761","4442","52788","Complete","2022-09-01 22:12:42","2022-08-31 19:24:00","2022-09-05 02:39:00",NULL,"79.5"
"22539","15499","12387","17154","60918","Complete","2022-06-10 11:24:19","2022-06-11 16:07:00","2022-06-12 02:12:00",NULL,"79.5"
"25255","17404","13900","22404","68245","Complete","2021-01-17 01:42:05","2021-01-15 08:22:00","2021-01-15 18:43:00",NULL,"79.5"
"27181","18719","14962","20535","73484","Complete","2021-08-12 11:08:00","2021-08-10 15:13:00","2021-08-14 20:21:00",NULL,"79.5"
"27625","19028","15214","21925","74675","Complete","2020-05-02 08:20:35","2020-05-04 05:05:00","2020-05-07 23:36:00",NULL,"79.5"
"29375","20231","16172","21336","79404","Complete","2022-02-22 07:40:17","2022-02-21 18:49:00","2022-02-22 10:57:00",NULL,"79.5"
"34625","23828","19026","17144","93541","Complete","2022-05-18 11:24:31","2022-05-16 10:29:00","2022-05-16 12:00:00",NULL,"79.5"
"34686","23874","19067","17370","93699","Complete","2021-12-01 04:20:44","2021-12-03 13:42:00","2021-12-04 17:06:00",NULL,"79.5"
"35072","24138","19269","106","94747","Complete","2021-12-04 16:27:21","2021-12-05 20:06:00","2021-12-07 07:25:00",NULL,"79.5"
"38567","26563","21226","17300","104115","Complete","2020-07-03 00:10:00","2020-07-04 06:59:00","2020-07-07 06:05:00",NULL,"79.5"
"39405","27128","21673","7641","106389","Complete","2022-07-08 04:06:08","2022-07-07 04:42:00","2022-07-09 02:01:00",NULL,"79.5"
"41602","28612","22819","22352","112303","Complete","2021-03-31 03:50:59","2021-04-01 14:22:00","2021-04-02 05:35:00",NULL,"79.5"
"41832","28779","22953","19473","112932","Complete","2020-09-14 08:28:30","2020-09-10 18:42:00","2020-09-15 07:02:00",NULL,"79.5"
"43171","29696","23685","5283","116580","Complete","2022-03-15 13:54:42","2022-03-16 07:59:00","2022-03-19 10:16:00",NULL,"79.5"
"44586","30693","24495","75","120426","Complete","2022-03-10 11:22:04","2022-03-10 23:57:00","2022-03-15 17:45:00",NULL,"79.5"
"45336","31218","24913","17499","122427","Complete","2022-06-24 06:29:50","2022-06-24 17:46:00","2022-06-26 21:11:00",NULL,"79.5"
"46361","31906","25469","17079","125194","Complete","2022-08-21 12:51:52","2022-08-20 12:38:00","2022-08-21 03:39:00",NULL,"79.5"
"46752","32194","25715","15107","126226","Complete","2022-09-07 03:58:50.113891","2022-09-06 10:07:20.113891","2022-09-09 13:59:20.113891",NULL,"79.5"
"47229","32546","25989","24072","127480","Complete","2022-08-25 23:17:51","2022-08-26 02:30:00","2022-08-26 05:02:00",NULL,"79.5"
"49254","33915","27089","4339","132937","Complete","2019-07-28 12:27:23","2019-07-29 13:48:00","2019-08-03 02:22:00",NULL,"79.5"
"51285","35350","28223","75","138421","Complete","2022-04-09 13:03:16","2022-04-07 20:37:00","2022-04-07 21:03:00",NULL,"79.5"
"52441","36135","28864","16604","141520","Complete","2022-02-27 05:15:36","2022-03-01 15:55:00","2022-03-04 16:45:00",NULL,"79.5"
"54432","37508","29970","16502","146868","Complete","2022-04-13 02:50:32","2022-04-12 06:57:00","2022-04-13 22:54:00",NULL,"79.5"
"54927","37861","30241","1073","148223","Complete","2022-07-19 21:49:03","2022-07-20 17:34:00","2022-07-22 10:32:00",NULL,"79.5"
"55013","37929","30294","1155","148445","Complete","2021-05-26 00:05:10","2021-05-28 02:40:00","2021-05-28 04:48:00",NULL,"79.5"
"57140","39383","31486","1258","154222","Complete","2022-02-21 15:23:46","2022-02-23 08:51:00","2022-02-26 06:33:00",NULL,"79.5"
"57613","39704","31724","22140","155485","Complete","2022-07-24 00:58:07","2022-07-21 15:10:00","2022-07-25 00:38:00",NULL,"79.5"
"63601","43786","35011","1258","171707","Complete","2022-07-14 15:51:19","2022-07-12 16:21:00","2022-07-14 01:54:00",NULL,"79.5"
"66534","45776","36604","4398","179651","Complete","2021-07-10 04:47:19","2021-07-10 23:43:00","2021-07-11 00:27:00",NULL,"79.5"
"66790","45952","36752","1913","180329","Complete","2022-02-20 21:48:08","2022-02-19 22:11:00","2022-02-20 10:22:00",NULL,"79.5"
"75570","52072","41689","17847","204027","Complete","2021-10-18 05:09:07","2021-10-20 03:24:00","2021-10-21 19:32:00",NULL,"79.5"
"77063","53135","42512","21978","208074","Complete","2020-06-04 15:21:16","2020-06-04 11:06:00","2020-06-05 06:11:00",NULL,"79.5"
"78442","54083","43275","21318","211759","Complete","2021-10-09 13:57:27","2021-10-07 19:29:00","2021-10-07 20:35:00",NULL,"79.5"
"79752","55003","43984","17154","215353","Complete","2022-06-15 21:10:56","2022-06-16 01:24:00","2022-06-19 04:50:00",NULL,"79.5"
"84659","58483","46781","22140","228656","Complete","2021-10-21 05:43:16","2021-10-22 06:20:00","2021-10-24 22:22:00",NULL,"79.5"
"86504","59764","47816","22599","233675","Complete","2022-08-03 15:36:49","2022-08-01 00:55:00","2022-08-05 05:23:00",NULL,"79.5"
"88075","60876","48723","24072","237923","Complete","2022-08-10 05:32:59","2022-08-11 18:25:00","2022-08-15 23:07:00",NULL,"79.5"
"88994","61507","49244","22411","240432","Complete","2022-08-28 07:26:34","2022-08-29 01:38:00","2022-08-29 22:04:00",NULL,"79.5"
"89313","61732","49424","1880","241278","Complete","2022-07-25 15:48:00","2022-07-26 15:25:00","2022-07-28 09:44:00",NULL,"79.5"
"90312","62426","49980","21086","243973","Complete","2022-07-23 21:26:39","2022-07-25 21:38:00","2022-07-28 08:09:00",NULL,"79.5"
"91184","63007","50447","4556","246324","Complete","2019-05-31 05:34:52","2019-06-01 18:15:00","2019-06-05 03:48:00",NULL,"79.5"
"92927","64208","51385","21202","250996","Complete","2021-09-05 08:01:24","2021-09-06 05:51:00","2021-09-07 18:24:00",NULL,"79.5"
"96394","66611","53252","23633","260377","Complete","2021-02-02 12:16:32","2021-02-04 02:12:00","2021-02-05 06:32:00",NULL,"79.5"
"97691","67516","53956","17330","263900","Complete","2022-03-29 09:35:04","2022-03-26 19:08:00","2022-03-29 18:26:00",NULL,"79.5"
"98054","67762","54139","21162","264889","Complete","2022-09-03 04:36:45.020143","2022-09-06 05:35:54.020143","2022-09-11 02:42:54.020143",NULL,"79.5"
"98754","68236","54551","22598","266771","Complete","2022-05-16 23:07:44","2022-05-17 10:00:00","2022-05-21 00:26:00",NULL,"79.5"
"100331","69340","55442","21448","270973","Complete","2021-01-26 01:47:15","2021-01-29 00:08:00","2021-02-01 06:37:00",NULL,"79.5"
"100471","69429","55531","4398","271346","Complete","2020-05-24 10:50:09","2020-05-26 08:33:00","2020-05-29 09:09:00",NULL,"79.5"
"103455","71491","57156","17300","279448","Complete","2022-05-08 03:04:05","2022-05-10 17:15:00","2022-05-12 07:43:00",NULL,"79.5"
"106210","73398","58711","21086","286886","Complete","2022-05-17 06:04:07","2022-05-14 17:16:00","2022-05-17 10:54:00",NULL,"79.5"
"106429","73547","58816","18928","287473","Complete","2022-04-14 22:12:14","2022-04-12 08:37:00","2022-04-17 03:21:00",NULL,"79.5"
"106507","73601","58855","17218","287684","Complete","2022-08-30 01:11:14","2022-08-31 03:56:00","2022-09-04 05:58:00",NULL,"79.5"
"107652","74374","59458","38","290771","Complete","2022-01-30 13:08:17","2022-01-31 14:09:00","2022-02-04 19:52:00",NULL,"79.5"
"111029","76705","61358","17300","299860","Complete","2022-08-14 12:17:15","2022-08-16 00:53:00","2022-08-17 08:00:00",NULL,"79.5"
"112272","77546","62032","18928","303248","Complete","2022-07-13 06:00:59","2022-07-12 13:10:00","2022-07-14 16:52:00",NULL,"79.5"
"113025","78074","62457","2024","305286","Complete","2022-08-28 02:05:41","2022-08-29 11:00:00","2022-09-01 12:51:00",NULL,"79.5"
"114187","78872","63092","17330","308401","Complete","2021-04-25 10:05:18","2021-04-25 22:06:00","2021-04-27 17:51:00",NULL,"79.5"
"117175","80890","64761","17330","316427","Complete","2022-07-27 04:15:00","2022-07-24 08:38:00","2022-07-29 03:52:00",NULL,"79.5"
"119072","82196","65814","17144","321494","Complete","2022-08-06 17:32:38","2022-08-07 13:14:00","2022-08-09 01:41:00",NULL,"79.5"
"119136","82242","65853","21925","321663","Complete","2022-08-20 23:26:00","2022-08-22 00:01:00","2022-08-25 02:24:00",NULL,"79.5"
"119263","82328","65916","21162","322008","Complete","2022-07-29 16:04:38","2022-07-27 18:53:00","2022-07-31 04:07:00",NULL,"79.5"
"119337","82379","65954","75","322207","Complete","2022-05-04 08:10:28","2022-05-06 04:30:00","2022-05-08 10:53:00",NULL,"79.5"
"120130","82917","66388","17144","324337","Complete","2022-03-13 11:39:19","2022-03-14 07:18:00","2022-03-16 20:36:00",NULL,"79.5"
"120439","83126","66551","19017","325206","Complete","2021-12-06 08:18:03","2021-12-07 14:35:00","2021-12-10 23:09:00",NULL,"79.5"
"120507","83170","66596","17330","325397","Complete","2021-09-05 11:55:03","2021-09-04 17:55:00","2021-09-07 22:09:00",NULL,"79.5"
"120934","83458","66832","17218","326526","Complete","2021-03-27 01:40:40","2021-03-28 21:31:00","2021-03-29 18:00:00",NULL,"79.5"
"122219","84315","67498","21166","329999","Complete","2022-04-17 22:21:57","2022-04-19 01:46:00","2022-04-23 14:42:00",NULL,"79.5"
"123096","84923","67958","38","332378","Complete","2022-07-28 00:37:23","2022-07-24 04:16:00","2022-07-25 17:10:00",NULL,"79.5"
"124766","86079","68888","1073","336824","Complete","2022-05-23 05:43:15","2022-05-26 07:24:00","2022-05-26 17:16:00",NULL,"79.5"
"125258","86412","69152","1258","338194","Complete","2022-09-04 11:25:38.514106","2022-09-06 17:26:37.514106","2022-09-08 22:28:37.514106",NULL,"79.5"
"128186","88402","70803","4325","346118","Complete","2022-04-13 02:57:43","2022-04-13 03:11:00","2022-04-13 22:30:00",NULL,"79.5"
"128225","88434","70832","16048","346221","Complete","2022-01-23 01:06:40","2022-01-23 22:13:00","2022-01-28 00:50:00",NULL,"79.5"
"128229","88438","70834","1913","346231","Complete","2021-02-14 11:27:23","2021-02-14 21:07:00","2021-02-15 12:10:00",NULL,"79.5"
"131035","90389","72400","4882","353796","Complete","2020-03-16 08:50:00","2020-03-17 03:11:00","2020-03-20 02:38:00",NULL,"79.5"
"133047","91800","73531","38","359273","Complete","2021-12-09 22:43:09","2021-12-12 05:21:00","2021-12-13 12:05:00",NULL,"79.5"
"137020","94562","75795","15107","369996","Complete","2022-06-04 23:33:13","2022-06-05 06:00:00","2022-06-06 13:03:00",NULL,"79.5"
"138322","95454","76529","16048","373508","Complete","2022-05-06 11:10:24","2022-05-06 22:06:00","2022-05-10 23:20:00",NULL,"79.5"
"139003","95918","76911","17079","375358","Complete","2019-06-06 01:16:44","2019-06-04 13:43:00","2019-06-08 00:32:00",NULL,"79.5"
"139719","96387","77291","4339","377273","Complete","2022-05-14 17:13:22","2022-05-16 11:15:00","2022-05-18 20:12:00",NULL,"79.5"
"140340","96812","77641","23076","378948","Complete","2022-02-24 04:09:35","2022-02-22 03:40:00","2022-02-26 22:15:00",NULL,"79.5"
"142552","98351","78870","7641","384896","Complete","2020-08-26 01:47:55","2020-08-27 04:38:00","2020-08-30 10:30:00",NULL,"79.5"
"144220","99501","79779","18835","389401","Complete","2021-12-28 22:33:59","2021-12-27 04:10:00","2021-12-29 00:28:00",NULL,"79.5"
"144388","99621","79877","17144","389854","Complete","2022-05-28 15:03:47","2022-05-28 07:55:00","2022-06-01 08:14:00",NULL,"79.5"
"148418","102413","82156","17847","400759","Complete","2020-10-29 13:12:31","2020-10-29 12:39:00","2020-10-31 00:58:00",NULL,"79.5"
"150774","104045","83469","38","407203","Complete","2022-09-06 23:07:19.832196","2022-09-05 19:06:57.832196","2022-09-09 07:50:57.832196",NULL,"79.5"
"150924","104147","83545","15235","407623","Complete","2021-07-22 01:07:46","2021-07-20 03:40:00","2021-07-24 23:19:00",NULL,"79.5"
"151177","104311","83689","22598","408289","Complete","2022-06-11 11:37:53","2022-06-12 13:44:00","2022-06-15 07:27:00",NULL,"79.5"
"155171","107057","85889","17499","418997","Complete","2022-08-29 06:27:05","2022-09-01 05:12:00","2022-09-03 05:37:00",NULL,"79.5"
"155314","107154","85973","22404","419385","Complete","2019-04-11 01:00:29","2019-04-09 00:46:00","2019-04-11 07:55:00",NULL,"79.5"
"156045","107646","86355","4882","421328","Complete","2022-01-13 00:19:52","2022-01-13 06:57:00","2022-01-16 01:53:00",NULL,"79.5"
"157637","108721","87188","1913","425625","Complete","2021-04-10 04:27:03","2021-04-09 02:50:00","2021-04-13 02:05:00",NULL,"79.5"
"157685","108755","87217","19017","425757","Complete","2021-11-29 23:28:39","2021-12-01 21:48:00","2021-12-03 15:42:00",NULL,"79.5"
"159066","109726","87994","21336","429466","Complete","2022-07-31 23:58:00","2022-08-01 18:25:00","2022-08-05 08:11:00",NULL,"79.5"
"161831","111619","89493","20535","436974","Complete","2022-01-26 22:52:04","2022-01-27 15:29:00","2022-01-31 14:56:00",NULL,"79.5"
"161895","111665","89528","22352","437145","Complete","2022-02-02 17:19:34","2022-01-30 19:37:00","2022-02-01 14:37:00",NULL,"79.5"
"162145","111827","89651","28226","437818","Complete","2021-09-13 11:22:38","2021-09-11 20:10:00","2021-09-11 22:00:00",NULL,"79.5"
"162197","111865","89683","17300","437969","Complete","2022-05-21 09:40:37","2022-05-23 17:02:00","2022-05-24 03:13:00",NULL,"79.5"
"163006","112439","90169","22256","440164","Complete","2021-05-27 13:08:24","2021-05-28 18:05:00","2021-05-30 17:15:00",NULL,"79.5"
"165653","114249","91596","2019","447399","Complete","2022-09-02 16:41:45","2022-09-03 09:24:00","2022-09-06 09:20:00",NULL,"79.5"
"165846","114380","91686","4398","447923","Complete","2022-05-20 16:04:27","2022-05-22 06:31:00","2022-05-23 07:15:00",NULL,"79.5"
"166515","114833","92059","4374","449728","Complete","2021-05-12 16:40:31","2021-05-14 02:24:00","2021-05-15 06:29:00",NULL,"79.5"
"169371","116808","93650","17218","457376","Complete","2020-03-27 22:32:07","2020-03-24 05:08:00","2020-03-25 08:18:00",NULL,"79.5"
"171116","117970","94603","1913","462142","Complete","2021-01-04 11:37:37","2021-01-03 16:03:00","2021-01-04 04:53:00",NULL,"79.5"
"171609","118327","94895","16502","463461","Complete","2022-02-12 11:11:08","2022-02-11 19:06:00","2022-02-15 15:15:00",NULL,"79.5"
"174145","120107","96317","21202","470261","Complete","2021-04-18 18:09:44","2021-04-19 15:08:00","2021-04-23 22:53:00",NULL,"79.5"
"150","111","89","4882","401","Returned","2022-07-22 04:47:37","2022-07-24 05:35:00","2022-07-25 19:49:00","2022-07-28 01:14:00","79.5"
"326","236","205","17330","860","Returned","2022-02-28 14:21:42","2022-02-25 11:36:00","2022-02-25 16:01:00","2022-02-28 04:03:00","79.5"
"853","607","507","22411","2292","Returned","2021-11-11 14:42:04","2021-11-12 13:39:00","2021-11-13 13:07:00","2021-11-14 06:22:00","79.5"
"2318","1589","1279","4325","6272","Returned","2021-12-25 04:33:41","2021-12-26 02:08:00","2021-12-30 04:26:00","2021-12-31 05:03:00","79.5"
"3357","2278","1829","19017","9076","Returned","2020-09-01 12:24:07","2020-09-03 04:54:00","2020-09-06 09:27:00","2020-09-07 17:53:00","79.5"
"5350","3654","2987","22583","14487","Returned","2022-06-02 01:18:07","2022-05-31 22:52:00","2022-06-05 20:57:00","2022-06-08 01:12:00","79.5"
"11483","7904","6410","21086","31113","Returned","2022-04-15 09:33:15","2022-04-14 06:10:00","2022-04-18 21:37:00","2022-04-21 12:59:00","79.5"
"13469","9284","7484","17499","36502","Returned","2022-07-19 14:06:14","2022-07-21 10:35:00","2022-07-24 19:51:00","2022-07-25 23:52:00","79.5"
"15171","10425","8390","21166","41094","Returned","2022-02-28 23:00:19","2022-02-28 16:24:00","2022-03-04 20:53:00","2022-03-05 10:49:00","79.5"
"21256","14615","11682","20535","57489","Returned","2021-06-30 08:36:24","2021-06-28 22:06:00","2021-06-29 12:16:00","2021-07-01 11:59:00","79.5"
"23111","15902","12711","8541","62469","Returned","2022-02-02 07:00:33","2022-02-01 20:48:00","2022-02-03 13:38:00","2022-02-05 17:36:00","79.5"
"25520","17584","14049","21086","68962","Returned","2022-07-03 14:18:49","2022-07-04 08:06:00","2022-07-06 05:26:00","2022-07-07 08:08:00","79.5"
"33449","23027","18374","16502","90372","Returned","2021-12-20 01:32:49","2021-12-21 18:34:00","2021-12-21 21:47:00","2021-12-22 11:51:00","79.5"
"38510","26523","21196","21925","103959","Returned","2021-09-13 15:59:23","2021-09-14 14:03:00","2021-09-16 21:11:00","2021-09-18 09:22:00","79.5"
"47072","32426","25902","76","127055","Returned","2021-05-14 04:13:59","2021-05-13 04:33:00","2021-05-15 05:57:00","2021-05-16 18:24:00","79.5"
"48889","33683","26901","22599","131927","Returned","2022-07-17 02:24:30","2022-07-19 01:13:00","2022-07-22 12:54:00","2022-07-25 11:35:00","79.5"
"50434","34739","27729","22599","136137","Returned","2021-10-03 17:44:33","2021-10-03 17:06:00","2021-10-04 00:20:00","2021-10-05 14:45:00","79.5"
"53427","36827","29424","19017","144173","Returned","2020-07-14 01:28:01","2020-07-15 13:48:00","2020-07-18 23:40:00","2020-07-19 19:10:00","79.5"
"53814","37082","29621","18835","145240","Returned","2021-04-11 03:47:30","2021-04-10 05:37:00","2021-04-10 15:00:00","2021-04-11 22:03:00","79.5"
"56335","38833","31046","22411","152041","Returned","2020-01-18 04:46:46","2020-01-21 03:19:00","2020-01-24 18:33:00","2020-01-24 23:20:00","79.5"
"57308","39504","31562","48","154672","Returned","2022-06-08 13:04:52","2022-06-10 13:30:00","2022-06-11 01:45:00","2022-06-13 08:03:00","79.5"
"57880","39890","31879","14844","156202","Returned","2020-02-28 08:09:28","2020-03-01 05:38:00","2020-03-04 14:35:00","2020-03-07 13:16:00","79.5"
"61566","42398","33893","17144","166196","Returned","2022-08-28 06:22:33","2022-08-27 07:31:00","2022-08-28 20:55:00","2022-08-31 10:34:00","79.5"
"66565","45797","36618","7641","179735","Returned","2022-07-14 15:03:09","2022-07-14 06:41:00","2022-07-17 06:06:00","2022-07-19 17:24:00","79.5"
"67790","46651","37323","21978","183035","Returned","2022-01-08 04:05:56","2022-01-08 18:32:00","2022-01-09 19:27:00","2022-01-10 11:47:00","79.5"
"72887","50211","40193","22140","196801","Returned","2020-04-14 22:51:44","2020-04-11 14:39:00","2020-04-13 02:39:00","2020-04-14 15:24:00","79.5"
"75499","52024","41630","21202","203836","Returned","2021-02-25 16:09:06","2021-02-28 04:17:00","2021-03-03 03:29:00","2021-03-05 12:14:00","79.5"
"76060","52416","41952","4325","205385","Returned","2021-12-29 13:11:17","2021-12-30 14:53:00","2022-01-03 06:23:00","2022-01-04 11:52:00","79.5"
"87519","60476","48415","17847","236426","Returned","2021-12-30 15:30:13","2021-12-29 15:21:00","2022-01-02 08:02:00","2022-01-04 07:03:00","79.5"
"89699","62006","49632","25","242310","Returned","2021-07-27 06:01:28","2021-07-29 23:01:00","2021-08-03 07:01:00","2021-08-05 11:14:00","79.5"
"103307","71383","57064","2019","279052","Returned","2020-07-25 02:38:53","2020-07-27 02:39:00","2020-07-29 05:36:00","2020-08-01 04:52:00","79.5"
"107076","73985","59158","24072","289205","Returned","2022-06-03 11:58:30","2022-06-03 21:39:00","2022-06-08 13:29:00","2022-06-08 17:34:00","79.5"
"113854","78644","62889","76","307510","Returned","2022-08-11 12:37:10","2022-08-11 12:19:00","2022-08-15 01:58:00","2022-08-16 00:58:00","79.5"
"120201","82965","66425","1842","324533","Returned","2022-06-26 02:00:29","2022-06-22 04:59:00","2022-06-25 17:45:00","2022-06-26 13:13:00","79.5"
"138336","95464","76538","22599","373545","Returned","2021-06-01 05:07:54","2021-06-01 20:43:00","2021-06-03 22:12:00","2021-06-05 19:27:00","79.5"
"141054","97291","78025","14844","380846","Returned","2022-06-07 10:16:31","2022-06-09 18:05:00","2022-06-13 08:59:00","2022-06-16 06:38:00","79.5"
"150697","103990","83428","20535","406991","Returned","2020-12-27 05:59:06","2020-12-28 01:07:00","2020-12-31 00:10:00","2021-01-02 21:41:00","79.5"
"151388","104450","83805","1155","408861","Returned","2019-12-28 12:29:06","2019-12-29 12:06:00","2019-12-30 23:19:00","2020-01-02 17:07:00","79.5"
"153219","105701","84795","15235","413785","Returned","2022-06-28 09:29:04","2022-07-01 09:34:00","2022-07-06 07:57:00","2022-07-08 03:34:00","79.5"
"155832","107507","86246","22398","420746","Returned","2020-06-10 12:26:12","2020-06-11 18:26:00","2020-06-11 19:57:00","2020-06-13 03:00:00","79.5"
"156910","108230","86803","23633","423663","Returned","2022-09-03 00:59:07","2022-09-02 19:09:00","2022-09-03 10:10:00","2022-09-04 00:34:00","79.5"
"157478","108613","87102","21184","425194","Returned","2021-10-19 00:25:49","2021-10-22 00:29:00","2021-10-22 09:05:00","2021-10-22 23:32:00","79.5"
"162214","111874","89695","1073","438015","Returned","2022-06-24 03:00:50","2022-06-24 06:08:00","2022-06-28 09:41:00","2022-07-01 09:39:00","79.5"
"162372","111988","89786","17370","438442","Returned","2020-09-04 03:24:42","2020-09-01 15:09:00","2020-09-03 05:44:00","2020-09-05 17:32:00","79.5"
"164458","113444","90958","16604","444128","Returned","2020-06-29 23:26:38","2020-06-28 09:58:00","2020-07-01 17:06:00","2020-07-04 04:02:00","79.5"
"166608","114891","92104","21162","449978","Returned","2020-12-09 09:48:12","2020-12-11 20:56:00","2020-12-13 03:09:00","2020-12-13 14:57:00","79.5"
"168968","116537","93430","4325","456287","Returned","2022-08-12 06:55:39","2022-08-13 18:34:00","2022-08-15 14:41:00","2022-08-17 20:49:00","79.5"
"169606","116959","93778","21978","458010","Returned","2020-09-29 12:22:39","2020-09-29 14:20:00","2020-10-02 20:24:00","2020-10-05 05:28:00","79.5"
"3517","2379","1917","5123","9512","Cancelled","2021-11-04 16:41:48",NULL,NULL,NULL,"79.5"
"4776","3268","2667","1913","12944","Cancelled","2022-05-22 09:00:02",NULL,NULL,NULL,"79.5"
"4902","3342","2724","1880","13274","Cancelled","2020-05-07 01:57:07",NULL,NULL,NULL,"79.5"
"8903","6101","4936","2019","24146","Cancelled","2022-03-17 12:08:54",NULL,NULL,NULL,"79.5"
"11591","7976","6469","21978","31408","Cancelled","2022-05-31 17:38:27",NULL,NULL,NULL,"79.5"
"14012","9649","7790","15107","37972","Cancelled","2019-09-27 03:46:39",NULL,NULL,NULL,"79.5"
"16346","11235","9029","25","44243","Cancelled","2022-03-26 14:23:38",NULL,NULL,NULL,"79.5"
"19776","13602","10896","17144","53513","Cancelled","2022-07-11 05:56:42",NULL,NULL,NULL,"79.5"
"23560","16213","12967","15235","63679","Cancelled","2021-04-07 10:05:04",NULL,NULL,NULL,"79.5"
"28532","19646","15710","21184","77125","Cancelled","2022-04-21 10:15:56",NULL,NULL,NULL,"79.5"
"30350","20901","16726","1913","82068","Cancelled","2022-06-28 10:15:17",NULL,NULL,NULL,"79.5"
"34422","23697","18909","8541","92985","Cancelled","2022-09-05 07:42:58.900906",NULL,NULL,NULL,"79.5"
"39522","27214","21747","5123","106697","Cancelled","2021-09-15 13:32:24",NULL,NULL,NULL,"79.5"
"41544","28572","22789","16048","112141","Cancelled","2020-10-05 23:44:10",NULL,NULL,NULL,"79.5"
"45243","31151","24866","22140","122181","Cancelled","2022-09-03 05:03:51.948383",NULL,NULL,NULL,"79.5"
"45975","31645","25238","21086","124135","Cancelled","2021-05-02 01:29:09",NULL,NULL,NULL,"79.5"
"46561","32061","25598","17750","125719","Cancelled","2022-01-06 01:48:06",NULL,NULL,NULL,"79.5"
"47438","32683","26093","21202","128049","Cancelled","2021-12-21 00:29:34",NULL,NULL,NULL,"79.5"
"47973","33050","26400","1842","129490","Cancelled","2021-11-17 01:10:14",NULL,NULL,NULL,"79.5"
"50384","34706","27707","16048","136006","Cancelled","2022-08-08 06:43:01",NULL,NULL,NULL,"79.5"
"55426","38198","30523","75","149555","Cancelled","2022-05-02 15:06:54",NULL,NULL,NULL,"79.5"
"56442","38906","31100","23633","152337","Cancelled","2021-04-16 09:56:03",NULL,NULL,NULL,"79.5"
"56813","39155","31300","18928","153343","Cancelled","2022-01-07 02:10:33",NULL,NULL,NULL,"79.5"
"58510","40333","32206","21086","157913","Cancelled","2022-02-05 06:00:32",NULL,NULL,NULL,"79.5"
"60236","41488","33151","17218","162625","Cancelled","2022-01-20 13:26:45",NULL,NULL,NULL,"79.5"
"66391","45680","36515","17079","179276","Cancelled","2022-03-29 12:50:11",NULL,NULL,NULL,"79.5"
"66512","45759","36592","21978","179591","Cancelled","2022-09-01 10:20:03",NULL,NULL,NULL,"79.5"
"69308","47719","38148","48","187084","Cancelled","2021-12-17 17:10:21",NULL,NULL,NULL,"79.5"
"71866","49501","39627","21448","194011","Cancelled","2021-07-24 12:32:38",NULL,NULL,NULL,"79.5"
"81888","56496","45159","22289","221138","Cancelled","2022-01-01 23:43:34",NULL,NULL,NULL,"79.5"
"84337","58266","46593","1155","227777","Cancelled","2021-01-21 00:23:20",NULL,NULL,NULL,"79.5"
"87008","60131","48121","14833","235049","Cancelled","2022-06-09 00:20:46",NULL,NULL,NULL,"79.5"
"87186","60246","48219","4882","235534","Cancelled","2021-09-05 04:13:52",NULL,NULL,NULL,"79.5"
"93861","64854","51902","4374","253518","Cancelled","2021-09-26 14:03:01",NULL,NULL,NULL,"79.5"
"96376","66599","53242","75","260328","Cancelled","2022-04-02 13:37:00",NULL,NULL,NULL,"79.5"
"97693","67517","53956","17330","263905","Cancelled","2022-08-02 09:06:36",NULL,NULL,NULL,"79.5"
"100649","69550","55626","4556","271815","Cancelled","2020-03-17 00:22:17",NULL,NULL,NULL,"79.5"
"102973","71147","56872","17154","278130","Cancelled","2021-12-01 00:52:33",NULL,NULL,NULL,"79.5"
"103514","71536","57194","17330","279607","Cancelled","2021-01-20 03:43:36",NULL,NULL,NULL,"79.5"
"104290","72062","57615","16604","281708","Cancelled","2021-01-07 00:06:44",NULL,NULL,NULL,"79.5"
"105151","72665","58103","17330","284025","Cancelled","2019-02-27 07:43:55",NULL,NULL,NULL,"79.5"
"107327","74146","59278","75","289900","Cancelled","2022-05-25 11:24:07",NULL,NULL,NULL,"79.5"
"107918","74555","59603","18928","291513","Cancelled","2021-05-31 09:15:48",NULL,NULL,NULL,"79.5"
"114494","79082","63252","4240","309238","Cancelled","2021-10-22 10:41:52",NULL,NULL,NULL,"79.5"
"115414","79714","63776","18568","311716","Cancelled","2022-08-30 01:40:40",NULL,NULL,NULL,"79.5"
"116430","80404","64364","22411","314462","Cancelled","2022-06-13 17:54:12",NULL,NULL,NULL,"79.5"
"122461","84487","67621","4240","330655","Cancelled","2021-11-17 01:05:22",NULL,NULL,NULL,"79.5"
"124933","86190","68962","1842","337296","Cancelled","2020-09-30 23:41:55",NULL,NULL,NULL,"79.5"
"125279","86425","69164","17079","338245","Cancelled","2022-07-20 13:05:58",NULL,NULL,NULL,"79.5"
"127318","87797","70296","1155","343728","Cancelled","2022-01-14 09:55:10",NULL,NULL,NULL,"79.5"
"127514","87931","70407","22411","344262","Cancelled","2022-07-13 13:43:31",NULL,NULL,NULL,"79.5"
"127658","88032","70502","20546","344661","Cancelled","2021-10-14 15:56:55",NULL,NULL,NULL,"79.5"
"127720","88078","70544","17499","344830","Cancelled","2022-08-20 05:19:07",NULL,NULL,NULL,"79.5"
"137248","94701","75911","1073","370605","Cancelled","2020-05-08 13:58:39",NULL,NULL,NULL,"79.5"
"137729","95040","76184","17499","371878","Cancelled","2020-04-28 16:27:04",NULL,NULL,NULL,"79.5"
"143948","99327","79642","21448","388656","Cancelled","2021-11-28 01:31:11",NULL,NULL,NULL,"79.5"
"148433","102420","82160","16502","400800","Cancelled","2022-06-06 09:33:52",NULL,NULL,NULL,"79.5"
"148807","102678","82367","1133","401839","Cancelled","2021-03-06 22:32:30",NULL,NULL,NULL,"79.5"
"150748","104026","83456","1155","407129","Cancelled","2021-03-30 18:25:34",NULL,NULL,NULL,"79.5"
"155292","107139","85955","22398","419328","Cancelled","2019-07-14 07:25:03",NULL,NULL,NULL,"79.5"
"159715","110185","88357","17750","431233","Cancelled","2021-01-28 17:37:05",NULL,NULL,NULL,"79.5"
"161590","111464","89369","20546","436299","Cancelled","2021-03-19 13:51:04",NULL,NULL,NULL,"79.5"
"161623","111488","89390","8541","436397","Cancelled","2022-04-22 06:29:16",NULL,NULL,NULL,"79.5"
"162345","111972","89771","1155","438367","Cancelled","2022-08-03 00:14:19",NULL,NULL,NULL,"79.5"
"163629","112872","90500","4556","441849","Cancelled","2022-06-21 15:42:36",NULL,NULL,NULL,"79.5"
"164105","113194","90770","19017","443152","Cancelled","2020-12-29 23:04:26",NULL,NULL,NULL,"79.5"
"168015","115872","92896","22411","453713","Cancelled","2022-09-05 01:50:54.564936",NULL,NULL,NULL,"79.5"
"171931","118553","95044","22411","464349","Cancelled","2022-05-17 12:44:56",NULL,NULL,NULL,"79.5"
"176152","121484","97428","23076","475741","Cancelled","2022-03-11 16:34:20",NULL,NULL,NULL,"79.5"
"177576","122476","98236","19473","479577","Cancelled","2022-09-04 04:46:42.650542",NULL,NULL,NULL,"79.5"
"1835","1282","1030","14844","4965","Processing","2022-05-25 23:44:36",NULL,NULL,NULL,"79.5"
"2223","1523","1236","22289","6022","Processing","2021-02-16 05:13:21",NULL,NULL,NULL,"79.5"
"3320","2255","1810","22583","8987","Processing","2022-04-22 12:50:09",NULL,NULL,NULL,"79.5"
"4936","3363","2740","21202","13365","Processing","2022-08-28 01:34:37",NULL,NULL,NULL,"79.5"
"6748","4598","3732","1880","18277","Processing","2021-10-03 00:05:38",NULL,NULL,NULL,"79.5"
"9154","6274","5081","4882","24813","Processing","2021-01-14 14:28:54",NULL,NULL,NULL,"79.5"
"9426","6480","5261","4882","25559","Processing","2022-06-17 06:03:21",NULL,NULL,NULL,"79.5"
"9774","6725","5446","25","26516","Processing","2019-08-09 00:13:43",NULL,NULL,NULL,"79.5"
"15437","10599","8522","17154","41814","Processing","2021-02-05 03:21:49",NULL,NULL,NULL,"79.5"
"17255","11877","9542","21925","46722","Processing","2022-08-27 11:22:52",NULL,NULL,NULL,"79.5"
"18379","12638","10139","21086","49773","Processing","2022-08-12 20:53:17",NULL,NULL,NULL,"79.5"
"25020","17233","13768","2024","67630","Processing","2021-12-04 22:54:02",NULL,NULL,NULL,"79.5"
"33263","22896","18266","4325","89847","Processing","2022-09-04 11:43:20.927583",NULL,NULL,NULL,"79.5"
"33806","23285","18588","2024","91327","Processing","2022-01-01 08:37:21",NULL,NULL,NULL,"79.5"
"34027","23432","18692","22352","91934","Processing","2020-10-03 01:36:03",NULL,NULL,NULL,"79.5"
"34254","23584","18821","19017","92543","Processing","2022-02-25 06:26:12",NULL,NULL,NULL,"79.5"
"34635","23836","19035","21184","93567","Processing","2019-10-03 00:51:40",NULL,NULL,NULL,"79.5"
"37779","26006","20781","16502","101989","Processing","2021-11-24 17:50:15",NULL,NULL,NULL,"79.5"
"46402","31937","25500","21336","125314","Processing","2021-05-16 00:09:12",NULL,NULL,NULL,"79.5"
"46826","32254","25764","21184","126423","Processing","2021-11-13 08:51:05",NULL,NULL,NULL,"79.5"
"53577","36917","29497","17330","144578","Processing","2022-06-13 08:36:59",NULL,NULL,NULL,"79.5"
"53710","37010","29571","22398","144946","Processing","2021-01-26 08:15:40",NULL,NULL,NULL,"79.5"
"53804","37077","29616","1880","145214","Processing","2021-12-18 03:02:35",NULL,NULL,NULL,"79.5"
"54645","37672","30103","28226","147451","Processing","2022-03-04 13:59:19",NULL,NULL,NULL,"79.5"
"55138","38007","30368","14844","148771","Processing","2021-11-15 12:10:15",NULL,NULL,NULL,"79.5"
"56295","38806","31026","23076","151929","Processing","2021-05-10 02:46:35",NULL,NULL,NULL,"79.5"
"60485","41657","33295","21184","163308","Processing","2022-06-17 16:05:40",NULL,NULL,NULL,"79.5"
"61525","42367","33864","18928","166078","Processing","2021-03-25 23:54:18",NULL,NULL,NULL,"79.5"
"65196","44887","35896","16502","176050","Processing","2021-12-13 01:13:05",NULL,NULL,NULL,"79.5"
"68294","47004","37604","1880","184381","Processing","2022-05-03 12:28:15",NULL,NULL,NULL,"79.5"
"72278","49779","39838","17847","195125","Processing","2022-07-11 13:48:55",NULL,NULL,NULL,"79.5"
"72391","49860","39912","22598","195442","Processing","2022-09-03 13:23:50",NULL,NULL,NULL,"79.5"
"73263","50466","40396","17079","197826","Processing","2022-06-09 10:37:30",NULL,NULL,NULL,"79.5"
"73726","50774","40625","21166","199059","Processing","2022-06-18 04:23:34",NULL,NULL,NULL,"79.5"
"79766","55012","43992","17330","215387","Processing","2022-08-04 01:06:35",NULL,NULL,NULL,"79.5"
"82547","56977","45555","16502","222930","Processing","2022-03-02 23:55:51",NULL,NULL,NULL,"79.5"
"84024","58033","46404","19473","226941","Processing","2020-07-14 22:10:52",NULL,NULL,NULL,"79.5"
"87189","60248","48222","20546","235540","Processing","2022-09-06 15:03:52",NULL,NULL,NULL,"79.5"
"87903","60753","48641","4556","237459","Processing","2022-05-15 14:38:22",NULL,NULL,NULL,"79.5"
"88341","61048","48874","22411","238652","Processing","2019-07-05 07:49:27",NULL,NULL,NULL,"79.5"
"95057","65686","52552","22310","256775","Processing","2021-08-07 15:40:33",NULL,NULL,NULL,"79.5"
"98118","67802","54175","21202","265054","Processing","2020-04-02 01:28:34",NULL,NULL,NULL,"79.5"
"99105","68477","54754","21086","267714","Processing","2022-08-28 08:30:19",NULL,NULL,NULL,"79.5"
"100206","69257","55381","17300","270635","Processing","2022-03-06 09:13:29",NULL,NULL,NULL,"79.5"
"100485","69440","55540","16502","271379","Processing","2022-01-01 11:52:10",NULL,NULL,NULL,"79.5"
"101333","70028","55986","2019","273669","Processing","2021-04-18 13:15:16",NULL,NULL,NULL,"79.5"
"102565","70871","56653","1913","277044","Processing","2020-09-17 11:43:13",NULL,NULL,NULL,"79.5"
"102748","70985","56733","19017","277530","Processing","2022-04-08 07:05:04",NULL,NULL,NULL,"79.5"
"105872","73162","58521","17079","285983","Processing","2022-05-23 07:48:05",NULL,NULL,NULL,"79.5"
"108851","75194","60125","4556","294040","Processing","2021-02-24 15:33:28",NULL,NULL,NULL,"79.5"
"111528","77048","61643","18928","301206","Processing","2020-02-22 10:28:22",NULL,NULL,NULL,"79.5"
"114685","79212","63364","4374","309754","Processing","2022-03-23 11:50:30",NULL,NULL,NULL,"79.5"
"115318","79651","63717","38","311461","Processing","2022-09-04 00:49:47.93197",NULL,NULL,NULL,"79.5"
"117099","80847","64724","76","316219","Processing","2022-04-15 09:56:02",NULL,NULL,NULL,"79.5"
"118637","81894","65571","16604","320341","Processing","2021-10-23 13:13:53",NULL,NULL,NULL,"79.5"
"122436","84469","67607","20546","330584","Processing","2022-08-08 07:09:31",NULL,NULL,NULL,"79.5"
"125564","86618","69305","17300","339004","Processing","2022-05-10 10:04:45",NULL,NULL,NULL,"79.5"
"127779","88120","70571","8541","344992","Processing","2022-08-10 10:02:58",NULL,NULL,NULL,"79.5"
"130011","89672","71824","1913","351035","Processing","2021-03-18 08:57:53",NULL,NULL,NULL,"79.5"
"133321","91993","73682","22583","359993","Processing","2020-12-10 07:11:37",NULL,NULL,NULL,"79.5"
"139533","96259","77203","5123","376789","Processing","2022-07-04 13:23:50",NULL,NULL,NULL,"79.5"
"142446","98270","78796","2019","384612","Processing","2022-02-10 07:36:58",NULL,NULL,NULL,"79.5"
"147611","101865","81702","16048","398560","Processing","2022-03-14 15:14:41",NULL,NULL,NULL,"79.5"
"147707","101925","81747","4325","398819","Processing","2022-02-11 03:43:22",NULL,NULL,NULL,"79.5"
"149960","103491","83014","22140","404980","Processing","2022-07-20 02:08:01",NULL,NULL,NULL,"79.5"
"150727","104014","83448","4398","407073","Processing","2021-08-31 08:00:27",NULL,NULL,NULL,"79.5"
"151090","104262","83641","48","408043","Processing","2022-04-25 01:55:55",NULL,NULL,NULL,"79.5"
"151619","104601","83924","19473","409487","Processing","2019-12-13 10:05:05",NULL,NULL,NULL,"79.5"
"153726","106065","85083","24072","415124","Processing","2022-05-12 12:52:40",NULL,NULL,NULL,"79.5"
"156464","107930","86572","20546","422456","Processing","2022-02-02 22:54:16",NULL,NULL,NULL,"79.5"
"159118","109763","88026","17750","429603","Processing","2022-03-03 22:07:15",NULL,NULL,NULL,"79.5"
"160863","110961","88962","16048","434326","Processing","2022-01-30 16:27:16",NULL,NULL,NULL,"79.5"
"161595","111469","89374","5123","436315","Processing","2020-07-08 03:11:39",NULL,NULL,NULL,"79.5"
"164327","113352","90893","20535","443773","Processing","2020-09-17 17:01:26",NULL,NULL,NULL,"79.5"
"167618","115590","92648","4325","452667","Processing","2022-07-21 11:41:51",NULL,NULL,NULL,"79.5"
"169580","116947","93768","4398","457935","Processing","2021-04-08 23:19:08",NULL,NULL,NULL,"79.5"
"170880","117814","94476","1155","461510","Processing","2022-01-16 14:55:20",NULL,NULL,NULL,"79.5"
"174746","120515","96632","4442","471889","Processing","2021-03-04 11:20:19",NULL,NULL,NULL,"79.5"
"175932","121335","97308","21448","475126","Processing","2021-12-17 07:13:17",NULL,NULL,NULL,"79.5"
"176025","121394","97362","21925","475386","Processing","2022-09-06 02:20:36.747614",NULL,NULL,NULL,"79.5"
"176167","121495","97439","1913","475779","Processing","2021-07-27 01:29:42",NULL,NULL,NULL,"79.5"
"176849","121965","97818","8541","477637","Processing","2021-03-21 23:08:23",NULL,NULL,NULL,"79.5"
"177006","122077","97898","20546","478065","Processing","2022-01-01 03:45:48",NULL,NULL,NULL,"79.5"
"177788","122620","98356","4442","480148","Processing","2022-03-28 02:38:16",NULL,NULL,NULL,"79.5"
"177904","122702","98421","76","480456","Processing","2022-09-06 06:50:12.617143",NULL,NULL,NULL,"79.5"
"178257","122946","98610","21166","481395","Processing","2022-08-13 14:27:45",NULL,NULL,NULL,"79.5"
"179974","124121","99557","21202","486011","Processing","2022-06-12 09:20:56",NULL,NULL,NULL,"79.5"
"2289","1568","1265","8455","6197","Shipped","2022-06-24 02:40:38","2022-06-24 16:48:00",NULL,NULL,"87.5"
"6253","4265","3466","8455","16918","Shipped","2022-05-30 00:30:22","2022-05-29 08:39:00",NULL,NULL,"87.5"
"30239","20827","16663","8273","81766","Shipped","2022-04-15 15:41:58","2022-04-14 16:57:00",NULL,NULL,"87.5"
"48031","33086","26434","23158","129649","Shipped","2019-09-16 05:36:50","2019-09-17 09:51:00",NULL,NULL,"87.5"
"51947","35802","28601","4505","140227","Shipped","2022-06-21 06:48:36","2022-06-21 16:35:00",NULL,NULL,"87.5"
"52067","35882","28663","23158","140530","Shipped","2020-09-11 09:32:18","2020-09-14 03:28:00",NULL,NULL,"87.5"
"68743","47313","37840","8455","185579","Shipped","2022-06-20 08:13:08","2022-06-23 02:07:00",NULL,NULL,"87.5"
"76199","52514","42023","24414","205767","Shipped","2021-01-31 16:07:17","2021-01-30 10:17:00",NULL,NULL,"87.5"
"83366","57565","46016","14154","225154","Shipped","2022-02-26 08:59:06","2022-03-01 04:19:00",NULL,NULL,"87.5"
"86887","60046","48044","14154","234725","Shipped","2020-03-19 01:14:39","2020-03-17 02:52:00",NULL,NULL,"87.5"
"101321","70018","55978","14154","273635","Shipped","2022-04-27 00:21:13","2022-04-27 15:45:00",NULL,NULL,"87.5"
"101947","70451","56322","29115","275349","Shipped","2021-12-03 13:47:06","2021-12-05 23:58:00",NULL,NULL,"87.5"
"107937","74567","59612","822","291568","Shipped","2020-07-29 15:15:27","2020-08-01 11:33:00",NULL,NULL,"87.5"
"133015","91776","73512","822","359191","Shipped","2021-02-16 23:30:55","2021-02-18 01:05:00",NULL,NULL,"87.5"
"137298","94736","75941","23158","370732","Shipped","2021-05-05 03:09:13","2021-05-05 20:34:00",NULL,NULL,"87.5"
"142642","98420","78914","14154","385133","Shipped","2022-08-31 09:28:03","2022-08-31 16:17:00",NULL,NULL,"87.5"
"148143","102224","82005","24414","400007","Shipped","2022-05-12 04:02:11","2022-05-11 21:28:00",NULL,NULL,"87.5"
"151008","104205","83594","822","407835","Shipped","2022-08-02 23:25:36","2022-08-03 20:45:00",NULL,NULL,"87.5"
"151368","104437","83789","27213","408803","Shipped","2021-06-03 15:45:07","2021-06-05 22:29:00",NULL,NULL,"87.5"
"160110","110455","88583","27213","432300","Shipped","2020-10-06 02:16:59","2020-10-07 01:28:00",NULL,NULL,"87.5"
"174401","120279","96449","19495","470954","Shipped","2021-12-25 22:09:27","2021-12-24 03:27:00",NULL,NULL,"87.5"
"4558","3127","2540","14154","12356","Complete","2022-01-27 01:55:51","2022-01-28 02:55:00","2022-01-28 15:55:00",NULL,"87.5"
"22222","15275","12202","4505","60049","Complete","2021-12-15 10:22:16","2021-12-17 03:20:00","2021-12-21 00:47:00",NULL,"87.5"
"36438","25094","20064","8455","98373","Complete","2021-06-19 07:57:08","2021-06-22 00:51:00","2021-06-22 14:06:00",NULL,"87.5"
"50031","34457","27518","8281","135056","Complete","2019-09-07 11:14:23","2019-09-08 05:16:00","2019-09-08 14:14:00",NULL,"87.5"
"61303","42211","33746","822","165490","Complete","2019-12-30 12:46:13","2019-12-30 16:33:00","2019-12-31 18:59:00",NULL,"87.5"
"64862","44646","35714","4505","175160","Complete","2021-10-17 06:24:12","2021-10-17 10:13:00","2021-10-18 06:27:00",NULL,"87.5"
"66262","45605","36454","23158","178930","Complete","2022-06-21 05:33:19","2022-06-23 23:29:00","2022-06-27 22:25:00",NULL,"87.5"
"83589","57728","46144","14154","225752","Complete","2021-12-09 04:30:16","2021-12-10 11:40:00","2021-12-10 22:28:00",NULL,"87.5"
"85498","59080","47238","8273","230938","Complete","2022-07-06 14:19:53","2022-07-07 17:06:00","2022-07-12 16:13:00",NULL,"87.5"
"86084","59485","47592","27213","232533","Complete","2022-03-17 23:50:13","2022-03-15 09:16:00","2022-03-17 21:27:00",NULL,"87.5"
"86266","59608","47690","24414","233019","Complete","2022-08-07 20:31:45","2022-08-09 02:36:00","2022-08-11 04:43:00",NULL,"87.5"
"103680","71651","57291","4505","280071","Complete","2022-01-05 08:26:53","2022-01-03 11:34:00","2022-01-05 05:46:00",NULL,"87.5"
"106002","73257","58595","8273","286330","Complete","2020-11-12 13:31:13","2020-11-13 10:57:00","2020-11-15 17:07:00",NULL,"87.5"
"114073","78795","63027","8455","308089","Complete","2022-04-17 14:14:42","2022-04-20 01:06:00","2022-04-21 17:14:00",NULL,"87.5"
"118795","82012","65653","27102","320768","Complete","2022-03-10 05:32:17","2022-03-11 12:05:00","2022-03-11 20:54:00",NULL,"87.5"
"123640","85299","68264","29115","333805","Complete","2021-07-16 15:33:09","2021-07-19 09:56:00","2021-07-21 12:09:00",NULL,"87.5"
"145699","100527","80629","29115","393434","Complete","2022-08-12 00:21:29","2022-08-13 01:38:00","2022-08-13 21:12:00",NULL,"87.5"
"145704","100531","80633","23158","393448","Complete","2022-07-28 03:10:15","2022-07-27 03:38:00","2022-07-27 12:20:00",NULL,"87.5"
"147601","101856","81696","24414","398532","Complete","2021-11-11 16:47:26","2021-11-13 23:03:00","2021-11-17 22:37:00",NULL,"87.5"
"156946","108256","86821","8281","423754","Complete","2021-12-21 06:00:29","2021-12-17 16:41:00","2021-12-20 21:01:00",NULL,"87.5"
"157151","108401","86929","27213","424319","Complete","2022-08-01 14:07:13","2022-08-01 17:10:00","2022-08-02 22:53:00",NULL,"87.5"
"168063","115905","92917","822","453846","Complete","2022-02-17 07:14:11","2022-02-20 01:22:00","2022-02-21 17:02:00",NULL,"87.5"
"174834","120572","96674","8455","472138","Complete","2022-04-01 16:21:33","2022-03-29 13:40:00","2022-03-31 02:04:00",NULL,"87.5"
"7708","5282","4277","27102","20908","Returned","2022-01-04 22:14:03","2022-01-06 07:54:00","2022-01-09 07:40:00","2022-01-10 11:41:00","87.5"
"34696","23883","19073","27213","93728","Returned","2022-06-19 05:55:55","2022-06-17 14:36:00","2022-06-22 07:15:00","2022-06-25 01:32:00","87.5"
"44900","30902","24673","27213","121260","Returned","2022-08-22 16:25:19","2022-08-24 17:32:00","2022-08-29 01:39:00","2022-08-31 06:05:00","87.5"
"52227","35988","28745","8273","140942","Returned","2022-01-15 06:47:41","2022-01-12 08:10:00","2022-01-15 00:52:00","2022-01-17 23:16:00","87.5"
"61660","42466","33955","8455","166450","Returned","2022-06-27 05:55:56","2022-06-27 01:53:00","2022-06-30 23:47:00","2022-07-03 18:39:00","87.5"
"88564","61210","49021","27102","239273","Returned","2020-07-09 11:47:54","2020-07-10 21:04:00","2020-07-11 03:02:00","2020-07-12 06:45:00","87.5"
"115765","79942","63975","8273","312650","Returned","2021-09-28 05:17:05","2021-09-28 06:15:00","2021-09-30 16:21:00","2021-10-02 06:56:00","87.5"
"125369","86484","69209","8273","338479","Returned","2022-04-18 15:39:56","2022-04-20 09:37:00","2022-04-24 12:19:00","2022-04-25 08:36:00","87.5"
"136671","94310","75590","4505","369053","Returned","2022-03-16 09:57:32","2022-03-16 21:11:00","2022-03-18 04:14:00","2022-03-21 00:09:00","87.5"
"143005","98674","79106","14154","386116","Returned","2022-04-17 13:47:43","2022-04-19 07:30:00","2022-04-20 07:35:00","2022-04-23 07:23:00","87.5"
"46142","31767","25352","4505","124589","Cancelled","2021-07-30 06:30:41",NULL,NULL,NULL,"87.5"
"67079","46145","36900","27213","181131","Cancelled","2022-06-03 05:02:18",NULL,NULL,NULL,"87.5"
"78705","54261","43439","23158","212478","Cancelled","2021-03-17 14:14:54",NULL,NULL,NULL,"87.5"
"98080","67779","54157","27102","264956","Cancelled","2022-08-26 10:16:02",NULL,NULL,NULL,"87.5"
"118346","81694","65415","8455","319554","Cancelled","2021-07-03 12:09:14",NULL,NULL,NULL,"87.5"
"129274","89153","71422","4505","349070","Cancelled","2020-10-22 07:14:27",NULL,NULL,NULL,"87.5"
"132686","91530","73302","19495","358297","Cancelled","2022-08-04 06:22:31",NULL,NULL,NULL,"87.5"
"159909","110323","88473","23158","431761","Cancelled","2020-11-14 03:31:22",NULL,NULL,NULL,"87.5"
"166903","115105","92257","8273","450772","Cancelled","2022-07-18 04:02:56",NULL,NULL,NULL,"87.5"
"173363","119571","95864","23158","468207","Cancelled","2022-09-03 17:17:37",NULL,NULL,NULL,"87.5"
"180054","124177","99599","19495","486236","Cancelled","2021-08-15 00:05:49",NULL,NULL,NULL,"87.5"
"32194","22153","17717","29115","86977","Processing","2022-06-06 01:54:04",NULL,NULL,NULL,"87.5"
"40604","27932","22291","14154","109625","Processing","2021-04-17 23:28:19",NULL,NULL,NULL,"87.5"
"43381","29843","23796","27213","117140","Processing","2021-11-09 06:16:14",NULL,NULL,NULL,"87.5"
"47407","32663","26076","19495","127965","Processing","2022-06-22 10:44:15",NULL,NULL,NULL,"87.5"
"87019","60139","48127","14154","235074","Processing","2021-01-28 23:54:51",NULL,NULL,NULL,"87.5"
"120698","83295","66696","822","325897","Processing","2021-09-25 02:49:12",NULL,NULL,NULL,"87.5"
"127965","88254","70674","822","345504","Processing","2021-07-07 11:32:27",NULL,NULL,NULL,"87.5"
"128887","88892","71213","19495","348001","Processing","2021-07-15 22:44:53",NULL,NULL,NULL,"87.5"
"162894","112362","90104","8455","439873","Processing","2020-12-21 13:13:49",NULL,NULL,NULL,"87.5"
"168206","115998","92992","8455","454248","Processing","2022-06-29 07:59:43",NULL,NULL,NULL,"87.5"
"170867","117806","94470","8281","461472","Processing","2021-06-03 09:54:59",NULL,NULL,NULL,"87.5"
"2353","1615","1300","20219","6364","Shipped","2022-06-28 21:36:18","2022-06-26 08:52:00",NULL,NULL,"99.5"
"3900","2656","2145","28187","10556","Shipped","2022-08-22 07:27:49","2022-08-24 20:06:00",NULL,NULL,"99.5"
"7913","5421","4390","23653","21464","Shipped","2022-01-03 11:17:06","2022-01-05 19:26:00",NULL,NULL,"99.5"
"12305","8486","6858","23925","33354","Shipped","2022-09-05 22:20:37.453359","2022-09-02 22:19:48.453359",NULL,NULL,"99.5"
"14521","9992","8041","808","39354","Shipped","2019-04-25 03:58:59","2019-04-27 04:59:00",NULL,NULL,"99.5"
"16791","11557","9306","7483","45475","Shipped","2022-09-01 07:16:13","2022-08-28 12:51:00",NULL,NULL,"99.5"
"17684","12160","9776","3116","47900","Shipped","2022-01-21 10:21:50","2022-01-22 06:20:00",NULL,NULL,"99.5"
"24960","17193","13739","20120","67472","Shipped","2021-11-27 17:20:14","2021-11-30 12:01:00",NULL,NULL,"99.5"
"27812","19161","15329","19056","75191","Shipped","2022-08-17 16:22:18","2022-08-19 00:24:00",NULL,NULL,"99.5"
"28479","19610","15678","20219","76983","Shipped","2022-02-26 15:49:11","2022-02-28 10:37:00",NULL,NULL,"99.5"
"30687","21133","16922","15230","82965","Shipped","2020-12-21 03:59:20","2020-12-23 21:58:00",NULL,NULL,"99.5"
"30893","21265","17032","19814","83516","Shipped","2021-09-29 16:33:28","2021-09-30 00:24:00",NULL,NULL,"99.5"
"31957","21993","17594","20373","86349","Shipped","2022-03-28 01:15:40","2022-03-31 00:00:00",NULL,NULL,"99.5"
"38499","26514","21189","3116","103926","Shipped","2020-02-18 14:40:47","2020-02-17 12:20:00",NULL,NULL,"99.5"
"40243","27698","22127","15183","108630","Shipped","2022-07-13 01:43:15","2022-07-16 03:09:00",NULL,NULL,"99.5"
"42401","29172","23266","7470","114494","Shipped","2021-05-04 15:28:38","2021-05-04 19:06:00",NULL,NULL,"99.5"
"42446","29200","23281","23899","114623","Shipped","2022-09-01 11:29:22.617896","2022-09-03 16:21:16.617896",NULL,NULL,"99.5"
"54246","37385","29874","24192","146381","Shipped","2022-02-14 14:50:19","2022-02-15 00:32:00",NULL,NULL,"99.5"
"54283","37409","29892","17608","146486","Shipped","2020-08-01 05:28:26","2020-07-28 07:39:00",NULL,NULL,"99.5"
"54361","37459","29932","20219","146686","Shipped","2021-10-08 00:39:43","2021-10-10 19:08:00",NULL,NULL,"99.5"
"57224","39441","31525","7823","154443","Shipped","2022-08-27 13:46:07","2022-08-27 06:09:00",NULL,NULL,"99.5"
"57746","39796","31810","7212","155834","Shipped","2021-12-21 10:01:28","2021-12-22 18:59:00",NULL,NULL,"99.5"
"59734","41153","32883","808","161252","Shipped","2021-12-03 16:24:23","2021-12-06 10:13:00",NULL,NULL,"99.5"
"62774","43222","34565","20120","169474","Shipped","2022-01-08 12:16:44","2022-01-09 09:03:00",NULL,NULL,"99.5"
"68571","47193","37749","15183","185107","Shipped","2020-03-28 08:35:26","2020-03-27 03:36:00",NULL,NULL,"99.5"
"69864","48096","38458","1278","188599","Shipped","2020-12-13 06:58:37","2020-12-12 07:27:00",NULL,NULL,"99.5"
"70799","48752","39002","15230","191139","Shipped","2022-06-28 11:58:39","2022-06-29 19:17:00",NULL,NULL,"99.5"
"71085","48939","39153","23925","191909","Shipped","2021-01-05 03:15:25","2021-01-02 04:09:00",NULL,NULL,"99.5"
"72772","50125","40113","2415","196500","Shipped","2021-04-17 05:00:59","2021-04-15 06:31:00",NULL,NULL,"99.5"
"76585","52788","42238","24192","206795","Shipped","2022-07-13 02:32:59","2022-07-15 17:59:00",NULL,NULL,"99.5"
"78654","54227","43411","19056","212335","Shipped","2022-01-09 22:24:42","2022-01-11 20:14:00",NULL,NULL,"99.5"
"83140","57404","45886","1278","224552","Shipped","2020-11-13 01:36:17","2020-11-14 20:09:00",NULL,NULL,"99.5"
"84879","58639","46891","24192","229265","Shipped","2022-07-29 01:38:06","2022-07-29 12:04:00",NULL,NULL,"99.5"
"87485","60450","48394","15230","236338","Shipped","2022-04-03 15:33:38","2022-04-05 17:24:00",NULL,NULL,"99.5"
"90919","62831","50306","7483","245598","Shipped","2022-03-11 01:59:11","2022-03-09 08:29:00",NULL,NULL,"99.5"
"92595","63977","51213","28185","250090","Shipped","2022-09-02 06:42:41","2022-09-02 22:22:00",NULL,NULL,"99.5"
"93193","64401","51526","7556","251698","Shipped","2022-08-04 01:57:24","2022-08-01 13:56:00",NULL,NULL,"99.5"
"99296","68614","54854","7803","268228","Shipped","2022-06-01 10:49:22","2022-06-01 04:58:00",NULL,NULL,"99.5"
"100884","69723","55752","7470","272478","Shipped","2022-08-24 12:50:38","2022-08-25 18:25:00",NULL,NULL,"99.5"
"116796","80633","64561","20120","315435","Shipped","2022-08-30 02:41:10","2022-09-02 02:40:00",NULL,NULL,"99.5"
"120742","83329","66724","19263","326018","Shipped","2021-01-24 01:01:21","2021-01-21 13:33:00",NULL,NULL,"99.5"
"129159","89075","71360","28185","348754","Shipped","2021-01-07 10:57:48","2021-01-08 18:02:00",NULL,NULL,"99.5"
"131704","90851","72769","808","355601","Shipped","2021-10-22 23:57:51","2021-10-24 22:34:00",NULL,NULL,"99.5"
"137192","94669","75884","23899","370445","Shipped","2021-10-14 01:23:53","2021-10-13 04:50:00",NULL,NULL,"99.5"
"139879","96489","77369","7483","377708","Shipped","2020-08-10 05:16:36","2020-08-07 07:22:00",NULL,NULL,"99.5"
"141063","97299","78031","20219","380871","Shipped","2020-07-26 12:10:10","2020-07-27 03:15:00",NULL,NULL,"99.5"
"141963","97917","78522","7483","383307","Shipped","2022-08-23 15:55:31","2022-08-23 13:34:00",NULL,NULL,"99.5"
"147313","101640","81522","1278","397760","Shipped","2021-06-04 06:58:48","2021-06-06 09:48:00",NULL,NULL,"99.5"
"149446","103139","82730","1349","403559","Shipped","2022-05-13 03:36:38","2022-05-15 13:53:00",NULL,NULL,"99.5"
"150671","103971","83414","23925","406926","Shipped","2020-01-29 12:15:48","2020-02-01 14:05:00",NULL,NULL,"99.5"
"151984","104866","84151","1349","410465","Shipped","2022-03-08 10:05:57","2022-03-10 08:14:00",NULL,NULL,"99.5"
"152820","105437","84591","19814","412692","Shipped","2022-08-29 16:19:58","2022-08-31 05:08:00",NULL,NULL,"99.5"
"157539","108654","87130","15230","425363","Shipped","2020-07-20 23:35:44","2020-07-21 20:36:00",NULL,NULL,"99.5"
"157631","108717","87183","20219","425607","Shipped","2021-10-07 02:16:43","2021-10-08 03:28:00",NULL,NULL,"99.5"
"160742","110889","88910","7829","434007","Shipped","2022-05-06 04:11:15","2022-05-06 00:12:00",NULL,NULL,"99.5"
"163335","112660","90334","20373","441034","Shipped","2021-12-30 11:50:24","2021-12-28 15:31:00",NULL,NULL,"99.5"
"164115","113202","90776","7556","443178","Shipped","2020-11-05 03:19:58","2020-11-08 03:31:00",NULL,NULL,"99.5"
"165612","114221","91573","28187","447285","Shipped","2021-03-20 11:01:42","2021-03-20 15:17:00",NULL,NULL,"99.5"
"167685","115637","92686","1349","452839","Shipped","2022-04-26 02:00:46","2022-04-29 00:15:00",NULL,NULL,"99.5"
"168326","116082","93073","24274","454574","Shipped","2022-07-10 04:45:06","2022-07-11 02:27:00",NULL,NULL,"99.5"
"169214","116706","93577","808","456950","Shipped","2022-07-06 13:42:38","2022-07-08 12:50:00",NULL,NULL,"99.5"
"170647","117657","94367","19885","460865","Shipped","2022-03-27 01:05:07","2022-03-24 07:52:00",NULL,NULL,"99.5"
"171681","118372","94919","19814","463654","Shipped","2022-03-08 17:17:01","2022-03-05 16:57:00",NULL,NULL,"99.5"
"179278","123652","99189","1278","484142","Shipped","2020-10-01 11:06:35","2020-09-30 04:41:00",NULL,NULL,"99.5"
"617","445","388","19056","1642","Complete","2022-05-14 17:26:13","2022-05-16 23:39:00","2022-05-17 23:51:00",NULL,"99.5"
"2669","1823","1476","24274","7222","Complete","2019-10-08 04:05:50","2019-10-11 04:32:00","2019-10-12 02:29:00",NULL,"99.5"
"6657","4540","3681","23899","18032","Complete","2022-05-17 04:36:34","2022-05-18 11:13:00","2022-05-18 13:51:00",NULL,"99.5"
"12654","8732","7050","19056","34287","Complete","2022-08-02 08:19:33","2022-08-02 22:58:00","2022-08-05 04:59:00",NULL,"99.5"
"13899","9578","7725","17293","37671","Complete","2022-05-01 08:33:40","2022-05-01 23:27:00","2022-05-05 01:34:00",NULL,"99.5"
"15113","10390","8362","23925","40940","Complete","2021-09-06 23:26:52","2021-09-07 03:28:00","2021-09-07 10:10:00",NULL,"99.5"
"15207","10450","8419","22681","41187","Complete","2019-11-26 09:50:29","2019-11-28 16:06:00","2019-12-02 12:32:00",NULL,"99.5"
"17817","12250","9856","7212","48262","Complete","2021-11-08 14:19:01","2021-11-10 00:02:00","2021-11-14 17:27:00",NULL,"99.5"
"18915","12999","10423","17608","51190","Complete","2021-03-29 07:04:39","2021-03-31 16:43:00","2021-04-04 15:38:00",NULL,"99.5"
"22721","15632","12489","17608","61414","Complete","2021-08-12 01:52:48","2021-08-12 08:08:00","2021-08-16 23:50:00",NULL,"99.5"
"23195","15962","12756","7483","62689","Complete","2021-11-24 01:03:34","2021-11-21 17:33:00","2021-11-23 09:36:00",NULL,"99.5"
"24127","16596","13267","22297","65221","Complete","2022-07-22 08:36:41","2022-07-24 03:03:00","2022-07-27 22:06:00",NULL,"99.5"
"25284","17425","13916","7823","68326","Complete","2021-11-09 23:54:24","2021-11-09 17:02:00","2021-11-11 14:52:00",NULL,"99.5"
"27354","18838","15064","23899","73944","Complete","2022-08-06 03:57:32","2022-08-07 06:56:00","2022-08-09 09:24:00",NULL,"99.5"
"27740","19112","15283","20120","74988","Complete","2022-02-18 05:53:20","2022-02-21 03:57:00","2022-02-22 12:08:00",NULL,"99.5"
"31282","21522","17226","7470","84546","Complete","2022-05-13 12:04:35","2022-05-12 21:27:00","2022-05-17 06:34:00",NULL,"99.5"
"34382","23667","18880","19814","92882","Complete","2022-03-19 06:00:07","2022-03-19 15:03:00","2022-03-23 13:59:00",NULL,"99.5"
"39327","27072","21626","783","106184","Complete","2021-01-05 08:15:59","2021-01-04 03:38:00","2021-01-08 09:41:00",NULL,"99.5"
"45576","31379","25048","23899","123068","Complete","2021-10-03 03:11:58","2021-09-29 13:20:00","2021-10-04 02:50:00",NULL,"99.5"
"51846","35727","28544","28185","139945","Complete","2021-04-16 08:37:06","2021-04-16 20:45:00","2021-04-21 12:51:00",NULL,"99.5"
"61402","42281","33807","23899","165757","Complete","2022-07-04 03:23:36","2022-07-04 15:52:00","2022-07-05 22:43:00",NULL,"99.5"
"65102","44819","35839","19814","175792","Complete","2021-02-01 16:03:42","2021-02-02 11:20:00","2021-02-03 21:49:00",NULL,"99.5"
"72483","49921","39954","7470","195718","Complete","2021-04-14 00:44:24","2021-04-15 05:19:00","2021-04-16 05:36:00",NULL,"99.5"
"72509","49941","39971","19885","195792","Complete","2021-03-17 23:37:46","2021-03-20 21:54:00","2021-03-25 04:34:00",NULL,"99.5"
"73329","50511","40428","22681","198011","Complete","2022-07-06 08:44:42","2022-07-09 12:07:00","2022-07-12 01:57:00",NULL,"99.5"
"76366","52632","42114","7212","206211","Complete","2022-07-31 11:28:55","2022-08-03 04:08:00","2022-08-06 21:54:00",NULL,"99.5"
"86267","59609","47691","19885","233021","Complete","2020-07-21 00:08:42","2020-07-19 19:54:00","2020-07-21 06:49:00",NULL,"99.5"
"90009","62214","49797","19814","243148","Complete","2020-03-16 09:59:20","2020-03-16 22:22:00","2020-03-18 09:44:00",NULL,"99.5"
"96625","66767","53368","19263","260993","Complete","2022-09-03 08:27:19.204492","2022-09-03 22:04:34.204492","2022-09-04 03:55:34.204492",NULL,"99.5"
"102315","70698","56530","22297","276360","Complete","2022-05-22 04:05:00","2022-05-24 03:31:00","2022-05-25 13:16:00",NULL,"99.5"
"107865","74517","59573","19104","291361","Complete","2020-05-12 16:31:10","2020-05-14 23:36:00","2020-05-18 12:17:00",NULL,"99.5"
"110068","76028","60798","19056","297297","Complete","2022-03-19 07:59:38","2022-03-19 20:23:00","2022-03-21 23:40:00",NULL,"99.5"
"110253","76164","60903","783","297777","Complete","2020-11-29 23:02:13","2020-12-01 06:35:00","2020-12-05 10:31:00",NULL,"99.5"
"112396","77634","62102","20373","303580","Complete","2022-09-02 06:56:49","2022-09-05 03:37:00","2022-09-09 20:53:00",NULL,"99.5"
"116319","80322","64292","7556","314156","Complete","2020-03-19 02:06:39","2020-03-21 15:54:00","2020-03-22 08:07:00",NULL,"99.5"
"122905","84792","67859","19814","331869","Complete","2022-04-23 09:58:30","2022-04-23 20:41:00","2022-04-25 13:38:00",NULL,"99.5"
"123604","85272","68247","15183","333713","Complete","2020-01-15 15:35:12","2020-01-11 19:55:00","2020-01-15 16:35:00",NULL,"99.5"
"126384","87178","69756","19056","341232","Complete","2022-01-01 16:59:41","2022-01-03 02:25:00","2022-01-05 08:35:00",NULL,"99.5"
"127627","88009","70480","7823","344574","Complete","2019-05-11 04:47:48","2019-05-13 17:10:00","2019-05-14 20:58:00",NULL,"99.5"
"136447","94167","75483","7470","368438","Complete","2021-10-25 17:35:58","2021-10-25 19:12:00","2021-10-30 01:05:00",NULL,"99.5"
"140872","97170","77930","7829","380360","Complete","2019-02-28 14:14:35","2019-03-02 17:16:00","2019-03-05 09:26:00",NULL,"99.5"
"141753","97780","78403","17608","382747","Complete","2022-06-17 06:47:55","2022-06-16 16:23:00","2022-06-19 14:04:00",NULL,"99.5"
"142925","98615","79060","15230","385904","Complete","2022-06-26 12:21:19","2022-06-26 18:03:00","2022-06-28 15:01:00",NULL,"99.5"
"146198","100876","80930","22297","394773","Complete","2020-05-20 06:20:30","2020-05-19 03:15:00","2020-05-21 23:23:00",NULL,"99.5"
"152498","105222","84425","7556","411847","Complete","2020-01-16 14:29:51","2020-01-16 19:20:00","2020-01-17 10:02:00",NULL,"99.5"
"153967","106235","85218","7823","415770","Complete","2022-05-16 15:48:31","2022-05-18 03:23:00","2022-05-20 20:45:00",NULL,"99.5"
"160006","110387","88532","24274","432020","Complete","2021-03-11 09:04:52","2021-03-13 22:55:00","2021-03-14 19:39:00",NULL,"99.5"
"161924","111687","89546","19263","437222","Complete","2022-03-02 08:22:09","2022-03-04 07:11:00","2022-03-06 19:43:00",NULL,"99.5"
"163152","112531","90235","24274","440552","Complete","2022-08-01 01:47:34","2022-08-02 20:20:00","2022-08-05 12:09:00",NULL,"99.5"
"163700","112926","90547","24192","442034","Complete","2021-09-12 05:21:59","2021-09-13 20:10:00","2021-09-15 00:01:00",NULL,"99.5"
"164841","113693","91145","20373","445186","Complete","2021-05-07 10:03:46","2021-05-10 07:57:00","2021-05-10 21:28:00",NULL,"99.5"
"166105","114557","91843","23653","448608","Complete","2021-07-05 08:52:59","2021-07-08 06:59:00","2021-07-12 11:07:00",NULL,"99.5"
"178860","123369","98951","7483","483014","Complete","2022-08-23 05:45:18","2022-08-22 13:10:00","2022-08-24 06:29:00",NULL,"99.5"
"7306","4993","4049","19263","19794","Returned","2020-01-16 00:28:58","2020-01-14 15:43:00","2020-01-17 19:08:00","2020-01-19 20:35:00","99.5"
"23518","16184","12943","23653","63560","Returned","2021-05-01 05:53:09","2021-05-02 07:02:00","2021-05-05 18:33:00","2021-05-06 21:07:00","99.5"
"23531","16195","12953","20219","63596","Returned","2022-02-01 01:02:48","2022-02-03 07:45:00","2022-02-04 21:48:00","2022-02-06 02:46:00","99.5"
"30823","21218","16998","7556","83322","Returned","2022-02-25 09:54:24","2022-02-28 09:33:00","2022-03-04 06:28:00","2022-03-07 03:17:00","99.5"
"39494","27196","21729","20373","106621","Returned","2022-05-01 03:40:04","2022-05-02 14:59:00","2022-05-07 07:46:00","2022-05-09 10:02:00","99.5"
"40705","27995","22334","22681","109910","Returned","2021-05-25 00:56:31","2021-05-25 20:36:00","2021-05-27 07:31:00","2021-05-29 07:00:00","99.5"
"49285","33937","27107","28185","133028","Returned","2019-04-27 11:50:58","2019-04-24 01:47:00","2019-04-26 08:32:00","2019-04-27 17:24:00","99.5"
"63985","44043","35227","22474","172741","Returned","2022-05-18 02:08:41","2022-05-18 11:49:00","2022-05-20 04:13:00","2022-05-22 03:21:00","99.5"
"71749","49415","39557","22681","193701","Returned","2021-10-28 09:28:19","2021-10-27 21:30:00","2021-10-28 07:46:00","2021-10-30 09:45:00","99.5"
"76241","52541","42044","19814","205884","Returned","2022-02-02 08:04:55","2022-01-30 19:34:00","2022-02-04 03:40:00","2022-02-06 04:49:00","99.5"
"108074","74656","59694","28185","291953","Returned","2022-06-13 09:28:08","2022-06-11 19:53:00","2022-06-11 23:22:00","2022-06-12 19:09:00","99.5"
"108598","75025","59988","17293","293359","Returned","2022-08-25 12:13:41","2022-08-27 02:26:00","2022-08-29 22:28:00","2022-08-30 12:38:00","99.5"
"116366","80356","64321","1278","314279","Returned","2021-09-20 08:32:53","2021-09-22 12:38:00","2021-09-25 18:55:00","2021-09-26 20:40:00","99.5"
"129698","89451","71656","7470","350169","Returned","2022-07-10 16:30:54","2022-07-11 19:12:00","2022-07-12 01:28:00","2022-07-14 18:25:00","99.5"
"172501","118960","95373","23653","465896","Returned","2020-08-06 13:02:19","2020-08-07 04:40:00","2020-08-10 06:15:00","2020-08-12 23:52:00","99.5"
"176075","121428","97388","24274","475527","Returned","2020-04-02 22:31:25","2020-04-03 11:36:00","2020-04-06 14:16:00","2020-04-09 05:27:00","99.5"
"14318","9855","7944","1349","38804","Cancelled","2019-10-26 17:43:26",NULL,NULL,NULL,"99.5"
"15585","10694","8601","19104","42215","Cancelled","2021-03-17 13:26:48",NULL,NULL,NULL,"99.5"
"23558","16212","12966","22681","63674","Cancelled","2020-04-13 21:32:28",NULL,NULL,NULL,"99.5"
"24639","16957","13538","7803","66594","Cancelled","2022-05-15 21:22:36",NULL,NULL,NULL,"99.5"
"26644","18360","14668","17608","72020","Cancelled","2022-03-24 10:20:19",NULL,NULL,NULL,"99.5"
"27887","19222","15372","19056","75393","Cancelled","2022-05-16 21:18:32",NULL,NULL,NULL,"99.5"
"31193","21463","17171","24274","84308","Cancelled","2022-08-11 20:56:29",NULL,NULL,NULL,"99.5"
"40832","28086","22405","28185","110256","Cancelled","2020-04-16 07:13:11",NULL,NULL,NULL,"99.5"
"48369","33332","26625","7470","130540","Cancelled","2022-05-03 09:00:29",NULL,NULL,NULL,"99.5"
"50035","34460","27523","23653","135065","Cancelled","2021-07-18 06:51:16",NULL,NULL,NULL,"99.5"
"57757","39805","31819","22589","155859","Cancelled","2021-05-07 03:53:12",NULL,NULL,NULL,"99.5"
"65909","45369","36270","24274","177971","Cancelled","2022-06-18 06:12:52",NULL,NULL,NULL,"99.5"
"67196","46231","36969","22474","181452","Cancelled","2021-06-16 17:49:15",NULL,NULL,NULL,"99.5"
"68649","47246","37786","20373","185319","Cancelled","2022-07-24 07:30:50",NULL,NULL,NULL,"99.5"
"69382","47778","38197","17293","187277","Cancelled","2022-05-09 23:09:41",NULL,NULL,NULL,"99.5"
"84768","58560","46835","19885","228954","Cancelled","2021-09-06 00:44:32",NULL,NULL,NULL,"99.5"
"91168","62996","50437","28187","246280","Cancelled","2021-06-11 10:29:40",NULL,NULL,NULL,"99.5"
"115291","79629","63702","7470","311385","Cancelled","2022-08-30 21:11:32",NULL,NULL,NULL,"99.5"
"118438","81754","65456","7803","319796","Cancelled","2022-02-23 08:28:32",NULL,NULL,NULL,"99.5"
"121575","83898","67164","23899","328253","Cancelled","2022-03-15 17:14:49",NULL,NULL,NULL,"99.5"
"122590","84578","67697","22297","330999","Cancelled","2021-11-21 15:39:54",NULL,NULL,NULL,"99.5"
"124323","85766","68640","17293","335617","Cancelled","2022-02-09 01:26:52",NULL,NULL,NULL,"99.5"
"127037","87611","70144","783","343004","Cancelled","2021-07-26 05:08:48",NULL,NULL,NULL,"99.5"
"128951","88934","71241","7483","348181","Cancelled","2022-09-03 05:52:02",NULL,NULL,NULL,"99.5"
"132178","91184","73020","22589","356895","Cancelled","2022-08-19 11:30:54",NULL,NULL,NULL,"99.5"
"134551","92832","74372","15183","363343","Cancelled","2022-05-18 04:09:28",NULL,NULL,NULL,"99.5"
"143721","99169","79507","7823","388033","Cancelled","2021-07-18 11:49:45",NULL,NULL,NULL,"99.5"
"147559","101824","81673","20373","398422","Cancelled","2022-04-08 23:41:31",NULL,NULL,NULL,"99.5"
"149033","102845","82492","23899","402443","Cancelled","2022-02-09 15:44:46",NULL,NULL,NULL,"99.5"
"150190","103637","83126","23899","405628","Cancelled","2020-08-01 16:52:49",NULL,NULL,NULL,"99.5"
"150787","104050","83472","15183","407239","Cancelled","2022-03-09 07:36:56",NULL,NULL,NULL,"99.5"
"155120","107020","85861","22681","418855","Cancelled","2020-12-31 02:14:45",NULL,NULL,NULL,"99.5"
"156757","108128","86726","24192","423239","Cancelled","2022-07-07 01:08:02",NULL,NULL,NULL,"99.5"
"161040","111083","89060","7803","434800","Cancelled","2020-02-19 13:34:42",NULL,NULL,NULL,"99.5"
"179529","123820","99316","22297","484829","Cancelled","2020-10-06 14:21:17",NULL,NULL,NULL,"99.5"
"653","466","400","1349","1745","Processing","2021-05-13 09:21:55",NULL,NULL,NULL,"99.5"
"11071","7616","6181","24274","30000","Processing","2020-11-18 06:19:50",NULL,NULL,NULL,"99.5"
"12008","8288","6700","19056","32550","Processing","2022-09-03 22:24:40.243819",NULL,NULL,NULL,"99.5"
"19852","13658","10935","7823","53727","Processing","2020-09-22 13:12:14",NULL,NULL,NULL,"99.5"
"22988","15811","12643","7483","62143","Processing","2022-05-09 03:38:19",NULL,NULL,NULL,"99.5"
"25773","17767","14191","20120","69656","Processing","2022-05-26 12:08:44",NULL,NULL,NULL,"99.5"
"28393","19561","15641","1349","76756","Processing","2021-05-23 02:33:36",NULL,NULL,NULL,"99.5"
"30151","20762","16604","28185","81513","Processing","2021-04-06 13:50:29",NULL,NULL,NULL,"99.5"
"31386","21597","17273","23925","84831","Processing","2019-05-25 06:56:41",NULL,NULL,NULL,"99.5"
"39058","26896","21485","783","105441","Processing","2022-04-26 05:57:43",NULL,NULL,NULL,"99.5"
"39609","27278","21791","19104","106920","Processing","2021-12-31 23:07:15",NULL,NULL,NULL,"99.5"
"53763","37051","29596","19885","145091","Processing","2021-08-25 23:08:26",NULL,NULL,NULL,"99.5"
"64325","44266","35407","22474","173664","Processing","2020-12-21 00:49:13",NULL,NULL,NULL,"99.5"
"69735","48014","38394","3116","188240","Processing","2021-12-18 01:13:28",NULL,NULL,NULL,"99.5"
"73394","50557","40459","24274","198177","Processing","2022-03-23 17:22:15",NULL,NULL,NULL,"99.5"
"73837","50853","40680","28187","199358","Processing","2022-04-24 13:53:49",NULL,NULL,NULL,"99.5"
"75636","52122","41733","3116","204212","Processing","2021-06-06 05:43:09",NULL,NULL,NULL,"99.5"
"78135","53881","43100","23899","210946","Processing","2020-07-18 14:36:13",NULL,NULL,NULL,"99.5"
"84720","58527","46814","23899","228822","Processing","2022-05-05 15:33:16",NULL,NULL,NULL,"99.5"
"87586","60524","48463","19056","236611","Processing","2020-04-03 14:56:23",NULL,NULL,NULL,"99.5"
"88044","60856","48712","22589","237844","Processing","2020-05-10 11:03:45",NULL,NULL,NULL,"99.5"
"88938","61470","49213","7483","240286","Processing","2020-07-18 05:20:48",NULL,NULL,NULL,"99.5"
"89247","61691","49396","23899","241100","Processing","2020-06-10 09:31:03",NULL,NULL,NULL,"99.5"
"89493","61857","49521","23925","241747","Processing","2022-06-06 16:57:01",NULL,NULL,NULL,"99.5"
"95160","65764","52611","808","257039","Processing","2020-12-02 22:58:52",NULL,NULL,NULL,"99.5"
"97915","67667","54069","28187","264510","Processing","2021-08-29 13:53:36",NULL,NULL,NULL,"99.5"
"103902","71808","57420","7470","280672","Processing","2021-04-15 01:31:27",NULL,NULL,NULL,"99.5"
"108813","75170","60114","23653","293930","Processing","2020-12-27 07:54:40",NULL,NULL,NULL,"99.5"
"111288","76881","61510","28187","300557","Processing","2021-04-02 22:50:50",NULL,NULL,NULL,"99.5"
"112068","77408","61930","24274","302691","Processing","2021-06-22 08:03:40",NULL,NULL,NULL,"99.5"
"112780","77901","62312","19056","304616","Processing","2021-06-06 05:27:26",NULL,NULL,NULL,"99.5"
"117248","80936","64809","19263","316629","Processing","2022-06-30 06:48:33",NULL,NULL,NULL,"99.5"
"117570","81162","65006","20373","317474","Processing","2021-07-13 07:03:56",NULL,NULL,NULL,"99.5"
"118546","81835","65521","20373","320086","Processing","2019-11-30 23:01:17",NULL,NULL,NULL,"99.5"
"118767","81992","65640","1278","320697","Processing","2022-05-17 05:08:53",NULL,NULL,NULL,"99.5"
"120928","83455","66830","28185","326510","Processing","2022-06-17 20:37:44",NULL,NULL,NULL,"99.5"
"122354","84408","67567","19814","330356","Processing","2022-08-05 01:52:17",NULL,NULL,NULL,"99.5"
"123677","85324","68282","23899","333909","Processing","2022-06-09 01:24:09",NULL,NULL,NULL,"99.5"
"126111","86984","69614","22681","340503","Processing","2021-02-20 07:26:28",NULL,NULL,NULL,"99.5"
"126130","86994","69626","28185","340554","Processing","2021-11-05 22:44:13",NULL,NULL,NULL,"99.5"
"128783","88817","71144","20373","347725","Processing","2021-10-05 10:51:01",NULL,NULL,NULL,"99.5"
"133347","92010","73697","24274","360064","Processing","2020-12-19 08:53:58",NULL,NULL,NULL,"99.5"
"135587","93566","74968","1278","366135","Processing","2021-04-14 10:28:09",NULL,NULL,NULL,"99.5"
"137404","94810","75999","22297","371011","Processing","2020-03-19 00:56:45",NULL,NULL,NULL,"99.5"
"145210","100192","80341","7803","392096","Processing","2021-09-26 01:22:14",NULL,NULL,NULL,"99.5"
"146255","100915","80970","17608","394936","Processing","2022-07-19 23:29:38",NULL,NULL,NULL,"99.5"
"151448","104490","83838","20373","409020","Processing","2020-11-30 21:29:57",NULL,NULL,NULL,"99.5"
"157342","108523","87030","7212","424841","Processing","2020-10-22 03:56:55",NULL,NULL,NULL,"99.5"
"165110","113866","91292","783","445908","Processing","2021-05-20 00:03:35",NULL,NULL,NULL,"99.5"
"169023","116578","93463","17608","456442","Processing","2022-02-11 21:23:03",NULL,NULL,NULL,"99.5"
"171419","118185","94784","22297","462957","Processing","2022-01-16 13:31:51",NULL,NULL,NULL,"99.5"
"172476","118944","95358","24274","465830","Processing","2022-01-21 15:20:51",NULL,NULL,NULL,"99.5"
"174768","120527","96639","28185","471953","Processing","2022-05-26 09:56:41",NULL,NULL,NULL,"99.5"
"179301","123667","99203","23925","484206","Processing","2022-03-19 05:57:00",NULL,NULL,NULL,"99.5"
"10864","7464","6071","23199","29449","Shipped","2022-03-09 16:32:49","2022-03-09 13:12:00",NULL,NULL,"103.5"
"23648","16274","13024","4346","63934","Shipped","2022-08-14 16:07:39","2022-08-15 03:13:00",NULL,NULL,"103.5"
"51727","35649","28485","23199","139624","Shipped","2022-05-11 08:52:54","2022-05-13 20:46:00",NULL,NULL,"103.5"
"112709","77850","62268","19332","304422","Shipped","2022-05-26 23:45:47","2022-05-29 18:40:00",NULL,NULL,"103.5"
"113605","78482","62764","23199","306830","Shipped","2021-04-11 12:46:03","2021-04-13 04:48:00",NULL,NULL,"103.5"
"120183","82954","66416","19332","324482","Shipped","2022-04-20 16:21:07","2022-04-17 16:49:00",NULL,NULL,"103.5"
"170031","117248","94019","23199","459161","Shipped","2021-07-22 13:12:55","2021-07-23 06:51:00",NULL,NULL,"103.5"
"51536","35524","28381","23199","139104","Complete","2022-08-20 14:27:35","2022-08-23 14:06:00","2022-08-27 21:38:00",NULL,"103.5"
"79493","54822","43845","4346","214642","Complete","2021-09-04 09:16:52","2021-09-07 12:28:00","2021-09-12 05:26:00",NULL,"103.5"
"94256","65121","52099","19332","254592","Complete","2022-07-21 06:55:23","2022-07-21 05:44:00","2022-07-22 17:57:00",NULL,"103.5"
"103966","71844","57450","23199","280843","Complete","2022-05-01 11:22:19","2022-05-02 01:32:00","2022-05-03 22:15:00",NULL,"103.5"
"113269","78242","62578","23199","305935","Complete","2022-08-10 05:14:12","2022-08-11 01:35:00","2022-08-14 09:33:00",NULL,"103.5"
"128934","88924","71233","4346","348137","Complete","2020-11-27 10:00:53","2020-11-28 02:53:00","2020-11-29 20:00:00",NULL,"103.5"
"146250","100911","80967","19332","394920","Complete","2022-07-12 01:53:13","2022-07-12 15:06:00","2022-07-16 13:46:00",NULL,"103.5"
"175041","120704","96778","11796","472715","Complete","2022-01-14 04:14:25","2022-01-16 10:06:00","2022-01-19 08:44:00",NULL,"103.5"
"27095","18667","14915","4346","73257","Returned","2022-02-28 00:11:33","2022-03-01 00:32:00","2022-03-03 17:24:00","2022-03-05 03:11:00","103.5"
"83079","57367","45855","11796","224376","Returned","2022-05-09 13:54:57","2022-05-11 22:46:00","2022-05-12 05:19:00","2022-05-12 16:41:00","103.5"
"153797","106116","85124","19332","415313","Returned","2021-02-12 06:42:42","2021-02-13 05:28:00","2021-02-13 20:37:00","2021-02-13 20:38:00","103.5"
"16103","11062","8879","19332","43582","Cancelled","2021-07-21 11:22:06",NULL,NULL,NULL,"103.5"
"64573","44445","35548","4346","174345","Cancelled","2022-07-01 13:06:42",NULL,NULL,NULL,"103.5"
"37979","26150","20900","19332","102535","Processing","2022-03-20 14:46:23",NULL,NULL,NULL,"103.5"
"159743","110207","88375","19332","431303","Processing","2021-11-07 15:30:23",NULL,NULL,NULL,"103.5"
"162162","111839","89662","11796","437872","Processing","2019-04-14 00:49:59",NULL,NULL,NULL,"103.5"
"32670","22490","17971","1026","88286","Shipped","2022-09-02 22:46:35","2022-09-01 18:56:00",NULL,NULL,"107.5"
"44878","30886","24655","1026","121201","Complete","2022-04-02 15:16:05","2022-04-04 09:23:00","2022-04-06 07:07:00",NULL,"107.5"
"3880","2643","2136","1026","10502","Cancelled","2021-10-15 06:28:40",NULL,NULL,NULL,"107.5"
"2848","1943","1571","14533","7710","Shipped","2019-11-02 05:03:32","2019-10-31 05:51:00",NULL,NULL,"115.5"
"24666","16979","13559","14533","66666","Shipped","2022-09-08 06:30:50.258222","2022-09-04 10:39:46.258222",NULL,NULL,"115.5"
"115283","79623","63701","14533","311364","Shipped","2022-06-18 23:16:15","2022-06-21 21:45:00",NULL,NULL,"115.5"
"129709","89459","71661","14533","350196","Cancelled","2022-03-27 04:19:12",NULL,NULL,NULL,"115.5"
"142876","98579","79032","14533","385776","Cancelled","2022-09-09 03:25:52.810842",NULL,NULL,NULL,"115.5"
"18089","12441","10007","14533","49012","Processing","2022-03-09 23:25:03",NULL,NULL,NULL,"115.5"
"21904","15062","12032","14533","59202","Processing","2020-12-27 08:50:47",NULL,NULL,NULL,"115.5"
"97021","67045","53572","14533","262064","Processing","2022-03-09 13:44:34",NULL,NULL,NULL,"115.5"
"6785","4625","3751","8074","18373","Shipped","2021-08-04 07:23:39","2021-08-07 04:52:00",NULL,NULL,"119.5"
"11934","8234","6655","15028","32350","Shipped","2019-09-09 14:42:00","2019-09-11 13:24:00",NULL,NULL,"119.5"
"20483","14084","11284","7586","55442","Shipped","2022-08-15 01:00:40","2022-08-17 05:52:00",NULL,NULL,"119.5"
"24164","16619","13285","15028","65324","Shipped","2021-12-08 16:13:40","2021-12-09 07:36:00",NULL,NULL,"119.5"
"28028","19323","15451","1316","75757","Shipped","2022-02-28 06:02:09","2022-02-28 07:30:00",NULL,NULL,"119.5"
"36043","24812","19840","8074","97337","Shipped","2021-07-24 21:29:21","2021-07-24 20:39:00",NULL,NULL,"119.5"
"44297","30481","24331","7603","119637","Shipped","2022-09-02 08:36:55.889643","2022-09-04 02:25:43.889643",NULL,NULL,"119.5"
"62980","43357","34666","15028","170038","Shipped","2022-07-18 04:07:48","2022-07-17 23:06:00",NULL,NULL,"119.5"
"79947","55129","44094","15028","215880","Shipped","2021-04-09 08:20:36","2021-04-06 19:25:00",NULL,NULL,"119.5"
"102117","70562","56414","7586","275809","Shipped","2021-09-05 00:44:14","2021-09-04 17:28:00",NULL,NULL,"119.5"
"109657","75745","60555","15031","296203","Shipped","2021-04-29 01:21:10","2021-04-28 19:18:00",NULL,NULL,"119.5"
"127165","87694","70203","8074","343341","Shipped","2020-08-21 00:00:57","2020-08-21 14:14:00",NULL,NULL,"119.5"
"128317","88500","70889","15031","346474","Shipped","2021-07-27 09:36:56","2021-07-25 21:28:00",NULL,NULL,"119.5"
"144933","100003","80194","8081","391330","Shipped","2020-05-09 08:03:48","2020-05-11 16:42:00",NULL,NULL,"119.5"
"154904","106881","85755","8140","418280","Shipped","2021-10-17 07:09:20","2021-10-13 14:51:00",NULL,NULL,"119.5"
"155455","107250","86051","8074","419762","Shipped","2021-04-03 05:40:13","2021-04-01 14:37:00",NULL,NULL,"119.5"
"171880","118517","95016","8074","464213","Shipped","2019-07-12 10:44:37","2019-07-14 23:29:00",NULL,NULL,"119.5"
"10180","7002","5696","8140","27604","Complete","2021-09-15 23:49:18","2021-09-18 12:43:00","2021-09-22 09:46:00",NULL,"119.5"
"18596","12778","10248","8065","50345","Complete","2022-06-18 01:30:45","2022-06-19 04:03:00","2022-06-19 18:14:00",NULL,"119.5"
"34088","23472","18726","1316","92103","Complete","2020-03-12 06:22:17","2020-03-14 15:40:00","2020-03-18 14:15:00",NULL,"119.5"
"34241","23574","18814","8074","92509","Complete","2022-02-01 09:51:15","2022-01-30 04:16:00","2022-02-03 02:27:00",NULL,"119.5"
"45248","31156","24870","8065","122195","Complete","2022-01-07 08:02:11","2022-01-09 14:39:00","2022-01-11 11:20:00",NULL,"119.5"
"54807","37782","30179","7586","147907","Complete","2022-07-06 22:30:57","2022-07-07 14:40:00","2022-07-12 02:24:00",NULL,"119.5"
"72557","49973","39996","8074","195923","Complete","2021-10-28 08:09:13","2021-10-29 10:38:00","2021-11-02 05:24:00",NULL,"119.5"
"73114","50368","40324","7603","197419","Complete","2020-02-10 10:08:36","2020-02-12 19:56:00","2020-02-15 20:05:00",NULL,"119.5"
"4095","2780","2234","1316","11086","Returned","2022-04-23 02:08:01","2022-04-25 14:22:00","2022-04-28 15:17:00","2022-04-29 02:15:00","119.5"
"16326","11220","9017","8140","44192","Returned","2021-10-19 07:41:27","2021-10-17 16:14:00","2021-10-17 18:38:00","2021-10-19 22:24:00","119.5"
"84783","58572","46844","7586","228995","Returned","2021-01-10 13:15:57","2021-01-10 23:56:00","2021-01-13 09:50:00","2021-01-13 11:57:00","119.5"
"116176","80218","64214","15031","313774","Returned","2022-05-25 04:28:55","2022-05-24 03:43:00","2022-05-24 17:48:00","2022-05-25 05:36:00","119.5"
"118802","82015","65655","8074","320787","Returned","2021-07-14 02:15:09","2021-07-16 02:50:00","2021-07-16 04:49:00","2021-07-17 12:48:00","119.5"
"136804","94402","75655","15028","369409","Returned","2022-09-03 13:30:17.853671","2022-09-05 03:00:29.853671","2022-09-07 15:01:29.853671","2022-09-07 21:02:29.853671","119.5"
"173761","119848","96102","7603","469236","Returned","2021-08-18 22:30:24","2021-08-21 13:18:00","2021-08-24 19:42:00","2021-08-26 16:14:00","119.5"
"177435","122369","98141","8074","479206","Returned","2021-02-08 17:24:42","2021-02-06 18:13:00","2021-02-07 21:13:00","2021-02-08 20:57:00","119.5"
"43265","29760","23734","8074","116829","Cancelled","2021-12-29 16:04:18",NULL,NULL,NULL,"119.5"
"52107","35912","28690","15031","140635","Cancelled","2022-02-18 05:08:49",NULL,NULL,NULL,"119.5"
"87539","60489","48422","15031","236486","Cancelled","2022-09-01 12:21:00.756168",NULL,NULL,NULL,"119.5"
"97964","67701","54093","15028","264643","Cancelled","2022-07-06 12:15:01",NULL,NULL,NULL,"119.5"
"113504","78410","62706","8074","306557","Cancelled","2022-08-27 04:15:02",NULL,NULL,NULL,"119.5"
"171382","118156","94756","8140","462866","Cancelled","2019-11-08 06:43:15",NULL,NULL,NULL,"119.5"
"9019","6179","4990","1316","24454","Processing","2021-10-11 07:46:14",NULL,NULL,NULL,"119.5"
"19899","13692","10965","7603","53857","Processing","2021-03-14 13:51:41",NULL,NULL,NULL,"119.5"
"19945","13724","11002","15028","53977","Processing","2022-07-21 09:56:30",NULL,NULL,NULL,"119.5"
"35563","24478","19559","1316","96049","Processing","2022-02-12 02:05:32",NULL,NULL,NULL,"119.5"
"42404","29174","23267","7603","114501","Processing","2021-12-25 09:38:10",NULL,NULL,NULL,"119.5"
"47353","32624","26052","8065","127817","Processing","2021-12-17 13:11:52",NULL,NULL,NULL,"119.5"
"56743","39114","31275","8140","153152","Processing","2021-09-05 06:10:02",NULL,NULL,NULL,"119.5"
"65403","45038","35997","15028","176608","Processing","2022-05-22 15:21:10",NULL,NULL,NULL,"119.5"
"140746","97085","77855","7586","380020","Processing","2022-09-02 13:14:29",NULL,NULL,NULL,"119.5"
"99986","69113","55261","19355","270054","Shipped","2022-08-16 00:08:58","2022-08-13 20:44:00",NULL,NULL,"127.5"
"103257","71345","57030","19355","278909","Shipped","2021-04-17 02:29:31","2021-04-19 16:48:00",NULL,NULL,"127.5"
"130674","90137","72189","19355","352828","Shipped","2021-06-19 04:47:16","2021-06-18 16:28:00",NULL,NULL,"127.5"
"5327","3637","2972","19355","14418","Complete","2021-07-20 09:46:06","2021-07-21 21:35:00","2021-07-25 23:13:00",NULL,"127.5"
"22807","15684","12527","19355","61648","Complete","2022-09-06 14:59:13","2022-09-04 23:25:00","2022-09-05 06:33:00",NULL,"127.5"
"80128","55263","44194","19355","216352","Complete","2022-02-25 14:31:31","2022-02-26 12:27:00","2022-03-02 10:52:00",NULL,"127.5"
"102011","70495","56360","19355","275512","Complete","2022-04-26 11:40:31","2022-04-25 03:09:00","2022-04-29 09:09:00",NULL,"127.5"
"122241","84330","67514","19355","330058","Complete","2020-01-29 04:47:00","2020-01-29 06:28:00","2020-02-02 16:05:00",NULL,"127.5"
"47362","32632","26056","19355","127840","Returned","2022-03-02 05:40:21","2022-03-04 10:06:00","2022-03-04 17:26:00","2022-03-06 05:48:00","127.5"
"169159","116668","93542","19355","456804","Cancelled","2022-06-29 12:23:29",NULL,NULL,NULL,"127.5"
"76371","52637","42118","19355","206226","Processing","2021-07-29 08:05:11",NULL,NULL,NULL,"127.5"
"386","272","237","21605","1021","Shipped","2021-01-23 09:54:51","2021-01-23 18:49:00",NULL,NULL,"135"
"5216","3555","2908","21225","14113","Shipped","2022-02-11 06:37:09","2022-02-08 02:41:00",NULL,NULL,"135"
"5347","3651","2985","19087","14477","Shipped","2022-02-28 22:03:15","2022-02-26 23:22:00",NULL,NULL,"135"
"6259","4268","3470","19605","16935","Shipped","2021-08-24 09:08:02","2021-08-24 08:30:00",NULL,NULL,"135"
"6337","4324","3512","13587","17142","Shipped","2019-06-17 03:29:48","2019-06-18 07:18:00",NULL,NULL,"135"
"10030","6896","5600","18798","27213","Shipped","2022-09-06 13:27:22","2022-09-03 19:47:00",NULL,NULL,"135"
"13937","9598","7749","5866","37766","Shipped","2022-06-08 10:49:20","2022-06-07 03:48:00",NULL,NULL,"135"
"14317","9854","7944","13277","38801","Shipped","2021-11-06 15:15:24","2021-11-08 14:06:00",NULL,NULL,"135"
"15218","10458","8425","4737","41213","Shipped","2020-07-19 14:38:25","2020-07-19 19:40:00",NULL,NULL,"135"
"17791","12231","9841","19345","48189","Shipped","2022-05-03 01:36:28","2022-05-03 19:40:00",NULL,NULL,"135"
"25424","17516","13992","19605","68697","Shipped","2022-09-03 09:38:51","2022-09-04 17:17:00",NULL,NULL,"135"
"27894","19228","15380","28547","75412","Shipped","2022-02-27 09:32:01","2022-02-28 21:21:00",NULL,NULL,"135"
"32091","22084","17663","4591","86706","Shipped","2022-02-03 14:20:32","2022-02-04 08:20:00",NULL,NULL,"135"
"35419","24382","19478","23424","95674","Shipped","2020-12-07 04:35:15","2020-12-07 13:03:00",NULL,NULL,"135"
"35945","24743","19783","24369","97063","Shipped","2022-08-16 10:58:03","2022-08-17 01:02:00",NULL,NULL,"135"
"36347","25028","20009","13587","98134","Shipped","2020-12-18 16:38:27","2020-12-19 10:38:00",NULL,NULL,"135"
"38251","26333","21040","19572","103265","Shipped","2021-07-31 23:07:45","2021-08-01 02:47:00",NULL,NULL,"135"
"42945","29548","23572","19576","115970","Shipped","2022-07-24 14:54:39","2022-07-27 05:44:00",NULL,NULL,"135"
"43644","30024","23936","24257","117875","Shipped","2020-07-18 15:06:41","2020-07-21 16:13:00",NULL,NULL,"135"
"47778","32918","26297","19087","128960","Shipped","2020-10-13 07:26:55","2020-10-14 16:50:00",NULL,NULL,"135"
"50670","34911","27857","23870","136761","Shipped","2022-06-21 14:00:55","2022-06-21 22:48:00",NULL,NULL,"135"
"51217","35304","28183","1107","138239","Shipped","2022-08-27 10:10:38","2022-08-25 08:53:00",NULL,NULL,"135"
"51975","35821","28616","16807","140305","Shipped","2020-04-11 05:53:15","2020-04-11 08:01:00",NULL,NULL,"135"
"54735","37735","30150","19345","147712","Shipped","2019-07-05 07:26:34","2019-07-06 02:51:00",NULL,NULL,"135"
"58758","40497","32343","5070","158592","Shipped","2022-04-28 02:45:41","2022-04-28 20:45:00",NULL,NULL,"135"
"60326","41554","33204","22518","162862","Shipped","2022-06-23 14:00:49","2022-06-25 09:13:00",NULL,NULL,"135"
"61915","42638","34090","21270","167145","Shipped","2021-04-27 22:52:12","2021-04-28 23:08:00",NULL,NULL,"135"
"63363","43625","34888","19655","171088","Shipped","2020-07-18 23:07:08","2020-07-21 16:03:00",NULL,NULL,"135"
"64200","44184","35337","19576","173317","Shipped","2021-02-10 04:13:04","2021-02-11 01:24:00",NULL,NULL,"135"
"65958","45404","36297","20797","178104","Shipped","2021-12-18 01:10:38","2021-12-19 02:24:00",NULL,NULL,"135"
"66854","45992","36786","13587","180508","Shipped","2022-03-18 15:57:24","2022-03-18 00:30:00",NULL,NULL,"135"
"67191","46227","36966","13277","181441","Shipped","2021-10-10 00:56:33","2021-10-10 21:53:00",NULL,NULL,"135"
"68795","47349","37868","19655","185721","Shipped","2021-08-23 00:58:37","2021-08-23 09:23:00",NULL,NULL,"135"
"71778","49436","39575","22399","193780","Shipped","2022-05-17 03:19:44","2022-05-18 18:48:00",NULL,NULL,"135"
"74284","51176","40959","5073","200575","Shipped","2022-05-31 00:13:40","2022-05-30 13:25:00",NULL,NULL,"135"
"79178","54590","43673","18777","213781","Shipped","2021-12-03 12:47:23","2021-12-06 13:33:00",NULL,NULL,"135"
"79968","55142","44106","19576","215935","Shipped","2021-08-30 21:30:30","2021-08-31 11:42:00",NULL,NULL,"135"
"84961","58701","46937","6664","229486","Shipped","2020-11-24 10:34:39","2020-11-25 20:34:00",NULL,NULL,"135"
"86215","59576","47660","6664","232885","Shipped","2022-06-22 12:02:07","2022-06-23 18:25:00",NULL,NULL,"135"
"89197","61654","49365","6664","240964","Shipped","2021-04-25 03:00:06","2021-04-26 21:39:00",NULL,NULL,"135"
"89630","61962","49598","19494","242116","Shipped","2022-06-15 14:46:31","2022-06-14 06:08:00",NULL,NULL,"135"
"94785","65480","52384","13587","256042","Shipped","2022-06-30 09:12:00","2022-06-27 17:23:00",NULL,NULL,"135"
"101856","70389","56283","18777","275082","Shipped","2021-10-25 01:38:55","2021-10-25 06:10:00",NULL,NULL,"135"
"102186","70610","56453","26320","275998","Shipped","2022-08-28 12:09:33","2022-08-30 02:25:00",NULL,NULL,"135"
"104157","71978","57551","21225","281354","Shipped","2022-06-26 05:04:05","2022-06-26 15:26:00",NULL,NULL,"135"
"107767","74451","59520","21270","291093","Shipped","2022-05-13 00:07:57","2022-05-13 03:30:00",NULL,NULL,"135"
"108269","74798","59813","19748","292480","Shipped","2019-08-28 00:41:08","2019-08-28 13:10:00",NULL,NULL,"135"
"108343","74853","59858","21047","292674","Shipped","2022-01-23 09:57:43","2022-01-20 17:39:00",NULL,NULL,"135"
"109146","75395","60277","18777","294818","Shipped","2020-07-06 09:08:26","2020-07-02 12:44:00",NULL,NULL,"135"
"109600","75710","60521","10220","296046","Shipped","2021-11-14 14:43:47","2021-11-11 18:57:00",NULL,NULL,"135"
"110031","76003","60772","24399","297194","Shipped","2020-06-15 15:03:54","2020-06-17 00:05:00",NULL,NULL,"135"
"115803","79970","63999","19605","312751","Shipped","2022-06-09 06:22:15","2022-06-10 14:26:00",NULL,NULL,"135"
"116283","80296","64272","19605","314061","Shipped","2022-07-07 04:12:10","2022-07-05 17:50:00",NULL,NULL,"135"
"116594","80502","64450","5073","314901","Shipped","2021-10-08 04:34:55","2021-10-07 14:51:00",NULL,NULL,"135"
"117466","81084","64942","22518","317194","Shipped","2022-07-21 09:30:56","2022-07-23 10:54:00",NULL,NULL,"135"
"118561","81843","65528","5073","320125","Shipped","2022-07-29 06:56:19","2022-07-31 13:24:00",NULL,NULL,"135"
"119571","82540","66085","20890","322831","Shipped","2020-12-10 02:23:50","2020-12-10 12:57:00",NULL,NULL,"135"
"121255","83680","67004","21225","327412","Shipped","2022-07-23 02:26:23","2022-07-22 02:14:00",NULL,NULL,"135"
"121689","83970","67230","19572","328567","Shipped","2021-03-24 12:36:23","2021-03-22 08:30:00",NULL,NULL,"135"
"122600","84584","67704","24399","331028","Shipped","2022-08-11 10:55:45","2022-08-11 16:54:00",NULL,NULL,"135"
"123042","84881","67932","21605","332244","Shipped","2021-05-09 06:14:48","2021-05-09 17:13:00",NULL,NULL,"135"
"124639","85986","68818","16807","336479","Shipped","2022-08-13 00:26:11","2022-08-15 04:15:00",NULL,NULL,"135"
"126315","87132","69729","6901","341047","Shipped","2022-08-22 01:30:00","2022-08-20 23:03:00",NULL,NULL,"135"
"129255","89141","71412","13277","349018","Shipped","2022-03-13 02:25:02","2022-03-14 15:39:00",NULL,NULL,"135"
"130302","89868","71989","28547","351812","Shipped","2021-03-27 16:30:30","2021-03-30 03:48:00",NULL,NULL,"135"
"132694","91534","73305","5866","358317","Shipped","2022-05-15 11:50:38","2022-05-17 09:48:00",NULL,NULL,"135"
"133396","92039","73721","19087","360190","Shipped","2022-03-11 08:40:28","2022-03-13 15:03:00",NULL,NULL,"135"
"134530","92822","74364","22399","363281","Shipped","2021-06-29 10:46:06","2021-06-30 15:00:00",NULL,NULL,"135"
"138147","95330","76417","22399","373029","Shipped","2021-08-19 14:28:42","2021-08-19 13:27:00",NULL,NULL,"135"
"140061","96621","77481","19345","378194","Shipped","2020-02-05 10:22:04","2020-02-03 20:54:00",NULL,NULL,"135"
"147087","101474","81397","19475","397162","Shipped","2022-03-31 14:17:41","2022-04-01 06:50:00",NULL,NULL,"135"
"148180","102251","82025","21047","400099","Shipped","2022-05-10 00:28:35","2022-05-12 02:07:00",NULL,NULL,"135"
"149635","103277","82839","24257","404078","Shipped","2020-10-17 09:58:29","2020-10-19 16:21:00",NULL,NULL,"135"
"151149","104295","83674","19345","408211","Shipped","2022-05-06 12:32:52","2022-05-07 03:15:00",NULL,NULL,"135"
"155077","106994","85844","21047","418744","Shipped","2022-08-15 22:39:41","2022-08-14 14:01:00",NULL,NULL,"135"
"155200","107077","85906","10220","419075","Shipped","2021-09-10 02:53:28","2021-09-10 14:32:00",NULL,NULL,"135"
"162709","112229","89984","24257","439366","Shipped","2021-12-31 03:33:47","2022-01-01 17:59:00",NULL,NULL,"135"
"166138","114582","91859","21270","448709","Shipped","2022-08-07 21:29:18","2022-08-08 12:27:00",NULL,NULL,"135"
"170215","117367","94117","21605","459675","Shipped","2020-07-19 00:07:19","2020-07-17 15:49:00",NULL,NULL,"135"
"173884","119932","96169","26320","469567","Shipped","2021-06-08 15:30:57","2021-06-11 12:17:00",NULL,NULL,"135"
"175556","121069","97063","20977","474122","Shipped","2022-07-13 03:03:01","2022-07-11 15:42:00",NULL,NULL,"135"
"175585","121092","97087","16807","474199","Shipped","2021-10-06 05:57:35","2021-10-08 07:27:00",NULL,NULL,"135"
"177081","122125","97932","24257","478261","Shipped","2022-06-27 02:24:20","2022-06-27 16:53:00",NULL,NULL,"135"
"2375","1629","1312","26320","6423","Complete","2021-10-19 15:48:53","2021-10-20 14:21:00","2021-10-22 22:22:00",NULL,"135"
"2642","1810","1465","24257","7148","Complete","2022-06-17 12:39:50","2022-06-18 17:18:00","2022-06-20 05:27:00",NULL,"135"
"2816","1919","1551","22399","7628","Complete","2022-01-13 11:54:41","2022-01-15 14:35:00","2022-01-20 07:29:00",NULL,"135"
"3694","2503","2021","4591","9993","Complete","2021-11-06 12:40:11","2021-11-06 18:39:00","2021-11-11 16:22:00",NULL,"135"
"4160","2829","2267","4737","11273","Complete","2021-05-07 18:21:57","2021-05-08 19:12:00","2021-05-11 20:19:00",NULL,"135"
"6723","4580","3716","6518","18214","Complete","2022-02-23 05:28:47","2022-02-22 10:47:00","2022-02-22 11:41:00",NULL,"135"
"9726","6695","5428","5070","26396","Complete","2022-04-19 12:39:22","2022-04-22 08:52:00","2022-04-25 04:40:00",NULL,"135"
"10822","7436","6046","26320","29329","Complete","2022-05-01 00:32:37","2022-04-30 08:51:00","2022-05-03 17:39:00",NULL,"135"
"13259","9151","7379","19494","35915","Complete","2020-10-10 10:28:45","2020-10-11 13:15:00","2020-10-12 00:10:00",NULL,"135"
"15525","10660","8567","19572","42056","Complete","2021-10-24 02:14:39","2021-10-24 12:39:00","2021-10-28 12:37:00",NULL,"135"
"17749","12202","9818","20977","48072","Complete","2022-08-19 09:10:18","2022-08-17 13:42:00","2022-08-20 03:25:00",NULL,"135"
"19825","13640","10922","19748","53650","Complete","2021-12-31 21:17:10","2022-01-01 18:26:00","2022-01-06 00:20:00",NULL,"135"
"21665","14896","11897","24257","58566","Complete","2020-06-18 12:56:14","2020-06-19 17:54:00","2020-06-24 17:01:00",NULL,"135"
"23360","16070","12840","19494","63136","Complete","2019-06-08 07:05:04","2019-06-09 20:14:00","2019-06-13 11:01:00",NULL,"135"
"23436","16129","12894","19655","63345","Complete","2020-11-21 23:26:56","2020-11-22 05:22:00","2020-11-24 10:29:00",NULL,"135"
"28610","19694","15747","10220","77335","Complete","2020-08-26 03:19:09","2020-08-27 08:17:00","2020-08-29 11:31:00",NULL,"135"
"28780","19809","15828","19087","77796","Complete","2022-04-21 07:21:07","2022-04-23 00:54:00","2022-04-25 23:17:00",NULL,"135"
"30444","20970","16791","22518","82316","Complete","2021-12-27 08:12:18","2021-12-27 21:58:00","2021-12-29 08:51:00",NULL,"135"
"31992","22021","17612","24257","86446","Complete","2022-06-20 07:02:43","2022-06-21 11:45:00","2022-06-21 14:21:00",NULL,"135"
"32081","22079","17661","19748","86678","Complete","2022-02-02 06:25:34","2022-01-31 21:36:00","2022-02-04 07:10:00",NULL,"135"
"34562","23796","18996","19572","93371","Complete","2021-03-25 02:00:20","2021-03-23 10:36:00","2021-03-26 01:34:00",NULL,"135"
"35928","24732","19774","21270","97016","Complete","2020-03-05 00:57:21","2020-03-05 12:21:00","2020-03-05 18:58:00",NULL,"135"
"36178","24910","19909","20890","97696","Complete","2022-05-07 02:04:17","2022-05-06 19:53:00","2022-05-09 19:06:00",NULL,"135"
"38490","26507","21184","6664","103900","Complete","2020-07-02 14:26:58","2020-06-30 07:30:00","2020-07-01 22:42:00",NULL,"135"
"38972","26838","21435","19087","105205","Complete","2020-06-03 22:02:37","2020-06-02 10:20:00","2020-06-02 18:32:00",NULL,"135"
"45776","31517","25155","6901","123605","Complete","2021-07-21 08:29:35","2021-07-23 14:22:00","2021-07-26 09:42:00",NULL,"135"
"47286","32581","26018","4737","127636","Complete","2020-06-28 11:43:23","2020-06-26 17:21:00","2020-06-28 22:07:00",NULL,"135"
"47433","32679","26087","22518","128036","Complete","2022-04-08 04:40:45","2022-04-08 21:41:00","2022-04-13 12:18:00",NULL,"135"
"47699","32866","26248","24257","128743","Complete","2021-06-27 03:36:32","2021-06-29 23:31:00","2021-07-03 02:48:00",NULL,"135"
"48961","33731","26934","19572","132135","Complete","2022-05-06 14:07:18","2022-05-03 14:39:00","2022-05-06 00:02:00",NULL,"135"
"50086","34490","27542","21350","135211","Complete","2021-11-10 02:05:14","2021-11-13 00:37:00","2021-11-14 18:04:00",NULL,"135"
"66306","45630","36473","16807","179051","Complete","2020-05-23 15:26:29","2020-05-24 10:52:00","2020-05-28 05:43:00",NULL,"135"
"66662","45862","36679","4737","179989","Complete","2021-08-17 08:36:04","2021-08-18 19:24:00","2021-08-20 07:18:00",NULL,"135"
"68801","47353","37873","24369","185736","Complete","2022-04-13 11:55:14","2022-04-09 21:10:00","2022-04-13 07:44:00",NULL,"135"
"71529","49255","39416","18798","193116","Complete","2022-04-16 05:46:07","2022-04-16 19:34:00","2022-04-20 18:40:00",NULL,"135"
"72179","49713","39791","6901","194855","Complete","2021-04-17 06:36:52","2021-04-18 07:23:00","2021-04-21 05:06:00",NULL,"135"
"72369","49841","39902","26320","195382","Complete","2022-08-22 09:18:49","2022-08-25 01:54:00","2022-08-29 04:12:00",NULL,"135"
"72370","49842","39902","18777","195385","Complete","2022-06-12 07:16:38","2022-06-12 19:48:00","2022-06-17 00:25:00",NULL,"135"
"75930","52328","41890","22518","205038","Complete","2022-07-01 12:43:35","2022-07-04 14:03:00","2022-07-08 16:58:00",NULL,"135"
"78374","54039","43234","4737","211578","Complete","2021-11-08 14:32:40","2021-11-09 21:45:00","2021-11-13 11:01:00",NULL,"135"
"81069","55915","44703","24399","218939","Complete","2022-01-25 07:24:46","2022-01-27 14:31:00","2022-01-28 15:00:00",NULL,"135"
"86756","59951","47962","18777","234360","Complete","2020-02-11 01:32:18","2020-02-13 06:55:00","2020-02-16 14:51:00",NULL,"135"
"88885","61438","49191","18777","240140","Complete","2022-03-25 10:52:55","2022-03-27 10:32:00","2022-03-29 07:33:00",NULL,"135"
"89416","61799","49476","19655","241541","Complete","2022-05-06 03:18:40","2022-05-07 06:01:00","2022-05-09 12:15:00",NULL,"135"
"89587","61929","49574","6901","242004","Complete","2022-02-19 23:06:30","2022-02-23 00:16:00","2022-02-25 08:00:00",NULL,"135"
"92573","63965","51203","19456","250032","Complete","2022-07-09 12:10:36","2022-07-11 09:48:00","2022-07-15 17:13:00",NULL,"135"
"95325","65887","52699","19605","257493","Complete","2022-09-02 02:53:59.542283","2022-09-03 05:25:16.542283","2022-09-08 05:03:16.542283",NULL,"135"
"98583","68112","54442","19087","266313","Complete","2022-04-13 01:07:19","2022-04-16 01:49:00","2022-04-20 01:41:00",NULL,"135"
"102527","70846","56638","19748","276949","Complete","2021-03-29 22:01:20","2021-03-31 03:19:00","2021-04-04 11:46:00",NULL,"135"
"103989","71860","57464","20797","280907","Complete","2021-08-24 06:34:07","2021-08-26 05:01:00","2021-08-29 00:37:00",NULL,"135"
"104589","72268","57777","26320","282515","Complete","2021-02-25 03:24:11","2021-02-26 07:38:00","2021-03-01 21:34:00",NULL,"135"
"105682","73025","58405","21350","285460","Complete","2022-08-22 03:40:09","2022-08-24 15:30:00","2022-08-24 19:19:00",NULL,"135"
"109391","75569","60411","13587","295482","Complete","2021-10-02 04:17:22","2021-10-01 04:31:00","2021-10-04 01:16:00",NULL,"135"
"110413","76271","60996","19087","298192","Complete","2021-06-09 11:37:34","2021-06-09 07:34:00","2021-06-10 20:30:00",NULL,"135"
"118343","81693","65414","6901","319547","Complete","2020-11-14 11:36:16","2020-11-11 19:33:00","2020-11-15 07:49:00",NULL,"135"
"123994","85541","68444","5866","334755","Complete","2022-08-18 06:44:46","2022-08-16 02:40:00","2022-08-17 01:17:00",NULL,"135"
"125553","86611","69301","16182","338975","Complete","2022-08-09 01:57:09","2022-08-10 05:19:00","2022-08-10 22:25:00",NULL,"135"
"129414","89249","71497","19572","349437","Complete","2022-04-09 23:44:32","2022-04-06 02:45:00","2022-04-08 00:08:00",NULL,"135"
"131966","91039","72924","21270","356305","Complete","2021-12-18 02:03:05","2021-12-18 12:57:00","2021-12-23 05:39:00",NULL,"135"
"133631","92202","73848","19087","360842","Complete","2021-04-28 16:23:12","2021-05-01 10:45:00","2021-05-05 04:26:00",NULL,"135"
"135820","93729","75107","13277","366758","Complete","2021-10-08 03:29:55","2021-10-10 09:04:00","2021-10-11 23:45:00",NULL,"135"
"141405","97538","78226","22399","381819","Complete","2022-07-08 03:47:23","2022-07-10 18:37:00","2022-07-14 03:22:00",NULL,"135"
"141571","97647","78302","5070","382265","Complete","2021-10-30 03:51:44","2021-11-01 13:04:00","2021-11-02 08:30:00",NULL,"135"
"157134","108388","86921","19748","424270","Complete","2022-09-02 10:59:03.503157","2022-09-03 17:03:32.503157","2022-09-04 23:05:32.503157",NULL,"135"
"157156","108403","86930","21270","424336","Complete","2021-09-09 14:48:39","2021-09-10 23:23:00","2021-09-14 18:51:00",NULL,"135"
"158256","109157","87541","21605","427272","Complete","2021-10-03 10:25:52","2021-10-04 12:51:00","2021-10-09 07:23:00",NULL,"135"
"158886","109598","87894","13277","428987","Complete","2020-10-19 06:50:06","2020-10-19 16:34:00","2020-10-21 03:42:00",NULL,"135"
"159312","109904","88134","4918","430140","Complete","2021-11-07 05:35:33","2021-11-07 09:33:00","2021-11-12 00:00:00",NULL,"135"
"162181","111852","89674","24257","437928","Complete","2021-12-15 07:11:43","2021-12-16 22:55:00","2021-12-17 08:04:00",NULL,"135"
"165305","113999","91400","16182","446456","Complete","2019-08-29 04:21:24","2019-08-26 17:03:00","2019-08-27 23:49:00",NULL,"135"
"171387","118160","94759","21350","462877","Complete","2020-02-19 14:47:03","2020-02-20 08:08:00","2020-02-21 07:02:00",NULL,"135"
"171581","118307","94873","24376","463384","Complete","2022-06-14 08:39:19","2022-06-14 15:48:00","2022-06-17 10:06:00",NULL,"135"
"172148","118707","95166","22399","464949","Complete","2021-07-06 02:22:12","2021-07-08 04:08:00","2021-07-13 01:27:00",NULL,"135"
"173235","119476","95787","4918","467878","Complete","2022-06-21 10:11:44","2022-06-23 20:41:00","2022-06-24 18:12:00",NULL,"135"
"178543","123156","98786","16807","482172","Complete","2021-03-19 21:36:07","2021-03-20 20:51:00","2021-03-20 21:44:00",NULL,"135"
"9390","6452","5238","24376","25466","Returned","2022-08-09 00:07:59","2022-08-11 20:16:00","2022-08-12 17:09:00","2022-08-12 22:17:00","135"
"11622","7999","6491","16807","31489","Returned","2021-03-15 07:14:48","2021-03-18 04:20:00","2021-03-18 18:30:00","2021-03-19 04:14:00","135"
"18933","13012","10437","19475","51241","Returned","2021-07-25 14:16:54","2021-07-26 04:54:00","2021-07-31 02:33:00","2021-08-02 07:43:00","135"
"41369","28450","22696","4918","111682","Returned","2022-04-21 05:56:13","2022-04-22 01:24:00","2022-04-24 05:41:00","2022-04-26 17:30:00","135"
"46772","32208","25727","24376","126281","Returned","2022-07-14 03:18:27","2022-07-12 08:52:00","2022-07-14 06:56:00","2022-07-16 06:33:00","135"
"56198","38737","30974","4737","151656","Returned","2020-07-02 23:13:49","2020-07-04 03:13:00","2020-07-08 22:35:00","2020-07-11 22:15:00","135"
"58971","40643","32458","24399","159155","Returned","2021-07-07 04:36:56","2021-07-07 01:56:00","2021-07-09 03:16:00","2021-07-10 08:09:00","135"
"60862","41922","33506","1107","164318","Returned","2022-05-27 07:41:51","2022-05-29 02:34:00","2022-05-29 05:30:00","2022-05-30 05:05:00","135"
"61878","42609","34065","24399","167051","Returned","2022-08-19 22:41:16","2022-08-20 23:48:00","2022-08-24 21:19:00","2022-08-25 11:01:00","135"
"64537","44423","35528","19475","174246","Returned","2022-09-05 05:39:04.431372","2022-09-05 20:26:39.431372","2022-09-10 02:21:39.431372","2022-09-11 12:21:39.431372","135"
"70541","48583","38859","24376","190435","Returned","2019-05-15 06:00:43","2019-05-12 23:47:00","2019-05-14 21:13:00","2019-05-17 11:44:00","135"
"70636","48646","38912","20797","190701","Returned","2022-08-04 22:46:40","2022-08-05 09:06:00","2022-08-08 22:45:00","2022-08-10 23:05:00","135"
"88331","61040","48870","21605","238624","Returned","2021-01-14 10:44:09","2021-01-16 08:55:00","2021-01-20 19:33:00","2021-01-21 02:22:00","135"
"93462","64573","51668","20977","252419","Returned","2020-03-15 00:12:57","2020-03-13 21:03:00","2020-03-15 08:39:00","2020-03-16 21:53:00","135"
"96548","66719","53334","19748","260780","Returned","2022-02-14 05:02:21","2022-02-16 16:50:00","2022-02-20 06:02:00","2022-02-20 07:32:00","135"
"99338","68644","54879","26320","268333","Returned","2022-07-27 17:38:57","2022-07-28 11:55:00","2022-07-31 22:21:00","2022-08-03 13:18:00","135"
"101776","70330","56234","18777","274869","Returned","2022-08-12 05:39:48","2022-08-14 18:53:00","2022-08-15 01:50:00","2022-08-16 20:43:00","135"
"107347","74161","59290","16807","289949","Returned","2022-02-02 13:16:17","2022-02-04 17:22:00","2022-02-08 18:46:00","2022-02-10 05:40:00","135"
"116764","80608","64544","23870","315355","Returned","2022-04-20 21:25:02","2022-04-22 12:50:00","2022-04-27 04:57:00","2022-04-28 15:05:00","135"
"116778","80618","64549","6901","315388","Returned","2022-08-14 07:10:36","2022-08-12 13:54:00","2022-08-14 08:54:00","2022-08-14 22:32:00","135"
"117077","80834","64712","19605","316160","Returned","2022-03-02 01:22:20","2022-02-27 03:48:00","2022-03-03 23:05:00","2022-03-06 02:30:00","135"
"123395","85139","68140","18777","333158","Returned","2022-06-22 22:50:10","2022-06-24 06:24:00","2022-06-25 15:35:00","2022-06-26 05:26:00","135"
"125626","86659","69339","4218","339165","Returned","2019-04-23 22:25:15","2019-04-21 06:25:00","2019-04-24 04:09:00","2019-04-25 00:33:00","135"
"142415","98247","78777","5070","384527","Returned","2021-11-28 11:59:46","2021-11-30 05:41:00","2021-12-03 23:45:00","2021-12-05 07:29:00","135"
"147686","101912","81739","18777","398760","Returned","2022-07-05 03:32:46","2022-07-03 11:58:00","2022-07-07 03:54:00","2022-07-08 11:38:00","135"
"151314","104402","83762","24376","408652","Returned","2020-12-10 07:09:48","2020-12-09 02:57:00","2020-12-13 18:09:00","2020-12-15 05:21:00","135"
"154843","106840","85729","13277","418118","Returned","2022-03-14 01:39:23","2022-03-12 12:22:00","2022-03-15 23:47:00","2022-03-17 04:07:00","135"
"175057","120715","96787","5070","472762","Returned","2022-06-06 16:32:18","2022-06-04 22:50:00","2022-06-06 21:50:00","2022-06-09 02:16:00","135"
"897","640","532","10220","2409","Cancelled","2019-06-24 05:54:49",NULL,NULL,NULL,"135"
"7528","5152","4180","4218","20400","Cancelled","2020-09-20 14:34:56",NULL,NULL,NULL,"135"
"7637","5232","4239","21270","20707","Cancelled","2022-06-26 13:10:22",NULL,NULL,NULL,"135"
"11330","7791","6318","20797","30695","Cancelled","2020-02-22 04:47:34",NULL,NULL,NULL,"135"
"13156","9085","7325","24376","35631","Cancelled","2022-04-30 00:11:46",NULL,NULL,NULL,"135"
"17403","11974","9624","5073","47140","Cancelled","2022-03-13 23:34:49",NULL,NULL,NULL,"135"
"19009","13072","10483","5073","51451","Cancelled","2021-10-11 08:02:50",NULL,NULL,NULL,"135"
"20718","14245","11399","4918","56080","Cancelled","2019-11-23 00:02:46",NULL,NULL,NULL,"135"
"23814","16390","13101","19572","64384","Cancelled","2022-05-08 23:11:54",NULL,NULL,NULL,"135"
"24868","17130","13680","19572","67208","Cancelled","2021-03-13 07:47:06",NULL,NULL,NULL,"135"
"25926","17868","14285","21225","70057","Cancelled","2020-09-15 04:03:28",NULL,NULL,NULL,"135"
"26902","18534","14802","21350","72702","Cancelled","2020-01-20 02:12:39",NULL,NULL,NULL,"135"
"28150","19402","15519","5073","76091","Cancelled","2022-07-18 10:21:16",NULL,NULL,NULL,"135"
"29268","20149","16107","4737","79116","Cancelled","2022-04-17 11:07:52",NULL,NULL,NULL,"135"
"32873","22632","18070","13277","88820","Cancelled","2020-05-24 11:23:50",NULL,NULL,NULL,"135"
"39211","26997","21561","19748","105869","Cancelled","2022-07-04 03:02:41",NULL,NULL,NULL,"135"
"42071","28947","23089","20797","113572","Cancelled","2022-07-25 23:04:04",NULL,NULL,NULL,"135"
"42773","29434","23462","6901","115510","Cancelled","2020-08-21 01:56:44",NULL,NULL,NULL,"135"
"43899","30199","24073","6664","118566","Cancelled","2022-02-11 04:13:09",NULL,NULL,NULL,"135"
"44192","30407","24263","5070","119357","Cancelled","2022-08-12 12:55:16",NULL,NULL,NULL,"135"
"46213","31814","25388","23870","124780","Cancelled","2022-08-29 13:59:32",NULL,NULL,NULL,"135"
"51478","35483","28348","26320","138958","Cancelled","2022-02-18 08:51:40",NULL,NULL,NULL,"135"
"68810","47360","37877","4591","185762","Cancelled","2022-08-08 23:47:59",NULL,NULL,NULL,"135"
"73296","50486","40412","18798","197914","Cancelled","2020-10-16 06:06:32",NULL,NULL,NULL,"135"
"97350","67282","53758","4218","262960","Cancelled","2020-05-29 15:45:32",NULL,NULL,NULL,"135"
"111780","77217","61787","4918","301890","Cancelled","2021-06-03 11:06:57",NULL,NULL,NULL,"135"
"117334","80990","64864","28547","316845","Cancelled","2020-04-22 07:16:22",NULL,NULL,NULL,"135"
"118886","82076","65710","21225","321001","Cancelled","2021-03-04 15:35:25",NULL,NULL,NULL,"135"
"122110","84236","67433","19605","329693","Cancelled","2019-12-08 18:00:22",NULL,NULL,NULL,"135"
"123851","85442","68371","20797","334374","Cancelled","2021-12-31 23:57:54",NULL,NULL,NULL,"135"
"139151","96017","76989","28547","375768","Cancelled","2021-05-25 00:28:13",NULL,NULL,NULL,"135"
"145394","100317","80442","19475","392592","Cancelled","2019-10-26 02:07:31",NULL,NULL,NULL,"135"
"147242","101589","81486","24369","397564","Cancelled","2021-08-12 09:50:24",NULL,NULL,NULL,"135"
"159753","110213","88381","5073","431330","Cancelled","2021-07-04 15:12:37",NULL,NULL,NULL,"135"
"173454","119630","95915","22518","468437","Cancelled","2022-08-16 03:53:55",NULL,NULL,NULL,"135"
"2869","1957","1582","5070","7765","Processing","2022-08-04 07:56:27",NULL,NULL,NULL,"135"
"4713","3226","2633","19087","12779","Processing","2021-04-10 15:52:39",NULL,NULL,NULL,"135"
"6378","4355","3536","16182","17257","Processing","2020-09-21 02:26:39",NULL,NULL,NULL,"135"
"7123","4853","3934","19572","19291","Processing","2022-08-10 06:11:16",NULL,NULL,NULL,"135"
"7374","5042","4086","18798","19989","Processing","2020-11-03 18:02:48",NULL,NULL,NULL,"135"
"8049","5518","4468","4918","21839","Processing","2020-10-17 15:33:23",NULL,NULL,NULL,"135"
"8079","5537","4483","24369","21914","Processing","2022-08-13 11:39:05",NULL,NULL,NULL,"135"
"13489","9297","7493","6518","36557","Processing","2022-03-16 20:53:39",NULL,NULL,NULL,"135"
"14565","10024","8063","4737","39458","Processing","2021-03-24 05:35:09",NULL,NULL,NULL,"135"
"17718","12183","9801","19576","47989","Processing","2022-04-27 10:27:06",NULL,NULL,NULL,"135"
"19940","13719","10997","19576","53967","Processing","2020-02-26 09:54:28",NULL,NULL,NULL,"135"
"21925","15077","12042","19475","59262","Processing","2022-07-02 11:39:36",NULL,NULL,NULL,"135"
"24216","16653","13313","5073","65456","Processing","2022-07-30 02:16:26",NULL,NULL,NULL,"135"
"35800","24637","19702","19087","96670","Processing","2022-04-12 02:19:08",NULL,NULL,NULL,"135"
"40311","27745","22159","19605","108810","Processing","2022-09-07 04:17:55",NULL,NULL,NULL,"135"
"41018","28208","22506","19087","110740","Processing","2020-03-29 17:06:51",NULL,NULL,NULL,"135"
"44105","30345","24205","20890","119125","Processing","2020-12-19 04:37:11",NULL,NULL,NULL,"135"
"45446","31295","24975","24369","122723","Processing","2019-10-19 11:10:30",NULL,NULL,NULL,"135"
"47729","32883","26262","22518","128824","Processing","2021-03-06 07:19:25",NULL,NULL,NULL,"135"
"52719","36340","29027","21350","142263","Processing","2021-09-26 07:16:13",NULL,NULL,NULL,"135"
"56084","38662","30907","19494","151352","Processing","2021-04-14 10:22:22",NULL,NULL,NULL,"135"
"62157","42809","34219","19748","167786","Processing","2022-03-09 22:47:06",NULL,NULL,NULL,"135"
"63931","44009","35201","16807","172585","Processing","2020-03-03 16:48:31",NULL,NULL,NULL,"135"
"65715","45244","36161","24257","177444","Processing","2021-07-31 11:05:54",NULL,NULL,NULL,"135"
"68015","46796","37438","13277","183643","Processing","2021-04-17 04:24:50",NULL,NULL,NULL,"135"
"70971","48860","39093","19345","191601","Processing","2022-04-11 11:48:00",NULL,NULL,NULL,"135"
"71425","49189","39369","24369","192839","Processing","2022-09-02 09:37:43",NULL,NULL,NULL,"135"
"78015","53798","43035","5866","210609","Processing","2022-08-26 08:27:07",NULL,NULL,NULL,"135"
"81526","56246","44950","19456","220174","Processing","2022-09-02 10:28:43.630987",NULL,NULL,NULL,"135"
"81942","56533","45190","20977","221279","Processing","2022-09-03 12:05:58.05885",NULL,NULL,NULL,"135"
"84827","58603","46863","26320","229118","Processing","2022-05-06 09:37:07",NULL,NULL,NULL,"135"
"85762","59268","47410","6664","231658","Processing","2022-05-02 03:19:30",NULL,NULL,NULL,"135"
"89545","61900","49552","24399","241883","Processing","2022-02-26 14:36:22",NULL,NULL,NULL,"135"
"91204","63018","50454","24399","246377","Processing","2019-10-01 09:23:40",NULL,NULL,NULL,"135"
"91266","63062","50480","19655","246545","Processing","2022-01-05 08:54:14",NULL,NULL,NULL,"135"
"93689","64733","51800","26320","253044","Processing","2021-11-02 03:04:09",NULL,NULL,NULL,"135"
"95431","65962","52767","5070","257790","Processing","2021-10-25 01:55:01",NULL,NULL,NULL,"135"
"95986","66341","53047","18798","259287","Processing","2022-09-04 07:03:02.700212",NULL,NULL,NULL,"135"
"100639","69543","55623","4737","271783","Processing","2020-10-31 16:23:47",NULL,NULL,NULL,"135"
"101737","70301","56210","6664","274760","Processing","2021-04-30 07:01:55",NULL,NULL,NULL,"135"
"104243","72031","57585","19576","281583","Processing","2021-12-07 10:47:11",NULL,NULL,NULL,"135"
"108649","75063","60017","6901","293490","Processing","2022-09-05 00:40:44.076909",NULL,NULL,NULL,"135"
"116311","80316","64290","22518","314138","Processing","2021-11-21 03:42:23",NULL,NULL,NULL,"135"
"117564","81156","65002","4218","317458","Processing","2022-03-17 11:30:55",NULL,NULL,NULL,"135"
"118384","81716","65431","19087","319657","Processing","2022-07-18 14:16:22",NULL,NULL,NULL,"135"
"119821","82721","66219","22518","323500","Processing","2021-03-26 18:50:20",NULL,NULL,NULL,"135"
"127836","88162","70603","19655","345148","Processing","2020-11-28 23:36:00",NULL,NULL,NULL,"135"
"130470","89992","72086","18777","352266","Processing","2022-08-22 14:51:34",NULL,NULL,NULL,"135"
"133119","91854","73573","16807","359457","Processing","2021-09-24 04:47:58",NULL,NULL,NULL,"135"
"133394","92038","73721","28547","360183","Processing","2021-07-25 06:43:56",NULL,NULL,NULL,"135"
"135189","93269","74716","19572","365066","Processing","2020-07-01 03:16:02",NULL,NULL,NULL,"135"
"137213","94685","75894","19605","370498","Processing","2019-12-16 08:50:42",NULL,NULL,NULL,"135"
"138287","95427","76507","19087","373406","Processing","2021-09-03 18:09:21",NULL,NULL,NULL,"135"
"142288","98156","78709","21270","384182","Processing","2022-01-22 08:34:11",NULL,NULL,NULL,"135"
"142974","98650","79087","21047","386033","Processing","2021-10-17 16:10:50",NULL,NULL,NULL,"135"
"144114","99436","79727","19605","389106","Processing","2022-07-09 02:25:09",NULL,NULL,NULL,"135"
"144290","99553","79820","10220","389595","Processing","2020-11-28 14:56:07",NULL,NULL,NULL,"135"
"149596","103250","82812","19475","403973","Processing","2022-04-24 14:28:01",NULL,NULL,NULL,"135"
"154592","106669","85569","24399","417453","Processing","2021-09-27 01:46:08",NULL,NULL,NULL,"135"
"156987","108286","86845","4918","423866","Processing","2021-11-16 13:06:42",NULL,NULL,NULL,"135"
"157201","108434","86958","18798","424454","Processing","2022-03-28 02:02:14",NULL,NULL,NULL,"135"
"161757","111580","89460","4218","436763","Processing","2022-06-12 00:43:42",NULL,NULL,NULL,"135"
"163682","112909","90530","13587","441987","Processing","2022-07-31 07:07:00",NULL,NULL,NULL,"135"
"167767","115695","92739","19655","453057","Processing","2022-07-15 01:15:39",NULL,NULL,NULL,"135"
"172453","118927","95343","28547","465773","Processing","2022-08-28 11:18:47",NULL,NULL,NULL,"135"
"173078","119365","95683","19572","467477","Processing","2022-09-02 00:18:41",NULL,NULL,NULL,"135"
"179358","123706","99239","22518","484359","Processing","2022-06-07 14:08:32",NULL,NULL,NULL,"135"
"179997","124138","99565","5073","486075","Processing","2021-08-05 05:18:17",NULL,NULL,NULL,"135"
"69908","48128","38487","13066","188718","Shipped","2022-09-04 06:26:36.25607","2022-09-04 16:05:58.25607",NULL,NULL,"143"
"93712","64750","51820","1918","253103","Shipped","2022-02-21 10:07:03","2022-02-18 17:29:00",NULL,NULL,"143"
"123246","85029","68042","13066","332770","Shipped","2020-10-27 10:34:50","2020-10-30 06:54:00",NULL,NULL,"143"
"131872","90972","72873","7827","356046","Shipped","2022-05-01 15:15:23","2022-05-03 04:13:00",NULL,NULL,"143"
"161329","111285","89226","12892","435580","Shipped","2022-09-05 11:16:53.735024","2022-09-06 01:32:34.735024",NULL,NULL,"143"
"169128","116647","93523","13066","456724","Shipped","2022-06-04 00:25:11","2022-06-02 11:18:00",NULL,NULL,"143"
"28697","19760","15796","13066","77561","Complete","2020-04-06 13:03:14","2020-04-04 14:55:00","2020-04-06 15:50:00",NULL,"143"
"35873","24696","19750","12892","96873","Complete","2021-10-30 23:07:43","2021-10-31 09:03:00","2021-11-05 00:30:00",NULL,"143"
"67557","46481","37171","3104","182419","Complete","2021-09-08 15:27:35","2021-09-07 10:21:00","2021-09-12 01:10:00",NULL,"143"
"85251","58911","47095","1918","230280","Complete","2021-03-03 11:59:45","2021-03-03 06:55:00","2021-03-05 03:00:00",NULL,"143"
"133524","92119","73781","12809","360552","Complete","2022-07-17 10:14:57","2022-07-16 19:56:00","2022-07-18 18:01:00",NULL,"143"
"153921","106205","85192","13066","415647","Complete","2022-05-14 07:55:02","2022-05-14 14:19:00","2022-05-17 17:13:00",NULL,"143"
"157799","108835","87290","3104","426062","Complete","2021-12-02 12:11:39","2021-12-03 17:25:00","2021-12-07 21:03:00",NULL,"143"
"163550","112815","90459","13066","441633","Complete","2021-02-20 13:32:23","2021-02-19 10:15:00","2021-02-23 18:50:00",NULL,"143"
"177216","122210","97989","12809","478624","Complete","2021-01-26 02:23:16","2021-01-27 17:45:00","2021-01-28 15:26:00",NULL,"143"
"9369","6433","5223","12809","25408","Returned","2022-01-28 11:59:36","2022-01-29 05:57:00","2022-02-01 19:03:00","2022-02-02 16:16:00","143"
"23110","15902","12711","1918","62466","Returned","2022-02-02 07:58:30","2022-02-01 20:48:00","2022-02-03 13:38:00","2022-02-05 17:36:00","143"
"29406","20245","16184","12892","79493","Returned","2022-07-08 08:12:44","2022-07-08 02:43:00","2022-07-11 22:22:00","2022-07-14 20:44:00","143"
"161621","111486","89389","3104","436391","Returned","2022-01-10 10:13:44","2022-01-12 06:02:00","2022-01-17 02:57:00","2022-01-17 04:18:00","143"
"4315","2944","2364","3104","11698","Cancelled","2020-05-19 10:44:13",NULL,NULL,NULL,"143"
"25675","17687","14121","12892","69387","Cancelled","2021-12-19 03:27:10",NULL,NULL,NULL,"143"
"29372","20228","16170","12892","79395","Cancelled","2021-03-27 06:44:53",NULL,NULL,NULL,"143"
"92832","64142","51337","3104","250731","Cancelled","2022-08-13 05:13:52",NULL,NULL,NULL,"143"
"31208","21475","17184","13066","84351","Processing","2022-05-13 14:58:49",NULL,NULL,NULL,"143"
"44566","30680","24487","7827","120376","Processing","2022-08-30 09:55:13",NULL,NULL,NULL,"143"
"94259","65122","52100","12892","254600","Processing","2022-08-02 12:53:53",NULL,NULL,NULL,"143"
"143564","99062","79433","1918","387623","Processing","2021-07-22 01:10:18",NULL,NULL,NULL,"143"
"149987","103506","83024","12809","405054","Processing","2021-02-25 14:37:33",NULL,NULL,NULL,"143"
"155002","106945","85804","13066","418546","Processing","2022-07-07 21:08:38",NULL,NULL,NULL,"143"
"22844","15711","12559","12957","61748","Shipped","2022-04-13 16:15:02","2022-04-13 09:10:00",NULL,NULL,"151"
"36945","25436","20339","12957","99758","Shipped","2022-05-10 12:22:45","2022-05-11 00:33:00",NULL,NULL,"151"
"68887","47416","37918","12957","185971","Shipped","2022-01-14 05:17:33","2022-01-16 19:25:00",NULL,NULL,"151"
"35107","24161","19287","12957","94844","Complete","2022-01-15 12:58:47","2022-01-17 09:38:00","2022-01-22 00:29:00",NULL,"151"
"109870","75883","60668","12931","296766","Complete","2021-05-22 22:32:22","2021-05-23 06:27:00","2021-05-23 10:52:00",NULL,"151"
"17781","12225","9837","12931","48165","Returned","2021-09-21 10:38:57","2021-09-23 21:59:00","2021-09-26 02:42:00","2021-09-28 09:52:00","151"
"24242","16674","13332","12957","65521","Cancelled","2021-06-30 02:02:58",NULL,NULL,NULL,"151"
"177398","122342","98115","22627","479109","Complete","2022-08-30 23:34:45","2022-09-02 02:20:00","2022-09-04 12:38:00",NULL,"16.420000076293945"
"87518","60476","48415","22627","236424","Returned","2021-12-29 14:53:09","2021-12-29 15:21:00","2022-01-02 08:02:00","2022-01-04 07:03:00","16.420000076293945"
"95018","65660","52535","22627","256668","Returned","2022-07-08 12:22:45","2022-07-09 06:25:00","2022-07-13 09:55:00","2022-07-14 15:46:00","16.420000076293945"
"10644","7323","5960","8417","28850","Cancelled","2022-09-08 10:58:26.108255",NULL,NULL,NULL,"16.420000076293945"
"49199","33879","27054","22626","132787","Cancelled","2021-09-01 09:52:01",NULL,NULL,NULL,"16.420000076293945"
"24794","17072","13638","22626","67006","Processing","2021-05-02 07:32:38",NULL,NULL,NULL,"16.420000076293945"
"80316","55391","44288","8417","216873","Processing","2021-05-06 04:59:52",NULL,NULL,NULL,"16.420000076293945"
"93002","64262","51429","22626","251189","Processing","2021-04-09 00:40:47",NULL,NULL,NULL,"16.420000076293945"
"6153","4198","3406","15902","16648","Shipped","2021-12-04 10:33:21","2021-12-05 05:41:00",NULL,NULL,"18.420000076293945"
"56950","39250","31374","8973","153700","Shipped","2020-09-10 12:25:01","2020-09-11 07:36:00",NULL,NULL,"18.420000076293945"
"69839","48078","38439","8973","188527","Shipped","2022-07-12 21:56:31","2022-07-15 04:34:00",NULL,NULL,"18.420000076293945"
"3524","2385","1920","15902","9533","Complete","2022-01-17 07:36:25","2022-01-18 05:11:00","2022-01-18 13:37:00",NULL,"18.420000076293945"
"105622","72978","58371","8973","285296","Complete","2022-03-10 07:52:43","2022-03-11 20:14:00","2022-03-13 19:27:00",NULL,"18.420000076293945"
"30500","21011","16824","15902","82471","Returned","2022-06-14 15:40:02","2022-06-12 17:32:00","2022-06-13 06:06:00","2022-06-15 11:58:00","18.420000076293945"
"35359","24336","19435","8973","95515","Cancelled","2022-03-21 02:56:35",NULL,NULL,NULL,"18.420000076293945"
"98100","67792","54166","13639","265006","Shipped","2022-06-01 16:21:57","2022-06-03 05:35:00",NULL,NULL,"23.420000076293945"
"67539","46466","37161","13639","182369","Complete","2019-03-02 04:48:50","2019-02-28 23:04:00","2019-03-04 11:16:00",NULL,"23.420000076293945"
"8206","5619","4545","13639","22257","Returned","2020-12-05 07:56:47","2020-12-06 03:42:00","2020-12-07 23:54:00","2020-12-08 12:28:00","23.420000076293945"
"173728","119824","96083","13639","469150","Cancelled","2022-06-26 17:44:17",NULL,NULL,NULL,"23.420000076293945"
"10622","7306","5948","13639","28787","Processing","2020-11-28 07:05:05",NULL,NULL,NULL,"23.420000076293945"
"1057","733","613","7653","2840","Shipped","2022-07-15 12:47:17","2022-07-16 13:27:00",NULL,NULL,"25.420000076293945"
"31242","21492","17203","7653","84436","Shipped","2022-01-24 22:02:40","2022-01-26 11:57:00",NULL,NULL,"25.420000076293945"
"78709","54264","43440","7653","212488","Shipped","2022-07-20 09:49:58","2022-07-22 02:50:00",NULL,NULL,"25.420000076293945"
"103676","71649","57288","7653","280062","Shipped","2022-09-03 06:37:22.71154","2022-09-05 03:46:17.71154",NULL,NULL,"25.420000076293945"
"151658","104630","83950","7653","409593","Shipped","2020-10-24 13:12:17","2020-10-25 20:23:00",NULL,NULL,"25.420000076293945"
"71695","49373","39520","19683","193552","Shipped","2022-09-01 02:49:10","2022-09-01 16:56:00",NULL,NULL,"27.420000076293945"
"72484","49922","39956","19683","195720","Shipped","2022-08-14 10:08:09","2022-08-15 06:39:00",NULL,NULL,"27.420000076293945"
"92783","64108","51307","19683","250602","Shipped","2021-04-06 05:14:25","2021-04-04 22:25:00",NULL,NULL,"27.420000076293945"
"169157","116666","93540","19683","456800","Shipped","2022-04-11 04:36:18","2022-04-12 04:41:00",NULL,NULL,"27.420000076293945"
"79036","54493","43608","19683","213390","Complete","2022-08-15 02:20:10","2022-08-12 21:05:00","2022-08-13 13:03:00",NULL,"27.420000076293945"
"144117","99437","79728","19683","389114","Complete","2022-01-25 22:44:09","2022-01-25 06:57:00","2022-01-26 17:04:00",NULL,"27.420000076293945"
"41150","28298","22576","19683","111099","Processing","2020-03-25 10:51:44",NULL,NULL,NULL,"27.420000076293945"
"48205","33210","26535","19683","130106","Processing","2021-11-28 09:06:25",NULL,NULL,NULL,"27.420000076293945"
"119780","82694","66193","3821","323381","Shipped","2020-10-18 06:01:57","2020-10-19 06:47:00",NULL,NULL,"31.420000076293945"
"172165","118717","95178","3821","464992","Shipped","2021-10-19 09:44:19","2021-10-19 04:53:00",NULL,NULL,"31.420000076293945"
"173702","119804","96068","3821","469083","Shipped","2022-01-06 18:12:18","2022-01-07 04:18:00",NULL,NULL,"31.420000076293945"
"179109","123531","99091","3821","483685","Shipped","2022-01-28 18:13:07","2022-01-30 20:28:00",NULL,NULL,"31.420000076293945"
"75301","51889","41517","3821","203298","Cancelled","2020-06-03 09:48:52",NULL,NULL,NULL,"31.420000076293945"
"131419","90652","72630","3821","354840","Cancelled","2020-01-27 02:01:35",NULL,NULL,NULL,"31.420000076293945"
"22572","15525","12412","26777","61007","Shipped","2022-08-10 01:32:45","2022-08-07 22:13:00",NULL,NULL,"34.84000015258789"
"69541","47888","38289","26699","187713","Shipped","2019-05-03 11:10:06","2019-05-03 20:20:00",NULL,NULL,"34.84000015258789"
"177631","122512","98261","26699","479726","Shipped","2021-04-12 10:20:04","2021-04-15 02:19:00",NULL,NULL,"34.84000015258789"
"20519","14107","11300","26699","55542","Complete","2022-07-20 04:13:55","2022-07-21 13:06:00","2022-07-24 01:33:00",NULL,"34.84000015258789"
"38052","26197","20936","26699","102730","Complete","2021-04-18 10:15:44","2021-04-19 07:15:00","2021-04-20 02:03:00",NULL,"34.84000015258789"
"6143","4190","3400","26777","16619","Cancelled","2022-08-25 14:30:19",NULL,NULL,NULL,"34.84000015258789"
"111290","76882","61510","26699","300563","Cancelled","2021-08-01 21:39:22",NULL,NULL,NULL,"34.84000015258789"
"152475","105204","84406","26699","411780","Cancelled","2021-08-20 11:41:44",NULL,NULL,NULL,"34.84000015258789"
"155229","107094","85923","26777","419160","Cancelled","2021-12-11 11:18:40",NULL,NULL,NULL,"34.84000015258789"
"39695","27335","21830","26777","107150","Processing","2022-04-02 12:58:04",NULL,NULL,NULL,"34.84000015258789"
"53130","36630","29272","26699","143359","Processing","2022-04-28 13:46:23",NULL,NULL,NULL,"34.84000015258789"
"149907","103454","82984","26699","404826","Processing","2022-08-05 12:01:02",NULL,NULL,NULL,"34.84000015258789"
"90707","62686","50188","14516","245054","Shipped","2022-09-03 14:02:57","2022-09-05 03:35:00",NULL,NULL,"36.84000015258789"
"41031","28216","22514","14516","110779","Complete","2022-03-16 08:30:16","2022-03-18 04:14:00","2022-03-22 21:56:00",NULL,"36.84000015258789"
"138620","95656","76690","14516","374313","Complete","2022-05-11 15:11:54","2022-05-14 04:49:00","2022-05-18 12:59:00",NULL,"36.84000015258789"
"94176","65061","52044","14516","254367","Cancelled","2022-07-26 23:26:14",NULL,NULL,NULL,"36.84000015258789"
"5217","3555","2908","25876","14115","Shipped","2022-02-07 03:02:16","2022-02-08 02:41:00",NULL,NULL,"38.84000015258789"
"77213","53235","42601","25876","208469","Shipped","2022-08-29 08:06:55","2022-08-27 08:13:00",NULL,NULL,"38.84000015258789"
"82629","57035","45600","25926","223149","Shipped","2022-05-22 04:10:37","2022-05-20 10:20:00",NULL,NULL,"38.84000015258789"
"4753","3256","2658","25926","12881","Complete","2021-10-24 04:45:28","2021-10-24 08:55:00","2021-10-28 07:57:00",NULL,"38.84000015258789"
"25078","17278","13800","22809","67784","Complete","2022-06-18 22:35:59","2022-06-17 21:16:00","2022-06-19 19:15:00",NULL,"38.84000015258789"
"42659","29356","23400","25876","115187","Complete","2022-04-14 05:41:13","2022-04-14 17:52:00","2022-04-17 12:08:00",NULL,"38.84000015258789"
"60893","41941","33525","25926","164397","Complete","2021-05-06 11:14:49","2021-05-05 10:08:00","2021-05-07 08:18:00",NULL,"38.84000015258789"
"66166","45533","36397","25876","178668","Complete","2022-05-30 07:02:56","2022-05-28 01:03:00","2022-06-01 11:32:00",NULL,"38.84000015258789"
"82524","56960","45546","22809","222863","Complete","2022-02-23 09:51:41","2022-02-25 03:07:00","2022-02-25 14:33:00",NULL,"38.84000015258789"
"92497","63909","51166","22809","249831","Complete","2020-03-05 04:14:01","2020-03-05 10:07:00","2020-03-06 01:23:00",NULL,"38.84000015258789"
"139001","95918","76911","22809","375352","Complete","2019-06-08 03:27:38","2019-06-04 13:43:00","2019-06-08 00:32:00",NULL,"38.84000015258789"
"140704","97060","77835","25926","379908","Complete","2022-06-28 04:16:54","2022-06-26 14:20:00","2022-06-30 01:23:00",NULL,"38.84000015258789"
"171218","118037","94655","25876","462416","Complete","2022-06-10 02:40:01","2022-06-12 22:57:00","2022-06-14 21:26:00",NULL,"38.84000015258789"
"158667","109444","87769","22809","428387","Returned","2021-04-03 08:08:14","2021-04-04 09:49:00","2021-04-09 06:29:00","2021-04-09 08:30:00","38.84000015258789"
"171944","118561","95049","22809","464386","Returned","2020-12-25 06:15:58","2020-12-27 19:06:00","2020-12-30 19:04:00","2021-01-01 04:22:00","38.84000015258789"
"60821","41892","33483","22809","164207","Cancelled","2022-01-20 11:25:21",NULL,NULL,NULL,"38.84000015258789"
"101948","70452","56322","22809","275351","Cancelled","2022-03-09 15:54:07",NULL,NULL,NULL,"38.84000015258789"
"125280","86426","69166","25876","338248","Cancelled","2022-09-04 12:42:24.894927",NULL,NULL,NULL,"38.84000015258789"
"33394","22990","18343","25876","90219","Processing","2022-08-22 05:29:08",NULL,NULL,NULL,"38.84000015258789"
"42691","29380","23419","25876","115279","Processing","2021-08-17 23:17:29",NULL,NULL,NULL,"38.84000015258789"
"52853","36432","29112","25876","142623","Processing","2021-04-11 09:17:56",NULL,NULL,NULL,"38.84000015258789"
"72858","50188","40175","25876","196733","Processing","2020-01-26 12:41:08",NULL,NULL,NULL,"38.84000015258789"
"159776","110226","88389","22809","431397","Processing","2020-03-15 06:16:40",NULL,NULL,NULL,"38.84000015258789"
"160699","110864","88897","25926","433890","Processing","2021-12-04 15:02:48",NULL,NULL,NULL,"38.84000015258789"
"5985","4073","3306","4894","16194","Shipped","2022-08-22 02:44:28","2022-08-22 12:29:00",NULL,NULL,"40.84000015258789"
"63936","44013","35202","17529","172602","Shipped","2021-02-18 12:23:51","2021-02-20 18:08:00",NULL,NULL,"40.84000015258789"
"83075","57364","45855","4894","224365","Shipped","2022-02-09 13:24:23","2022-02-07 11:58:00",NULL,NULL,"40.84000015258789"
"102672","70936","56702","17529","277329","Shipped","2021-01-08 22:41:25","2021-01-11 17:45:00",NULL,NULL,"40.84000015258789"
"136250","94024","75365","17529","367928","Shipped","2021-07-08 15:53:22","2021-07-11 13:43:00",NULL,NULL,"40.84000015258789"
"61462","42322","33827","17529","165914","Complete","2021-10-11 16:07:46","2021-10-13 10:36:00","2021-10-15 07:19:00",NULL,"40.84000015258789"
"80141","55271","44202","4894","216388","Returned","2022-02-08 02:19:24","2022-02-10 11:41:00","2022-02-12 15:15:00","2022-02-14 13:31:00","40.84000015258789"
"160811","110928","88934","17529","434190","Returned","2022-06-30 00:30:51","2022-07-01 08:21:00","2022-07-06 07:27:00","2022-07-09 00:03:00","40.84000015258789"
"130816","90237","72271","4894","353216","Processing","2020-02-16 08:34:38",NULL,NULL,NULL,"40.84000015258789"
"167049","115205","92337","17529","451161","Processing","2022-01-21 10:02:55",NULL,NULL,NULL,"40.84000015258789"
"15953","10951","8802","19487","43180","Shipped","2022-06-21 10:48:44","2022-06-23 11:55:00",NULL,NULL,"44.84000015258789"
"49130","33835","27024","19487","132594","Shipped","2022-09-02 03:46:00","2022-09-04 08:53:00",NULL,NULL,"44.84000015258789"
"73318","50500","40419","4331","197978","Shipped","2021-07-21 23:16:51","2021-07-24 01:03:00",NULL,NULL,"44.84000015258789"
"80986","55852","44655","19487","218730","Shipped","2022-05-10 10:05:18","2022-05-13 04:41:00",NULL,NULL,"44.84000015258789"
"141337","97484","78176","4331","381632","Shipped","2022-03-03 10:16:33","2022-03-03 23:23:00",NULL,NULL,"44.84000015258789"
"146666","101183","81184","19487","396041","Shipped","2019-11-23 15:23:50","2019-11-26 05:52:00",NULL,NULL,"44.84000015258789"
"163561","112823","90464","19487","441666","Shipped","2021-11-10 01:25:41","2021-11-11 09:15:00",NULL,NULL,"44.84000015258789"
"35667","24545","19612","19487","96319","Complete","2022-04-14 03:43:30","2022-04-13 09:44:00","2022-04-15 22:23:00",NULL,"44.84000015258789"
"41381","28458","22701","4331","111710","Complete","2021-11-15 02:58:45","2021-11-14 22:51:00","2021-11-18 02:50:00",NULL,"44.84000015258789"
"43581","29978","23898","4331","117696","Complete","2022-09-03 14:38:07.617407","2022-09-05 19:04:32.617407","2022-09-05 23:39:32.617407",NULL,"44.84000015258789"
"46518","32028","25572","19487","125616","Complete","2022-08-16 11:51:03","2022-08-18 23:37:00","2022-08-22 02:41:00",NULL,"44.84000015258789"
"87508","60468","48405","4331","236396","Complete","2022-01-29 12:55:27","2022-01-31 17:48:00","2022-02-02 13:21:00",NULL,"44.84000015258789"
"124715","86046","68864","19487","336688","Complete","2021-07-31 01:20:41","2021-07-28 05:11:00","2021-07-31 15:45:00",NULL,"44.84000015258789"
"142116","98033","78608","19487","383721","Returned","2021-11-06 11:48:14","2021-11-06 05:12:00","2021-11-07 16:04:00","2021-11-10 08:17:00","44.84000015258789"
"11131","7654","6211","19487","30165","Processing","2021-04-09 10:55:27",NULL,NULL,NULL,"44.84000015258789"
"47316","32600","26033","26549","127717","Shipped","2021-04-28 14:34:04","2021-04-24 23:44:00",NULL,NULL,"46.84000015258789"
"92390","63834","51098","26549","249548","Shipped","2022-07-03 12:25:12","2022-07-04 23:11:00",NULL,NULL,"46.84000015258789"
"150953","104168","83563","26549","407694","Shipped","2021-01-17 01:16:11","2021-01-17 11:55:00",NULL,NULL,"46.84000015258789"
"92082","63627","50939","26549","248711","Complete","2022-08-22 17:01:44","2022-08-23 17:40:00","2022-08-25 17:17:00",NULL,"46.84000015258789"
"174883","120601","96695","26549","472278","Complete","2022-08-24 23:07:09","2022-08-23 23:17:00","2022-08-27 13:16:00",NULL,"46.84000015258789"
"9392","6454","5239","26549","25471","Cancelled","2022-06-05 01:50:12",NULL,NULL,NULL,"46.84000015258789"
"18449","12679","10174","26549","49952","Cancelled","2021-09-23 09:45:16",NULL,NULL,NULL,"46.84000015258789"
"117479","81095","64949","16147","317234","Shipped","2022-01-18 10:55:52","2022-01-20 05:17:00",NULL,NULL,"50.84000015258789"
"118855","82056","65699","16147","320926","Shipped","2022-06-28 12:50:37","2022-06-25 02:09:00",NULL,NULL,"50.84000015258789"
"16350","11238","9033","16147","44252","Complete","2022-06-05 05:09:31","2022-06-05 23:01:00","2022-06-10 16:01:00",NULL,"50.84000015258789"
"72955","50259","40234","16147","196987","Complete","2020-05-18 00:30:21","2020-05-18 08:35:00","2020-05-20 12:31:00",NULL,"50.84000015258789"
"171337","118123","94728","16147","462747","Complete","2021-07-07 02:13:54","2021-07-04 19:55:00","2021-07-06 19:30:00",NULL,"50.84000015258789"
"90475","62539","50063","16147","244413","Cancelled","2021-10-02 02:06:24",NULL,NULL,NULL,"50.84000015258789"
"90773","62730","50215","16147","245227","Cancelled","2022-08-28 05:41:29",NULL,NULL,NULL,"50.84000015258789"
"101442","70095","56038","16147","273968","Cancelled","2020-05-20 13:32:04",NULL,NULL,NULL,"50.84000015258789"
"83931","57964","46352","16147","226699","Processing","2022-09-03 06:45:05.104326",NULL,NULL,NULL,"50.84000015258789"
"47304","32591","26026","7429","127684","Shipped","2022-08-31 05:25:15.113264","2022-08-31 09:52:28.113264",NULL,NULL,"54.84000015258789"
"50012","34443","27506","7429","135005","Shipped","2022-07-23 07:49:19","2022-07-25 21:12:00",NULL,NULL,"54.84000015258789"
"132466","91376","73176","7429","357685","Shipped","2021-12-22 07:50:26","2021-12-24 12:15:00",NULL,NULL,"54.84000015258789"
"29682","20445","16326","7429","80238","Complete","2020-12-01 07:09:30","2020-12-03 18:51:00","2020-12-06 09:30:00",NULL,"54.84000015258789"
"37662","25936","20719","7429","101689","Complete","2022-09-04 06:52:20.771278","2022-09-04 06:31:07.771278","2022-09-09 02:15:07.771278",NULL,"54.84000015258789"
"50808","35019","27945","7429","137134","Processing","2021-09-16 14:39:51",NULL,NULL,NULL,"54.84000015258789"
"18506","12714","10198","5397","50112","Shipped","2020-02-28 04:28:14","2020-02-28 09:37:00",NULL,NULL,"58.84000015258789"
"26782","18454","14735","19749","72391","Shipped","2022-01-28 11:26:29","2022-01-29 18:22:00",NULL,NULL,"58.84000015258789"
"33909","23351","18639","19749","91619","Shipped","2022-06-04 06:22:13","2022-06-05 21:46:00",NULL,NULL,"58.84000015258789"
"80278","55365","44272","5665","216771","Shipped","2021-08-22 05:06:30","2021-08-25 01:45:00",NULL,NULL,"58.84000015258789"
"100845","69693","55730","8014","272365","Shipped","2021-03-29 07:35:33","2021-03-27 22:43:00",NULL,NULL,"58.84000015258789"
"109741","75797","60598","19749","296433","Shipped","2020-11-19 06:54:09","2020-11-19 05:47:00",NULL,NULL,"58.84000015258789"
"118238","81619","65358","8014","319265","Shipped","2020-01-01 00:52:32","2019-12-31 03:04:00",NULL,NULL,"58.84000015258789"
"134532","92823","74365","5397","363287","Shipped","2021-07-27 18:39:36","2021-07-27 11:03:00",NULL,NULL,"58.84000015258789"
"16366","11251","9041","8014","44300","Complete","2021-12-14 23:11:34","2021-12-17 14:11:00","2021-12-17 18:55:00",NULL,"58.84000015258789"
"34476","23734","18942","8014","93137","Complete","2022-03-18 02:27:08","2022-03-16 05:50:00","2022-03-19 01:39:00",NULL,"58.84000015258789"
"90091","62266","49842","5665","243375","Complete","2021-10-09 07:50:32","2021-10-07 20:27:00","2021-10-12 06:23:00",NULL,"58.84000015258789"
"101705","70278","56189","19749","274673","Complete","2022-04-06 14:06:22","2022-04-08 09:41:00","2022-04-08 14:45:00",NULL,"58.84000015258789"
"149995","103511","83027","19749","405073","Complete","2021-11-01 09:24:31","2021-11-03 00:09:00","2021-11-04 11:45:00",NULL,"58.84000015258789"
"164343","113363","90898","5665","443818","Complete","2020-05-25 15:28:30","2020-05-25 23:21:00","2020-05-26 01:56:00",NULL,"58.84000015258789"
"172321","118821","95254","8014","465415","Complete","2022-03-07 23:37:01","2022-03-10 12:45:00","2022-03-14 17:48:00",NULL,"58.84000015258789"
"43320","29795","23758","8014","116981","Returned","2022-08-04 07:08:16","2022-08-05 04:09:00","2022-08-05 10:41:00","2022-08-06 05:42:00","58.84000015258789"
"50696","34934","27877","5397","136825","Returned","2021-07-10 23:04:02","2021-07-13 07:50:00","2021-07-17 18:18:00","2021-07-18 11:36:00","58.84000015258789"
"176724","121871","97736","8014","477305","Returned","2022-01-26 12:18:12","2022-01-27 13:49:00","2022-01-28 12:00:00","2022-01-30 08:33:00","58.84000015258789"
"47160","32500","25953","5665","127290","Cancelled","2022-08-07 01:17:58",NULL,NULL,NULL,"58.84000015258789"
"108841","75190","60124","19749","294010","Cancelled","2022-05-07 07:14:32",NULL,NULL,NULL,"58.84000015258789"
"176225","121533","97468","5397","475937","Cancelled","2022-09-07 02:11:37.572838",NULL,NULL,NULL,"58.84000015258789"
"3830","2603","2108","19749","10363","Processing","2022-06-13 15:27:18",NULL,NULL,NULL,"58.84000015258789"
"57913","39913","31902","8014","156287","Processing","2022-08-13 09:12:44",NULL,NULL,NULL,"58.84000015258789"
"105581","72950","58350","8014","285175","Processing","2022-07-10 09:06:11",NULL,NULL,NULL,"58.84000015258789"
"141516","97616","78278","5665","382117","Processing","2021-12-01 06:40:44",NULL,NULL,NULL,"58.84000015258789"
"143495","99015","79390","5665","387436","Processing","2021-12-31 12:47:10",NULL,NULL,NULL,"58.84000015258789"
"175533","121050","97049","8014","474058","Processing","2022-05-14 13:24:18",NULL,NULL,NULL,"58.84000015258789"
"178311","122983","98641","19749","481541","Processing","2020-07-03 23:47:57",NULL,NULL,NULL,"58.84000015258789"
"63239","43539","34812","17735","170752","Complete","2022-09-08 04:49:18.270109","2022-09-05 09:08:21.270109","2022-09-07 16:38:21.270109",NULL,"62.84000015258789"
"125775","86753","69412","17735","339552","Complete","2021-11-03 07:34:36","2021-10-31 10:41:00","2021-11-03 18:09:00",NULL,"62.84000015258789"
"106336","73483","58766","17735","287223","Cancelled","2022-08-10 05:22:10",NULL,NULL,NULL,"62.84000015258789"
"77826","53660","42936","17735","210098","Processing","2022-05-07 04:03:00",NULL,NULL,NULL,"62.84000015258789"
"143263","98854","79267","17735","386815","Processing","2020-10-26 16:17:35",NULL,NULL,NULL,"62.84000015258789"
"60285","41523","33183","22586","162752","Shipped","2022-06-28 14:46:59","2022-06-29 19:50:00",NULL,NULL,"85.68000030517578"
"138326","95457","76532","22586","373518","Shipped","2021-09-24 08:31:00","2021-09-23 10:56:00",NULL,NULL,"85.68000030517578"
"138401","95507","76576","22586","373724","Shipped","2022-08-25 00:57:36","2022-08-26 12:54:00",NULL,NULL,"85.68000030517578"
"161120","111132","89098","22586","435010","Shipped","2021-04-02 14:17:18","2021-04-05 09:18:00",NULL,NULL,"85.68000030517578"
"173984","120003","96228","22586","469825","Cancelled","2022-08-28 09:31:49",NULL,NULL,NULL,"85.68000030517578"
"17305","11908","9568","22586","46867","Processing","2020-02-04 13:51:02",NULL,NULL,NULL,"85.68000030517578"
"42890","29511","23529","22586","115828","Processing","2022-03-29 22:08:16",NULL,NULL,NULL,"85.68000030517578"
"516","368","319","26734","1365","Shipped","2022-09-01 17:35:23.574088","2022-09-03 17:21:56.574088",NULL,NULL,"73.93000030517578"
"72129","49677","39764","26734","194727","Shipped","2022-07-16 02:32:52","2022-07-16 04:27:00",NULL,NULL,"73.93000030517578"
"115497","79773","63825","26734","311927","Shipped","2021-09-12 22:07:35","2021-09-13 18:09:00",NULL,NULL,"73.93000030517578"
"131545","90736","72690","26734","355168","Shipped","2020-05-04 13:55:16","2020-05-06 16:54:00",NULL,NULL,"73.93000030517578"
"87024","60143","48131","26734","235087","Processing","2021-07-09 21:49:47",NULL,NULL,NULL,"73.93000030517578"
"27183","18720","14966","23662","73491","Shipped","2019-03-31 13:29:54","2019-04-02 12:01:00",NULL,NULL,"89.93000030517578"
"58569","40374","32246","19778","158074","Shipped","2020-11-09 05:33:23","2020-11-10 15:27:00",NULL,NULL,"89.93000030517578"
"73352","50529","40441","23662","198065","Shipped","2022-08-20 11:33:44","2022-08-17 20:04:00",NULL,NULL,"89.93000030517578"
"90490","62546","50068","19778","244453","Shipped","2021-05-11 00:54:49","2021-05-09 04:14:00",NULL,NULL,"89.93000030517578"
"100110","69188","55323","23662","270387","Shipped","2022-09-05 14:00:45.534303","2022-09-04 19:30:24.534303",NULL,NULL,"89.93000030517578"
"100602","69521","55606","23662","271687","Shipped","2022-07-24 10:11:45","2022-07-25 20:34:00",NULL,NULL,"89.93000030517578"
"6317","4308","3499","23662","17088","Complete","2021-05-18 18:05:41","2021-05-20 02:26:00","2021-05-20 20:27:00",NULL,"89.93000030517578"
"120325","83039","66487","19778","324878","Complete","2020-04-05 14:16:45","2020-04-07 01:13:00","2020-04-09 02:43:00",NULL,"89.93000030517578"
"155415","107227","86032","23662","419654","Complete","2019-11-22 11:35:45","2019-11-24 16:16:00","2019-11-28 12:32:00",NULL,"89.93000030517578"
"23890","16438","13139","19778","64583","Returned","2022-07-23 03:14:10","2022-07-24 20:47:00","2022-07-27 01:30:00","2022-07-27 22:17:00","89.93000030517578"
"164454","113440","90955","19778","444118","Returned","2022-04-13 15:37:20","2022-04-10 20:26:00","2022-04-11 21:24:00","2022-04-13 13:23:00","89.93000030517578"
"35751","24605","19667","23662","96539","Cancelled","2020-05-27 01:42:51",NULL,NULL,NULL,"89.93000030517578"
"36768","25305","20227","23662","99253","Cancelled","2021-05-16 16:22:37",NULL,NULL,NULL,"89.93000030517578"
"89271","61705","49406","19778","241165","Cancelled","2022-05-27 10:09:09",NULL,NULL,NULL,"89.93000030517578"
"109978","75968","60742","23662","297049","Processing","2020-05-21 11:20:43",NULL,NULL,NULL,"89.93000030517578"
"117881","81368","65163","23662","318331","Processing","2022-07-27 13:29:19",NULL,NULL,NULL,"89.93000030517578"
"108896","75225","60149","13689","294161","Shipped","2022-05-31 10:43:35","2022-06-03 04:42:00",NULL,NULL,"97.93000030517578"
"143059","98709","79137","13689","386268","Shipped","2021-05-04 22:41:28","2021-05-07 06:01:00",NULL,NULL,"97.93000030517578"
"149169","102944","82572","13689","402816","Shipped","2022-08-30 11:21:36","2022-09-02 11:06:00",NULL,NULL,"97.93000030517578"
"79965","55141","44104","13689","215927","Complete","2021-07-20 11:48:06","2021-07-22 06:23:00","2021-07-23 05:05:00",NULL,"97.93000030517578"
"33257","22893","18263","13689","89829","Returned","2022-04-24 13:09:44","2022-04-27 07:12:00","2022-05-01 17:35:00","2022-05-04 05:05:00","97.93000030517578"
"43270","29763","23735","13689","116842","Returned","2022-06-29 01:55:38","2022-06-29 06:31:00","2022-07-01 04:47:00","2022-07-03 14:38:00","97.93000030517578"
"93989","64934","51963","15391","253862","Returned","2021-04-13 02:58:49","2021-04-13 21:49:00","2021-04-16 16:57:00","2021-04-18 08:34:00","97.93000030517578"
"116888","80698","64612","15391","315667","Returned","2021-12-19 01:20:44","2021-12-20 05:39:00","2021-12-21 05:53:00","2021-12-24 00:20:00","97.93000030517578"
"144622","99783","80011","13689","390471","Returned","2022-08-24 04:39:30","2022-08-25 16:08:00","2022-08-29 17:50:00","2022-08-31 18:16:00","97.93000030517578"
"31069","21376","17110","13689","83993","Cancelled","2021-11-30 04:48:13",NULL,NULL,NULL,"97.93000030517578"
"35049","24122","19257","26932","94687","Shipped","2022-03-02 03:44:56","2022-03-04 00:40:00",NULL,NULL,"139.86000061035156"
"43212","29724","23707","27160","116687","Shipped","2019-10-29 12:06:24","2019-10-25 15:01:00",NULL,NULL,"139.86000061035156"
"52212","35978","28740","27160","140904","Shipped","2020-11-25 13:22:20","2020-11-21 19:54:00",NULL,NULL,"139.86000061035156"
"133533","92123","73783","26932","360576","Shipped","2020-09-24 03:39:56","2020-09-22 06:44:00",NULL,NULL,"139.86000061035156"
"169249","116727","93591","26932","457048","Shipped","2019-09-10 04:05:28","2019-09-10 11:58:00",NULL,NULL,"139.86000061035156"
"35420","24383","19478","26932","95676","Complete","2022-05-19 05:16:00","2022-05-20 12:25:00","2022-05-24 14:32:00",NULL,"139.86000061035156"
"114499","79084","63254","26932","309250","Complete","2022-03-23 14:07:26","2022-03-21 10:56:00","2022-03-25 13:52:00",NULL,"139.86000061035156"
"135256","93327","74766","27160","365245","Complete","2020-04-29 08:02:32","2020-04-30 21:13:00","2020-05-03 21:20:00",NULL,"139.86000061035156"
"148528","102483","82213","26932","401077","Complete","2019-10-07 11:29:57","2019-10-09 22:49:00","2019-10-13 17:53:00",NULL,"139.86000061035156"
"125003","86236","69002","27160","337483","Returned","2022-06-28 02:35:04","2022-06-30 13:15:00","2022-07-04 07:17:00","2022-07-07 03:21:00","139.86000061035156"
"143969","99342","79651","27160","388718","Returned","2022-02-15 23:49:04","2022-02-18 21:27:00","2022-02-21 02:21:00","2022-02-22 12:04:00","139.86000061035156"
"157669","108743","87210","27160","425717","Returned","2021-08-23 12:25:27","2021-08-25 09:56:00","2021-08-29 19:40:00","2021-08-30 00:53:00","139.86000061035156"
"166844","115061","92227","27160","450602","Returned","2022-02-19 10:38:24","2022-02-17 21:16:00","2022-02-21 02:15:00","2022-02-22 11:02:00","139.86000061035156"
"173372","119576","95867","27160","468229","Returned","2022-02-19 11:14:23","2022-02-22 03:32:00","2022-02-26 20:22:00","2022-02-27 09:44:00","139.86000061035156"
"8793","6033","4879","26932","23845","Cancelled","2022-03-14 09:55:20",NULL,NULL,NULL,"139.86000061035156"
"66004","45435","36326","26932","178229","Cancelled","2021-10-28 14:54:50",NULL,NULL,NULL,"139.86000061035156"
"84315","58250","46579","26932","227722","Cancelled","2019-09-08 14:38:36",NULL,NULL,NULL,"139.86000061035156"
"85711","59236","47374","27160","231521","Cancelled","2019-10-29 02:50:20",NULL,NULL,NULL,"139.86000061035156"
"104085","71928","57512","26932","281149","Cancelled","2021-11-06 07:46:43",NULL,NULL,NULL,"139.86000061035156"
"122780","84703","67790","27160","331521","Cancelled","2019-08-01 04:15:32",NULL,NULL,NULL,"139.86000061035156"
"48290","33274","26586","27160","130329","Processing","2020-04-27 10:34:56",NULL,NULL,NULL,"139.86000061035156"
"94995","65639","52514","27160","256609","Processing","2021-04-29 06:36:49",NULL,NULL,NULL,"139.86000061035156"
"13701","9440","7601","23731","37133","Shipped","2021-09-28 13:37:42","2021-09-29 21:37:00",NULL,NULL,"35.09000015258789"
"19873","13672","10947","23731","53789","Shipped","2022-08-05 10:45:12","2022-08-05 01:31:00",NULL,NULL,"35.09000015258789"
"136859","94445","75697","23731","369570","Shipped","2022-01-26 05:23:29","2022-01-28 02:50:00",NULL,NULL,"35.09000015258789"
"57580","39686","31710","23731","155393","Returned","2022-08-08 23:04:17","2022-08-06 12:21:00","2022-08-10 09:36:00","2022-08-11 18:08:00","35.09000015258789"
"146831","101295","81261","23731","396485","Processing","2021-07-26 16:03:22",NULL,NULL,NULL,"35.09000015258789"
"51466","35474","28341","10693","138922","Shipped","2021-05-03 00:35:12","2021-05-05 13:39:00",NULL,NULL,"43.09000015258789"
"140614","97001","77796","10693","379667","Shipped","2021-01-08 13:02:49","2021-01-06 20:28:00",NULL,NULL,"43.09000015258789"
"66170","45537","36399","10693","178676","Complete","2022-04-24 10:36:26","2022-04-24 19:17:00","2022-04-29 17:00:00",NULL,"43.09000015258789"
"59563","41044","32784","10693","160771","Processing","2021-03-27 06:55:49",NULL,NULL,NULL,"43.09000015258789"
"2849","1943","1571","10656","7712","Shipped","2019-11-02 02:36:08","2019-10-31 05:51:00",NULL,NULL,"16.670000076293945"
"15015","10322","8303","1514","40678","Shipped","2022-08-31 15:27:34","2022-09-02 18:44:00",NULL,NULL,"16.670000076293945"
"75611","52104","41721","1514","204146","Shipped","2022-02-04 09:09:11","2022-02-05 12:19:00",NULL,NULL,"16.670000076293945"
"107560","74312","59411","1514","290529","Shipped","2022-04-09 05:36:56","2022-04-08 15:31:00",NULL,NULL,"16.670000076293945"
"122364","84415","67573","10656","330384","Shipped","2022-08-23 13:12:51","2022-08-20 15:35:00",NULL,NULL,"16.670000076293945"
"88954","61480","49227","10656","240332","Complete","2019-12-10 15:47:19","2019-12-12 14:34:00","2019-12-13 02:36:00",NULL,"16.670000076293945"
"6639","4525","3670","10656","17979","Returned","2022-06-16 10:30:41","2022-06-19 04:50:00","2022-06-22 23:33:00","2022-06-24 16:00:00","16.670000076293945"
"55640","38353","30656","1514","150131","Returned","2022-08-01 08:14:13","2022-08-03 21:39:00","2022-08-06 00:03:00","2022-08-06 09:30:00","16.670000076293945"
"101156","69902","55899","1514","273190","Returned","2022-06-17 10:31:44","2022-06-19 21:51:00","2022-06-22 11:16:00","2022-06-23 13:43:00","16.670000076293945"
"123283","85056","68068","15112","332866","Shipped","2021-07-14 12:57:55","2021-07-15 05:18:00",NULL,NULL,"19.670000076293945"
"11715","8063","6536","15112","31740","Complete","2022-02-08 09:02:36","2022-02-09 02:32:00","2022-02-11 16:15:00",NULL,"19.670000076293945"
"42349","29133","23234","15112","114346","Complete","2022-08-20 23:43:06","2022-08-22 10:11:00","2022-08-26 19:12:00",NULL,"19.670000076293945"
"103092","71233","56944","15112","278456","Complete","2022-08-01 03:45:44","2022-08-02 00:12:00","2022-08-03 02:13:00",NULL,"19.670000076293945"
"2766","1888","1530","15112","7491","Processing","2021-06-03 16:08:23",NULL,NULL,NULL,"19.670000076293945"
"23638","16267","13018","15112","63902","Processing","2021-12-30 22:37:59",NULL,NULL,NULL,"19.670000076293945"
"127292","87783","70287","15112","343661","Processing","2022-01-24 01:02:44",NULL,NULL,NULL,"19.670000076293945"
"1332","921","770","7572","3619","Shipped","2022-02-19 09:55:39","2022-02-16 16:36:00",NULL,NULL,"23.670000076293945"
"12841","8865","7149","7572","34796","Shipped","2022-07-17 00:31:00","2022-07-19 06:11:00",NULL,NULL,"23.670000076293945"
"40206","27673","22105","7572","108530","Complete","2022-05-18 03:34:20","2022-05-16 10:48:00","2022-05-20 20:15:00",NULL,"23.670000076293945"
"15319","10521","8466","7572","41491","Returned","2021-04-27 00:47:09","2021-04-25 23:27:00","2021-04-27 02:53:00","2021-04-30 01:39:00","23.670000076293945"
"30557","21047","16852","7572","82629","Cancelled","2022-07-06 11:10:33",NULL,NULL,NULL,"23.670000076293945"
"121790","84031","67277","7572","328841","Cancelled","2021-12-18 06:45:45",NULL,NULL,NULL,"23.670000076293945"
"31000","21327","17077","2026","83797","Shipped","2022-08-25 10:07:04","2022-08-23 21:41:00",NULL,NULL,"24.670000076293945"
"142372","98219","78752","2026","384415","Shipped","2021-06-17 23:44:36","2021-06-19 19:40:00",NULL,NULL,"24.670000076293945"
"147689","101914","81741","2026","398767","Shipped","2022-08-29 23:21:28","2022-08-30 09:45:00",NULL,NULL,"24.670000076293945"
"58761","40500","32343","2026","158598","Complete","2022-02-25 01:39:08","2022-02-26 22:54:00","2022-02-28 03:44:00",NULL,"24.670000076293945"
"177934","122727","98439","2026","480536","Complete","2022-08-24 04:39:24","2022-08-23 18:37:00","2022-08-28 05:05:00",NULL,"24.670000076293945"
"76635","52824","42266","2026","206936","Cancelled","2022-06-11 23:38:31",NULL,NULL,NULL,"24.670000076293945"
"93857","64852","51900","11706","253508","Shipped","2021-10-21 10:41:54","2021-10-18 11:14:00",NULL,NULL,"26.670000076293945"
"143244","98836","79246","11706","386768","Complete","2022-04-01 23:35:57","2022-04-04 07:50:00","2022-04-07 13:37:00",NULL,"26.670000076293945"
"113981","78724","62960","11706","307849","Returned","2022-02-24 15:23:43","2022-02-27 07:33:00","2022-03-02 16:37:00","2022-03-05 00:23:00","26.670000076293945"
"165527","114157","91515","11706","447045","Returned","2022-07-31 05:24:39","2022-07-31 22:19:00","2022-08-03 08:08:00","2022-08-04 07:03:00","26.670000076293945"
"65127","44837","35853","11706","175862","Cancelled","2020-06-09 08:12:25",NULL,NULL,NULL,"26.670000076293945"
"18799","12921","10365","6691","50882","Shipped","2022-06-12 10:32:35","2022-06-14 18:55:00",NULL,NULL,"35.34000015258789"
"43324","29798","23760","6691","116991","Shipped","2022-02-07 14:07:06","2022-02-08 05:29:00",NULL,NULL,"35.34000015258789"
"52132","35930","28701","6691","140702","Shipped","2021-03-11 05:40:15","2021-03-13 06:03:00",NULL,NULL,"35.34000015258789"
"102777","71006","56755","6691","277607","Shipped","2022-01-07 09:33:50","2022-01-08 01:42:00",NULL,NULL,"35.34000015258789"
"104670","72329","57827","17638","282728","Shipped","2020-01-09 10:55:01","2020-01-10 18:05:00",NULL,NULL,"35.34000015258789"
"106490","73588","58842","17638","287634","Shipped","2021-06-02 21:44:36","2021-06-04 20:25:00",NULL,NULL,"35.34000015258789"
"123474","85196","68185","6691","333379","Shipped","2022-02-07 12:30:32","2022-02-08 04:06:00",NULL,NULL,"35.34000015258789"
"170730","117711","94407","6691","461096","Shipped","2022-09-07 10:33:24.255153","2022-09-06 19:10:55.255153",NULL,NULL,"35.34000015258789"
"73341","50519","40433","17638","198042","Complete","2022-05-29 09:55:09","2022-06-01 06:59:00","2022-06-02 05:42:00",NULL,"35.34000015258789"
"80543","55553","44408","6691","217505","Complete","2022-08-08 01:18:05","2022-08-09 08:41:00","2022-08-11 10:38:00",NULL,"35.34000015258789"
"166403","114754","91994","17638","449429","Complete","2022-02-06 18:33:35","2022-02-07 09:47:00","2022-02-08 21:50:00",NULL,"35.34000015258789"
"169102","116630","93510","17638","456656","Complete","2022-04-17 07:59:33","2022-04-19 03:49:00","2022-04-22 12:39:00",NULL,"35.34000015258789"
"34467","23729","18938","17638","93116","Returned","2022-02-09 08:40:27","2022-02-10 00:06:00","2022-02-14 10:55:00","2022-02-15 08:49:00","35.34000015258789"
"27414","18887","15109","17638","74111","Cancelled","2021-12-07 07:39:29",NULL,NULL,NULL,"35.34000015258789"
"71700","49376","39525","6691","193570","Cancelled","2022-02-21 06:13:42",NULL,NULL,NULL,"35.34000015258789"
"90190","62340","49903","6691","243658","Processing","2022-08-27 15:16:18",NULL,NULL,NULL,"35.34000015258789"
"102492","70822","56620","6691","276854","Processing","2021-10-13 09:24:11",NULL,NULL,NULL,"35.34000015258789"
"154083","106316","85270","6691","416086","Processing","2022-08-19 02:31:48",NULL,NULL,NULL,"35.34000015258789"
"179567","123844","99336","17638","484928","Processing","2022-08-15 22:38:22",NULL,NULL,NULL,"35.34000015258789"
"22506","15472","12360","28695","60831","Shipped","2022-05-16 23:58:00","2022-05-18 10:38:00",NULL,NULL,"70.68000030517578"
"25166","17344","13845","28695","68021","Shipped","2022-07-01 06:54:55","2022-06-30 21:52:00",NULL,NULL,"70.68000030517578"
"158078","109039","87446","28695","426804","Shipped","2020-02-26 07:19:36","2020-02-29 00:06:00",NULL,NULL,"70.68000030517578"
"3301","2242","1798","28695","8934","Complete","2021-01-16 13:38:44","2021-01-17 23:30:00","2021-01-22 13:02:00",NULL,"70.68000030517578"
"9242","6336","5137","28695","25063","Cancelled","2021-12-05 07:30:03",NULL,NULL,NULL,"70.68000030517578"
"107256","74102","59242","28695","289703","Cancelled","2022-02-18 09:04:09",NULL,NULL,NULL,"70.68000030517578"
"57499","39628","31661","28695","155189","Processing","2022-06-11 03:47:53",NULL,NULL,NULL,"70.68000030517578"
"80171","55294","44219","28695","216471","Processing","2022-03-29 12:31:02",NULL,NULL,NULL,"70.68000030517578"
"128645","88727","71067","18166","347361","Shipped","2022-04-13 16:24:37","2022-04-14 10:44:00",NULL,NULL,"90.68000030517578"
"100824","69681","55720","18166","272309","Complete","2022-01-12 11:16:21","2022-01-10 14:51:00","2022-01-14 08:10:00",NULL,"90.68000030517578"
"126832","87478","70028","18166","342449","Complete","2022-04-16 12:24:53","2022-04-19 05:48:00","2022-04-20 03:23:00",NULL,"90.68000030517578"
"157239","108460","86985","18166","424561","Complete","2022-03-19 05:31:55","2022-03-21 18:58:00","2022-03-24 20:14:00",NULL,"90.68000030517578"
"66056","45463","36348","18166","178373","Cancelled","2022-07-22 11:33:32",NULL,NULL,NULL,"90.68000030517578"
"14369","9887","7968","18166","38938","Processing","2022-09-03 13:21:52",NULL,NULL,NULL,"90.68000030517578"
"79221","54619","43696","18166","213901","Processing","2022-03-22 11:21:22",NULL,NULL,NULL,"90.68000030517578"
"139697","96368","77280","18166","377216","Processing","2021-02-04 03:45:17",NULL,NULL,NULL,"90.68000030517578"
"146319","100953","81000","18166","395110","Processing","2021-12-14 16:24:16",NULL,NULL,NULL,"90.68000030517578"
"165163","113901","91322","18166","446062","Processing","2021-09-14 09:07:33",NULL,NULL,NULL,"90.68000030517578"
"6736","4590","3724","7245","18248","Shipped","2022-04-04 00:48:29","2022-04-04 15:38:00",NULL,NULL,"74.93000030517578"
"23572","16223","12977","18472","63716","Shipped","2022-06-03 14:21:09","2022-06-04 00:56:00",NULL,NULL,"74.93000030517578"
"63689","43850","35072","16383","171938","Shipped","2021-04-21 23:25:37","2021-04-20 08:54:00",NULL,NULL,"74.93000030517578"
"73031","50307","40266","16383","197201","Shipped","2021-07-11 03:02:03","2021-07-09 20:46:00",NULL,NULL,"74.93000030517578"
"113437","78364","62670","18472","306388","Shipped","2020-06-21 04:53:25","2020-06-22 19:00:00",NULL,NULL,"74.93000030517578"
"164426","113421","90942","16383","444044","Shipped","2020-06-27 07:26:53","2020-06-29 17:32:00",NULL,NULL,"74.93000030517578"
"175194","120816","96857","18472","473128","Shipped","2020-02-26 08:25:03","2020-02-27 22:21:00",NULL,NULL,"74.93000030517578"
"48466","33395","26668","16383","130794","Returned","2020-09-04 12:07:13","2020-09-04 17:02:00","2020-09-07 11:50:00","2020-09-08 19:09:00","74.93000030517578"
"138494","95564","76620","18472","373972","Returned","2022-08-29 04:25:34","2022-08-27 01:17:00","2022-08-27 08:15:00","2022-08-29 01:18:00","74.93000030517578"
"28816","19836","15848","7245","77903","Cancelled","2022-06-02 22:50:38",NULL,NULL,NULL,"74.93000030517578"
"7442","5091","4129","18472","20166","Processing","2021-06-30 03:17:58",NULL,NULL,NULL,"74.93000030517578"
"32412","22306","17830","6456","87572","Shipped","2021-11-26 05:08:05","2021-11-27 19:14:00",NULL,NULL,"33.59000015258789"
"35395","24361","19456","28927","95608","Shipped","2022-06-24 09:13:45","2022-06-26 03:30:00",NULL,NULL,"33.59000015258789"
"35601","24499","19580","6918","96145","Shipped","2021-02-02 05:12:38","2021-02-02 07:37:00",NULL,NULL,"33.59000015258789"
"73289","50481","40409","6456","197892","Shipped","2022-03-07 11:35:21","2022-03-07 19:39:00",NULL,NULL,"33.59000015258789"
"53345","36767","29384","28927","143945","Complete","2022-06-22 02:32:11","2022-06-23 11:21:00","2022-06-27 13:32:00",NULL,"33.59000015258789"
"53890","37138","29672","6918","145444","Complete","2020-08-19 08:51:42","2020-08-20 10:22:00","2020-08-25 03:16:00",NULL,"33.59000015258789"
"71641","49337","39486","28927","193411","Complete","2022-08-03 15:26:30","2022-08-05 01:37:00","2022-08-06 13:34:00",NULL,"33.59000015258789"
"72988","50280","40251","6456","197081","Complete","2022-07-23 12:56:04","2022-07-23 15:06:00","2022-07-25 13:14:00",NULL,"33.59000015258789"
"127286","87780","70284","6456","343641","Complete","2022-04-29 12:48:27","2022-05-01 09:59:00","2022-05-03 09:39:00",NULL,"33.59000015258789"
"175563","121073","97066","6918","474140","Complete","2022-02-18 21:38:40","2022-02-19 01:48:00","2022-02-20 22:01:00",NULL,"33.59000015258789"
"143325","98897","79299","28927","386983","Returned","2021-11-28 20:50:46","2021-11-28 22:16:00","2021-12-03 05:00:00","2021-12-04 20:33:00","33.59000015258789"
"18141","12468","10022","6456","49149","Cancelled","2022-04-01 01:20:32",NULL,NULL,NULL,"33.59000015258789"
"93446","64567","51665","6918","252372","Cancelled","2022-09-02 13:45:48",NULL,NULL,NULL,"33.59000015258789"
"109881","75892","60678","6456","296795","Cancelled","2022-04-08 23:54:26",NULL,NULL,NULL,"33.59000015258789"
"129858","89565","71736","28927","350607","Cancelled","2019-11-18 00:59:32",NULL,NULL,NULL,"33.59000015258789"
"130221","89817","71943","28927","351590","Cancelled","2019-06-30 13:45:59",NULL,NULL,NULL,"33.59000015258789"
"142566","98362","78878","28927","384932","Cancelled","2020-05-07 07:06:34",NULL,NULL,NULL,"33.59000015258789"
"163960","113098","90693","28927","442768","Cancelled","2022-06-28 10:32:17",NULL,NULL,NULL,"33.59000015258789"
"9795","6736","5456","28927","26570","Processing","2022-06-12 01:27:41",NULL,NULL,NULL,"33.59000015258789"
"166683","114949","92142","28927","450172","Processing","2022-01-28 17:26:11",NULL,NULL,NULL,"33.59000015258789"
"66177","45541","36401","16755","178697","Shipped","2020-06-26 06:44:38","2020-06-28 17:53:00",NULL,NULL,"37.59000015258789"
"98293","67922","54277","16755","265535","Shipped","2021-10-07 00:11:11","2021-10-06 00:44:00",NULL,NULL,"37.59000015258789"
"116070","80151","64158","16755","313477","Shipped","2021-11-07 06:09:38","2021-11-08 22:55:00",NULL,NULL,"37.59000015258789"
"88061","60867","48720","16755","237890","Complete","2022-04-22 04:09:12","2022-04-25 02:37:00","2022-04-26 08:17:00",NULL,"37.59000015258789"
"94390","65214","52176","16755","254970","Complete","2022-03-15 12:29:50","2022-03-12 17:05:00","2022-03-14 20:30:00",NULL,"37.59000015258789"
"61746","42520","34004","16755","166688","Cancelled","2022-06-07 04:48:14",NULL,NULL,NULL,"37.59000015258789"
"122234","84326","67509","16755","330043","Cancelled","2021-06-01 10:08:40",NULL,NULL,NULL,"37.59000015258789"
"4129","2804","2251","16755","11184","Processing","2021-05-30 11:16:08",NULL,NULL,NULL,"37.59000015258789"
"155393","107211","86017","16755","419594","Processing","2021-11-05 18:01:22",NULL,NULL,NULL,"37.59000015258789"
"174645","120454","96579","16755","471605","Processing","2022-08-24 16:00:19",NULL,NULL,NULL,"37.59000015258789"
"22505","15472","12360","27255","60827","Shipped","2022-05-21 00:24:33","2022-05-18 10:38:00",NULL,NULL,"49.59000015258789"
"64668","44516","35617","1182","174600","Shipped","2022-03-07 23:46:14","2022-03-10 07:19:00",NULL,NULL,"49.59000015258789"
"82650","57048","45607","1182","223209","Shipped","2022-03-29 09:13:26","2022-03-30 12:53:00",NULL,NULL,"49.59000015258789"
"97447","67346","53812","28285","263216","Shipped","2022-04-21 06:17:58","2022-04-23 22:22:00",NULL,NULL,"49.59000015258789"
"85039","58765","46979","28285","229696","Complete","2019-12-04 14:53:05","2019-12-06 13:55:00","2019-12-07 04:55:00",NULL,"49.59000015258789"
"85703","59230","47369","28285","231501","Complete","2021-10-09 05:24:39","2021-10-10 05:38:00","2021-10-11 20:36:00",NULL,"49.59000015258789"
"90995","62885","50346","27255","245806","Complete","2020-06-26 08:46:10","2020-06-29 05:36:00","2020-07-02 16:42:00",NULL,"49.59000015258789"
"112344","77597","62071","1182","303432","Complete","2022-08-25 22:41:02","2022-08-26 19:45:00","2022-08-31 07:44:00",NULL,"49.59000015258789"
"401","286","247","1182","1059","Returned","2021-10-24 07:41:30","2021-10-24 12:06:00","2021-10-27 13:22:00","2021-10-29 10:05:00","49.59000015258789"
"79051","54503","43613","28285","213431","Returned","2020-09-13 09:54:41","2020-09-11 14:38:00","2020-09-12 04:11:00","2020-09-12 09:49:00","49.59000015258789"
"171367","118143","94743","27255","462826","Returned","2021-11-03 14:16:54","2021-11-03 18:28:00","2021-11-05 14:49:00","2021-11-07 05:12:00","49.59000015258789"
"131635","90800","72731","1182","355418","Cancelled","2022-04-19 15:01:54",NULL,NULL,NULL,"49.59000015258789"
"146279","100930","80985","28285","394999","Cancelled","2022-06-17 21:10:26",NULL,NULL,NULL,"49.59000015258789"
"147942","102088","81885","27255","399451","Cancelled","2022-08-20 03:52:32",NULL,NULL,NULL,"49.59000015258789"
"1680","1169","949","28285","4549","Processing","2022-02-27 03:11:36",NULL,NULL,NULL,"49.59000015258789"
"33474","23043","18393","28285","90439","Processing","2021-12-03 22:57:06",NULL,NULL,NULL,"49.59000015258789"
"43532","29945","23878","1182","117562","Processing","2019-12-08 11:25:15",NULL,NULL,NULL,"49.59000015258789"
"72020","49604","39711","27255","194423","Processing","2020-10-25 06:29:28",NULL,NULL,NULL,"49.59000015258789"
"97069","67076","53593","28285","262201","Processing","2022-07-31 03:15:09",NULL,NULL,NULL,"49.59000015258789"
"122429","84465","67604","27255","330565","Processing","2022-06-16 03:53:47",NULL,NULL,NULL,"49.59000015258789"
"153822","106137","85138","28285","415379","Processing","2022-02-16 02:36:08",NULL,NULL,NULL,"49.59000015258789"
"65071","44797","35830","1575","175710","Shipped","2022-05-28 07:06:05","2022-05-31 08:36:00",NULL,NULL,"59.59000015258789"
"145495","100384","80496","1575","392868","Shipped","2021-06-30 05:34:58","2021-07-01 04:41:00",NULL,NULL,"59.59000015258789"
"162962","112408","90143","1575","440053","Shipped","2021-09-22 04:04:17","2021-09-24 03:41:00",NULL,NULL,"59.59000015258789"
"6814","4645","3770","1575","18453","Complete","2021-09-28 04:41:08","2021-09-28 21:10:00","2021-09-29 23:08:00",NULL,"59.59000015258789"
"106659","73697","58938","1575","288090","Complete","2021-01-04 11:04:45","2021-01-05 04:51:00","2021-01-09 22:19:00",NULL,"59.59000015258789"
"107597","74335","59425","1575","290627","Complete","2022-03-07 12:44:13","2022-03-08 15:08:00","2022-03-11 03:37:00",NULL,"59.59000015258789"
"142322","98181","78727","1575","384285","Complete","2022-09-03 01:00:12.913036","2022-09-03 06:59:50.913036","2022-09-05 00:15:50.913036",NULL,"59.59000015258789"
"155786","107474","86227","1575","420630","Complete","2021-10-26 01:36:37","2021-10-26 19:36:00","2021-10-30 18:07:00",NULL,"59.59000015258789"
"129941","89618","71777","1575","350837","Cancelled","2020-12-26 05:00:07",NULL,NULL,NULL,"59.59000015258789"
"145207","100189","80339","1575","392089","Cancelled","2021-01-31 12:12:18",NULL,NULL,NULL,"59.59000015258789"
"153270","105738","84823","1575","413926","Cancelled","2021-06-13 14:37:41",NULL,NULL,NULL,"59.59000015258789"
"169066","116602","93485","1575","456563","Cancelled","2021-02-18 02:38:33",NULL,NULL,NULL,"59.59000015258789"
"131865","90968","72870","1575","356025","Processing","2022-09-08 09:32:01",NULL,NULL,NULL,"59.59000015258789"
"125685","86700","69374","15781","339314","Shipped","2020-04-10 22:29:16","2020-04-13 16:28:00",NULL,NULL,"83.18000030517578"
"155226","107093","85922","13906","419151","Shipped","2022-03-25 13:04:27","2022-03-22 13:38:00",NULL,NULL,"83.18000030517578"
"54336","37441","29921","13906","146626","Complete","2021-05-09 02:53:20","2021-05-09 13:48:00","2021-05-11 09:09:00",NULL,"83.18000030517578"
"161780","111593","89474","13906","436828","Complete","2021-04-01 01:32:40","2021-04-01 07:46:00","2021-04-05 23:18:00",NULL,"83.18000030517578"
"176643","121814","97696","15781","477078","Returned","2022-05-27 06:54:37","2022-05-28 02:35:00","2022-05-31 14:02:00","2022-06-02 06:51:00","83.18000030517578"
"93125","64353","51491","15781","251522","Cancelled","2022-01-28 04:40:17",NULL,NULL,NULL,"83.18000030517578"
"136938","94508","75750","13906","369785","Cancelled","2022-09-01 14:25:21",NULL,NULL,NULL,"83.18000030517578"
"137203","94678","75890","13906","370473","Cancelled","2021-10-20 03:46:52",NULL,NULL,NULL,"83.18000030517578"
"117235","80927","64800","13906","316591","Processing","2022-05-04 03:00:52",NULL,NULL,NULL,"83.18000030517578"
"85363","58988","47158","5608","230572","Shipped","2020-12-23 12:59:26","2020-12-24 15:55:00",NULL,NULL,"103.18000030517578"
"81684","56354","45051","5608","220589","Complete","2021-08-22 10:24:14","2021-08-23 11:45:00","2021-08-28 02:26:00",NULL,"103.18000030517578"
"15600","10701","8604","5608","42252","Returned","2022-04-12 11:30:24","2022-04-13 13:51:00","2022-04-14 05:49:00","2022-04-15 16:01:00","103.18000030517578"
"85","65","51","24260","236","Shipped","2021-04-06 02:05:06","2021-04-08 06:31:00",NULL,NULL,"134.61000061035156"
"104791","72407","57894","24260","283062","Shipped","2020-09-21 07:47:16","2020-09-23 09:23:00",NULL,NULL,"134.61000061035156"
"156375","107872","86527","24260","422226","Shipped","2021-10-08 14:15:19","2021-10-08 14:42:00",NULL,NULL,"134.61000061035156"
"3307","2246","1801","24260","8949","Cancelled","2022-06-09 05:38:29",NULL,NULL,NULL,"134.61000061035156"
"53127","36629","29271","24260","143351","Cancelled","2022-09-05 11:11:20",NULL,NULL,NULL,"134.61000061035156"
"7781","5334","4320","22549","21110","Shipped","2020-04-25 05:11:57","2020-04-26 21:46:00",NULL,NULL,"91.43000030517578"
"33755","23244","18554","4054","91191","Shipped","2021-02-14 04:50:50","2021-02-17 00:49:00",NULL,NULL,"91.43000030517578"
"62823","43254","34586","4054","169607","Shipped","2021-05-18 05:06:09","2021-05-18 22:44:00",NULL,NULL,"91.43000030517578"
"70506","48557","38838","4054","190343","Shipped","2022-08-18 11:51:31","2022-08-21 03:32:00",NULL,NULL,"91.43000030517578"
"74832","51559","41261","4054","202035","Shipped","2021-04-26 14:07:20","2021-04-27 12:01:00",NULL,NULL,"91.43000030517578"
"92602","63983","51217","22549","250107","Shipped","2021-05-13 02:28:47","2021-05-10 06:22:00",NULL,NULL,"91.43000030517578"
"139135","96003","76981","22549","375720","Shipped","2021-07-22 06:00:26","2021-07-22 13:18:00",NULL,NULL,"91.43000030517578"
"1685","1172","951","22549","4562","Complete","2022-07-13 11:44:36","2022-07-11 09:03:00","2022-07-12 05:25:00",NULL,"91.43000030517578"
"3681","2495","2015","22549","9956","Complete","2021-12-12 15:24:03","2021-12-14 00:39:00","2021-12-14 12:27:00",NULL,"91.43000030517578"
"80800","55725","44546","22549","218223","Complete","2020-05-11 14:05:07","2020-05-11 03:22:00","2020-05-12 13:17:00",NULL,"91.43000030517578"
"116059","80144","64151","22549","313445","Complete","2021-05-09 13:31:33","2021-05-07 12:00:00","2021-05-08 01:23:00",NULL,"91.43000030517578"
"163042","112463","90183","22549","440260","Complete","2019-12-28 16:44:24","2019-12-26 20:15:00","2019-12-28 00:07:00",NULL,"91.43000030517578"
"6015","4097","3328","4054","16272","Returned","2022-07-04 11:57:08","2022-07-06 11:45:00","2022-07-07 10:58:00","2022-07-08 06:02:00","91.43000030517578"
"19679","13530","10854","22549","53246","Returned","2022-06-09 07:08:20","2022-06-11 13:08:00","2022-06-13 12:53:00","2022-06-16 07:02:00","91.43000030517578"
"127794","88133","70580","4054","345031","Cancelled","2022-01-30 13:32:06",NULL,NULL,NULL,"91.43000030517578"
"134268","92641","74214","22549","362562","Cancelled","2021-03-03 14:24:46",NULL,NULL,NULL,"91.43000030517578"
"93020","64274","51440","22549","251239","Processing","2022-07-15 02:59:33",NULL,NULL,NULL,"91.43000030517578"
"178528","123143","98774","4054","482128","Processing","2021-05-18 04:10:35",NULL,NULL,NULL,"91.43000030517578"
"4358","2976","2392","25276","11823","Shipped","2022-09-05 12:40:48.542064","2022-09-07 01:16:53.542064",NULL,NULL,"2.990000009536743"
"8180","5602","4534","28551","22182","Shipped","2022-06-04 13:33:52","2022-06-06 14:37:00",NULL,NULL,"2.990000009536743"
"21086","14502","11601","9621","57042","Shipped","2022-04-26 08:51:37","2022-04-29 00:31:00",NULL,NULL,"2.990000009536743"
"45139","31087","24815","12351","121900","Shipped","2022-05-06 23:13:31","2022-05-07 02:34:00",NULL,NULL,"2.990000009536743"
"49154","33850","27034","25276","132666","Shipped","2021-10-25 13:03:17","2021-10-25 15:05:00",NULL,NULL,"2.990000009536743"
"62553","43082","34446","25276","168869","Shipped","2021-03-31 03:41:09","2021-04-01 20:00:00",NULL,NULL,"2.990000009536743"
"71098","48950","39162","15531","191941","Shipped","2020-11-20 05:33:34","2020-11-22 01:16:00",NULL,NULL,"2.990000009536743"
"72504","49936","39966","12265","195777","Shipped","2021-07-19 10:00:19","2021-07-18 06:32:00",NULL,NULL,"2.990000009536743"
"98751","68233","54550","9621","266762","Shipped","2022-05-26 00:24:57","2022-05-27 20:59:00",NULL,NULL,"2.990000009536743"
"102722","70970","56725","15531","277461","Shipped","2021-10-20 09:01:24","2021-10-18 13:13:00",NULL,NULL,"2.990000009536743"
"108663","75073","60025","28551","293524","Shipped","2022-08-27 11:58:42","2022-08-28 06:26:00",NULL,NULL,"2.990000009536743"
"137736","95043","76189","12354","371895","Shipped","2022-01-14 08:02:49","2022-01-14 03:18:00",NULL,NULL,"2.990000009536743"
"161991","111723","89569","12265","437410","Shipped","2022-03-05 08:58:43","2022-03-02 06:02:00",NULL,NULL,"2.990000009536743"
"162743","112253","90007","28551","439466","Shipped","2022-04-30 04:43:36","2022-04-29 07:34:00",NULL,NULL,"2.990000009536743"
"170259","117396","94145","12351","459796","Shipped","2021-05-27 00:30:44","2021-05-28 03:10:00",NULL,NULL,"2.990000009536743"
"172268","118785","95232","9621","465266","Shipped","2021-08-14 11:12:15","2021-08-15 18:59:00",NULL,NULL,"2.990000009536743"
"7996","5486","4440","15531","21688","Complete","2020-12-30 08:51:01","2020-12-30 18:35:00","2021-01-03 08:20:00",NULL,"2.990000009536743"
"22387","15394","12300","15531","60494","Complete","2022-08-01 11:16:31","2022-08-02 13:30:00","2022-08-06 22:06:00",NULL,"2.990000009536743"
"25022","17235","13768","12265","67635","Complete","2022-05-16 23:18:35","2022-05-19 12:01:00","2022-05-23 22:43:00",NULL,"2.990000009536743"
"25798","17783","14211","25276","69719","Complete","2022-06-19 12:38:14","2022-06-16 03:35:00","2022-06-18 11:59:00",NULL,"2.990000009536743"
"36388","25057","20037","12664","98248","Complete","2022-05-01 06:32:20","2022-05-02 12:49:00","2022-05-04 14:07:00",NULL,"2.990000009536743"
"59273","40847","32622","12664","159975","Complete","2019-10-11 12:20:27","2019-10-12 02:34:00","2019-10-16 19:34:00",NULL,"2.990000009536743"
"88384","61079","48908","12664","238770","Complete","2021-12-18 01:40:03","2021-12-19 10:04:00","2021-12-19 20:02:00",NULL,"2.990000009536743"
"102529","70848","56640","12351","276953","Complete","2021-07-11 01:32:04","2021-07-11 05:13:00","2021-07-14 20:04:00",NULL,"2.990000009536743"
"110784","76529","61212","12351","299194","Complete","2022-03-29 11:51:14","2022-03-29 07:04:00","2022-03-30 01:59:00",NULL,"2.990000009536743"
"112549","77739","62180","25276","303982","Complete","2022-02-07 05:22:12","2022-02-09 23:56:00","2022-02-13 00:37:00",NULL,"2.990000009536743"
"154967","106921","85784","15531","418449","Complete","2022-06-01 07:41:02","2022-06-01 16:29:00","2022-06-04 09:07:00",NULL,"2.990000009536743"
"173910","119950","96184","12351","469637","Complete","2021-05-15 02:19:44","2021-05-15 10:07:00","2021-05-15 20:51:00",NULL,"2.990000009536743"
"174341","120241","96421","28551","470792","Complete","2019-10-23 16:42:30","2019-10-24 09:37:00","2019-10-27 15:36:00",NULL,"2.990000009536743"
"42548","29275","23341","12664","114902","Returned","2020-02-23 06:04:35","2020-02-25 12:21:00","2020-03-01 01:41:00","2020-03-02 19:37:00","2.990000009536743"
"59844","41231","32944","25276","161537","Returned","2021-05-01 16:49:45","2021-05-01 23:37:00","2021-05-05 21:54:00","2021-05-08 20:06:00","2.990000009536743"
"93773","64793","51858","12265","253266","Returned","2020-10-05 23:38:39","2020-10-03 20:07:00","2020-10-06 03:34:00","2020-10-08 17:53:00","2.990000009536743"
"144255","99530","79803","12265","389497","Returned","2022-06-19 00:06:43","2022-06-20 00:35:00","2022-06-24 17:16:00","2022-06-26 12:17:00","2.990000009536743"
"33802","23281","18586","28551","91317","Cancelled","2021-12-16 04:03:38",NULL,NULL,NULL,"2.990000009536743"
"47720","32874","26256","9621","128801","Cancelled","2021-09-26 06:38:12",NULL,NULL,NULL,"2.990000009536743"
"48788","33607","26833","15531","131665","Cancelled","2020-06-12 12:53:44",NULL,NULL,NULL,"2.990000009536743"
"69659","47962","38346","12354","188032","Cancelled","2020-11-02 13:32:12",NULL,NULL,NULL,"2.990000009536743"
"78201","53929","43141","15531","211123","Cancelled","2021-04-05 16:43:41",NULL,NULL,NULL,"2.990000009536743"
"114163","78853","63076","12664","308335","Cancelled","2020-10-10 15:55:40",NULL,NULL,NULL,"2.990000009536743"
"127080","87640","70165","25276","343123","Cancelled","2022-03-13 15:22:43",NULL,NULL,NULL,"2.990000009536743"
"149265","103020","82629","28551","403076","Cancelled","2020-12-25 15:43:40",NULL,NULL,NULL,"2.990000009536743"
"175824","121257","97245","25276","474844","Cancelled","2020-12-31 07:56:01",NULL,NULL,NULL,"2.990000009536743"
"20903","14376","11512","12354","56568","Processing","2022-07-21 10:07:11",NULL,NULL,NULL,"2.990000009536743"
"24708","17011","13582","12351","66781","Processing","2019-10-11 09:13:31",NULL,NULL,NULL,"2.990000009536743"
"45081","31041","24782","12351","121749","Processing","2022-08-15 02:21:43",NULL,NULL,NULL,"2.990000009536743"
"50557","34830","27795","12265","136465","Processing","2020-08-05 01:22:43",NULL,NULL,NULL,"2.990000009536743"
"54382","37471","29945","12354","146742","Processing","2021-02-02 23:04:46",NULL,NULL,NULL,"2.990000009536743"
"60859","41920","33505","12664","164311","Processing","2022-05-09 11:02:03",NULL,NULL,NULL,"2.990000009536743"
"85437","59037","47199","12354","230779","Processing","2022-02-05 13:28:45",NULL,NULL,NULL,"2.990000009536743"
"92668","64031","51253","12351","250293","Processing","2021-02-15 16:31:43",NULL,NULL,NULL,"2.990000009536743"
"103321","71396","57078","12265","279089","Processing","2022-07-01 04:15:20",NULL,NULL,NULL,"2.990000009536743"
"106195","73392","58708","15531","286844","Processing","2022-02-27 02:27:30",NULL,NULL,NULL,"2.990000009536743"
"109179","75418","60300","12351","294908","Processing","2022-09-01 10:34:13",NULL,NULL,NULL,"2.990000009536743"
"121276","83692","67012","28551","327466","Processing","2020-06-20 09:28:13",NULL,NULL,NULL,"2.990000009536743"
"123229","85018","68032","25276","332725","Processing","2020-03-17 02:35:44",NULL,NULL,NULL,"2.990000009536743"
"145298","100250","80390","12351","392332","Processing","2021-02-25 04:25:02",NULL,NULL,NULL,"2.990000009536743"
"1735","1209","976","28491","4697","Shipped","2022-09-01 11:52:17","2022-09-01 13:44:00",NULL,NULL,"3.990000009536743"
"10181","7003","5698","15884","27608","Shipped","2022-06-18 15:27:49","2022-06-20 00:51:00",NULL,NULL,"3.990000009536743"
"11567","7960","6455","15884","31341","Shipped","2022-03-02 13:22:00","2022-03-02 21:45:00",NULL,NULL,"3.990000009536743"
"14142","9735","7854","14274","38326","Shipped","2022-08-21 23:40:37","2022-08-25 02:10:00",NULL,NULL,"3.990000009536743"
"19896","13689","10963","15884","53849","Shipped","2022-08-27 10:07:46","2022-08-28 05:24:00",NULL,NULL,"3.990000009536743"
"24383","16775","13406","12677","65898","Shipped","2022-05-14 17:09:53","2022-05-12 23:28:00",NULL,NULL,"3.990000009536743"
"38546","26550","21216","15788","104056","Shipped","2021-11-19 15:28:17","2021-11-22 03:09:00",NULL,NULL,"3.990000009536743"
"50253","34615","27628","28758","135647","Shipped","2022-01-01 13:55:08","2021-12-31 00:10:00",NULL,NULL,"3.990000009536743"
"75610","52104","41721","13979","204143","Shipped","2022-02-04 09:42:02","2022-02-05 12:19:00",NULL,NULL,"3.990000009536743"
"76876","53009","42413","9410","207599","Shipped","2021-04-06 12:48:58","2021-04-05 09:13:00",NULL,NULL,"3.990000009536743"
"80895","55786","44594","29065","218477","Shipped","2021-10-06 16:23:29","2021-10-06 08:34:00",NULL,NULL,"3.990000009536743"
"82100","56654","45303","15788","221700","Shipped","2019-12-02 15:42:06","2019-12-03 22:40:00",NULL,NULL,"3.990000009536743"
"82642","57043","45605","28758","223186","Shipped","2021-12-28 04:34:29","2021-12-29 01:37:00",NULL,NULL,"3.990000009536743"
"87895","60748","48636","15829","237432","Shipped","2022-05-13 16:05:15","2022-05-15 15:40:00",NULL,NULL,"3.990000009536743"
"95985","66340","53047","29065","259283","Shipped","2022-09-07 08:24:48.700212","2022-09-07 04:43:25.700212",NULL,NULL,"3.990000009536743"
"106090","73321","58653","28491","286559","Shipped","2021-09-01 10:26:44","2021-09-02 11:47:00",NULL,NULL,"3.990000009536743"
"107483","74261","59370","28758","290313","Shipped","2022-08-13 02:53:04","2022-08-13 17:03:00",NULL,NULL,"3.990000009536743"
"109718","75786","60589","15884","296373","Shipped","2022-03-04 21:29:49","2022-03-01 23:27:00",NULL,NULL,"3.990000009536743"
"113021","78071","62455","15884","305277","Shipped","2020-03-10 14:51:48","2020-03-13 16:58:00",NULL,NULL,"3.990000009536743"
"120216","82974","66430","28758","324575","Shipped","2022-06-11 00:40:06","2022-06-09 19:52:00",NULL,NULL,"3.990000009536743"
"125161","86343","69093","13979","337922","Shipped","2022-08-20 14:35:05","2022-08-22 11:07:00",NULL,NULL,"3.990000009536743"
"133374","92027","73716","29112","360136","Shipped","2022-06-18 10:29:46","2022-06-16 08:25:00",NULL,NULL,"3.990000009536743"
"137818","95102","76235","15788","372118","Shipped","2021-09-18 07:40:22","2021-09-21 04:03:00",NULL,NULL,"3.990000009536743"
"141296","97455","78153","15829","381529","Shipped","2021-10-24 07:01:06","2021-10-24 17:41:00",NULL,NULL,"3.990000009536743"
"148826","102693","82382","10938","401886","Shipped","2021-12-12 21:19:07","2021-12-14 18:10:00",NULL,NULL,"3.990000009536743"
"159481","110019","88232","29112","430599","Shipped","2021-07-04 05:17:04","2021-07-02 11:10:00",NULL,NULL,"3.990000009536743"
"162330","111960","89763","13913","438325","Shipped","2022-07-21 17:44:29","2022-07-19 11:23:00",NULL,NULL,"3.990000009536743"
"162868","112340","90087","14274","439799","Shipped","2022-02-21 05:51:38","2022-02-18 20:57:00",NULL,NULL,"3.990000009536743"
"847","604","503","28758","2273","Complete","2021-12-05 16:25:53","2021-12-08 16:58:00","2021-12-10 07:04:00",NULL,"3.990000009536743"
"14916","10258","8247","28491","40394","Complete","2019-07-30 10:41:56","2019-07-29 20:49:00","2019-08-03 05:28:00",NULL,"3.990000009536743"
"22558","15514","12399","12677","60973","Complete","2022-06-06 00:26:49","2022-06-09 01:06:00","2022-06-13 21:26:00",NULL,"3.990000009536743"
"24188","16633","13297","15884","65381","Complete","2022-09-08 00:23:06.865601","2022-09-04 12:55:38.865601","2022-09-07 16:48:38.865601",NULL,"3.990000009536743"
"28725","19775","15805","12677","77649","Complete","2022-07-16 04:56:25","2022-07-17 14:07:00","2022-07-19 15:32:00",NULL,"3.990000009536743"
"40118","27617","22056","15884","108290","Complete","2020-06-23 13:05:59","2020-06-22 22:39:00","2020-06-25 13:44:00",NULL,"3.990000009536743"
"44757","30803","24585","15829","120885","Complete","2019-11-08 09:58:59","2019-11-06 21:03:00","2019-11-09 00:28:00",NULL,"3.990000009536743"
"52229","35989","28746","13923","140948","Complete","2021-11-06 00:47:37","2021-11-07 05:35:00","2021-11-07 09:12:00",NULL,"3.990000009536743"
"52614","36260","28963","14274","141982","Complete","2020-10-18 05:28:37","2020-10-20 09:15:00","2020-10-21 04:43:00",NULL,"3.990000009536743"
"55947","38565","30826","12677","150983","Complete","2021-02-10 04:54:57","2021-02-06 15:40:00","2021-02-07 05:38:00",NULL,"3.990000009536743"
"73456","50596","40489","15829","198341","Complete","2022-07-31 12:50:18","2022-08-03 15:08:00","2022-08-08 02:04:00",NULL,"3.990000009536743"
"85250","58911","47095","15829","230278","Complete","2021-03-03 13:25:49","2021-03-03 06:55:00","2021-03-05 03:00:00",NULL,"3.990000009536743"
"86646","59868","47899","28491","234057","Complete","2022-02-08 13:32:03","2022-02-10 05:37:00","2022-02-11 05:04:00",NULL,"3.990000009536743"
"91737","63391","50752","29065","247796","Complete","2022-08-19 02:49:24","2022-08-22 01:32:00","2022-08-24 16:30:00",NULL,"3.990000009536743"
"102233","70642","56482","28491","276128","Complete","2022-03-11 12:33:37","2022-03-10 02:05:00","2022-03-14 19:02:00",NULL,"3.990000009536743"
"108533","74982","59959","29112","293179","Complete","2019-08-25 13:44:27","2019-08-24 20:52:00","2019-08-27 21:50:00",NULL,"3.990000009536743"
"111126","76778","61425","28491","300119","Complete","2021-04-18 23:58:33","2021-04-21 05:35:00","2021-04-21 11:17:00",NULL,"3.990000009536743"
"113184","78176","62531","15805","305702","Complete","2021-10-23 04:40:27","2021-10-22 19:23:00","2021-10-24 16:41:00",NULL,"3.990000009536743"
"115911","80044","64063","28758","313043","Complete","2020-04-17 08:50:15","2020-04-20 02:11:00","2020-04-21 21:18:00",NULL,"3.990000009536743"
"116258","80276","64261","28758","313991","Complete","2021-04-30 12:35:52","2021-04-27 02:04:00","2021-04-28 07:49:00",NULL,"3.990000009536743"
"134736","92951","74469","14167","363851","Complete","2021-10-31 12:14:54","2021-10-31 02:13:00","2021-11-04 10:52:00",NULL,"3.990000009536743"
"136230","94011","75349","13979","367872","Complete","2021-03-10 15:05:50","2021-03-11 16:47:00","2021-03-12 12:28:00",NULL,"3.990000009536743"
"140929","97206","77959","29112","380513","Complete","2020-11-18 15:59:28","2020-11-19 09:43:00","2020-11-21 14:08:00",NULL,"3.990000009536743"
"145689","100521","80623","15805","393407","Complete","2019-06-14 10:10:23","2019-06-14 23:55:00","2019-06-19 01:16:00",NULL,"3.990000009536743"
"147696","101918","81742","15829","398788","Complete","2021-03-12 06:04:44","2021-03-09 03:27:00","2021-03-11 01:51:00",NULL,"3.990000009536743"
"151585","104578","83905","15805","409391","Complete","2022-04-06 02:17:57","2022-04-04 13:32:00","2022-04-04 20:59:00",NULL,"3.990000009536743"
"153091","105615","84738","14274","413426","Complete","2021-11-06 04:13:29","2021-11-02 23:44:00","2021-11-04 06:34:00",NULL,"3.990000009536743"
"165341","114026","91420","28491","446556","Complete","2022-08-28 14:31:31","2022-08-29 19:30:00","2022-08-30 01:32:00",NULL,"3.990000009536743"
"166706","114968","92156","29112","450229","Complete","2021-04-30 03:34:06","2021-04-30 22:21:00","2021-05-03 10:49:00",NULL,"3.990000009536743"
"171998","118596","95080","13923","464539","Complete","2022-05-31 00:05:45","2022-05-31 06:10:00","2022-06-03 23:02:00",NULL,"3.990000009536743"
"175061","120717","96787","13923","472771","Complete","2022-06-20 16:36:33","2022-06-22 15:22:00","2022-06-23 13:35:00",NULL,"3.990000009536743"
"179061","123503","99067","13923","483564","Complete","2020-07-14 01:46:36","2020-07-12 07:04:00","2020-07-12 22:37:00",NULL,"3.990000009536743"
"180743","124653","99959","28491","488091","Complete","2022-06-28 11:57:49","2022-07-01 10:19:00","2022-07-06 09:52:00",NULL,"3.990000009536743"
"2749","1877","1522","10938","7445","Returned","2022-01-19 01:53:31","2022-01-16 04:52:00","2022-01-19 05:30:00","2022-01-21 23:05:00","3.990000009536743"
"13832","9533","7686","15805","37485","Returned","2021-11-27 13:38:26","2021-11-29 13:46:00","2021-11-30 04:02:00","2021-12-01 12:25:00","3.990000009536743"
"13944","9602","7751","15805","37786","Returned","2020-11-08 06:35:52","2020-11-08 15:25:00","2020-11-10 17:57:00","2020-11-11 06:29:00","3.990000009536743"
"81784","56427","45108","28491","220867","Returned","2022-03-06 04:49:37","2022-03-05 18:34:00","2022-03-09 23:15:00","2022-03-11 14:00:00","3.990000009536743"
"82351","56838","45454","14167","222381","Returned","2021-11-20 07:10:24","2021-11-22 14:45:00","2021-11-23 19:30:00","2021-11-24 05:46:00","3.990000009536743"
"98973","68388","54680","28491","267359","Returned","2021-09-16 07:08:15","2021-09-17 19:27:00","2021-09-20 03:58:00","2021-09-21 09:59:00","3.990000009536743"
"100774","69644","55692","28491","272170","Returned","2022-08-02 02:46:44","2022-08-02 23:13:00","2022-08-07 12:17:00","2022-08-10 10:55:00","3.990000009536743"
"104742","72376","57862","15829","282927","Returned","2020-07-02 22:11:42","2020-07-02 07:54:00","2020-07-03 20:14:00","2020-07-05 10:14:00","3.990000009536743"
"109003","75298","60202","10938","294452","Returned","2019-10-24 23:46:56","2019-10-25 16:26:00","2019-10-28 16:24:00","2019-10-29 01:20:00","3.990000009536743"
"109866","75880","60667","9410","296753","Returned","2022-07-24 11:01:06","2022-07-24 23:03:00","2022-07-27 18:51:00","2022-07-29 12:58:00","3.990000009536743"
"139687","96361","77274","10938","377189","Returned","2022-08-05 09:42:43","2022-08-02 13:29:00","2022-08-04 20:25:00","2022-08-05 09:26:00","3.990000009536743"
"149268","103021","82631","9410","403084","Returned","2019-06-16 11:33:16","2019-06-13 23:02:00","2019-06-14 02:43:00","2019-06-14 03:28:00","3.990000009536743"
"160906","110991","88986","13923","434446","Returned","2022-07-31 03:47:51","2022-08-01 14:14:00","2022-08-01 20:06:00","2022-08-04 18:40:00","3.990000009536743"
"162098","111791","89615","15805","437693","Returned","2021-11-19 06:16:12","2021-11-19 14:55:00","2021-11-22 02:55:00","2021-11-22 09:03:00","3.990000009536743"
"10285","7079","5771","13923","27887","Cancelled","2022-01-23 07:18:40",NULL,NULL,NULL,"3.990000009536743"
"20209","13898","11143","28758","54692","Cancelled","2021-10-12 13:23:19",NULL,NULL,NULL,"3.990000009536743"
"25465","17546","14016","14274","68812","Cancelled","2021-06-06 01:17:59",NULL,NULL,NULL,"3.990000009536743"
"42877","29504","23521","29065","115796","Cancelled","2022-08-21 12:41:30",NULL,NULL,NULL,"3.990000009536743"
"47120","32467","25936","28491","127179","Cancelled","2022-02-26 06:39:16",NULL,NULL,NULL,"3.990000009536743"
"54040","37237","29748","13923","145836","Cancelled","2022-06-26 09:02:03",NULL,NULL,NULL,"3.990000009536743"
"72230","49743","39812","12677","194991","Cancelled","2022-08-10 23:54:37",NULL,NULL,NULL,"3.990000009536743"
"74332","51211","40977","29112","200706","Cancelled","2022-01-24 01:22:48",NULL,NULL,NULL,"3.990000009536743"
"75095","51748","41401","14167","202755","Cancelled","2022-03-03 15:20:49",NULL,NULL,NULL,"3.990000009536743"
"92349","63806","51082","9164","249433","Cancelled","2022-07-14 12:40:54",NULL,NULL,NULL,"3.990000009536743"
"99800","68984","55154","12677","269562","Cancelled","2022-03-03 07:36:15",NULL,NULL,NULL,"3.990000009536743"
"107422","74216","59339","9164","290149","Cancelled","2021-04-05 13:58:37",NULL,NULL,NULL,"3.990000009536743"
"111776","77215","61786","9164","301880","Cancelled","2022-02-01 10:58:42",NULL,NULL,NULL,"3.990000009536743"
"122753","84685","67777","13923","331446","Cancelled","2021-01-01 15:23:53",NULL,NULL,NULL,"3.990000009536743"
"137501","94872","76041","13913","371277","Cancelled","2021-05-06 04:48:31",NULL,NULL,NULL,"3.990000009536743"
"141114","97326","78047","29065","381012","Cancelled","2022-03-17 09:54:04",NULL,NULL,NULL,"3.990000009536743"
"143366","98929","79321","9164","387089","Cancelled","2022-04-07 07:44:53",NULL,NULL,NULL,"3.990000009536743"
"146275","100926","80982","29065","394989","Cancelled","2022-02-09 07:19:22",NULL,NULL,NULL,"3.990000009536743"
"158449","109289","87657","29065","427803","Cancelled","2022-07-01 11:22:43",NULL,NULL,NULL,"3.990000009536743"
"158858","109578","87877","10938","428911","Cancelled","2022-06-24 08:44:56",NULL,NULL,NULL,"3.990000009536743"
"180176","124258","99658","9164","486555","Cancelled","2022-03-15 03:01:47",NULL,NULL,NULL,"3.990000009536743"
"8432","5780","4670","13913","22879","Processing","2022-05-06 15:03:38",NULL,NULL,NULL,"3.990000009536743"
"12120","8368","6758","13979","32843","Processing","2022-01-10 12:41:36",NULL,NULL,NULL,"3.990000009536743"
"15778","10825","8697","15829","42722","Processing","2019-12-05 15:09:16",NULL,NULL,NULL,"3.990000009536743"
"25726","17732","14159","28758","69534","Processing","2022-08-14 08:18:37",NULL,NULL,NULL,"3.990000009536743"
"27157","18708","14956","13913","73421","Processing","2021-08-23 15:55:40",NULL,NULL,NULL,"3.990000009536743"
"30510","21019","16829","15829","82496","Processing","2022-08-14 11:27:26",NULL,NULL,NULL,"3.990000009536743"
"47089","32440","25917","29112","127105","Processing","2020-10-10 10:32:31",NULL,NULL,NULL,"3.990000009536743"
"53906","37148","29682","29112","145490","Processing","2020-01-11 13:55:39",NULL,NULL,NULL,"3.990000009536743"
"54037","37236","29748","10938","145827","Processing","2022-04-16 05:54:06",NULL,NULL,NULL,"3.990000009536743"
"56061","38645","30891","28491","151289","Processing","2021-06-01 10:00:05",NULL,NULL,NULL,"3.990000009536743"
"66971","46072","36843","13913","180836","Processing","2021-04-08 13:53:58",NULL,NULL,NULL,"3.990000009536743"
"92842","64151","51345","15805","250760","Processing","2022-08-05 04:45:00",NULL,NULL,NULL,"3.990000009536743"
"98281","67917","54272","13979","265505","Processing","2022-01-23 10:52:00",NULL,NULL,NULL,"3.990000009536743"
"108893","75222","60149","15829","294155","Processing","2022-06-16 10:32:03",NULL,NULL,NULL,"3.990000009536743"
"114235","78899","63107","12677","308533","Processing","2021-11-19 15:03:57",NULL,NULL,NULL,"3.990000009536743"
"134557","92837","74376","15829","363358","Processing","2019-11-27 04:08:06",NULL,NULL,NULL,"3.990000009536743"
"135742","93676","75059","15805","366555","Processing","2021-11-27 23:06:10",NULL,NULL,NULL,"3.990000009536743"
"137695","95016","76163","9410","371785","Processing","2021-01-08 03:33:42",NULL,NULL,NULL,"3.990000009536743"
"142517","98325","78848","15805","384808","Processing","2022-06-04 03:27:20",NULL,NULL,NULL,"3.990000009536743"
"154116","106340","85293","12677","416173","Processing","2019-12-28 01:03:54",NULL,NULL,NULL,"3.990000009536743"
"163171","112546","90250","28758","440602","Processing","2021-06-03 13:50:03",NULL,NULL,NULL,"3.990000009536743"
"167895","115783","92822","9410","453391","Processing","2022-01-13 04:52:12",NULL,NULL,NULL,"3.990000009536743"
"52551","36215","28930","15692","141817","Shipped","2021-12-07 13:35:37","2021-12-08 19:25:00",NULL,NULL,"4.730000019073486"
"67857","46696","37361","15692","183222","Shipped","2021-02-23 02:05:14","2021-02-25 04:38:00",NULL,NULL,"4.730000019073486"
"162122","111808","89633","15692","437756","Shipped","2021-11-08 10:52:46","2021-11-09 07:23:00",NULL,NULL,"4.730000019073486"
"163805","112992","90605","15692","442314","Shipped","2022-05-13 00:20:16","2022-05-12 04:36:00",NULL,NULL,"4.730000019073486"
"43574","29976","23898","15692","117677","Complete","2022-09-04 16:55:55.617407","2022-09-05 11:52:32.617407","2022-09-09 23:25:32.617407",NULL,"4.730000019073486"
"57363","39544","31602","15692","154823","Complete","2020-12-23 15:09:06","2020-12-21 17:27:00","2020-12-21 19:33:00",NULL,"4.730000019073486"
"82190","56719","45364","13862","221936","Complete","2020-04-30 05:38:52","2020-05-01 16:06:00","2020-05-01 20:24:00",NULL,"4.730000019073486"
"165095","113857","91280","13862","445863","Complete","2021-08-30 01:59:35","2021-08-29 20:12:00","2021-09-03 19:47:00",NULL,"4.730000019073486"
"82310","56805","45428","13862","222269","Returned","2021-05-05 08:27:29","2021-05-03 22:11:00","2021-05-04 22:43:00","2021-05-07 19:54:00","4.730000019073486"
"114717","79235","63384","15692","309843","Returned","2019-09-14 23:47:36","2019-09-17 05:14:00","2019-09-21 21:19:00","2019-09-23 23:46:00","4.730000019073486"
"154157","106365","85314","15692","416276","Cancelled","2022-05-07 02:47:41",NULL,NULL,NULL,"4.730000019073486"
"99422","68710","54940","15692","268557","Processing","2022-04-16 09:46:26",NULL,NULL,NULL,"4.730000019073486"
"47781","32921","26301","14489","128967","Shipped","2020-10-20 04:53:33","2020-10-22 19:08:00",NULL,NULL,"5.980000019073486"
"96845","66914","53479","14489","261578","Shipped","2021-10-19 14:53:14","2021-10-22 12:57:00",NULL,NULL,"5.980000019073486"
"104688","72337","57837","29090","282773","Shipped","2022-04-23 12:38:16","2022-04-20 21:08:00",NULL,NULL,"5.980000019073486"
"126538","87285","69857","14042","341658","Shipped","2022-07-02 09:39:47","2022-07-02 18:35:00",NULL,NULL,"5.980000019073486"
"145606","100466","80576","29090","393183","Shipped","2021-07-25 01:10:09","2021-07-22 18:19:00",NULL,NULL,"5.980000019073486"
"171285","118085","94698","29090","462597","Shipped","2022-07-23 16:44:53","2022-07-20 18:42:00",NULL,NULL,"5.980000019073486"
"54907","37850","30232","14042","148168","Complete","2020-03-01 02:44:52","2020-03-02 12:14:00","2020-03-05 12:22:00",NULL,"5.980000019073486"
"62763","43216","34559","14489","169444","Complete","2019-09-26 23:22:13","2019-09-29 15:17:00","2019-10-02 14:43:00",NULL,"5.980000019073486"
"87794","60673","48582","14489","237165","Complete","2021-04-10 07:20:17","2021-04-10 15:09:00","2021-04-13 12:03:00",NULL,"5.980000019073486"
"114696","79221","63368","14042","309783","Complete","2022-02-24 02:35:08","2022-02-22 20:47:00","2022-02-25 02:02:00",NULL,"5.980000019073486"
"141354","97500","78196","15988","381680","Complete","2021-02-07 00:59:25","2021-02-09 08:29:00","2021-02-09 23:06:00",NULL,"5.980000019073486"
"52074","35888","28667","15988","140546","Returned","2021-04-24 16:02:09","2021-04-26 06:59:00","2021-04-29 16:47:00","2021-05-01 15:27:00","5.980000019073486"
"75719","52180","41777","14489","204435","Returned","2022-02-10 07:59:48","2022-02-09 16:48:00","2022-02-12 13:44:00","2022-02-13 14:13:00","5.980000019073486"
"99391","68686","54917","15988","268470","Returned","2020-09-11 03:09:27","2020-09-13 12:39:00","2020-09-14 21:26:00","2020-09-17 00:46:00","5.980000019073486"
"99742","68942","55122","14042","269408","Returned","2022-03-31 17:41:19","2022-03-29 12:52:00","2022-04-02 18:15:00","2022-04-04 21:00:00","5.980000019073486"
"165658","114251","91597","14489","447413","Returned","2022-08-22 15:42:45","2022-08-23 06:54:00","2022-08-24 01:58:00","2022-08-25 15:50:00","5.980000019073486"
"24241","16674","13332","15988","65519","Cancelled","2021-06-26 03:27:52",NULL,NULL,NULL,"5.980000019073486"
"84238","58192","46531","15988","227524","Cancelled","2021-06-09 23:56:17",NULL,NULL,NULL,"5.980000019073486"
"49499","34092","27216","14489","133607","Processing","2022-05-02 11:49:20",NULL,NULL,NULL,"5.980000019073486"
"82485","56934","45525","29090","222748","Processing","2022-03-28 05:24:30",NULL,NULL,NULL,"5.980000019073486"
"90559","62590","50110","15988","244650","Processing","2022-01-30 13:47:31",NULL,NULL,NULL,"5.980000019073486"
"137278","94724","75933","14489","370681","Processing","2021-10-10 11:04:26",NULL,NULL,NULL,"5.980000019073486"
"167785","115708","92754","14042","453106","Processing","2020-12-27 04:41:38",NULL,NULL,NULL,"5.980000019073486"
"63461","43694","34941","6156","171339","Shipped","2020-03-14 04:01:21","2020-03-16 01:07:00",NULL,NULL,"6.730000019073486"
"180537","124502","99834","6156","487524","Shipped","2022-04-02 09:41:17","2022-03-29 19:05:00",NULL,NULL,"6.730000019073486"
"38125","26246","20969","6156","102929","Complete","2022-09-03 08:49:21.261282","2022-09-04 22:27:14.261282","2022-09-05 05:15:14.261282",NULL,"6.730000019073486"
"73450","50593","40486","6156","198323","Complete","2020-12-14 10:37:50","2020-12-14 10:59:00","2020-12-17 06:17:00",NULL,"6.730000019073486"
"160639","110824","88865","6156","433724","Complete","2022-05-11 03:00:18","2022-05-09 07:55:00","2022-05-14 00:51:00",NULL,"6.730000019073486"
"170996","117890","94538","6156","461831","Processing","2022-08-12 15:50:08",NULL,NULL,NULL,"6.730000019073486"
"17289","11895","9556","6446","46827","Shipped","2021-10-21 15:45:35","2021-10-19 18:15:00",NULL,NULL,"6.980000019073486"
"54360","37458","29931","14676","146683","Shipped","2022-08-25 09:57:26","2022-08-28 08:22:00",NULL,NULL,"6.980000019073486"
"64911","44681","35736","14676","175292","Shipped","2022-04-16 04:19:10","2022-04-17 14:25:00",NULL,NULL,"6.980000019073486"
"92012","63578","50896","11577","248530","Shipped","2022-07-14 14:44:59","2022-07-15 20:14:00",NULL,NULL,"6.980000019073486"
"112137","77456","61965","28481","302880","Shipped","2022-09-03 05:23:24.238378","2022-09-04 07:51:27.238378",NULL,NULL,"6.980000019073486"
"122365","84415","67573","6446","330388","Shipped","2022-08-20 14:33:07","2022-08-20 15:35:00",NULL,NULL,"6.980000019073486"
"123755","85375","68322","10935","334114","Shipped","2021-06-04 15:04:30","2021-06-07 08:07:00",NULL,NULL,"6.980000019073486"
"132166","91177","73017","14676","356864","Shipped","2020-09-15 22:16:46","2020-09-17 06:38:00",NULL,NULL,"6.980000019073486"
"136833","94424","75671","5984","369495","Shipped","2021-01-10 07:30:24","2021-01-10 03:28:00",NULL,NULL,"6.980000019073486"
"142179","98078","78641","5892","383893","Shipped","2021-01-05 01:48:12","2021-01-07 05:00:00",NULL,NULL,"6.980000019073486"
"146563","101120","81133","10935","395772","Shipped","2022-07-31 10:06:24","2022-07-30 17:49:00",NULL,NULL,"6.980000019073486"
"168561","116243","93201","14676","455204","Shipped","2022-08-31 09:22:42","2022-09-03 06:57:00",NULL,NULL,"6.980000019073486"
"180686","124610","99919","28481","487924","Shipped","2020-09-22 01:41:28","2020-09-23 15:32:00",NULL,NULL,"6.980000019073486"
"17931","12330","9920","5892","48571","Complete","2021-07-30 02:55:19","2021-07-26 13:46:00","2021-07-29 09:36:00",NULL,"6.980000019073486"
"37840","26049","20811","11577","102154","Complete","2021-10-29 12:40:46","2021-11-01 05:12:00","2021-11-02 22:59:00",NULL,"6.980000019073486"
"64601","44470","35576","5892","174416","Complete","2019-06-23 10:54:54","2019-06-25 11:36:00","2019-06-26 08:54:00",NULL,"6.980000019073486"
"67042","46121","36887","10935","181026","Complete","2020-09-30 01:28:23","2020-10-02 13:34:00","2020-10-04 08:28:00",NULL,"6.980000019073486"
"69561","47901","38295","6446","187766","Complete","2022-02-04 12:36:54","2022-02-05 18:18:00","2022-02-07 04:24:00",NULL,"6.980000019073486"
"102669","70933","56699","5984","277321","Complete","2021-12-22 13:57:50","2021-12-24 17:13:00","2021-12-28 13:29:00",NULL,"6.980000019073486"
"116718","80577","64518","10935","315238","Complete","2022-02-25 09:10:04","2022-02-27 03:47:00","2022-03-03 17:34:00",NULL,"6.980000019073486"
"118333","81686","65410","10935","319521","Complete","2021-01-15 12:20:39","2021-01-15 17:30:00","2021-01-18 15:21:00",NULL,"6.980000019073486"
"133574","92158","73809","28481","360691","Complete","2019-09-24 04:11:38","2019-09-25 06:19:00","2019-09-28 13:18:00",NULL,"6.980000019073486"
"139786","96431","77326","10935","377456","Complete","2022-02-01 02:14:11","2022-01-28 03:48:00","2022-01-31 01:26:00",NULL,"6.980000019073486"
"155427","107237","86038","5892","419687","Complete","2021-08-12 15:06:10","2021-08-12 16:31:00","2021-08-14 15:41:00",NULL,"6.980000019073486"
"169623","116971","93788","14676","458055","Complete","2021-09-09 23:43:39","2021-09-09 17:45:00","2021-09-13 04:07:00",NULL,"6.980000019073486"
"172357","118850","95287","14676","465509","Complete","2022-01-05 11:17:03","2022-01-08 08:08:00","2022-01-08 18:47:00",NULL,"6.980000019073486"
"176886","121990","97834","28481","477728","Complete","2022-07-28 06:59:43","2022-07-28 23:48:00","2022-07-29 08:04:00",NULL,"6.980000019073486"
"45426","31283","24969","11577","122674","Returned","2022-06-08 13:01:01","2022-06-11 03:11:00","2022-06-12 20:43:00","2022-06-14 16:05:00","6.980000019073486"
"59247","40826","32607","5892","159901","Returned","2022-02-15 15:07:36","2022-02-16 04:06:00","2022-02-17 01:58:00","2022-02-19 16:23:00","6.980000019073486"
"90543","62579","50104","11577","244604","Returned","2021-03-13 04:45:10","2021-03-15 19:41:00","2021-03-16 10:08:00","2021-03-18 07:39:00","6.980000019073486"
"36606","25190","20138","10935","98824","Cancelled","2022-03-16 16:31:07",NULL,NULL,NULL,"6.980000019073486"
"100096","69181","55315","5984","270356","Cancelled","2022-05-12 01:09:51",NULL,NULL,NULL,"6.980000019073486"
"101923","70437","56310","5984","275278","Cancelled","2022-08-11 10:44:31",NULL,NULL,NULL,"6.980000019073486"
"136291","94054","75382","5892","368032","Cancelled","2022-02-12 17:44:52",NULL,NULL,NULL,"6.980000019073486"
"6898","4705","3818","14676","18680","Processing","2020-10-25 03:13:41",NULL,NULL,NULL,"6.980000019073486"
"29680","20443","16326","10935","80232","Processing","2021-11-03 06:03:59",NULL,NULL,NULL,"6.980000019073486"
"48929","33711","26919","11577","132045","Processing","2022-06-12 06:08:32",NULL,NULL,NULL,"6.980000019073486"
"84849","58616","46873","14676","229188","Processing","2019-11-12 09:02:38",NULL,NULL,NULL,"6.980000019073486"
"141038","97282","78017","6446","380799","Processing","2020-05-05 12:57:33",NULL,NULL,NULL,"6.980000019073486"
"157545","108656","87131","6446","425379","Processing","2022-05-25 15:01:47",NULL,NULL,NULL,"6.980000019073486"
"167910","115794","92830","10935","453429","Processing","2022-03-02 08:28:06",NULL,NULL,NULL,"6.980000019073486"
"173988","120006","96231","28481","469835","Processing","2022-03-31 07:32:43",NULL,NULL,NULL,"6.980000019073486"
"52799","36395","29080","11588","142476","Shipped","2021-09-04 10:44:27","2021-09-05 03:54:00",NULL,NULL,"7.980000019073486"
"57624","39711","31730","11745","155513","Shipped","2022-06-09 12:06:52","2022-06-11 16:06:00",NULL,NULL,"7.980000019073486"
"71429","49192","39375","11745","192848","Shipped","2021-09-01 09:14:30","2021-08-29 07:05:00",NULL,NULL,"7.980000019073486"
"81335","56105","44839","2888","219655","Shipped","2022-05-20 12:43:34","2022-05-18 13:46:00",NULL,NULL,"7.980000019073486"
"85066","58784","46999","10688","229769","Shipped","2022-08-05 00:03:07","2022-08-03 03:03:00",NULL,NULL,"7.980000019073486"
"94316","65162","52132","15252","254761","Shipped","2022-08-11 17:01:16","2022-08-12 19:43:00",NULL,NULL,"7.980000019073486"
"99021","68417","54705","15252","267488","Shipped","2021-06-09 07:45:03","2021-06-08 13:59:00",NULL,NULL,"7.980000019073486"
"103288","71368","57049","11620","278994","Shipped","2021-11-17 00:17:40","2021-11-18 21:58:00",NULL,NULL,"7.980000019073486"
"110199","76124","60871","10688","297632","Shipped","2021-10-01 10:53:41","2021-09-28 15:34:00",NULL,NULL,"7.980000019073486"
"130526","90033","72116","13612","352406","Shipped","2021-09-01 10:03:35","2021-09-03 06:50:00",NULL,NULL,"7.980000019073486"
"142310","98172","78717","11596","384249","Shipped","2020-08-14 18:07:28","2020-08-16 13:05:00",NULL,NULL,"7.980000019073486"
"146593","101137","81151","15252","395851","Shipped","2020-02-26 15:27:52","2020-02-26 20:39:00",NULL,NULL,"7.980000019073486"
"151833","104756","84058","11500","410066","Shipped","2021-08-01 23:50:04","2021-08-02 16:35:00",NULL,NULL,"7.980000019073486"
"2071","1431","1154","11500","5609","Complete","2022-08-20 05:15:15","2022-08-21 02:07:00","2022-08-25 01:56:00",NULL,"7.980000019073486"
"7903","5413","4382","14428","21433","Complete","2022-07-15 09:59:20","2022-07-14 03:21:00","2022-07-15 22:55:00",NULL,"7.980000019073486"
"9593","6602","5361","13612","26031","Complete","2019-09-25 01:04:49","2019-09-26 16:06:00","2019-09-29 01:26:00",NULL,"7.980000019073486"
"16552","11388","9160","15252","44802","Complete","2021-03-06 01:37:13","2021-03-06 13:20:00","2021-03-10 08:29:00",NULL,"7.980000019073486"
"17528","12059","9692","10688","47488","Complete","2021-05-13 08:00:51","2021-05-12 19:00:00","2021-05-15 05:45:00",NULL,"7.980000019073486"
"18397","12651","10147","11620","49815","Complete","2021-04-10 14:31:34","2021-04-09 19:57:00","2021-04-10 16:49:00",NULL,"7.980000019073486"
"23207","15970","12761","15252","62721","Complete","2020-12-26 02:34:43","2020-12-28 03:06:00","2020-12-29 15:54:00",NULL,"7.980000019073486"
"23305","16030","12803","14428","62993","Complete","2022-04-18 00:15:05","2022-04-19 21:33:00","2022-04-23 10:44:00",NULL,"7.980000019073486"
"23753","16347","13073","11588","64214","Complete","2020-05-22 15:27:13","2020-05-24 10:19:00","2020-05-24 13:15:00",NULL,"7.980000019073486"
"33248","22887","18260","2888","89806","Complete","2021-12-05 16:36:25","2021-12-03 23:18:00","2021-12-03 23:43:00",NULL,"7.980000019073486"
"42952","29552","23579","11500","115990","Complete","2021-07-07 09:45:23","2021-07-09 01:14:00","2021-07-13 03:27:00",NULL,"7.980000019073486"
"60976","41997","33566","14428","164613","Complete","2022-08-30 14:22:23","2022-08-31 05:21:00","2022-09-01 08:57:00",NULL,"7.980000019073486"
"69354","47756","38179","11620","187202","Complete","2021-06-26 05:16:15","2021-06-22 12:44:00","2021-06-27 10:28:00",NULL,"7.980000019073486"
"100575","69502","55590","15252","271612","Complete","2021-04-03 16:04:11","2021-04-04 14:56:00","2021-04-05 06:31:00",NULL,"7.980000019073486"
"114441","79047","63226","11588","309101","Complete","2021-06-24 01:17:35","2021-06-24 20:22:00","2021-06-25 03:18:00",NULL,"7.980000019073486"
"126488","87251","69833","11500","341515","Complete","2022-02-25 23:40:28","2022-02-28 10:03:00","2022-03-04 15:45:00",NULL,"7.980000019073486"
"141999","97943","78540","11588","383407","Complete","2022-06-27 16:12:35","2022-06-25 10:13:00","2022-06-27 12:24:00",NULL,"7.980000019073486"
"153005","105557","84690","11620","413181","Complete","2022-01-24 15:05:49","2022-01-27 14:18:00","2022-01-28 18:02:00",NULL,"7.980000019073486"
"167637","115603","92658","11745","452722","Complete","2020-12-26 09:48:30","2020-12-27 07:10:00","2020-12-27 17:15:00",NULL,"7.980000019073486"
"173228","119469","95781","11596","467859","Complete","2022-03-24 00:00:34","2022-03-26 01:12:00","2022-03-28 20:31:00",NULL,"7.980000019073486"
"174723","120503","96625","11745","471823","Complete","2022-06-15 23:56:27","2022-06-15 05:00:00","2022-06-15 19:16:00",NULL,"7.980000019073486"
"179864","124040","99484","11745","485718","Complete","2022-02-02 15:53:07","2022-02-02 22:02:00","2022-02-03 15:47:00",NULL,"7.980000019073486"
"106452","73562","58826","15252","287535","Returned","2020-06-13 14:53:20","2020-06-13 08:33:00","2020-06-17 14:59:00","2020-06-20 04:02:00","7.980000019073486"
"135312","93367","74794","10688","365401","Returned","2022-03-17 13:00:07","2022-03-18 08:02:00","2022-03-18 17:51:00","2022-03-21 00:29:00","7.980000019073486"
"136182","93976","75317","11620","367742","Returned","2021-10-14 12:39:22","2021-10-16 07:55:00","2021-10-21 00:48:00","2021-10-21 19:54:00","7.980000019073486"
"153356","105800","84869","11500","414162","Returned","2022-06-19 23:13:29","2022-06-18 17:59:00","2022-06-20 02:21:00","2022-06-22 19:40:00","7.980000019073486"
"28722","19774","15804","15252","77639","Cancelled","2021-06-17 00:54:01",NULL,NULL,NULL,"7.980000019073486"
"34283","23601","18833","11596","92617","Cancelled","2021-12-11 08:41:26",NULL,NULL,NULL,"7.980000019073486"
"69146","47608","38062","10688","186658","Cancelled","2022-08-14 05:58:23",NULL,NULL,NULL,"7.980000019073486"
"79952","55133","44099","14428","215894","Cancelled","2021-11-23 15:10:07",NULL,NULL,NULL,"7.980000019073486"
"82087","56645","45288","11745","221662","Cancelled","2022-01-11 17:16:26",NULL,NULL,NULL,"7.980000019073486"
"85606","59158","47302","11500","231236","Cancelled","2021-02-04 15:17:36",NULL,NULL,NULL,"7.980000019073486"
"90841","62773","50251","11588","245398","Cancelled","2021-04-05 16:50:47",NULL,NULL,NULL,"7.980000019073486"
"106729","73740","58969","14428","288278","Cancelled","2022-06-25 02:59:50",NULL,NULL,NULL,"7.980000019073486"
"112399","77637","62104","11745","303587","Cancelled","2022-02-13 23:11:21",NULL,NULL,NULL,"7.980000019073486"
"118533","81826","65518","14428","320053","Cancelled","2022-08-15 13:25:31",NULL,NULL,NULL,"7.980000019073486"
"126870","87507","70056","13612","342557","Cancelled","2021-12-06 07:01:25",NULL,NULL,NULL,"7.980000019073486"
"4870","3322","2702","13612","13196","Processing","2022-08-18 06:40:15",NULL,NULL,NULL,"7.980000019073486"
"47832","32962","26335","11620","129104","Processing","2020-01-29 12:00:38",NULL,NULL,NULL,"7.980000019073486"
"60602","41734","33369","14428","163618","Processing","2021-08-03 22:41:12",NULL,NULL,NULL,"7.980000019073486"
"66052","45460","36345","11588","178362","Processing","2021-11-10 08:48:49",NULL,NULL,NULL,"7.980000019073486"
"95900","66283","53003","15252","259060","Processing","2022-06-20 02:12:44",NULL,NULL,NULL,"7.980000019073486"
"108186","74738","59765","15252","292257","Processing","2021-10-17 08:29:56",NULL,NULL,NULL,"7.980000019073486"
"137104","94618","75833","13612","370216","Processing","2022-08-29 07:09:00",NULL,NULL,NULL,"7.980000019073486"
"142261","98137","78690","14428","384115","Processing","2020-11-28 06:33:42",NULL,NULL,NULL,"7.980000019073486"
"158110","109060","87465","14428","426886","Processing","2022-03-24 05:58:44",NULL,NULL,NULL,"7.980000019073486"
"163944","113088","90686","11745","442721","Processing","2020-11-20 05:37:47",NULL,NULL,NULL,"7.980000019073486"
"167975","115842","92871","14428","453597","Processing","2019-09-14 09:22:51",NULL,NULL,NULL,"7.980000019073486"
"168282","116052","93042","11620","454463","Processing","2022-09-06 11:44:15.438122",NULL,NULL,NULL,"7.980000019073486"
"179707","123946","99415","13612","485294","Processing","2021-03-18 13:41:14",NULL,NULL,NULL,"7.980000019073486"
"37825","26037","20802","6028","102112","Shipped","2022-02-28 15:30:57","2022-02-26 12:56:00",NULL,NULL,"8.960000038146973"
"63697","43856","35075","6028","171961","Shipped","2020-07-26 03:48:50","2020-07-27 14:16:00",NULL,NULL,"8.960000038146973"
"84841","58612","46871","16723","229163","Shipped","2020-11-19 00:12:32","2020-11-17 10:39:00",NULL,NULL,"8.960000038146973"
"111397","76955","61575","25324","300859","Shipped","2019-10-28 09:05:08","2019-10-30 23:18:00",NULL,NULL,"8.960000038146973"
"81859","56477","45137","16723","221060","Complete","2020-04-19 01:30:08","2020-04-21 05:39:00","2020-04-23 21:17:00",NULL,"8.960000038146973"
"95279","65852","52678","25324","257363","Complete","2021-04-08 02:37:10","2021-04-08 06:49:00","2021-04-12 19:34:00",NULL,"8.960000038146973"
"164468","113450","90965","25324","444158","Complete","2022-05-24 01:13:17","2022-05-26 23:15:00","2022-05-29 02:42:00",NULL,"8.960000038146973"
"22180","15248","12184","6028","59942","Returned","2022-07-27 02:31:28","2022-07-24 14:24:00","2022-07-25 17:34:00","2022-07-26 20:25:00","8.960000038146973"
"51181","35282","28164","25324","138143","Cancelled","2020-12-12 13:04:42",NULL,NULL,NULL,"8.960000038146973"
"94623","65369","52294","16723","255595","Cancelled","2022-07-28 08:01:12",NULL,NULL,NULL,"8.960000038146973"
"109674","75755","60561","16723","296250","Cancelled","2021-04-30 07:13:33",NULL,NULL,NULL,"8.960000038146973"
"172566","119003","95398","6028","466064","Cancelled","2021-10-06 16:37:56",NULL,NULL,NULL,"8.960000038146973"
"25684","17694","14126","6028","69415","Processing","2021-02-16 16:32:18",NULL,NULL,NULL,"8.960000038146973"
"50335","34674","27677","25324","135879","Processing","2022-02-27 01:33:53",NULL,NULL,NULL,"8.960000038146973"
"55489","38246","30564","25324","149723","Processing","2021-09-26 11:58:57",NULL,NULL,NULL,"8.960000038146973"
"122546","84548","67676","6028","330888","Processing","2022-04-17 02:47:09",NULL,NULL,NULL,"8.960000038146973"
"132286","91259","73072","6028","357195","Processing","2020-06-02 15:39:31",NULL,NULL,NULL,"8.960000038146973"
"158496","109324","87682","6028","427923","Processing","2021-03-30 00:26:43",NULL,NULL,NULL,"8.960000038146973"
"42157","29005","23131","24669","113806","Shipped","2022-06-05 07:56:16","2022-06-06 00:33:00",NULL,NULL,"9.960000038146973"
"61786","42545","34027","18450","166801","Shipped","2022-08-21 06:16:42","2022-08-18 12:07:00",NULL,NULL,"9.960000038146973"
"84941","58685","46928","15963","229431","Shipped","2022-08-09 16:09:24","2022-08-11 18:03:00",NULL,NULL,"9.960000038146973"
"93892","64875","51915","18450","253599","Shipped","2020-12-15 10:40:48","2020-12-17 06:17:00",NULL,NULL,"9.960000038146973"
"101183","69920","55914","14021","273261","Shipped","2022-03-09 05:30:05","2022-03-08 16:12:00",NULL,NULL,"9.960000038146973"
"145740","100559","80659","24669","393546","Shipped","2021-10-27 15:30:03","2021-10-29 07:57:00",NULL,NULL,"9.960000038146973"
"145774","100584","80683","18450","393636","Shipped","2021-06-13 13:13:24","2021-06-16 15:33:00",NULL,NULL,"9.960000038146973"
"151647","104622","83941","24669","409563","Shipped","2022-05-16 10:44:52","2022-05-18 08:19:00",NULL,NULL,"9.960000038146973"
"174678","120478","96603","15963","471697","Shipped","2021-12-25 08:51:12","2021-12-26 08:06:00",NULL,NULL,"9.960000038146973"
"37439","25771","20587","24669","101098","Complete","2021-06-24 05:07:13","2021-06-25 06:42:00","2021-06-27 16:15:00",NULL,"9.960000038146973"
"168725","116360","93288","15963","455638","Complete","2021-10-16 16:33:47","2021-10-17 21:23:00","2021-10-20 02:53:00",NULL,"9.960000038146973"
"8052","5521","4473","14021","21847","Cancelled","2021-11-01 09:10:35",NULL,NULL,NULL,"9.960000038146973"
"22400","15403","12306","24669","60533","Cancelled","2022-05-29 08:38:05",NULL,NULL,NULL,"9.960000038146973"
"31231","21488","17199","24669","84409","Cancelled","2022-02-27 08:45:52",NULL,NULL,NULL,"9.960000038146973"
"99732","68936","55120","24669","269380","Cancelled","2022-04-18 23:41:07",NULL,NULL,NULL,"9.960000038146973"
"102220","70635","56475","14021","276090","Cancelled","2021-10-22 05:57:39",NULL,NULL,NULL,"9.960000038146973"
"104257","72040","57592","14021","281618","Cancelled","2022-06-24 17:19:44",NULL,NULL,NULL,"9.960000038146973"
"131289","90565","72551","24669","354483","Cancelled","2022-04-03 11:02:43",NULL,NULL,NULL,"9.960000038146973"
"169037","116585","93469","24669","456484","Cancelled","2021-09-24 05:24:31",NULL,NULL,NULL,"9.960000038146973"
"170210","117363","94115","18450","459658","Cancelled","2022-08-25 05:48:16",NULL,NULL,NULL,"9.960000038146973"
"51131","35250","28140","14021","138014","Processing","2022-08-30 04:39:15",NULL,NULL,NULL,"9.960000038146973"
"85393","59006","47172","765","230656","Shipped","2022-09-04 10:45:17.827028","2022-09-03 11:59:49.827028",NULL,NULL,"10.460000038146973"
"167544","115537","92602","765","452474","Complete","2022-04-07 07:39:45","2022-04-08 01:17:00","2022-04-09 09:57:00",NULL,"10.460000038146973"
"77970","53764","43007","7972","210492","Shipped","2021-07-24 06:56:24","2021-07-26 07:34:00",NULL,NULL,"10.960000038146973"
"105255","72739","58170","12650","284280","Shipped","2022-08-26 07:47:55","2022-08-27 01:45:00",NULL,NULL,"11.960000038146973"
"146211","100885","80939","23203","394807","Shipped","2022-03-12 15:37:50","2022-03-12 13:38:00",NULL,NULL,"11.960000038146973"
"22911","15756","12594","23203","61937","Complete","2022-02-22 17:17:54","2022-02-19 18:54:00","2022-02-24 15:08:00",NULL,"11.960000038146973"
"53095","36604","29250","26437","143272","Complete","2019-11-27 04:08:11","2019-11-27 11:50:00","2019-12-01 03:08:00",NULL,"11.960000038146973"
"78365","54037","43232","23203","211553","Complete","2021-09-19 08:25:06","2021-09-18 13:16:00","2021-09-18 20:07:00",NULL,"11.960000038146973"
"139202","96049","77018","26437","375903","Complete","2022-01-10 04:23:24","2022-01-13 02:09:00","2022-01-14 16:31:00",NULL,"11.960000038146973"
"134","100","80","26437","363","Returned","2022-01-31 15:12:47","2022-02-02 10:24:00","2022-02-04 08:24:00","2022-02-06 20:55:00","11.960000038146973"
"3550","2403","1944","26437","9598","Returned","2021-10-02 10:39:50","2021-10-04 06:41:00","2021-10-07 04:59:00","2021-10-07 10:29:00","11.960000038146973"
"180467","124448","99790","12650","487330","Returned","2022-02-16 15:03:09","2022-02-15 06:36:00","2022-02-18 00:11:00","2022-02-20 03:09:00","11.960000038146973"
"90948","62848","50323","12650","245677","Cancelled","2022-07-02 08:02:20",NULL,NULL,NULL,"11.960000038146973"
"99549","68797","55016","12650","268898","Cancelled","2022-06-22 03:30:25",NULL,NULL,NULL,"11.960000038146973"
"123343","85105","68108","26437","333023","Cancelled","2021-01-31 06:36:33",NULL,NULL,NULL,"11.960000038146973"
"169459","116871","93699","12650","457608","Cancelled","2021-07-13 01:07:40",NULL,NULL,NULL,"11.960000038146973"
"3557","2407","1948","26437","9621","Processing","2022-01-27 09:24:24",NULL,NULL,NULL,"11.960000038146973"
"34357","23647","18863","26437","92815","Processing","2021-02-01 03:30:09",NULL,NULL,NULL,"11.960000038146973"
"79197","54601","43683","26437","213833","Processing","2022-03-20 18:25:17",NULL,NULL,NULL,"11.960000038146973"
"104491","72200","57723","23203","282265","Processing","2022-06-14 06:06:10",NULL,NULL,NULL,"11.960000038146973"
"111894","77284","61838","12650","302205","Processing","2021-12-12 17:52:08",NULL,NULL,NULL,"11.960000038146973"
"136995","94545","75777","12650","369928","Processing","2020-11-05 06:55:12",NULL,NULL,NULL,"11.960000038146973"
"4337","2960","2375","13785","11759","Shipped","2022-07-02 04:06:26","2022-07-03 13:14:00",NULL,NULL,"12.960000038146973"
"166979","115155","92299","6629","450971","Shipped","2021-01-27 02:49:29","2021-01-29 02:34:00",NULL,NULL,"12.960000038146973"
"167340","115401","92502","6629","451938","Shipped","2022-09-05 00:16:09.900476","2022-09-07 12:18:02.900476",NULL,NULL,"12.960000038146973"
"170824","117772","94447","13785","461350","Shipped","2021-10-17 12:05:30","2021-10-18 09:33:00",NULL,NULL,"12.960000038146973"
"48219","33219","26541","13785","130144","Complete","2020-03-24 22:44:41","2020-03-26 07:46:00","2020-03-30 05:10:00",NULL,"12.960000038146973"
"80090","55233","44177","6629","216251","Complete","2022-08-21 07:11:01","2022-08-23 01:35:00","2022-08-25 09:02:00",NULL,"12.960000038146973"
"91199","63016","50453","6629","246362","Complete","2020-10-08 02:01:20","2020-10-07 17:10:00","2020-10-08 00:41:00",NULL,"12.960000038146973"
"142857","98563","79025","13785","385725","Complete","2022-09-02 05:54:27","2022-09-02 13:11:00","2022-09-07 03:08:00",NULL,"12.960000038146973"
"152366","105129","84356","6629","411494","Complete","2022-05-02 07:15:56","2022-05-03 04:31:00","2022-05-06 00:51:00",NULL,"12.960000038146973"
"173656","119777","96046","13785","468966","Complete","2021-09-13 12:12:50","2021-09-13 11:26:00","2021-09-15 22:33:00",NULL,"12.960000038146973"
"125159","86342","69093","6629","337916","Returned","2022-08-31 15:41:59","2022-08-29 02:01:00","2022-08-31 13:48:00","2022-08-31 20:04:00","12.960000038146973"
"37838","26047","20810","13785","102148","Cancelled","2021-01-22 03:20:36",NULL,NULL,NULL,"12.960000038146973"
"78250","53960","43164","13785","211257","Cancelled","2021-12-31 02:09:05",NULL,NULL,NULL,"12.960000038146973"
"139729","96392","77294","13785","377301","Cancelled","2021-07-08 07:39:23",NULL,NULL,NULL,"12.960000038146973"
"4671","3200","2610","6629","12661","Processing","2021-12-29 04:43:36",NULL,NULL,NULL,"12.960000038146973"
"91946","63532","50866","13785","248356","Processing","2022-05-17 00:02:29",NULL,NULL,NULL,"12.960000038146973"
"132317","91281","73092","13785","357277","Processing","2021-10-18 06:25:10",NULL,NULL,NULL,"12.960000038146973"
"35733","24590","19659","3313","96490","Shipped","2022-08-04 17:00:16","2022-08-07 04:10:00",NULL,NULL,"13.960000038146973"
"76639","52826","42266","4105","206948","Complete","2019-06-02 22:42:59","2019-06-05 17:44:00","2019-06-09 22:50:00",NULL,"13.960000038146973"
"98801","68267","54577","3313","266891","Complete","2021-05-22 11:31:17","2021-05-23 01:50:00","2021-05-23 11:35:00",NULL,"13.960000038146973"
"112041","77389","61917","4105","302611","Complete","2022-08-03 22:10:01","2022-08-02 03:28:00","2022-08-02 22:39:00",NULL,"13.960000038146973"
"168865","116458","93367","3313","456014","Complete","2022-08-05 23:27:15","2022-08-08 05:51:00","2022-08-09 16:19:00",NULL,"13.960000038146973"
"62207","42841","34248","4105","167921","Returned","2020-07-31 15:06:15","2020-08-01 00:27:00","2020-08-03 03:49:00","2020-08-05 00:18:00","13.960000038146973"
"3480","2355","1895","4105","9409","Cancelled","2022-06-07 00:11:51",NULL,NULL,NULL,"13.960000038146973"
"86725","59928","47945","4105","234274","Cancelled","2022-08-28 05:11:50",NULL,NULL,NULL,"13.960000038146973"
"145622","100475","80585","3313","393225","Cancelled","2020-04-17 08:25:10",NULL,NULL,NULL,"13.960000038146973"
"158315","109202","87583","3313","427435","Cancelled","2022-08-28 03:08:29",NULL,NULL,NULL,"13.960000038146973"
"712","500","424","3313","1899","Processing","2021-03-01 02:03:12",NULL,NULL,NULL,"13.960000038146973"
"93836","64835","51890","3313","253449","Processing","2022-06-26 16:36:26",NULL,NULL,NULL,"13.960000038146973"
"49301","33950","27113","3772","133073","Shipped","2022-06-20 23:48:54","2022-06-21 11:00:00",NULL,NULL,"14.460000038146973"
"88867","61423","49180","3772","240100","Shipped","2022-07-07 22:55:26","2022-07-09 21:35:00",NULL,NULL,"14.460000038146973"
"101020","69813","55831","3772","272834","Shipped","2021-10-02 02:36:44","2021-10-03 13:44:00",NULL,NULL,"14.460000038146973"
"145635","100487","80595","3772","393255","Shipped","2020-12-15 15:50:17","2020-12-17 01:19:00",NULL,NULL,"14.460000038146973"
"104905","72485","57947","3772","283370","Complete","2022-06-20 03:26:57","2022-06-21 21:37:00","2022-06-25 23:53:00",NULL,"14.460000038146973"
"31165","21444","17157","3772","84240","Returned","2022-08-13 07:14:36","2022-08-14 16:13:00","2022-08-17 02:09:00","2022-08-20 00:28:00","14.460000038146973"
"77178","53210","42578","3772","208379","Returned","2022-05-11 01:14:02","2022-05-11 20:55:00","2022-05-14 03:37:00","2022-05-17 01:26:00","14.460000038146973"
"18856","12958","10387","3772","51028","Processing","2022-09-05 18:15:43.278189",NULL,NULL,NULL,"14.460000038146973"
"66205","45565","36428","3772","178774","Processing","2022-05-27 05:22:14",NULL,NULL,NULL,"14.460000038146973"
"57977","39954","31930","7635","156462","Shipped","2022-09-07 17:41:20.884951","2022-09-08 00:43:04.884951",NULL,NULL,"14.960000038146973"
"82055","56618","45264","7635","221575","Complete","2019-11-18 21:52:27","2019-11-20 04:44:00","2019-11-20 11:01:00",NULL,"14.960000038146973"
"5410","3691","3013","7635","14650","Returned","2021-10-14 09:54:22","2021-10-14 15:29:00","2021-10-19 14:49:00","2021-10-21 20:13:00","14.960000038146973"
"64664","44512","35611","7635","174590","Returned","2022-05-25 17:15:01","2022-05-28 09:28:00","2022-05-29 07:01:00","2022-05-30 10:18:00","14.960000038146973"
"155768","107460","86218","7635","420592","Returned","2022-07-29 08:35:24","2022-07-26 22:54:00","2022-07-28 07:45:00","2022-07-28 21:48:00","14.960000038146973"
"56340","38837","31049","7635","152058","Processing","2021-11-15 04:39:31",NULL,NULL,NULL,"14.960000038146973"
"100039","69139","55281","1953","270202","Shipped","2022-08-21 10:42:50","2022-08-23 19:48:00",NULL,NULL,"16.920000076293945"
"157576","108677","87152","1953","425458","Complete","2022-02-17 12:56:04","2022-02-19 15:27:00","2022-02-21 05:36:00",NULL,"16.920000076293945"
"176387","121641","97558","1953","476372","Returned","2022-07-18 02:41:40","2022-07-18 20:22:00","2022-07-19 15:46:00","2022-07-20 14:31:00","16.920000076293945"
"58391","40256","32157","1953","157587","Processing","2021-06-16 06:02:33",NULL,NULL,NULL,"16.920000076293945"
"9356","6423","5214","28719","25375","Shipped","2022-06-30 15:41:35","2022-07-03 00:54:00",NULL,NULL,"18.920000076293945"
"40216","27680","22112","28719","108556","Shipped","2021-04-10 09:15:44","2021-04-12 05:33:00",NULL,NULL,"18.920000076293945"
"65992","45426","36319","28719","178195","Shipped","2021-12-26 09:51:43","2021-12-27 11:36:00",NULL,NULL,"18.920000076293945"
"102275","70672","56507","28719","276249","Shipped","2022-08-28 07:53:12","2022-08-31 03:11:00",NULL,NULL,"18.920000076293945"
"127867","88183","70622","28719","345236","Shipped","2022-08-09 23:23:30","2022-08-10 07:18:00",NULL,NULL,"18.920000076293945"
"166816","115040","92210","28719","450528","Shipped","2022-08-28 23:49:51","2022-08-30 15:04:00",NULL,NULL,"18.920000076293945"
"166729","114983","92168","28719","450297","Complete","2022-01-10 05:39:25","2022-01-09 07:37:00","2022-01-13 21:11:00",NULL,"18.920000076293945"
"156316","107828","86493","28719","422064","Cancelled","2022-07-30 03:35:59",NULL,NULL,NULL,"18.920000076293945"
"155668","107384","86159","28719","420329","Processing","2022-08-19 06:09:18",NULL,NULL,NULL,"18.920000076293945"
"45257","31162","24873","21897","122221","Shipped","2021-06-03 13:16:21","2021-05-31 21:41:00",NULL,NULL,"19.920000076293945"
"59810","41205","32924","21897","161453","Shipped","2021-09-18 00:37:40","2021-09-19 13:20:00",NULL,NULL,"19.920000076293945"
"98138","67812","54183","21897","265108","Shipped","2022-06-21 06:16:08","2022-06-21 12:13:00",NULL,NULL,"19.920000076293945"
"160948","111028","89013","21897","434559","Shipped","2022-08-22 00:47:02","2022-08-23 18:47:00",NULL,NULL,"19.920000076293945"
"175771","121224","97218","21897","474701","Shipped","2020-10-11 14:36:52","2020-10-13 03:43:00",NULL,NULL,"19.920000076293945"
"89490","61854","49520","21897","241741","Complete","2019-06-16 13:35:59","2019-06-19 01:24:00","2019-06-19 12:56:00",NULL,"19.920000076293945"
"58031","39993","31958","21897","156613","Returned","2022-08-23 10:46:23","2022-08-24 12:16:00","2022-08-28 19:15:00","2022-08-29 02:06:00","19.920000076293945"
"52584","36237","28943","17575","141908","Shipped","2022-01-29 04:05:32","2022-01-29 11:35:00",NULL,NULL,"23.920000076293945"
"60604","41735","33371","17575","163623","Shipped","2020-10-28 15:24:24","2020-10-29 13:59:00",NULL,NULL,"23.920000076293945"
"122886","84781","67851","17575","331820","Shipped","2022-05-21 09:54:36","2022-05-22 12:31:00",NULL,NULL,"23.920000076293945"
"154463","106579","85495","17575","417092","Shipped","2022-02-23 12:55:43","2022-02-25 03:07:00",NULL,NULL,"23.920000076293945"
"130535","90039","72120","17575","352433","Complete","2022-08-09 14:27:59","2022-08-10 09:40:00","2022-08-12 05:12:00",NULL,"23.920000076293945"
"24304","16717","13361","17575","65683","Processing","2022-08-18 09:11:19",NULL,NULL,NULL,"23.920000076293945"
"94886","65560","52444","17575","256311","Processing","2022-06-22 04:03:04",NULL,NULL,NULL,"23.920000076293945"
"172452","118926","95343","17575","465770","Processing","2022-08-28 11:01:30",NULL,NULL,NULL,"23.920000076293945"
"55761","38434","30716","16778","150468","Cancelled","2022-07-01 01:51:53",NULL,NULL,NULL,"26.920000076293945"
"160483","110715","88783","16778","433315","Cancelled","2022-04-12 03:57:47",NULL,NULL,NULL,"26.920000076293945"
"154172","106374","85322","16778","416313","Processing","2022-07-27 04:03:40",NULL,NULL,NULL,"26.920000076293945"
"80058","55206","44157","17476","216161","Cancelled","2021-10-03 21:07:13",NULL,NULL,NULL,"28.920000076293945"
"121491","83845","67125","17476","328039","Cancelled","2022-04-17 07:17:03",NULL,NULL,NULL,"28.920000076293945"
"91607","63300","50682","6448","247454","Complete","2022-06-08 07:22:38","2022-06-10 13:27:00","2022-06-13 17:52:00",NULL,"30.920000076293945"
"119937","82797","66283","6448","323828","Complete","2022-03-05 01:44:44","2022-03-01 22:29:00","2022-03-02 15:29:00",NULL,"30.920000076293945"
"138842","95809","76821","6448","374918","Complete","2021-03-05 01:16:47","2021-03-04 22:54:00","2021-03-06 17:18:00",NULL,"30.920000076293945"
"70121","48283","38608","6448","189301","Returned","2022-07-20 07:56:31","2022-07-22 04:49:00","2022-07-23 08:57:00","2022-07-24 02:11:00","30.920000076293945"
"93509","64609","51696","6448","252542","Processing","2021-04-12 04:08:56",NULL,NULL,NULL,"30.920000076293945"
"31504","21678","17343","13567","85150","Shipped","2021-05-05 15:24:40","2021-05-05 21:39:00",NULL,NULL,"31.920000076293945"
"66546","45784","36607","1370","179684","Shipped","2022-09-04 09:53:16.188955","2022-09-04 23:24:08.188955",NULL,NULL,"31.920000076293945"
"71021","48897","39117","13567","191733","Shipped","2021-07-14 04:13:43","2021-07-11 23:47:00",NULL,NULL,"31.920000076293945"
"76941","53051","42447","1370","207773","Shipped","2021-07-22 07:27:10","2021-07-21 15:55:00",NULL,NULL,"31.920000076293945"
"80462","55494","44368","13567","217274","Shipped","2022-07-31 09:01:59","2022-08-03 00:00:00",NULL,NULL,"31.920000076293945"
"3403","2302","1848","1495","9200","Complete","2021-05-04 04:48:31","2021-05-05 20:09:00","2021-05-09 13:32:00",NULL,"31.920000076293945"
"42870","29500","23520","1238","115774","Complete","2021-09-16 02:48:32","2021-09-17 17:14:00","2021-09-18 13:17:00",NULL,"31.920000076293945"
"59172","40782","32572","1495","159688","Complete","2022-08-11 06:53:04","2022-08-12 11:33:00","2022-08-16 17:48:00",NULL,"31.920000076293945"
"77164","53201","42569","1495","208343","Complete","2021-06-09 06:56:56","2021-06-06 22:26:00","2021-06-08 14:39:00",NULL,"31.920000076293945"
"108436","74911","59906","1238","292914","Complete","2020-03-30 01:58:54","2020-04-01 15:45:00","2020-04-03 16:18:00",NULL,"31.920000076293945"
"126194","87041","69661","1370","340720","Complete","2019-09-08 14:29:48","2019-09-10 11:51:00","2019-09-12 05:31:00",NULL,"31.920000076293945"
"140108","96657","77518","1238","378318","Complete","2020-10-29 17:23:55","2020-10-31 00:07:00","2020-11-01 21:36:00",NULL,"31.920000076293945"
"153619","105984","85018","1370","414851","Complete","2022-01-18 09:32:49","2022-01-18 14:38:00","2022-01-22 01:36:00",NULL,"31.920000076293945"
"165289","113987","91389","1495","446409","Complete","2022-02-04 08:10:35","2022-02-05 21:12:00","2022-02-07 11:35:00",NULL,"31.920000076293945"
"178239","122933","98601","1238","481341","Complete","2020-11-20 14:44:00","2020-11-23 07:16:00","2020-11-23 22:32:00",NULL,"31.920000076293945"
"145496","100385","80497","1495","392870","Returned","2022-01-12 01:01:33","2022-01-14 05:05:00","2022-01-16 21:26:00","2022-01-18 11:46:00","31.920000076293945"
"161491","111392","89315","1495","436029","Returned","2022-09-03 09:01:41","2022-09-03 01:51:00","2022-09-03 19:36:00","2022-09-04 17:34:00","31.920000076293945"
"169634","116976","93793","13567","458083","Returned","2022-02-28 11:51:26","2022-03-02 04:15:00","2022-03-05 17:10:00","2022-03-07 01:31:00","31.920000076293945"
"82185","56715","45361","13567","221921","Cancelled","2022-08-18 06:12:54",NULL,NULL,NULL,"31.920000076293945"
"80762","55699","44525","1495","218116","Processing","2022-03-08 15:10:29",NULL,NULL,NULL,"31.920000076293945"
"88500","61164","48983","13567","239086","Processing","2021-11-12 04:31:20",NULL,NULL,NULL,"31.920000076293945"
"115852","80001","64025","1370","312884","Processing","2020-11-07 16:02:41",NULL,NULL,NULL,"31.920000076293945"
"125263","86415","69154","13567","338205","Processing","2022-09-03 16:38:30.56239",NULL,NULL,NULL,"31.920000076293945"
"167091","115231","92359","1370","451275","Processing","2022-08-18 13:18:37",NULL,NULL,NULL,"31.920000076293945"
"23248","15995","12778","13958","62835","Shipped","2020-09-22 10:02:49","2020-09-19 16:37:00",NULL,NULL,"35.84000015258789"
"8219","5629","4551","13958","22290","Complete","2022-06-27 03:50:07","2022-06-27 18:36:00","2022-06-30 03:27:00",NULL,"35.84000015258789"
"52661","36295","28987","15855","142102","Complete","2022-01-16 11:22:29","2022-01-19 10:36:00","2022-01-22 05:22:00",NULL,"35.84000015258789"
"97334","67272","53750","15855","262914","Complete","2021-10-14 01:22:15","2021-10-12 03:50:00","2021-10-14 05:11:00",NULL,"35.84000015258789"
"152068","104925","84198","13958","410693","Complete","2022-08-20 02:55:51","2022-08-20 16:29:00","2022-08-22 14:14:00",NULL,"35.84000015258789"
"116208","80241","64230","15855","313855","Returned","2021-01-09 12:25:28","2021-01-11 06:10:00","2021-01-14 08:30:00","2021-01-14 21:09:00","35.84000015258789"
"78438","54081","43271","15855","211751","Cancelled","2022-03-21 09:24:03",NULL,NULL,NULL,"35.84000015258789"
"80003","55168","44129","13958","216020","Cancelled","2020-10-01 17:48:31",NULL,NULL,NULL,"35.84000015258789"
"82123","56671","45322","15855","221759","Cancelled","2022-07-20 09:19:35",NULL,NULL,NULL,"35.84000015258789"
"11189","7693","6249","13958","30319","Processing","2020-04-25 02:10:07",NULL,NULL,NULL,"35.84000015258789"
"39056","26894","21483","15855","105433","Processing","2022-02-04 01:16:06",NULL,NULL,NULL,"35.84000015258789"
"146090","100800","80872","15855","394482","Processing","2021-03-16 08:42:23",NULL,NULL,NULL,"35.84000015258789"
"4685","3210","2618","11125","12700","Shipped","2020-12-31 04:49:06","2020-12-28 16:39:00",NULL,NULL,"37.84000015258789"
"65149","44850","35860","11125","175923","Shipped","2020-04-14 01:49:31","2020-04-15 10:27:00",NULL,NULL,"37.84000015258789"
"91458","63194","50599","5255","247056","Shipped","2022-06-30 14:42:11","2022-07-03 11:09:00",NULL,NULL,"37.84000015258789"
"161247","111225","89175","11125","435357","Shipped","2022-08-22 22:37:38","2022-08-23 18:34:00",NULL,NULL,"37.84000015258789"
"25712","17720","14145","11125","69492","Complete","2022-08-16 03:11:34","2022-08-17 02:09:00","2022-08-19 20:49:00",NULL,"37.84000015258789"
"58096","40042","31994","5255","156781","Complete","2020-06-15 21:30:42","2020-06-17 10:56:00","2020-06-21 12:54:00",NULL,"37.84000015258789"
"102464","70798","56601","5255","276780","Complete","2020-02-08 13:00:07","2020-02-10 21:27:00","2020-02-13 20:00:00",NULL,"37.84000015258789"
"3678","2492","2012","11125","9947","Processing","2022-07-12 12:16:22",NULL,NULL,NULL,"37.84000015258789"
"77599","53505","42811","5255","209476","Processing","2021-04-15 12:17:24",NULL,NULL,NULL,"37.84000015258789"
"91644","63322","50703","5255","247549","Processing","2021-11-10 01:11:01",NULL,NULL,NULL,"37.84000015258789"
"27020","18611","14864","690","73046","Shipped","2020-01-15 15:16:06","2020-01-16 12:44:00",NULL,NULL,"103.68000030517578"
"57357","39539","31597","690","154810","Shipped","2021-10-19 21:08:53","2021-10-20 01:45:00",NULL,NULL,"103.68000030517578"
"73746","50789","40633","690","199114","Shipped","2022-01-28 10:24:11","2022-01-25 07:55:00",NULL,NULL,"103.68000030517578"
"111151","76795","61437","690","300191","Shipped","2021-11-26 03:52:23","2021-11-28 01:43:00",NULL,NULL,"103.68000030517578"
"132460","91371","73171","690","357667","Shipped","2022-06-24 14:45:09","2022-06-23 03:30:00",NULL,NULL,"103.68000030517578"
"18914","12998","10422","690","51186","Processing","2022-07-08 08:36:01",NULL,NULL,NULL,"103.68000030517578"
"7184","4906","3978","7261","19465","Shipped","2021-04-08 00:37:10","2021-04-10 06:36:00",NULL,NULL,"67.93000030517578"
"44342","30521","24360","2331","119760","Shipped","2021-06-28 14:14:37","2021-06-29 14:13:00",NULL,NULL,"67.93000030517578"
"45213","31129","24847","2331","122097","Shipped","2022-07-26 10:31:51","2022-07-28 03:29:00",NULL,NULL,"67.93000030517578"
"51950","35804","28602","7261","140237","Shipped","2022-02-12 02:41:37","2022-02-13 00:44:00",NULL,NULL,"67.93000030517578"
"116773","80616","64548","2331","315377","Shipped","2022-03-29 00:51:50","2022-03-30 00:43:00",NULL,NULL,"67.93000030517578"
"117565","81157","65003","2331","317461","Shipped","2022-05-24 07:02:46","2022-05-26 21:43:00",NULL,NULL,"67.93000030517578"
"146045","100769","80849","2331","394355","Shipped","2022-07-28 13:33:09","2022-07-29 05:00:00",NULL,NULL,"67.93000030517578"
"2072","1431","1154","7261","5611","Complete","2022-08-23 02:55:25","2022-08-21 02:07:00","2022-08-25 01:56:00",NULL,"67.93000030517578"
"58707","40460","32320","7261","158445","Complete","2022-06-02 01:23:30","2022-06-03 11:20:00","2022-06-06 12:54:00",NULL,"67.93000030517578"
"134853","93037","74533","7261","364159","Complete","2021-02-10 08:18:19","2021-02-11 18:46:00","2021-02-15 07:05:00",NULL,"67.93000030517578"
"153599","105971","85005","7261","414800","Complete","2022-07-22 06:31:43","2022-07-23 00:11:00","2022-07-27 10:17:00",NULL,"67.93000030517578"
"88051","60860","48717","2331","237864","Returned","2021-09-04 15:39:51","2021-09-03 22:49:00","2021-09-08 13:15:00","2021-09-10 15:14:00","67.93000030517578"
"133768","92298","73931","7261","361212","Returned","2022-06-18 02:09:25","2022-06-20 01:23:00","2022-06-24 13:11:00","2022-06-27 07:11:00","67.93000030517578"
"155504","107278","86079","2331","419898","Cancelled","2022-01-31 23:33:38",NULL,NULL,NULL,"67.93000030517578"
"46324","31884","25448","7261","125088","Processing","2020-12-10 13:28:14",NULL,NULL,NULL,"67.93000030517578"
"154691","106736","85638","2331","417719","Processing","2020-10-19 05:21:13",NULL,NULL,NULL,"67.93000030517578"
"158067","109028","87438","7261","426777","Processing","2022-01-31 15:59:09",NULL,NULL,NULL,"67.93000030517578"
"16614","11433","9194","8163","44966","Shipped","2022-04-27 03:04:26","2022-04-29 00:03:00",NULL,NULL,"79.93000030517578"
"155516","107285","86083","8163","419929","Shipped","2021-10-07 10:27:59","2021-10-09 08:57:00",NULL,NULL,"79.93000030517578"
"13292","9169","7391","8163","36008","Complete","2022-08-11 11:01:34","2022-08-09 17:32:00","2022-08-13 17:46:00",NULL,"79.93000030517578"
"22536","15496","12383","8163","60910","Returned","2022-03-03 05:16:16","2022-03-04 06:10:00","2022-03-05 12:44:00","2022-03-07 13:42:00","79.93000030517578"
"165255","113962","91369","8163","446318","Cancelled","2021-08-05 06:01:11",NULL,NULL,NULL,"79.93000030517578"
"161605","111476","89380","8163","436343","Processing","2022-07-24 04:02:46",NULL,NULL,NULL,"79.93000030517578"
"23711","16321","13054","17435","64104","Shipped","2022-09-02 20:47:05","2022-08-30 02:02:00",NULL,NULL,"83.93000030517578"
"39515","27209","21740","17435","106679","Shipped","2020-02-14 15:56:55","2020-02-17 05:45:00",NULL,NULL,"83.93000030517578"
"50077","34482","27535","17435","135186","Shipped","2020-12-01 03:38:44","2020-12-02 00:01:00",NULL,NULL,"83.93000030517578"
"2563","1754","1418","17435","6930","Complete","2022-01-04 22:52:34","2022-01-07 12:19:00","2022-01-08 02:42:00",NULL,"83.93000030517578"
"28032","19327","15454","17435","75768","Complete","2021-09-19 00:44:46","2021-09-20 12:04:00","2021-09-25 09:41:00",NULL,"83.93000030517578"
"17138","11802","9489","17435","46402","Cancelled","2022-08-06 07:08:07",NULL,NULL,NULL,"83.93000030517578"
"61037","42031","33596","17435","164777","Cancelled","2021-02-04 11:50:24",NULL,NULL,NULL,"83.93000030517578"
"93419","64551","51652","17435","252297","Cancelled","2022-06-04 20:50:43",NULL,NULL,NULL,"83.93000030517578"
"163696","112922","90543","17435","442023","Cancelled","2021-07-11 12:48:50",NULL,NULL,NULL,"83.93000030517578"
"36973","25456","20354","17435","99831","Processing","2021-03-15 04:40:45",NULL,NULL,NULL,"83.93000030517578"
"62472","43020","34397","17435","168642","Processing","2020-12-16 05:05:18",NULL,NULL,NULL,"83.93000030517578"
"60734","41831","33437","8192","163969","Shipped","2020-05-08 07:13:06","2020-05-08 19:41:00",NULL,NULL,"99.93000030517578"
"19212","13203","10585","8192","51982","Returned","2021-11-08 13:00:54","2021-11-07 13:17:00","2021-11-09 16:18:00","2021-11-11 13:09:00","99.93000030517578"
"48827","33633","26856","8192","131767","Processing","2021-07-05 08:22:58",NULL,NULL,NULL,"99.93000030517578"
"52572","36232","28938","8192","141877","Processing","2022-07-15 02:47:36",NULL,NULL,NULL,"99.93000030517578"
"82785","57150","45694","8192","223582","Processing","2022-03-07 13:35:50",NULL,NULL,NULL,"99.93000030517578"
"110579","76384","61089","8192","298642","Processing","2022-02-25 05:50:37",NULL,NULL,NULL,"99.93000030517578"
"5975","4067","3301","2311","16167","Shipped","2021-10-23 05:06:57","2021-10-25 05:33:00",NULL,NULL,"22.030000686645508"
"11903","8209","6643","2311","32257","Shipped","2022-06-05 03:59:09","2022-06-05 21:42:00",NULL,NULL,"22.030000686645508"
"46302","31868","25433","24695","125024","Shipped","2021-01-02 17:33:27","2021-01-04 22:46:00",NULL,NULL,"22.030000686645508"
"144820","99926","80132","24695","391022","Shipped","2022-04-08 09:14:26","2022-04-11 06:04:00",NULL,NULL,"22.030000686645508"
"74403","51262","41011","24695","200898","Complete","2022-07-31 07:10:55","2022-08-01 06:42:00","2022-08-02 01:54:00",NULL,"22.030000686645508"
"85006","58737","46959","24695","229603","Complete","2022-03-08 16:02:23","2022-03-09 23:04:00","2022-03-11 07:12:00",NULL,"22.030000686645508"
"161390","111325","89262","24695","435746","Complete","2022-05-22 23:42:18","2022-05-23 04:16:00","2022-05-26 05:57:00",NULL,"22.030000686645508"
"171220","118039","94658","24695","462421","Complete","2021-06-05 22:42:44","2021-06-08 01:51:00","2021-06-11 10:31:00",NULL,"22.030000686645508"
"174886","120601","96695","24695","472286","Complete","2022-08-22 22:10:02","2022-08-23 23:17:00","2022-08-27 13:16:00",NULL,"22.030000686645508"
"136501","94199","75503","24695","368580","Returned","2022-01-09 14:52:00","2022-01-07 13:02:00","2022-01-09 14:45:00","2022-01-11 05:25:00","22.030000686645508"
"151617","104599","83923","2311","409481","Cancelled","2021-12-25 12:31:37",NULL,NULL,NULL,"22.030000686645508"
"65607","45181","36112","2311","177162","Processing","2022-08-13 02:16:40",NULL,NULL,NULL,"22.030000686645508"
"98160","67828","54197","2311","265166","Processing","2021-05-02 00:00:25",NULL,NULL,NULL,"22.030000686645508"
"117366","81017","64884","2311","316933","Processing","2022-02-12 09:47:11",NULL,NULL,NULL,"22.030000686645508"
"128692","88758","71089","24695","347489","Processing","2022-05-13 00:00:31",NULL,NULL,NULL,"22.030000686645508"
"128031","88300","70717","17931","345690","Shipped","2022-03-29 00:40:27","2022-03-30 19:09:00",NULL,NULL,"23.030000686645508"
"129202","89105","71384","17931","348875","Shipped","2022-08-07 10:35:29","2022-08-06 16:16:00",NULL,NULL,"23.030000686645508"
"8918","6113","4944","17931","24185","Complete","2022-01-30 12:27:18","2022-01-30 08:24:00","2022-01-31 07:12:00",NULL,"23.030000686645508"
"91444","63183","50588","17931","247014","Complete","2022-07-30 07:26:23","2022-08-01 06:28:00","2022-08-03 07:43:00",NULL,"23.030000686645508"
"147080","101469","81392","17931","397145","Complete","2022-06-02 12:44:40","2022-06-03 15:16:00","2022-06-07 04:33:00",NULL,"23.030000686645508"
"2496","1704","1376","7665","6750","Shipped","2021-10-01 13:00:27","2021-10-04 03:44:00",NULL,NULL,"24.030000686645508"
"20785","14295","11440","7876","56265","Shipped","2022-05-17 11:52:58","2022-05-19 01:19:00",NULL,NULL,"24.030000686645508"
"50345","34679","27683","7876","135904","Shipped","2021-04-28 06:40:18","2021-04-26 22:33:00",NULL,NULL,"24.030000686645508"
"133101","91840","73560","7665","359413","Shipped","2022-05-21 04:12:56","2022-05-23 05:50:00",NULL,NULL,"24.030000686645508"
"145453","100354","80468","7665","392762","Shipped","2021-11-17 23:15:21","2021-11-20 17:34:00",NULL,NULL,"24.030000686645508"
"95125","65739","52588","7876","256953","Complete","2021-12-20 05:44:55","2021-12-21 12:41:00","2021-12-25 14:47:00",NULL,"24.030000686645508"
"138771","95762","76775","7665","374720","Complete","2022-08-31 21:48:26","2022-09-01 20:42:00","2022-09-01 23:43:00",NULL,"24.030000686645508"
"22137","15219","12158","7665","59831","Returned","2020-12-10 17:18:11","2020-12-08 12:02:00","2020-12-08 16:47:00","2020-12-09 09:59:00","24.030000686645508"
"57622","39710","31729","7876","155508","Cancelled","2021-05-19 03:14:49",NULL,NULL,NULL,"24.030000686645508"
"169319","116774","93627","7876","457232","Cancelled","2021-03-14 14:33:52",NULL,NULL,NULL,"24.030000686645508"
"180750","124660","99964","7876","488112","Cancelled","2020-08-24 04:27:56",NULL,NULL,NULL,"24.030000686645508"
"15685","10756","8640","7665","42478","Processing","2022-04-25 15:01:29",NULL,NULL,NULL,"24.030000686645508"
"103510","71533","57191","7876","279597","Processing","2021-10-23 03:37:26",NULL,NULL,NULL,"24.030000686645508"
"103661","71639","57280","7876","280023","Processing","2022-03-23 12:42:06",NULL,NULL,NULL,"24.030000686645508"
"129508","89319","71556","7876","349680","Processing","2020-11-04 11:13:06",NULL,NULL,NULL,"24.030000686645508"
"15312","10518","8465","23500","41472","Shipped","2021-12-01 08:14:19","2021-12-03 00:40:00",NULL,NULL,"28.030000686645508"
"62840","43264","34592","23500","169656","Shipped","2020-03-23 07:24:10","2020-03-19 14:18:00",NULL,NULL,"28.030000686645508"
"68896","47422","37924","23500","185992","Shipped","2022-08-21 16:04:09","2022-08-23 00:38:00",NULL,NULL,"28.030000686645508"
"81153","55976","44749","23500","219163","Shipped","2020-11-24 12:03:18","2020-11-23 14:00:00",NULL,NULL,"28.030000686645508"
"50763","34986","27920","23500","137001","Cancelled","2022-09-03 02:50:27",NULL,NULL,NULL,"28.030000686645508"
"89933","62162","49758","23500","242931","Cancelled","2020-12-28 08:51:36",NULL,NULL,NULL,"28.030000686645508"
"170804","117758","94437","23500","461299","Cancelled","2022-04-02 09:46:08",NULL,NULL,NULL,"28.030000686645508"
"11657","8023","6508","23500","31590","Processing","2021-11-06 13:01:45",NULL,NULL,NULL,"28.030000686645508"
"67379","46360","37074","23500","181949","Processing","2021-07-02 13:42:49",NULL,NULL,NULL,"28.030000686645508"
"63310","43588","34849","5303","170949","Shipped","2022-07-21 08:42:20","2022-07-22 08:38:00",NULL,NULL,"31.030000686645508"
"174469","120329","96484","5303","471136","Shipped","2021-06-13 11:06:38","2021-06-15 23:59:00",NULL,NULL,"31.030000686645508"
"59411","40938","32694","5303","160362","Complete","2022-08-16 08:27:15","2022-08-16 13:55:00","2022-08-18 05:03:00",NULL,"31.030000686645508"
"67027","46112","36879","5303","180985","Complete","2019-06-29 08:43:57","2019-06-29 08:53:00","2019-06-29 10:23:00",NULL,"31.030000686645508"
"113157","78159","62519","5303","305629","Complete","2022-09-02 05:39:17.025393","2022-09-03 19:48:42.025393","2022-09-04 07:42:42.025393",NULL,"31.030000686645508"
"59107","40736","32533","5303","159507","Cancelled","2021-06-20 00:42:45",NULL,NULL,NULL,"31.030000686645508"
"120758","83343","66734","5303","326059","Cancelled","2022-06-13 04:44:27",NULL,NULL,NULL,"31.030000686645508"
"154014","106267","85237","5303","415895","Cancelled","2021-08-14 12:41:48",NULL,NULL,NULL,"31.030000686645508"
"102967","71143","56870","5303","278115","Processing","2020-10-18 10:44:51",NULL,NULL,NULL,"31.030000686645508"
"156731","108112","86712","5303","423164","Processing","2020-10-11 08:57:55",NULL,NULL,NULL,"31.030000686645508"
"40782","28052","22375","28129","110129","Shipped","2021-11-22 01:44:29","2021-11-22 15:46:00",NULL,NULL,"56.060001373291016"
"76405","52665","42140","28129","206317","Shipped","2022-08-04 01:52:13","2022-08-05 14:37:00",NULL,NULL,"56.060001373291016"
"92743","64080","51290","28129","250495","Shipped","2021-03-07 07:23:48","2021-03-08 06:06:00",NULL,NULL,"56.060001373291016"
"18559","12746","10224","28129","50251","Complete","2020-08-30 18:08:36","2020-09-02 12:38:00","2020-09-07 08:41:00",NULL,"56.060001373291016"
"64301","44252","35395","28129","173593","Complete","2021-04-16 04:12:10","2021-04-17 06:32:00","2021-04-19 11:36:00",NULL,"56.060001373291016"
"135403","93432","74855","28129","365641","Complete","2022-07-17 12:31:24","2022-07-19 09:53:00","2022-07-22 23:07:00",NULL,"56.060001373291016"
"97132","67117","53629","28129","262369","Cancelled","2021-09-30 04:49:28",NULL,NULL,NULL,"56.060001373291016"
"160141","110473","88597","28129","432388","Cancelled","2021-12-15 07:25:13",NULL,NULL,NULL,"56.060001373291016"
"17597","12107","9734","8568","47659","Shipped","2022-04-21 03:57:58","2022-04-22 20:37:00",NULL,NULL,"58.060001373291016"
"42579","29298","23360","8568","114979","Shipped","2022-08-18 03:47:45","2022-08-18 18:45:00",NULL,NULL,"58.060001373291016"
"47181","32514","25962","8568","127353","Complete","2020-05-22 04:14:31","2020-05-21 12:10:00","2020-05-22 02:12:00",NULL,"58.060001373291016"
"148035","102154","81939","8568","399705","Complete","2020-02-08 09:09:43","2020-02-11 06:20:00","2020-02-12 02:36:00",NULL,"58.060001373291016"
"164669","113580","91073","8568","444704","Complete","2021-04-14 08:58:16","2021-04-14 14:30:00","2021-04-16 19:49:00",NULL,"58.060001373291016"
"51346","35391","28264","8568","138582","Processing","2022-04-10 13:44:19",NULL,NULL,NULL,"58.060001373291016"
"92968","64238","51414","28757","251103","Shipped","2022-07-16 00:16:37","2022-07-13 11:27:00",NULL,NULL,"84.12000274658203"
"128801","88830","71151","28757","347772","Shipped","2022-05-21 10:15:55","2022-05-22 05:46:00",NULL,NULL,"84.12000274658203"
"165139","113886","91310","28757","445985","Shipped","2022-06-19 08:05:13","2022-06-22 01:11:00",NULL,NULL,"84.12000274658203"
"83387","57581","46029","28757","225211","Returned","2022-08-14 01:01:46","2022-08-13 19:18:00","2022-08-15 11:45:00","2022-08-16 13:25:00","84.12000274658203"
"172989","119302","95626","28757","467237","Processing","2022-05-26 23:42:30",NULL,NULL,NULL,"84.12000274658203"
"59856","41239","32949","8082","161571","Shipped","2020-03-12 04:01:42","2020-03-12 11:04:00",NULL,NULL,"144.24000549316406"
"5864","3990","3237","8082","15869","Returned","2021-05-18 10:10:09","2021-05-21 01:53:00","2021-05-25 04:33:00","2021-05-25 13:31:00","144.24000549316406"
"28961","19943","15929","8082","78302","Returned","2019-10-22 07:41:47","2019-10-24 14:05:00","2019-10-28 04:03:00","2019-10-28 16:22:00","144.24000549316406"
"141838","97835","78441","8082","382963","Returned","2022-06-12 08:01:41","2022-06-13 04:34:00","2022-06-16 02:53:00","2022-06-18 01:45:00","144.24000549316406"
"130119","89745","71880","8082","351323","Cancelled","2022-06-29 16:10:42",NULL,NULL,NULL,"144.24000549316406"
"137228","94692","75901","8082","370538","Processing","2021-11-30 13:52:40",NULL,NULL,NULL,"144.24000549316406"
"20555","14134","11321","27062","55641","Shipped","2022-02-09 00:16:05","2022-02-07 11:22:00",NULL,NULL,"136.49000549316406"
"87353","60361","48314","27062","235983","Shipped","2020-08-07 10:20:08","2020-08-09 19:03:00",NULL,NULL,"136.49000549316406"
"119104","82217","65829","27001","321580","Shipped","2020-01-23 12:21:41","2020-01-25 03:57:00",NULL,NULL,"136.49000549316406"
"163039","112460","90181","27001","440253","Shipped","2019-12-31 05:26:56","2019-12-31 17:42:00",NULL,NULL,"136.49000549316406"
"33690","23198","18524","27062","91027","Complete","2022-05-04 11:49:18","2022-05-07 03:21:00","2022-05-11 03:42:00",NULL,"136.49000549316406"
"38317","26382","21081","27001","103433","Complete","2021-04-09 10:47:39","2021-04-11 23:05:00","2021-04-14 18:05:00",NULL,"136.49000549316406"
"53946","37175","29699","27001","145591","Complete","2022-01-22 05:42:48","2022-01-22 15:14:00","2022-01-27 05:09:00",NULL,"136.49000549316406"
"70454","48521","38805","27062","190213","Complete","2022-06-27 02:49:25","2022-06-29 18:35:00","2022-07-03 13:26:00",NULL,"136.49000549316406"
"90616","62626","50137","27001","244809","Complete","2022-07-22 16:22:47","2022-07-22 18:21:00","2022-07-26 18:15:00",NULL,"136.49000549316406"
"104600","72277","57788","27062","282541","Complete","2022-08-31 17:46:10","2022-09-03 06:44:00","2022-09-03 16:39:00",NULL,"136.49000549316406"
"110886","76603","61275","27062","299466","Complete","2020-01-31 09:14:31","2020-01-31 14:41:00","2020-02-01 20:43:00",NULL,"136.49000549316406"
"110938","76642","61304","27001","299612","Complete","2019-12-28 18:28:04","2019-12-27 19:40:00","2019-12-30 05:38:00",NULL,"136.49000549316406"
"145768","100578","80680","27062","393619","Complete","2021-05-04 17:53:19","2021-05-04 23:44:00","2021-05-06 03:29:00",NULL,"136.49000549316406"
"169084","116616","93495","27062","456606","Cancelled","2022-02-22 07:40:14",NULL,NULL,NULL,"136.49000549316406"
"24588","16919","13514","27001","66448","Processing","2022-01-22 01:40:36",NULL,NULL,NULL,"136.49000549316406"
"46978","32358","25843","27062","126811","Processing","2021-06-08 01:39:50",NULL,NULL,NULL,"136.49000549316406"
"105464","72867","58282","27001","284857","Processing","2021-08-22 14:44:56",NULL,NULL,NULL,"136.49000549316406"
"114803","79294","63435","27001","310086","Processing","2021-09-14 06:58:08",NULL,NULL,NULL,"136.49000549316406"
"177666","122533","98278","27001","479816","Processing","2020-12-06 13:17:25",NULL,NULL,NULL,"136.49000549316406"
"35545","24466","19553","13976","96005","Shipped","2022-06-26 01:29:01","2022-06-27 16:17:00",NULL,NULL,"72.37000274658203"
"41509","28549","22773","13976","112049","Shipped","2022-07-06 07:53:02","2022-07-05 19:23:00",NULL,NULL,"72.37000274658203"
"100598","69517","55602","13976","271676","Shipped","2022-05-26 23:05:03","2022-05-25 20:39:00",NULL,NULL,"72.37000274658203"
"136323","94077","75402","11484","368116","Shipped","2021-02-06 12:25:58","2021-02-08 11:41:00",NULL,NULL,"72.37000274658203"
"64141","44144","35311","11484","173153","Complete","2022-07-19 08:43:38","2022-07-22 04:41:00","2022-07-24 02:25:00",NULL,"72.37000274658203"
"96728","66837","53424","13976","261265","Complete","2021-02-19 11:20:42","2021-02-19 02:19:00","2021-02-23 09:22:00",NULL,"72.37000274658203"
"99970","69104","55258","14175","270017","Complete","2022-04-05 16:50:45","2022-04-06 00:28:00","2022-04-10 18:46:00",NULL,"72.37000274658203"
"143104","98736","79158","14175","386388","Complete","2021-07-30 15:22:43","2021-08-01 21:21:00","2021-08-05 20:40:00",NULL,"72.37000274658203"
"166782","115019","92197","14175","450434","Complete","2022-03-12 11:02:46","2022-03-13 22:44:00","2022-03-17 10:21:00",NULL,"72.37000274658203"
"37287","25675","20516","14175","100687","Returned","2022-02-08 23:02:31","2022-02-07 22:51:00","2022-02-11 02:03:00","2022-02-13 01:22:00","72.37000274658203"
"78335","54017","43218","11484","211477","Returned","2022-07-19 03:48:44","2022-07-19 20:50:00","2022-07-20 03:27:00","2022-07-21 15:28:00","72.37000274658203"
"119154","82255","65858","14175","321711","Returned","2022-06-21 06:13:59","2022-06-22 12:44:00","2022-06-24 09:10:00","2022-06-25 15:13:00","72.37000274658203"
"52908","36469","29144","11484","142764","Cancelled","2021-06-22 01:36:28",NULL,NULL,NULL,"72.37000274658203"
"151449","104491","83840","11484","409023","Cancelled","2021-04-18 20:32:06",NULL,NULL,NULL,"72.37000274658203"
"172870","119222","95566","11484","466901","Cancelled","2019-05-05 23:00:28",NULL,NULL,NULL,"72.37000274658203"
"169162","116670","93543","14175","456811","Processing","2021-07-21 05:03:41",NULL,NULL,NULL,"72.37000274658203"
"25657","17675","14115","20282","69338","Shipped","2022-07-14 14:14:14","2022-07-15 04:35:00",NULL,NULL,"144.74000549316406"
"70788","48746","38999","20282","191106","Shipped","2022-08-07 10:05:44","2022-08-09 13:20:00",NULL,NULL,"144.74000549316406"
"104603","72280","57788","20282","282549","Shipped","2022-07-02 17:14:46","2022-07-04 00:28:00",NULL,NULL,"144.74000549316406"
"70253","48379","38687","20282","189662","Complete","2022-09-01 06:42:44","2022-08-31 23:46:00","2022-09-05 20:12:00",NULL,"144.74000549316406"
"94852","65533","52424","20282","256226","Cancelled","2022-05-25 02:21:22",NULL,NULL,NULL,"144.74000549316406"
"10160","6985","5684","4841","27550","Shipped","2021-02-15 06:53:50","2021-02-12 08:30:00",NULL,NULL,"128.99000549316406"
"20083","13807","11065","4841","54351","Shipped","2021-05-23 07:59:25","2021-05-24 09:06:00",NULL,NULL,"128.99000549316406"
"106166","73373","58689","4841","286765","Shipped","2021-03-24 06:21:46","2021-03-23 19:05:00",NULL,NULL,"128.99000549316406"
"127335","87811","70308","4841","343773","Shipped","2022-08-30 09:28:59","2022-08-30 20:35:00",NULL,NULL,"128.99000549316406"
"145085","100109","80280","4841","391753","Shipped","2022-07-31 17:42:50","2022-08-03 16:28:00",NULL,NULL,"128.99000549316406"
"61953","42664","34108","4841","167245","Complete","2020-01-22 23:49:10","2020-01-23 11:22:00","2020-01-25 00:28:00",NULL,"128.99000549316406"
"76810","52961","42368","4841","207420","Complete","2020-04-17 16:31:14","2020-04-18 00:45:00","2020-04-22 00:36:00",NULL,"128.99000549316406"
"49801","34303","27385","4841","134434","Cancelled","2022-09-01 18:50:06",NULL,NULL,NULL,"128.99000549316406"
"104540","72234","57751","4841","282390","Cancelled","2021-06-15 00:04:53",NULL,NULL,NULL,"128.99000549316406"
"146632","101165","81170","4841","395957","Processing","2022-08-10 00:38:12",NULL,NULL,NULL,"128.99000549316406"
"11113","7643","6202","13374","30119","Shipped","2022-02-28 09:55:58","2022-03-02 18:35:00",NULL,NULL,"144.99000549316406"
"15945","10943","8795","26355","43157","Shipped","2020-03-14 16:32:14","2020-03-16 07:29:00",NULL,NULL,"144.99000549316406"
"92782","64107","51305","26355","250598","Shipped","2021-12-19 05:55:46","2021-12-20 21:50:00",NULL,NULL,"144.99000549316406"
"107939","74569","59614","26355","291574","Shipped","2021-11-30 01:04:40","2021-11-30 06:47:00",NULL,NULL,"144.99000549316406"
"167995","115859","92884","26355","453651","Shipped","2022-08-12 01:26:37","2022-08-14 11:59:00",NULL,NULL,"144.99000549316406"
"79941","55126","44093","13374","215863","Complete","2021-08-20 07:53:12","2021-08-20 11:42:00","2021-08-22 02:33:00",NULL,"144.99000549316406"
"96473","66671","53298","26355","260592","Complete","2022-05-06 00:56:19","2022-05-04 08:34:00","2022-05-04 23:31:00",NULL,"144.99000549316406"
"180046","124173","99596","26355","486214","Complete","2021-02-25 22:49:41","2021-02-28 21:11:00","2021-03-04 04:55:00",NULL,"144.99000549316406"
"11200","7700","6252","26355","30349","Returned","2022-09-06 06:16:07","2022-09-05 05:35:00","2022-09-06 03:23:00","2022-09-06 10:17:00","144.99000549316406"
"19260","13235","10608","13374","52112","Returned","2022-07-27 07:39:32","2022-07-26 22:11:00","2022-07-30 00:28:00","2022-07-30 12:39:00","144.99000549316406"
"85639","59180","47324","13374","231331","Returned","2019-08-07 02:26:45","2019-08-08 19:17:00","2019-08-12 07:01:00","2019-08-12 15:07:00","144.99000549316406"
"133614","92187","73832","13374","360792","Cancelled","2022-06-30 05:11:50",NULL,NULL,NULL,"144.99000549316406"
"140448","96884","77687","13374","379238","Cancelled","2021-11-11 22:06:13",NULL,NULL,NULL,"144.99000549316406"
"175920","121328","97303","26355","475091","Cancelled","2021-11-08 05:17:15",NULL,NULL,NULL,"144.99000549316406"
"155153","107041","85878","26355","418944","Processing","2022-05-19 03:29:54",NULL,NULL,NULL,"144.99000549316406"
"3974","2706","2176","5914","10752","Shipped","2020-01-06 08:33:30","2020-01-08 00:33:00",NULL,NULL,"160.99000549316406"
"4740","3247","2647","5914","12850","Shipped","2022-08-18 15:54:24","2022-08-19 16:09:00",NULL,NULL,"160.99000549316406"
"44463","30607","24427","5914","120092","Shipped","2022-07-09 21:39:25","2022-07-11 03:38:00",NULL,NULL,"160.99000549316406"
"160657","110834","88877","5914","433777","Shipped","2021-07-17 01:55:00","2021-07-20 01:01:00",NULL,NULL,"160.99000549316406"
"90145","62306","49875","5914","243536","Complete","2020-08-10 21:30:54","2020-08-13 06:03:00","2020-08-15 00:58:00",NULL,"160.99000549316406"
"24891","17144","13691","5914","67276","Processing","2020-05-13 08:57:40",NULL,NULL,NULL,"160.99000549316406"
"1337","923","772","20499","3630","Shipped","2022-08-31 08:45:56","2022-09-01 10:55:00",NULL,NULL,"34.310001373291016"
"11575","7964","6459","19123","31362","Shipped","2022-04-22 16:51:48","2022-04-23 06:12:00",NULL,NULL,"34.310001373291016"
"18697","12851","10312","19662","50612","Shipped","2021-05-19 13:19:56","2021-05-21 21:24:00",NULL,NULL,"34.310001373291016"
"33124","22807","18205","20499","89481","Shipped","2022-07-24 10:02:19","2022-07-25 04:23:00",NULL,NULL,"34.310001373291016"
"46960","32344","25832","19454","126762","Shipped","2020-08-27 05:26:26","2020-08-30 04:02:00",NULL,NULL,"34.310001373291016"
"105177","72685","58125","23436","284085","Shipped","2022-08-07 03:58:35","2022-08-04 21:23:00",NULL,NULL,"34.310001373291016"
"107851","74508","59565","19123","291323","Shipped","2022-01-04 07:18:56","2022-01-04 20:49:00",NULL,NULL,"34.310001373291016"
"112494","77697","62151","23436","303841","Shipped","2022-07-02 08:07:57","2022-06-30 03:51:00",NULL,NULL,"34.310001373291016"
"113109","78127","62497","19454","305507","Shipped","2022-04-25 04:14:03","2022-04-24 04:00:00",NULL,NULL,"34.310001373291016"
"151869","104781","84079","20499","410161","Shipped","2022-08-02 10:59:59","2022-08-04 21:35:00",NULL,NULL,"34.310001373291016"
"159237","109853","88102","20499","429936","Shipped","2022-09-03 17:44:50.400349","2022-09-03 21:19:04.400349",NULL,NULL,"34.310001373291016"
"159508","110037","88244","19454","430666","Shipped","2022-07-09 18:03:21","2022-07-09 07:13:00",NULL,NULL,"34.310001373291016"
"167284","115363","92473","20499","451792","Shipped","2019-12-05 04:18:04","2019-12-05 05:03:00",NULL,NULL,"34.310001373291016"
"175574","121083","97080","4151","474170","Shipped","2021-10-12 02:02:02","2021-10-13 15:26:00",NULL,NULL,"34.310001373291016"
"24980","17208","13753","19454","67524","Complete","2022-07-17 10:23:09","2022-07-18 07:13:00","2022-07-22 11:27:00",NULL,"34.310001373291016"
"28135","19394","15512","19454","76051","Complete","2021-06-07 00:30:26","2021-06-07 06:47:00","2021-06-09 19:01:00",NULL,"34.310001373291016"
"89087","61574","49296","20499","240673","Complete","2019-08-04 06:05:50","2019-08-06 15:56:00","2019-08-07 11:03:00",NULL,"34.310001373291016"
"118146","81554","65316","19662","319023","Complete","2020-02-08 14:17:43","2020-02-10 14:18:00","2020-02-13 22:30:00",NULL,"34.310001373291016"
"118349","81696","65416","23436","319561","Complete","2021-01-14 15:05:11","2021-01-11 18:45:00","2021-01-15 04:22:00",NULL,"34.310001373291016"
"30424","20954","16777","19454","82263","Returned","2022-08-23 07:25:02","2022-08-25 13:09:00","2022-08-26 16:28:00","2022-08-26 17:23:00","34.310001373291016"
"47324","32603","26034","20499","127738","Returned","2020-12-23 15:19:16","2020-12-26 15:14:00","2020-12-27 14:25:00","2020-12-29 19:22:00","34.310001373291016"
"88965","61488","49231","19662","240359","Returned","2022-02-26 08:42:08","2022-02-25 08:05:00","2022-03-01 13:29:00","2022-03-04 00:34:00","34.310001373291016"
"142589","98380","78889","20499","384995","Returned","2020-10-29 14:06:15","2020-10-30 20:56:00","2020-11-01 09:59:00","2020-11-02 17:24:00","34.310001373291016"
"51957","35808","28605","20499","140253","Cancelled","2022-08-12 02:33:11",NULL,NULL,NULL,"34.310001373291016"
"79171","54586","43671","19123","213763","Cancelled","2020-05-16 05:44:21",NULL,NULL,NULL,"34.310001373291016"
"79778","55022","43999","20499","215421","Cancelled","2021-01-24 00:56:38",NULL,NULL,NULL,"34.310001373291016"
"90361","62457","50003","19123","244105","Cancelled","2022-08-27 01:35:34",NULL,NULL,NULL,"34.310001373291016"
"103927","71822","57432","19662","280744","Cancelled","2022-01-13 04:08:37",NULL,NULL,NULL,"34.310001373291016"
"114058","78784","63021","19662","308045","Cancelled","2021-12-17 20:38:42",NULL,NULL,NULL,"34.310001373291016"
"122235","84326","67509","20499","330045","Cancelled","2021-06-02 11:23:09",NULL,NULL,NULL,"34.310001373291016"
"149424","103126","82716","19454","403501","Cancelled","2021-10-20 07:38:55",NULL,NULL,NULL,"34.310001373291016"
"2943","2011","1622","4151","7967","Processing","2021-09-12 15:36:02",NULL,NULL,NULL,"34.310001373291016"
"26641","18358","14665","19123","72010","Processing","2020-07-23 08:21:42",NULL,NULL,NULL,"34.310001373291016"
"54669","37687","30115","20499","147521","Processing","2022-01-26 01:29:01",NULL,NULL,NULL,"34.310001373291016"
"132646","91500","73278","20499","358188","Processing","2020-11-27 06:40:53",NULL,NULL,NULL,"34.310001373291016"
"144180","99477","79761","19454","389287","Processing","2021-11-28 17:58:50",NULL,NULL,NULL,"34.310001373291016"
"157088","108353","86890","19662","424146","Processing","2021-11-23 12:01:46",NULL,NULL,NULL,"34.310001373291016"
"82534","56968","45551","21799","222890","Shipped","2021-09-03 15:18:52","2021-09-06 11:13:00",NULL,NULL,"36.310001373291016"
"89642","61968","49602","21799","242149","Shipped","2022-02-23 08:19:03","2022-02-22 15:50:00",NULL,NULL,"36.310001373291016"
"39495","27197","21731","21799","106624","Complete","2021-12-02 11:57:42","2021-12-04 21:29:00","2021-12-07 13:07:00",NULL,"36.310001373291016"
"15902","10918","8774","21799","43050","Returned","2021-11-23 21:00:23","2021-11-24 17:14:00","2021-11-26 13:01:00","2021-11-27 18:28:00","36.310001373291016"
"39068","26901","21489","21799","105473","Cancelled","2021-07-05 06:09:26",NULL,NULL,NULL,"36.310001373291016"
"81561","56266","44968","21799","220265","Cancelled","2022-07-19 02:57:02",NULL,NULL,NULL,"36.310001373291016"
"48126","33149","26487","21799","129901","Processing","2022-06-28 12:53:49",NULL,NULL,NULL,"36.310001373291016"
"70380","48470","38764","27809","190017","Shipped","2022-01-21 09:38:33","2022-01-19 00:19:00",NULL,NULL,"44.310001373291016"
"128313","88496","70887","27809","346462","Shipped","2022-08-20 02:50:01","2022-08-18 10:30:00",NULL,NULL,"44.310001373291016"
"142704","98459","78940","27809","385302","Complete","2022-08-20 14:20:49","2022-08-23 15:31:00","2022-08-26 21:19:00",NULL,"44.310001373291016"
"76597","52798","42247","27809","206828","Cancelled","2021-07-06 07:00:55",NULL,NULL,NULL,"44.310001373291016"
"111889","77282","61836","27809","302192","Processing","2021-10-07 04:23:07",NULL,NULL,NULL,"44.310001373291016"
"121588","83906","67172","27809","328288","Processing","2020-06-14 23:18:18",NULL,NULL,NULL,"44.310001373291016"
"156085","107673","86380","16112","421426","Shipped","2021-08-15 11:50:34","2021-08-15 09:23:00",NULL,NULL,"46.310001373291016"
"6355","4339","3523","16112","17192","Complete","2022-05-28 17:36:31","2022-05-31 14:35:00","2022-06-02 02:43:00",NULL,"46.310001373291016"
"98455","68027","54377","16112","265968","Complete","2020-10-31 06:30:08","2020-11-02 15:15:00","2020-11-06 05:12:00",NULL,"46.310001373291016"
"117521","81127","64977","16112","317343","Complete","2022-06-03 10:46:59","2022-06-05 13:16:00","2022-06-07 06:03:00",NULL,"46.310001373291016"
"26441","18224","14568","16112","71468","Cancelled","2021-11-18 00:59:47",NULL,NULL,NULL,"46.310001373291016"
"61904","42630","34083","16112","167119","Cancelled","2022-01-18 13:34:17",NULL,NULL,NULL,"46.310001373291016"
"82355","56841","45457","16112","222391","Processing","2021-02-03 21:52:26",NULL,NULL,NULL,"46.310001373291016"
"73755","50795","40638","10119","199139","Shipped","2019-04-13 12:06:06","2019-04-15 01:03:00",NULL,NULL,"129.74000549316406"
"113452","78376","62682","10269","306426","Shipped","2022-03-11 08:44:48","2022-03-12 12:18:00",NULL,NULL,"129.74000549316406"
"118394","81724","65437","10119","319683","Shipped","2021-04-05 02:33:56","2021-04-06 13:27:00",NULL,NULL,"129.74000549316406"
"164530","113485","90992","9877","444320","Shipped","2022-01-19 09:24:58","2022-01-19 06:56:00",NULL,NULL,"129.74000549316406"
"17472","12023","9663","10269","47333","Complete","2021-10-15 09:35:16","2021-10-15 16:11:00","2021-10-19 20:24:00",NULL,"129.74000549316406"
"33466","23039","18390","9877","90413","Complete","2021-11-11 21:22:30","2021-11-14 01:05:00","2021-11-16 02:55:00",NULL,"129.74000549316406"
"35847","24675","19730","9877","96802","Complete","2021-12-28 03:59:55","2021-12-24 09:03:00","2021-12-27 01:58:00",NULL,"129.74000549316406"
"62246","42869","34271","10119","168025","Complete","2022-07-04 16:06:57","2022-07-05 16:24:00","2022-07-07 12:08:00",NULL,"129.74000549316406"
"83412","57600","46046","10119","225274","Complete","2022-01-05 01:57:37","2022-01-05 22:43:00","2022-01-07 03:34:00",NULL,"129.74000549316406"
"135814","93723","75103","10269","366741","Complete","2020-09-28 12:00:29","2020-09-28 19:27:00","2020-10-03 14:41:00",NULL,"129.74000549316406"
"45200","31121","24839","10119","122065","Cancelled","2022-05-30 15:24:19",NULL,NULL,NULL,"129.74000549316406"
"82593","57007","45572","10119","223051","Cancelled","2022-07-25 08:31:09",NULL,NULL,NULL,"129.74000549316406"
"8311","5694","4602","9877","22528","Processing","2021-09-19 04:28:59",NULL,NULL,NULL,"129.74000549316406"
"24929","17168","13717","10269","67383","Processing","2022-07-01 01:41:27",NULL,NULL,NULL,"129.74000549316406"
"97557","67421","53874","9877","263533","Processing","2019-08-15 02:48:44",NULL,NULL,NULL,"129.74000549316406"
"131478","90691","72662","10269","354992","Processing","2022-02-25 07:20:02",NULL,NULL,NULL,"129.74000549316406"
"136074","93899","75258","10269","367456","Processing","2021-01-06 12:40:43",NULL,NULL,NULL,"129.74000549316406"
"75911","52317","41882","7609","204981","Shipped","2020-04-25 11:16:45","2020-04-22 21:53:00",NULL,NULL,"161.74000549316406"
"78762","54305","43471","7609","212637","Shipped","2022-08-24 06:13:55","2022-08-23 18:08:00",NULL,NULL,"161.74000549316406"
"64512","44402","35506","7609","174171","Complete","2022-08-06 02:28:56","2022-08-07 19:23:00","2022-08-10 08:46:00",NULL,"161.74000549316406"
"102158","70592","56441","7609","275918","Complete","2021-11-04 15:38:17","2021-11-05 05:36:00","2021-11-07 21:04:00",NULL,"161.74000549316406"
"120950","83471","66841","7609","326577","Complete","2022-02-05 09:46:22","2022-02-07 11:25:00","2022-02-08 14:02:00",NULL,"161.74000549316406"
"73810","50831","40664","7609","199288","Returned","2021-07-29 03:49:16","2021-07-29 11:45:00","2021-08-02 21:44:00","2021-08-05 11:22:00","161.74000549316406"
"2140","1467","1190","24198","5799","Shipped","2021-04-25 07:01:59","2021-04-22 16:58:00",NULL,NULL,"129.99000549316406"
"4177","2840","2276","24198","11322","Shipped","2021-01-19 10:14:08","2021-01-17 20:18:00",NULL,NULL,"129.99000549316406"
"4368","2983","2404","3865","11851","Shipped","2020-12-05 00:17:02","2020-12-05 02:34:00",NULL,NULL,"129.99000549316406"
"8562","5864","4745","4685","23231","Shipped","2019-05-10 03:04:01","2019-05-10 04:57:00",NULL,NULL,"129.99000549316406"
"10924","7504","6097","8253","29610","Shipped","2022-09-05 21:10:47.778725","2022-09-06 18:24:28.778725",NULL,NULL,"129.99000549316406"
"12466","8592","6930","24026","33776","Shipped","2021-09-16 09:50:21","2021-09-17 11:12:00",NULL,NULL,"129.99000549316406"
"13149","9082","7322","23718","35613","Shipped","2021-06-11 12:08:36","2021-06-09 00:26:00",NULL,NULL,"129.99000549316406"
"14783","10170","8182","13781","40044","Shipped","2021-08-28 05:58:05","2021-08-24 14:00:00",NULL,NULL,"129.99000549316406"
"17478","12026","9665","21203","47353","Shipped","2021-04-04 13:29:13","2021-04-06 00:34:00",NULL,NULL,"129.99000549316406"
"19504","13410","10758","8085","52774","Shipped","2022-01-30 01:16:56","2022-01-29 21:37:00",NULL,NULL,"129.99000549316406"
"22670","15591","12463","17948","61277","Shipped","2021-04-21 11:13:50","2021-04-20 09:52:00",NULL,NULL,"129.99000549316406"
"25248","17399","13897","28508","68228","Shipped","2022-08-27 00:59:48","2022-08-27 22:48:00",NULL,NULL,"129.99000549316406"
"27070","18648","14898","8378","73189","Shipped","2021-04-20 11:40:44","2021-04-23 06:48:00",NULL,NULL,"129.99000549316406"
"27558","18980","15182","5286","74491","Shipped","2021-02-20 02:37:43","2021-02-19 18:32:00",NULL,NULL,"129.99000549316406"
"30447","20971","16792","19869","82326","Shipped","2021-04-05 13:24:16","2021-04-05 05:17:00",NULL,NULL,"129.99000549316406"
"34162","23528","18779","7833","92294","Shipped","2021-07-27 06:39:22","2021-07-25 04:52:00",NULL,NULL,"129.99000549316406"
"36521","25142","20098","7540","98594","Shipped","2021-10-23 22:54:51","2021-10-22 15:12:00",NULL,NULL,"129.99000549316406"
"39483","27189","21724","24344","106591","Shipped","2022-08-28 01:23:01","2022-08-26 08:16:00",NULL,NULL,"129.99000549316406"
"42554","29280","23345","20240","114919","Shipped","2022-08-22 03:24:59","2022-08-24 00:47:00",NULL,NULL,"129.99000549316406"
"45028","31004","24747","1491","121603","Shipped","2021-02-25 08:19:35","2021-02-27 10:26:00",NULL,NULL,"129.99000549316406"
"48826","33632","26855","7833","131765","Shipped","2022-04-26 11:01:42","2022-04-23 18:57:00",NULL,NULL,"129.99000549316406"
"51210","35300","28182","19869","138219","Shipped","2020-08-14 04:08:49","2020-08-13 01:12:00",NULL,NULL,"129.99000549316406"
"52947","36497","29166","19571","142871","Shipped","2022-07-27 02:37:06","2022-07-27 02:42:00",NULL,NULL,"129.99000549316406"
"54112","37291","29799","28556","146028","Shipped","2021-11-18 10:10:19","2021-11-19 05:51:00",NULL,NULL,"129.99000549316406"
"55929","38549","30811","20334","150939","Shipped","2022-09-05 14:47:39.204671","2022-09-07 04:13:35.204671",NULL,NULL,"129.99000549316406"
"56566","38995","31175","20037","152662","Shipped","2021-09-22 00:02:35","2021-09-23 16:00:00",NULL,NULL,"129.99000549316406"
"58997","40660","32480","23929","159224","Shipped","2022-07-21 06:10:15","2022-07-23 21:40:00",NULL,NULL,"129.99000549316406"
"59190","40791","32581","19571","159746","Shipped","2022-09-02 14:57:30","2022-08-30 11:48:00",NULL,NULL,"129.99000549316406"
"60016","41339","33023","28556","162034","Shipped","2020-12-30 11:15:06","2020-12-30 16:29:00",NULL,NULL,"129.99000549316406"
"60210","41466","33134","8466","162556","Shipped","2022-06-09 09:15:44","2022-06-08 12:58:00",NULL,NULL,"129.99000549316406"
"66087","45482","36364","20240","178457","Shipped","2022-07-26 11:49:41","2022-07-28 02:22:00",NULL,NULL,"129.99000549316406"
"67589","46502","37195","13760","182505","Shipped","2021-07-18 11:04:22","2021-07-20 12:01:00",NULL,NULL,"129.99000549316406"
"67970","46767","37412","21203","183520","Shipped","2022-01-14 11:12:38","2022-01-17 06:19:00",NULL,NULL,"129.99000549316406"
"69416","47800","38219","19949","187367","Shipped","2021-11-24 03:24:33","2021-11-24 13:07:00",NULL,NULL,"129.99000549316406"
"73430","50578","40476","24026","198270","Shipped","2022-04-03 08:02:30","2022-03-31 17:24:00",NULL,NULL,"129.99000549316406"
"73611","50697","40566","24452","198758","Shipped","2022-09-05 11:56:12.361924","2022-09-02 02:19:53.361924",NULL,NULL,"129.99000549316406"
"78490","54117","43313","21286","211887","Shipped","2020-02-22 07:20:11","2020-02-20 09:11:00",NULL,NULL,"129.99000549316406"
"80200","55316","44234","8085","216548","Shipped","2022-06-28 00:50:18","2022-06-28 06:54:00",NULL,NULL,"129.99000549316406"
"80757","55695","44523","11532","218104","Shipped","2022-07-10 23:38:37","2022-07-13 16:04:00",NULL,NULL,"129.99000549316406"
"81539","56253","44955","7997","220207","Shipped","2020-11-13 10:25:55","2020-11-11 06:43:00",NULL,NULL,"129.99000549316406"
"84192","58156","46496","23945","227400","Shipped","2020-06-24 06:19:11","2020-06-25 22:51:00",NULL,NULL,"129.99000549316406"
"87381","60379","48334","19869","236060","Shipped","2020-01-10 08:27:30","2020-01-10 22:39:00",NULL,NULL,"129.99000549316406"
"87510","60470","48406","19894","236402","Shipped","2021-07-29 04:06:27","2021-07-31 18:54:00",NULL,NULL,"129.99000549316406"
"89368","61767","49453","28556","241416","Shipped","2020-06-25 15:36:58","2020-06-28 01:14:00",NULL,NULL,"129.99000549316406"
"90822","62762","50241","24026","245347","Shipped","2022-05-26 12:24:33","2022-05-24 19:21:00",NULL,NULL,"129.99000549316406"
"91121","62968","50415","13760","246149","Shipped","2022-05-16 18:36:01","2022-05-18 00:43:00",NULL,NULL,"129.99000549316406"
"93254","64446","51570","23718","251859","Shipped","2022-06-11 00:00:49","2022-06-13 18:11:00",NULL,NULL,"129.99000549316406"
"98812","68276","54587","4685","266920","Shipped","2020-04-04 12:56:29","2020-04-05 03:21:00",NULL,NULL,"129.99000549316406"
"99398","68692","54922","23718","268492","Shipped","2021-11-12 03:08:59","2021-11-12 16:37:00",NULL,NULL,"129.99000549316406"
"101782","70335","56239","28556","274885","Shipped","2021-12-03 03:09:55","2021-11-30 23:58:00",NULL,NULL,"129.99000549316406"
"103824","71750","57370","3357","280469","Shipped","2022-09-03 03:21:11","2022-09-03 20:25:00",NULL,NULL,"129.99000549316406"
"105390","72826","58253","20037","284656","Shipped","2022-05-08 23:57:41","2022-05-07 05:40:00",NULL,NULL,"129.99000549316406"
"106454","73564","58828","8378","287542","Shipped","2021-03-09 10:22:22","2021-03-10 03:49:00",NULL,NULL,"129.99000549316406"
"111457","76995","61607","3357","301010","Shipped","2022-06-24 00:46:37","2022-06-22 08:19:00",NULL,NULL,"129.99000549316406"
"112956","78023","62415","7997","305101","Shipped","2021-07-28 15:20:18","2021-07-29 15:55:00",NULL,NULL,"129.99000549316406"
"113135","78144","62508","1491","305571","Shipped","2021-11-18 10:24:25","2021-11-21 10:41:00",NULL,NULL,"129.99000549316406"
"114448","79052","63228","19949","309120","Shipped","2020-01-07 08:41:22","2020-01-09 07:59:00",NULL,NULL,"129.99000549316406"
"119725","82654","66166","19974","323235","Shipped","2022-08-29 07:38:12","2022-08-30 11:35:00",NULL,NULL,"129.99000549316406"
"120513","83173","66599","8466","325411","Shipped","2021-12-26 04:59:39","2021-12-26 20:27:00",NULL,NULL,"129.99000549316406"
"121975","84147","67359","20334","329331","Shipped","2022-05-22 15:48:01","2022-05-20 23:06:00",NULL,NULL,"129.99000549316406"
"122078","84214","67409","19949","329610","Shipped","2020-12-28 12:25:17","2020-12-30 07:14:00",NULL,NULL,"129.99000549316406"
"122296","84363","67538","19949","330204","Shipped","2021-10-05 08:06:25","2021-10-07 03:29:00",NULL,NULL,"129.99000549316406"
"126617","87328","69897","1491","341868","Shipped","2022-09-01 08:06:54","2022-09-03 19:33:00",NULL,NULL,"129.99000549316406"
"131858","90963","72867","28968","356006","Shipped","2022-09-07 09:29:59.74682","2022-09-03 16:08:16.74682",NULL,NULL,"129.99000549316406"
"132538","91424","73217","7833","357885","Shipped","2022-04-29 23:44:38","2022-04-30 20:28:00",NULL,NULL,"129.99000549316406"
"133605","92179","73822","17948","360767","Shipped","2022-06-18 16:37:35","2022-06-18 19:46:00",NULL,NULL,"129.99000549316406"
"134758","92964","74475","28508","363905","Shipped","2021-04-04 17:06:06","2021-04-05 05:01:00",NULL,NULL,"129.99000549316406"
"135329","93378","74804","23718","365442","Shipped","2021-12-05 02:33:01","2021-12-07 06:41:00",NULL,NULL,"129.99000549316406"
"135548","93541","74949","23945","366035","Shipped","2021-09-28 14:55:25","2021-09-28 07:53:00",NULL,NULL,"129.99000549316406"
"140608","96997","77794","8378","379655","Shipped","2022-08-19 14:35:39","2022-08-21 10:48:00",NULL,NULL,"129.99000549316406"
"142416","98248","78778","8378","384530","Shipped","2022-06-29 02:14:26","2022-07-01 12:14:00",NULL,NULL,"129.99000549316406"
"143825","99238","79570","28968","388314","Shipped","2020-03-19 14:10:02","2020-03-20 15:59:00",NULL,NULL,"129.99000549316406"
"144852","99949","80152","8378","391112","Shipped","2022-02-26 06:02:43","2022-02-28 14:47:00",NULL,NULL,"129.99000549316406"
"145789","100596","80698","8067","393672","Shipped","2022-08-25 22:57:46","2022-08-25 16:56:00",NULL,NULL,"129.99000549316406"
"147923","102076","81876","7540","399400","Shipped","2021-09-17 02:54:49","2021-09-16 10:09:00",NULL,NULL,"129.99000549316406"
"150881","104120","83524","23929","407503","Shipped","2022-08-28 01:36:03","2022-08-28 16:21:00",NULL,NULL,"129.99000549316406"
"153589","105964","84999","20240","414771","Shipped","2021-10-19 16:15:38","2021-10-21 02:42:00",NULL,NULL,"129.99000549316406"
"158995","109677","87957","19846","429280","Shipped","2022-06-07 05:51:07","2022-06-06 05:40:00",NULL,NULL,"129.99000549316406"
"159961","110358","88509","7997","431905","Shipped","2021-05-27 02:37:32","2021-05-29 09:59:00",NULL,NULL,"129.99000549316406"
"160642","110825","88866","7540","433732","Shipped","2022-07-27 05:00:43","2022-07-24 22:13:00",NULL,NULL,"129.99000549316406"
"161111","111127","89091","27931","434987","Shipped","2021-10-30 12:42:38","2021-10-31 03:44:00",NULL,NULL,"129.99000549316406"
"164339","113360","90897","21203","443805","Shipped","2022-07-03 01:34:03","2022-07-04 01:12:00",NULL,NULL,"129.99000549316406"
"165570","114191","91551","8086","447165","Shipped","2022-06-07 08:49:37","2022-06-09 14:07:00",NULL,NULL,"129.99000549316406"
"167391","115436","92525","7833","452071","Shipped","2021-06-08 11:11:14","2021-06-10 22:02:00",NULL,NULL,"129.99000549316406"
"170339","117449","94193","19949","460009","Shipped","2022-05-30 13:55:05","2022-06-02 01:20:00",NULL,NULL,"129.99000549316406"
"173225","119467","95781","3503","467851","Shipped","2022-07-26 23:22:49","2022-07-23 17:36:00",NULL,NULL,"129.99000549316406"
"173999","120010","96234","23996","469868","Shipped","2022-08-13 12:01:54","2022-08-15 18:34:00",NULL,NULL,"129.99000549316406"
"175238","120847","96883","15530","473246","Shipped","2021-08-25 01:47:43","2021-08-24 21:28:00",NULL,NULL,"129.99000549316406"
"178717","123269","98871","8466","482635","Shipped","2021-04-14 16:18:51","2021-04-11 03:11:00",NULL,NULL,"129.99000549316406"
"179204","123599","99149","19974","483952","Shipped","2020-10-08 11:02:49","2020-10-08 03:39:00",NULL,NULL,"129.99000549316406"
"4230","2878","2309","13760","11473","Complete","2022-05-28 02:10:54","2022-05-28 12:52:00","2022-06-01 23:59:00",NULL,"129.99000549316406"
"10208","7024","5718","28508","27686","Complete","2021-07-19 23:30:19","2021-07-18 11:25:00","2021-07-22 17:43:00",NULL,"129.99000549316406"
"18100","12444","10007","7540","49038","Complete","2022-04-06 23:10:34","2022-04-05 06:04:00","2022-04-06 00:03:00",NULL,"129.99000549316406"
"20801","14303","11447","8086","56304","Complete","2022-08-06 17:50:53","2022-08-09 06:26:00","2022-08-10 13:51:00",NULL,"129.99000549316406"
"25111","17303","13822","23996","67874","Complete","2020-12-30 07:00:45","2020-12-31 05:31:00","2021-01-04 08:44:00",NULL,"129.99000549316406"
"27119","18683","14930","8378","73323","Complete","2021-09-15 07:49:45","2021-09-16 04:10:00","2021-09-20 04:05:00",NULL,"129.99000549316406"
"34430","23703","18919","20037","93004","Complete","2022-09-03 07:31:28.11654","2022-09-04 05:54:20.11654","2022-09-08 11:25:20.11654",NULL,"129.99000549316406"
"35283","24284","19398","3357","95309","Complete","2022-08-01 04:43:16","2022-07-31 19:16:00","2022-08-05 02:00:00",NULL,"129.99000549316406"
"35658","24541","19608","20037","96293","Complete","2022-08-05 04:21:05","2022-08-03 23:19:00","2022-08-05 14:39:00",NULL,"129.99000549316406"
"36025","24801","19830","8393","97285","Complete","2022-07-02 09:36:25","2022-07-04 21:32:00","2022-07-08 19:27:00",NULL,"129.99000549316406"
"37837","26046","20810","7540","102145","Complete","2021-12-22 02:20:50","2021-12-22 05:01:00","2021-12-25 06:56:00",NULL,"129.99000549316406"
"38620","26602","21259","4136","104264","Complete","2022-01-04 17:41:13","2022-01-05 01:21:00","2022-01-07 07:38:00",NULL,"129.99000549316406"
"40033","27555","22009","13760","108050","Complete","2021-06-08 14:42:53","2021-06-09 10:47:00","2021-06-13 06:21:00",NULL,"129.99000549316406"
"40475","27852","22239","24452","109265","Complete","2020-03-09 09:54:04","2020-03-09 12:59:00","2020-03-11 19:15:00",NULL,"129.99000549316406"
"40571","27912","22274","4136","109533","Complete","2022-08-02 23:59:42","2022-08-04 00:02:00","2022-08-05 09:30:00",NULL,"129.99000549316406"
"43784","30119","24011","27931","118258","Complete","2022-08-07 23:21:09","2022-08-08 22:17:00","2022-08-08 23:13:00",NULL,"129.99000549316406"
"45802","31532","25164","23996","123669","Complete","2022-06-24 11:47:51","2022-06-25 00:13:00","2022-06-28 05:39:00",NULL,"129.99000549316406"
"47132","32478","25941","4685","127212","Complete","2020-03-14 13:32:52","2020-03-13 09:07:00","2020-03-18 05:10:00",NULL,"129.99000549316406"
"49289","33940","27109","24452","133038","Complete","2022-02-24 02:36:15","2022-02-27 04:32:00","2022-03-01 19:09:00",NULL,"129.99000549316406"
"49915","34375","27449","15554","134761","Complete","2021-09-23 06:38:47","2021-09-25 02:05:00","2021-09-29 13:24:00",NULL,"129.99000549316406"
"50246","34611","27627","23869","135628","Complete","2022-09-03 12:50:19","2022-09-03 12:14:00","2022-09-05 17:34:00",NULL,"129.99000549316406"
"51937","35794","28590","13781","140203","Complete","2021-07-17 03:49:20","2021-07-20 02:17:00","2021-07-21 00:40:00",NULL,"129.99000549316406"
"55952","38568","30828","8067","150997","Complete","2022-07-05 12:56:38","2022-07-06 22:56:00","2022-07-11 05:17:00",NULL,"129.99000549316406"
"59619","41084","32822","28508","160924","Complete","2021-09-20 03:58:35","2021-09-20 19:21:00","2021-09-23 05:34:00",NULL,"129.99000549316406"
"64845","44636","35707","28508","175107","Complete","2021-03-12 09:53:54","2021-03-11 00:47:00","2021-03-13 20:41:00",NULL,"129.99000549316406"
"65736","45260","36179","11532","177505","Complete","2022-08-29 16:37:26","2022-08-30 11:50:00","2022-09-01 20:13:00",NULL,"129.99000549316406"
"65763","45278","36194","7833","177573","Complete","2022-03-13 12:29:30","2022-03-13 23:16:00","2022-03-17 04:07:00",NULL,"129.99000549316406"
"66732","45912","36713","19869","180179","Complete","2020-09-16 08:26:09","2020-09-16 23:13:00","2020-09-17 06:58:00",NULL,"129.99000549316406"
"68472","47125","37697","3503","184846","Complete","2022-03-10 02:16:57","2022-03-09 09:49:00","2022-03-09 11:43:00",NULL,"129.99000549316406"
"68782","47339","37864","28191","185684","Complete","2022-09-05 23:51:49.819468","2022-09-04 11:49:41.819468","2022-09-05 22:50:41.819468",NULL,"129.99000549316406"
"70683","48678","38939","4136","190824","Complete","2020-04-20 03:15:45","2020-04-21 06:24:00","2020-04-22 01:19:00",NULL,"129.99000549316406"
"70953","48848","39081","1491","191552","Complete","2022-06-13 04:12:19","2022-06-14 15:50:00","2022-06-18 08:55:00",NULL,"129.99000549316406"
"72866","50195","40179","8378","196751","Complete","2022-05-14 22:55:33","2022-05-17 09:23:00","2022-05-19 15:44:00",NULL,"129.99000549316406"
"74545","51372","41099","8067","201269","Complete","2022-05-18 01:53:56","2022-05-20 05:05:00","2022-05-22 03:31:00",NULL,"129.99000549316406"
"75896","52305","41875","24452","204941","Complete","2021-12-19 23:09:11","2021-12-20 08:15:00","2021-12-22 17:08:00",NULL,"129.99000549316406"
"76080","52430","41964","19571","205446","Complete","2022-01-13 02:10:30","2022-01-13 11:31:00","2022-01-17 18:07:00",NULL,"129.99000549316406"
"76906","53031","42434","5286","207682","Complete","2021-09-10 02:14:27","2021-09-12 22:56:00","2021-09-16 05:14:00",NULL,"129.99000549316406"
"80217","55328","44242","20334","216598","Complete","2021-11-20 14:33:17","2021-11-21 01:38:00","2021-11-21 05:10:00",NULL,"129.99000549316406"
"83151","57413","45894","20334","224579","Complete","2022-09-01 08:11:55","2022-09-03 20:54:00","2022-09-06 22:22:00",NULL,"129.99000549316406"
"83224","57473","45943","17948","224773","Complete","2021-03-10 01:17:11","2021-03-11 07:28:00","2021-03-12 20:22:00",NULL,"129.99000549316406"
"84031","58039","46408","18359","226959","Complete","2021-12-22 08:35:21","2021-12-24 05:27:00","2021-12-28 13:30:00",NULL,"129.99000549316406"
"87778","60664","48576","8466","237121","Complete","2021-03-14 11:23:00","2021-03-13 04:39:00","2021-03-17 11:10:00",NULL,"129.99000549316406"
"87937","60774","48660","19974","237551","Complete","2020-11-03 03:55:41","2020-11-03 04:22:00","2020-11-08 03:49:00",NULL,"129.99000549316406"
"88712","61323","49107","8085","239669","Complete","2022-06-19 05:50:35","2022-06-20 10:57:00","2022-06-24 19:55:00",NULL,"129.99000549316406"
"89180","61643","49351","13781","240916","Complete","2020-07-10 21:30:32","2020-07-13 12:08:00","2020-07-18 07:45:00",NULL,"129.99000549316406"
"90657","62653","50156","8086","244917","Complete","2022-06-24 02:30:37","2022-06-25 04:06:00","2022-06-25 19:44:00",NULL,"129.99000549316406"
"91300","63084","50501","11532","246635","Complete","2021-07-20 11:53:43","2021-07-19 06:03:00","2021-07-23 07:44:00",NULL,"129.99000549316406"
"91565","63269","50656","8085","247333","Complete","2021-09-03 13:16:21","2021-09-03 02:22:00","2021-09-04 09:34:00",NULL,"129.99000549316406"
"92335","63794","51071","20334","249392","Complete","2022-03-11 05:39:16","2022-03-07 18:45:00","2022-03-10 05:04:00",NULL,"129.99000549316406"
"95338","65897","52709","28508","257529","Complete","2022-09-06 10:24:41","2022-09-05 14:40:00","2022-09-07 12:58:00",NULL,"129.99000549316406"
"95829","66237","52968","23869","258873","Complete","2021-10-12 08:55:10","2021-10-14 20:52:00","2021-10-15 13:56:00",NULL,"129.99000549316406"
"97126","67115","53626","19894","262357","Complete","2021-09-13 08:23:52","2021-09-10 05:45:00","2021-09-11 03:11:00",NULL,"129.99000549316406"
"98147","67820","54189","8085","265130","Complete","2022-05-28 14:03:21","2022-05-30 18:42:00","2022-05-31 11:44:00",NULL,"129.99000549316406"
"99588","68826","55038","24026","269006","Complete","2022-05-10 08:48:40","2022-05-10 12:14:00","2022-05-13 22:54:00",NULL,"129.99000549316406"
"99811","68991","55160","4685","269593","Complete","2020-11-02 08:03:22","2020-11-03 03:27:00","2020-11-06 08:25:00",NULL,"129.99000549316406"
"100619","69532","55613","23869","271733","Complete","2022-04-14 10:38:42","2022-04-15 20:48:00","2022-04-18 11:57:00",NULL,"129.99000549316406"
"100674","69568","55637","24198","271889","Complete","2021-11-12 00:00:38","2021-11-13 01:03:00","2021-11-14 23:46:00",NULL,"129.99000549316406"
"101573","70185","56114","19949","274327","Complete","2021-12-30 03:38:33","2021-12-31 03:06:00","2022-01-02 20:41:00",NULL,"129.99000549316406"
"103059","71209","56924","18359","278360","Complete","2022-08-24 12:10:40","2022-08-26 20:07:00","2022-08-28 23:28:00",NULL,"129.99000549316406"
"103834","71758","57377","23718","280495","Complete","2020-05-01 14:23:21","2020-05-01 23:07:00","2020-05-03 03:32:00",NULL,"129.99000549316406"
"104286","72059","57611","8466","281694","Complete","2021-12-09 12:51:20","2021-12-07 07:02:00","2021-12-10 10:42:00",NULL,"129.99000549316406"
"104444","72165","57691","13760","282131","Complete","2022-06-18 23:17:59","2022-06-21 23:19:00","2022-06-25 03:05:00",NULL,"129.99000549316406"
"106235","73417","58728","19571","286947","Complete","2022-04-12 01:18:09","2022-04-14 05:56:00","2022-04-16 08:35:00",NULL,"129.99000549316406"
"107650","74372","59455","28556","290767","Complete","2020-09-22 14:31:15","2020-09-19 23:57:00","2020-09-22 11:38:00",NULL,"129.99000549316406"
"109116","75378","60264","20334","294743","Complete","2021-07-31 04:30:40","2021-07-31 19:05:00","2021-08-02 10:04:00",NULL,"129.99000549316406"
"111665","77133","61714","8086","301580","Complete","2021-11-29 15:34:09","2021-11-29 22:12:00","2021-12-01 10:38:00",NULL,"129.99000549316406"
"112188","77487","61987","4685","303019","Complete","2022-04-08 09:24:45","2022-04-05 02:44:00","2022-04-05 03:01:00",NULL,"129.99000549316406"
"115508","79780","63833","17948","311951","Complete","2021-10-24 05:47:35","2021-10-26 06:26:00","2021-10-27 17:54:00",NULL,"129.99000549316406"
"115659","79872","63916","15530","312358","Complete","2022-06-04 08:46:13","2022-06-06 08:58:00","2022-06-08 05:35:00",NULL,"129.99000549316406"
"116662","80541","64482","24344","315086","Complete","2021-10-26 11:06:38","2021-10-27 11:06:00","2021-10-31 14:28:00",NULL,"129.99000549316406"
"118471","81778","65482","19974","319884","Complete","2022-08-21 23:18:54","2022-08-22 10:27:00","2022-08-26 17:47:00",NULL,"129.99000549316406"
"121160","83611","66945","23869","327151","Complete","2021-09-27 10:02:10","2021-09-28 01:21:00","2021-10-01 07:06:00",NULL,"129.99000549316406"
"121827","84059","67297","3865","328936","Complete","2021-11-16 13:50:25","2021-11-17 16:20:00","2021-11-20 07:06:00",NULL,"129.99000549316406"
"131621","90791","72725","15554","355376","Complete","2021-11-12 10:04:38","2021-11-14 05:24:00","2021-11-16 16:54:00",NULL,"129.99000549316406"
"132482","91387","73184","23718","357728","Complete","2021-08-24 22:15:46","2021-08-25 11:50:00","2021-08-28 19:01:00",NULL,"129.99000549316406"
"136974","94531","75766","24452","369876","Complete","2021-08-10 23:44:24","2021-08-10 12:53:00","2021-08-12 00:56:00",NULL,"129.99000549316406"
"139454","96211","77164","16368","376583","Complete","2020-09-14 13:12:38","2020-09-12 16:39:00","2020-09-13 15:55:00",NULL,"129.99000549316406"
"140431","96870","77678","24452","379191","Complete","2022-01-13 10:04:18","2022-01-12 10:13:00","2022-01-14 18:12:00",NULL,"129.99000549316406"
"141652","97706","78338","4136","382484","Complete","2021-08-01 01:42:14","2021-07-31 03:04:00","2021-08-03 12:29:00",NULL,"129.99000549316406"
"143091","98728","79152","13781","386353","Complete","2022-06-20 03:03:30","2022-06-20 14:29:00","2022-06-21 00:43:00",NULL,"129.99000549316406"
"143894","99290","79615","28968","388504","Complete","2021-12-07 17:43:37","2021-12-10 06:50:00","2021-12-14 08:21:00",NULL,"129.99000549316406"
"144139","99451","79735","19869","389172","Complete","2022-09-03 06:55:29","2022-09-06 00:53:00","2022-09-10 00:49:00",NULL,"129.99000549316406"
"149651","103285","82847","8086","404122","Complete","2022-05-13 00:03:36","2022-05-14 16:02:00","2022-05-17 02:56:00",NULL,"129.99000549316406"
"150876","104115","83523","1491","407489","Complete","2022-07-15 02:05:45","2022-07-17 22:06:00","2022-07-21 00:59:00",NULL,"129.99000549316406"
"151332","104410","83769","28556","408696","Complete","2020-06-08 06:31:54","2020-06-09 09:29:00","2020-06-12 12:08:00",NULL,"129.99000549316406"
"152730","105382","84546","28191","412453","Complete","2020-04-30 03:06:50","2020-05-01 08:38:00","2020-05-01 11:11:00",NULL,"129.99000549316406"
"155201","107078","85906","7833","419078","Complete","2020-09-05 01:15:29","2020-09-06 20:34:00","2020-09-07 03:35:00",NULL,"129.99000549316406"
"155300","107142","85959","19846","419352","Complete","2022-09-01 14:14:23.398293","2022-09-01 18:15:06.398293","2022-09-03 05:58:06.398293",NULL,"129.99000549316406"
"156211","107756","86439","17948","421775","Complete","2020-08-02 04:29:41","2020-08-03 00:14:00","2020-08-04 09:58:00",NULL,"129.99000549316406"
"156428","107903","86553","19869","422366","Complete","2022-03-13 13:23:07","2022-03-11 06:37:00","2022-03-12 18:47:00",NULL,"129.99000549316406"
"159070","109728","87998","28968","429477","Complete","2021-10-21 02:34:56","2021-10-18 23:18:00","2021-10-23 15:39:00",NULL,"129.99000549316406"
"159257","109868","88112","8350","429986","Complete","2021-07-14 09:59:09","2021-07-15 11:35:00","2021-07-18 10:56:00",NULL,"129.99000549316406"
"161815","111612","89487","7997","436925","Complete","2021-12-18 02:42:51","2021-12-19 06:28:00","2021-12-20 07:05:00",NULL,"129.99000549316406"
"170265","117398","94148","20334","459812","Complete","2020-12-29 09:07:17","2020-12-30 10:37:00","2020-12-31 01:03:00",NULL,"129.99000549316406"
"170901","117828","94487","8350","461570","Complete","2022-08-29 09:39:21","2022-08-28 09:43:00","2022-09-02 00:10:00",NULL,"129.99000549316406"
"173588","119732","96001","16368","468780","Complete","2022-02-04 14:31:55","2022-02-05 13:57:00","2022-02-08 03:30:00",NULL,"129.99000549316406"
"174782","120537","96648","21203","471996","Complete","2022-02-18 23:06:08","2022-02-19 13:48:00","2022-02-22 08:05:00",NULL,"129.99000549316406"
"1101","762","637","28191","2970","Returned","2022-07-29 16:35:19","2022-07-30 01:32:00","2022-07-30 15:10:00","2022-08-02 09:00:00","129.99000549316406"
"2138","1466","1189","7997","5793","Returned","2022-04-16 23:21:57","2022-04-14 11:50:00","2022-04-14 18:44:00","2022-04-15 17:23:00","129.99000549316406"
"2143","1468","1191","15554","5806","Returned","2020-07-10 13:11:41","2020-07-09 08:08:00","2020-07-13 23:58:00","2020-07-16 12:47:00","129.99000549316406"
"3689","2500","2019","28508","9979","Returned","2022-04-22 09:51:09","2022-04-24 01:31:00","2022-04-25 21:29:00","2022-04-26 06:00:00","129.99000549316406"
"8888","6092","4928","19571","24102","Returned","2019-12-31 04:25:59","2020-01-02 04:37:00","2020-01-04 13:56:00","2020-01-04 17:52:00","129.99000549316406"
"18589","12773","10244","28968","50327","Returned","2021-07-24 00:46:40","2021-07-27 02:27:00","2021-07-29 02:46:00","2021-07-29 10:45:00","129.99000549316406"
"22745","15645","12500","8378","61479","Returned","2021-03-07 05:57:54","2021-03-09 15:53:00","2021-03-11 19:40:00","2021-03-13 02:05:00","129.99000549316406"
"29239","20128","16085","24344","79042","Returned","2022-05-05 00:30:45","2022-05-05 13:35:00","2022-05-06 16:45:00","2022-05-06 20:20:00","129.99000549316406"
"29767","20505","16384","20334","80471","Returned","2021-11-14 14:45:09","2021-11-15 22:32:00","2021-11-16 19:06:00","2021-11-18 03:38:00","129.99000549316406"
"35673","24548","19619","8086","96333","Returned","2022-07-23 10:40:13","2022-07-26 08:14:00","2022-07-28 16:01:00","2022-07-31 14:51:00","129.99000549316406"
"38685","26647","21297","24452","104448","Returned","2022-04-01 16:34:35","2022-04-03 17:38:00","2022-04-05 09:02:00","2022-04-07 11:43:00","129.99000549316406"
"40487","27859","22242","19894","109300","Returned","2020-12-18 04:13:34","2020-12-18 10:15:00","2020-12-22 04:40:00","2020-12-24 09:56:00","129.99000549316406"
"56312","38821","31039","7833","151978","Returned","2021-06-18 12:45:34","2021-06-17 07:51:00","2021-06-19 21:00:00","2021-06-22 19:25:00","129.99000549316406"
"59026","40679","32496","16368","159299","Returned","2020-07-25 15:44:52","2020-07-26 11:49:00","2020-07-30 07:19:00","2020-07-31 20:57:00","129.99000549316406"
"59397","40927","32688","4685","160317","Returned","2021-12-28 13:25:33","2021-12-31 09:21:00","2022-01-03 10:10:00","2022-01-04 18:59:00","129.99000549316406"
"67684","46572","37255","7733","182753","Returned","2022-02-08 08:12:20","2022-02-10 03:45:00","2022-02-12 17:29:00","2022-02-15 09:59:00","129.99000549316406"
"74327","51208","40976","3357","200692","Returned","2022-04-09 02:20:39","2022-04-08 16:43:00","2022-04-11 23:36:00","2022-04-12 00:54:00","129.99000549316406"
"88063","60868","48721","3865","237895","Returned","2020-02-22 01:19:33","2020-02-24 21:56:00","2020-02-29 07:29:00","2020-02-29 23:33:00","129.99000549316406"
"88861","61420","49177","4136","240085","Returned","2021-11-14 13:15:04","2021-11-16 15:26:00","2021-11-20 06:26:00","2021-11-20 14:33:00","129.99000549316406"
"101718","70286","56198","23929","274710","Returned","2020-07-02 01:05:07","2020-07-01 07:06:00","2020-07-01 20:48:00","2020-07-02 19:49:00","129.99000549316406"
"105828","73129","58487","1491","285865","Returned","2021-10-17 08:29:31","2021-10-20 00:13:00","2021-10-24 07:48:00","2021-10-25 18:11:00","129.99000549316406"
"106907","73871","59070","27931","288759","Returned","2021-12-02 16:13:45","2021-12-01 05:23:00","2021-12-01 10:30:00","2021-12-03 15:53:00","129.99000549316406"
"109564","75686","60496","19974","295945","Returned","2022-08-30 00:03:30","2022-08-30 05:09:00","2022-09-01 05:14:00","2022-09-02 06:13:00","129.99000549316406"
"111311","76895","61522","20334","300618","Returned","2022-06-17 11:21:30","2022-06-15 21:56:00","2022-06-19 00:03:00","2022-06-21 19:07:00","129.99000549316406"
"119242","82311","65901","7540","321951","Returned","2022-07-30 13:41:55","2022-08-01 07:35:00","2022-08-05 01:13:00","2022-08-05 05:04:00","129.99000549316406"
"119788","82700","66202","7997","323404","Returned","2020-07-29 09:33:34","2020-07-31 14:26:00","2020-08-05 11:13:00","2020-08-07 04:29:00","129.99000549316406"
"120364","83064","66505","28191","324985","Returned","2022-01-15 02:01:30","2022-01-12 15:34:00","2022-01-15 18:41:00","2022-01-17 20:57:00","129.99000549316406"
"120549","83196","66615","8086","325508","Returned","2020-05-15 08:07:58","2020-05-15 17:25:00","2020-05-19 12:50:00","2020-05-19 19:06:00","129.99000549316406"
"120642","83259","66672","13781","325745","Returned","2020-12-06 11:41:09","2020-12-09 14:28:00","2020-12-12 15:51:00","2020-12-12 20:07:00","129.99000549316406"
"121570","83893","67159","1491","328241","Returned","2022-03-21 06:25:48","2022-03-21 13:20:00","2022-03-25 22:09:00","2022-03-27 00:26:00","129.99000549316406"
"129845","89556","71729","20334","350575","Returned","2020-10-01 00:25:18","2020-10-04 03:21:00","2020-10-05 05:30:00","2020-10-08 00:48:00","129.99000549316406"
"130271","89847","71967","28556","351720","Returned","2020-05-03 06:29:15","2020-05-05 12:54:00","2020-05-09 21:09:00","2020-05-11 12:28:00","129.99000549316406"
"136043","93879","75241","28556","367371","Returned","2019-08-08 11:35:14","2019-08-06 02:19:00","2019-08-07 15:46:00","2019-08-09 22:18:00","129.99000549316406"
"142813","98534","78997","15554","385604","Returned","2022-05-16 21:20:05","2022-05-19 20:47:00","2022-05-22 06:32:00","2022-05-23 10:32:00","129.99000549316406"
"149970","103497","83019","27931","405008","Returned","2020-02-11 03:13:31","2020-02-11 20:33:00","2020-02-14 16:48:00","2020-02-16 08:18:00","129.99000549316406"
"150282","103699","83186","28508","405881","Returned","2022-09-02 23:53:32.767845","2022-09-04 15:19:49.767845","2022-09-05 02:51:49.767845","2022-09-07 21:20:49.767845","129.99000549316406"
"178081","122824","98518","3357","480927","Returned","2022-02-16 06:32:29","2022-02-13 16:04:00","2022-02-16 18:13:00","2022-02-17 17:28:00","129.99000549316406"
"2023","1399","1128","20240","5475","Cancelled","2021-05-20 12:27:27",NULL,NULL,NULL,"129.99000549316406"
"7023","4788","3882","8350","19014","Cancelled","2021-06-23 17:03:01",NULL,NULL,NULL,"129.99000549316406"
"8207","5620","4546","20240","22259","Cancelled","2019-06-08 14:06:41",NULL,NULL,NULL,"129.99000549316406"
"11011","7568","6146","24026","29843","Cancelled","2022-08-13 07:02:27",NULL,NULL,NULL,"129.99000549316406"
"16339","11231","9026","20037","44224","Cancelled","2022-08-12 01:13:39",NULL,NULL,NULL,"129.99000549316406"
"22666","15588","12461","19949","61267","Cancelled","2020-10-21 15:29:10",NULL,NULL,NULL,"129.99000549316406"
"23438","16130","12895","17948","63350","Cancelled","2019-08-07 21:09:26",NULL,NULL,NULL,"129.99000549316406"
"31257","21503","17216","24198","84475","Cancelled","2019-10-24 16:03:41",NULL,NULL,NULL,"129.99000549316406"
"37708","25964","20741","8085","101805","Cancelled","2021-10-18 22:46:50",NULL,NULL,NULL,"129.99000549316406"
"38316","26381","21081","21203","103430","Cancelled","2022-01-14 08:37:29",NULL,NULL,NULL,"129.99000549316406"
"50743","34969","27907","19869","136946","Cancelled","2020-07-31 12:21:15",NULL,NULL,NULL,"129.99000549316406"
"58005","39977","31949","28508","156539","Cancelled","2021-09-16 14:27:00",NULL,NULL,NULL,"129.99000549316406"
"59555","41036","32779","23945","160749","Cancelled","2022-04-23 13:31:11",NULL,NULL,NULL,"129.99000549316406"
"66706","45897","36701","8378","180104","Cancelled","2021-05-13 05:28:26",NULL,NULL,NULL,"129.99000549316406"
"68468","47121","37694","20240","184836","Cancelled","2022-04-24 16:14:46",NULL,NULL,NULL,"129.99000549316406"
"73072","50342","40299","8393","197310","Cancelled","2020-08-23 09:57:29",NULL,NULL,NULL,"129.99000549316406"
"73102","50359","40312","3357","197388","Cancelled","2022-08-07 10:29:04",NULL,NULL,NULL,"129.99000549316406"
"73704","50759","40614","27931","199004","Cancelled","2022-04-13 04:18:54",NULL,NULL,NULL,"129.99000549316406"
"88311","61027","48860","21286","238568","Cancelled","2022-08-08 09:40:39",NULL,NULL,NULL,"129.99000549316406"
"88538","61191","49007","15554","239200","Cancelled","2022-01-08 02:42:20",NULL,NULL,NULL,"129.99000549316406"
"90169","62324","49893","19949","243605","Cancelled","2022-03-07 12:43:25",NULL,NULL,NULL,"129.99000549316406"
"90474","62539","50063","19894","244411","Cancelled","2021-09-28 03:43:13",NULL,NULL,NULL,"129.99000549316406"
"99329","68640","54875","8466","268311","Cancelled","2021-11-15 05:47:15",NULL,NULL,NULL,"129.99000549316406"
"103436","71476","57145","8085","279394","Cancelled","2020-01-22 14:33:14",NULL,NULL,NULL,"129.99000549316406"
"103817","71744","57368","21203","280446","Cancelled","2020-10-24 11:39:12",NULL,NULL,NULL,"129.99000549316406"
"107714","74416","59490","8086","290943","Cancelled","2020-07-16 09:59:45",NULL,NULL,NULL,"129.99000549316406"
"115207","79564","63659","28968","311162","Cancelled","2022-04-25 00:07:29",NULL,NULL,NULL,"129.99000549316406"
"122279","84351","67529","7833","330160","Cancelled","2021-12-28 06:51:56",NULL,NULL,NULL,"129.99000549316406"
"124097","85610","68511","19894","335023","Cancelled","2022-02-26 00:22:04",NULL,NULL,NULL,"129.99000549316406"
"129337","89191","71454","8466","349236","Cancelled","2022-08-26 03:42:22",NULL,NULL,NULL,"129.99000549316406"
"132866","91663","73419","13760","358781","Cancelled","2021-05-24 04:16:49",NULL,NULL,NULL,"129.99000549316406"
"134591","92860","74398","7997","363452","Cancelled","2019-11-26 12:05:47",NULL,NULL,NULL,"129.99000549316406"
"145855","100646","80748","19949","393859","Cancelled","2020-03-18 07:00:25",NULL,NULL,NULL,"129.99000549316406"
"147640","101886","81715","5286","398634","Cancelled","2022-02-16 09:33:21",NULL,NULL,NULL,"129.99000549316406"
"149520","103193","82767","23929","403764","Cancelled","2020-08-09 02:59:51",NULL,NULL,NULL,"129.99000549316406"
"150009","103518","83033","8086","405111","Cancelled","2021-12-04 04:02:09",NULL,NULL,NULL,"129.99000549316406"
"150754","104029","83457","13781","407144","Cancelled","2022-08-20 05:46:55",NULL,NULL,NULL,"129.99000549316406"
"155252","107109","85935","28191","419220","Cancelled","2022-08-26 06:14:59",NULL,NULL,NULL,"129.99000549316406"
"155403","107220","86027","16368","419619","Cancelled","2019-06-02 08:28:28",NULL,NULL,NULL,"129.99000549316406"
"156309","107824","86492","4685","422047","Cancelled","2021-07-15 22:38:14",NULL,NULL,NULL,"129.99000549316406"
"157007","108295","86850","24344","423925","Cancelled","2022-05-25 23:57:57",NULL,NULL,NULL,"129.99000549316406"
"160695","110861","88893","28508","433877","Cancelled","2022-02-09 14:13:59",NULL,NULL,NULL,"129.99000549316406"
"163112","112505","90216","7540","440454","Cancelled","2022-01-28 08:29:30",NULL,NULL,NULL,"129.99000549316406"
"179050","123495","99060","20240","483535","Cancelled","2022-06-08 23:30:53",NULL,NULL,NULL,"129.99000549316406"
"180702","124625","99931","24026","487971","Cancelled","2022-08-13 00:08:24",NULL,NULL,NULL,"129.99000549316406"
"180808","124707","99996","17948","488268","Cancelled","2020-01-08 02:18:15",NULL,NULL,NULL,"129.99000549316406"
"542","389","338","4685","1430","Processing","2022-07-17 14:55:19",NULL,NULL,NULL,"129.99000549316406"
"776","552","464","8085","2079","Processing","2022-08-08 08:51:37",NULL,NULL,NULL,"129.99000549316406"
"2308","1583","1276","8466","6249","Processing","2022-05-17 13:41:41",NULL,NULL,NULL,"129.99000549316406"
"4763","3261","2661","27931","12907","Processing","2022-08-22 02:16:35",NULL,NULL,NULL,"129.99000549316406"
"4839","3305","2690","13760","13112","Processing","2019-11-02 07:53:18",NULL,NULL,NULL,"129.99000549316406"
"5443","3716","3033","23996","14746","Processing","2022-08-13 00:11:41",NULL,NULL,NULL,"129.99000549316406"
"6112","4169","3379","8253","16538","Processing","2021-10-28 08:53:58",NULL,NULL,NULL,"129.99000549316406"
"16418","11287","9070","19846","44441","Processing","2022-04-08 12:08:28",NULL,NULL,NULL,"129.99000549316406"
"17907","12316","9912","5286","48512","Processing","2022-04-10 01:26:45",NULL,NULL,NULL,"129.99000549316406"
"21224","14590","11655","1491","57402","Processing","2021-03-28 13:09:09",NULL,NULL,NULL,"129.99000549316406"
"23446","16137","12901","23718","63369","Processing","2021-07-22 14:02:11",NULL,NULL,NULL,"129.99000549316406"
"25265","17413","13906","23718","68272","Processing","2022-08-13 05:26:37",NULL,NULL,NULL,"129.99000549316406"
"29730","20479","16361","23996","80372","Processing","2021-12-28 23:03:52",NULL,NULL,NULL,"129.99000549316406"
"34447","23714","18927","3357","93053","Processing","2021-08-08 05:28:39",NULL,NULL,NULL,"129.99000549316406"
"41850","28792","22971","21203","112980","Processing","2021-05-01 03:44:00",NULL,NULL,NULL,"129.99000549316406"
"42030","28917","23068","16368","113459","Processing","2022-07-31 03:32:52",NULL,NULL,NULL,"129.99000549316406"
"43342","29814","23771","24452","117041","Processing","2021-10-11 10:59:05",NULL,NULL,NULL,"129.99000549316406"
"43487","29917","23855","19949","117436","Processing","2021-12-10 01:05:32",NULL,NULL,NULL,"129.99000549316406"
"43983","30256","24124","20334","118803","Processing","2022-03-17 00:01:37",NULL,NULL,NULL,"129.99000549316406"
"45951","31628","25225","13760","124068","Processing","2022-05-31 05:45:53",NULL,NULL,NULL,"129.99000549316406"
"47137","32481","25943","20240","127227","Processing","2019-08-11 10:28:41",NULL,NULL,NULL,"129.99000549316406"
"47223","32542","25986","20334","127461","Processing","2021-06-08 06:36:21",NULL,NULL,NULL,"129.99000549316406"
"49422","34034","27171","19974","133395","Processing","2020-12-26 10:17:49",NULL,NULL,NULL,"129.99000549316406"
"52145","35940","28707","24452","140735","Processing","2020-11-17 15:49:21",NULL,NULL,NULL,"129.99000549316406"
"55922","38543","30803","8378","150922","Processing","2020-05-19 07:09:11",NULL,NULL,NULL,"129.99000549316406"
"56528","38965","31153","28968","152566","Processing","2020-05-14 08:05:26",NULL,NULL,NULL,"129.99000549316406"
"58767","40505","32346","17948","158612","Processing","2021-03-14 15:07:09",NULL,NULL,NULL,"129.99000549316406"
"62519","43057","34427","24198","168771","Processing","2022-05-28 11:06:40",NULL,NULL,NULL,"129.99000549316406"
"62755","43210","34555","23869","169422","Processing","2021-01-05 13:42:48",NULL,NULL,NULL,"129.99000549316406"
"65228","44911","35911","15530","176132","Processing","2022-04-23 12:39:19",NULL,NULL,NULL,"129.99000549316406"
"65554","45149","36087","3503","177028","Processing","2022-03-27 02:13:19",NULL,NULL,NULL,"129.99000549316406"
"67824","46676","37341","23718","183123","Processing","2022-08-06 23:38:37",NULL,NULL,NULL,"129.99000549316406"
"68222","46950","37557","23718","184198","Processing","2022-05-27 14:40:23",NULL,NULL,NULL,"129.99000549316406"
"68462","47117","37693","24344","184817","Processing","2020-04-02 03:27:11",NULL,NULL,NULL,"129.99000549316406"
"75288","51878","41503","7833","203263","Processing","2022-02-07 09:39:03",NULL,NULL,NULL,"129.99000549316406"
"75492","52018","41624","24198","203814","Processing","2020-02-28 12:43:25",NULL,NULL,NULL,"129.99000549316406"
"76206","52519","42027","21286","205788","Processing","2021-03-28 12:53:21",NULL,NULL,NULL,"129.99000549316406"
"77246","53255","42612","24198","208554","Processing","2022-07-18 13:53:12",NULL,NULL,NULL,"129.99000549316406"
"78798","54332","43486","3865","212726","Processing","2022-08-07 03:28:55",NULL,NULL,NULL,"129.99000549316406"
"79832","55054","44030","19894","215576","Processing","2022-08-23 13:45:41",NULL,NULL,NULL,"129.99000549316406"
"84468","58355","46676","8086","228134","Processing","2022-05-24 00:39:37",NULL,NULL,NULL,"129.99000549316406"
"85521","59097","47247","7733","231002","Processing","2022-05-08 13:18:51",NULL,NULL,NULL,"129.99000549316406"
"91083","62940","50400","23945","246046","Processing","2020-12-31 04:05:13",NULL,NULL,NULL,"129.99000549316406"
"94716","65430","52349","23945","255864","Processing","2021-01-26 16:16:06",NULL,NULL,NULL,"129.99000549316406"
"94893","65566","52451","8350","256325","Processing","2021-08-15 04:33:20",NULL,NULL,NULL,"129.99000549316406"
"97236","67203","53696","7733","262660","Processing","2020-12-07 23:47:56",NULL,NULL,NULL,"129.99000549316406"
"101195","69928","55917","28191","273293","Processing","2022-01-15 09:18:31",NULL,NULL,NULL,"129.99000549316406"
"103494","71519","57179","19869","279553","Processing","2022-05-22 21:32:07",NULL,NULL,NULL,"129.99000549316406"
"109005","75300","60203","23869","294457","Processing","2022-06-01 23:39:01",NULL,NULL,NULL,"129.99000549316406"
"109185","75422","60304","5286","294924","Processing","2022-01-04 09:49:25",NULL,NULL,NULL,"129.99000549316406"
"109490","75635","60457","20334","295752","Processing","2021-12-05 04:25:35",NULL,NULL,NULL,"129.99000549316406"
"112512","77710","62163","8378","303891","Processing","2022-07-15 14:25:37",NULL,NULL,NULL,"129.99000549316406"
"113706","78552","62816","28508","307102","Processing","2020-04-14 02:22:07",NULL,NULL,NULL,"129.99000549316406"
"117367","81017","64884","8085","316936","Processing","2022-02-14 10:53:13",NULL,NULL,NULL,"129.99000549316406"
"117959","81421","65207","15530","318539","Processing","2022-02-27 01:16:54",NULL,NULL,NULL,"129.99000549316406"
"124496","85885","68742","3357","336086","Processing","2022-06-20 12:27:28",NULL,NULL,NULL,"129.99000549316406"
"124516","85901","68754","24452","336140","Processing","2022-09-03 11:09:21",NULL,NULL,NULL,"129.99000549316406"
"137832","95111","76239","8350","372160","Processing","2020-04-02 07:11:14",NULL,NULL,NULL,"129.99000549316406"
"146397","101011","81039","8393","395317","Processing","2021-08-14 07:23:53",NULL,NULL,NULL,"129.99000549316406"
"149609","103257","82818","19974","404006","Processing","2022-08-11 12:43:08",NULL,NULL,NULL,"129.99000549316406"
"153883","106181","85174","24198","415538","Processing","2022-08-06 06:21:15",NULL,NULL,NULL,"129.99000549316406"
"154153","106363","85313","17948","416266","Processing","2022-01-09 09:54:14",NULL,NULL,NULL,"129.99000549316406"
"159934","110340","88491","23718","431831","Processing","2022-04-09 01:31:30",NULL,NULL,NULL,"129.99000549316406"
"163777","112976","90591","17948","442242","Processing","2022-08-06 15:16:56",NULL,NULL,NULL,"129.99000549316406"
"166147","114587","91862","8086","448736","Processing","2022-04-27 07:38:38",NULL,NULL,NULL,"129.99000549316406"
"167034","115193","92328","3865","451126","Processing","2019-07-08 06:31:34",NULL,NULL,NULL,"129.99000549316406"
"172470","118939","95354","7833","465818","Processing","2022-09-02 01:18:32.550774",NULL,NULL,NULL,"129.99000549316406"
"173671","119787","96054","19869","469006","Processing","2022-05-31 02:23:07",NULL,NULL,NULL,"129.99000549316406"
"174714","120500","96624","8350","471794","Processing","2022-05-17 07:47:58",NULL,NULL,NULL,"129.99000549316406"
"175812","121249","97238","17948","474812","Processing","2022-09-03 04:23:32",NULL,NULL,NULL,"129.99000549316406"
"176818","121944","97798","8378","477556","Processing","2022-07-09 08:52:48",NULL,NULL,NULL,"129.99000549316406"
"151374","104442","83793","17329","408822","Shipped","2019-06-11 08:58:25","2019-06-12 08:53:00",NULL,NULL,"145.99000549316406"
"17338","11931","9587","17329","46962","Complete","2021-10-25 13:13:28","2021-10-23 15:24:00","2021-10-25 15:03:00",NULL,"145.99000549316406"
"69079","47558","38026","17329","186475","Complete","2020-08-05 12:28:05","2020-08-07 05:44:00","2020-08-11 01:45:00",NULL,"145.99000549316406"
"102248","70653","56491","17329","276168","Complete","2020-10-31 15:18:36","2020-10-30 17:53:00","2020-11-01 05:38:00",NULL,"145.99000549316406"
"56737","39111","31273","17329","153136","Cancelled","2022-07-27 01:16:24",NULL,NULL,NULL,"145.99000549316406"
"3924","2672","2153","20011","10619","Shipped","2019-07-09 13:42:37","2019-07-12 12:37:00",NULL,NULL,"169.99000549316406"
"7747","5313","4299","20295","21012","Shipped","2021-09-29 04:58:54","2021-09-29 05:32:00",NULL,NULL,"169.99000549316406"
"32806","22585","18033","19991","88650","Shipped","2021-07-12 07:00:58","2021-07-11 21:40:00",NULL,NULL,"169.99000549316406"
"40599","27930","22289","24051","109613","Shipped","2021-07-19 11:27:27","2021-07-20 06:35:00",NULL,NULL,"169.99000549316406"
"41875","28809","22984","7013","113047","Shipped","2021-05-20 09:48:50","2021-05-20 19:19:00",NULL,NULL,"169.99000549316406"
"46579","32072","25604","20295","125765","Shipped","2020-11-23 04:06:46","2020-11-20 17:25:00",NULL,NULL,"169.99000549316406"
"56700","39083","31248","8747","153034","Shipped","2022-02-11 10:00:34","2022-02-10 02:33:00",NULL,NULL,"169.99000549316406"
"65637","45196","36126","20011","177237","Shipped","2020-08-16 10:09:53","2020-08-14 10:32:00",NULL,NULL,"169.99000549316406"
"70653","48656","38922","19874","190746","Shipped","2021-10-24 13:39:16","2021-10-26 11:06:00",NULL,NULL,"169.99000549316406"
"86245","59596","47682","24378","232964","Shipped","2021-07-19 09:01:59","2021-07-17 06:01:00",NULL,NULL,"169.99000549316406"
"92361","63816","51088","23877","249469","Shipped","2022-09-03 04:19:07","2022-09-04 08:27:00",NULL,NULL,"169.99000549316406"
"93887","64872","51913","8091","253585","Shipped","2021-06-21 00:12:11","2021-06-23 14:01:00",NULL,NULL,"169.99000549316406"
"96601","66752","53360","18069","260919","Shipped","2022-02-19 03:30:27","2022-02-21 04:36:00",NULL,NULL,"169.99000549316406"
"101567","70182","56113","24051","274313","Shipped","2022-04-02 07:43:43","2022-04-02 12:23:00",NULL,NULL,"169.99000549316406"
"104193","72003","57571","8430","281452","Shipped","2021-12-02 14:36:55","2021-12-01 21:59:00",NULL,NULL,"169.99000549316406"
"109585","75701","60511","7013","296007","Shipped","2022-01-16 11:28:15","2022-01-14 12:13:00",NULL,NULL,"169.99000549316406"
"110383","76248","60975","24378","298115","Shipped","2021-08-20 12:24:36","2021-08-18 04:26:00",NULL,NULL,"169.99000549316406"
"114095","78812","63044","20298","308143","Shipped","2022-05-08 02:35:21","2022-05-10 18:48:00",NULL,NULL,"169.99000549316406"
"119516","82504","66055","19991","322680","Shipped","2021-11-02 06:39:15","2021-11-03 03:37:00",NULL,NULL,"169.99000549316406"
"119883","82759","66248","23734","323667","Shipped","2021-09-12 03:46:03","2021-09-12 22:51:00",NULL,NULL,"169.99000549316406"
"126575","87306","69873","24378","341758","Shipped","2019-10-03 10:51:21","2019-10-04 11:12:00",NULL,NULL,"169.99000549316406"
"130196","89800","71921","14259","351524","Shipped","2022-07-30 07:49:32","2022-07-31 06:31:00",NULL,NULL,"169.99000549316406"
"138947","95883","76887","23877","375208","Shipped","2021-08-20 14:07:01","2021-08-19 08:50:00",NULL,NULL,"169.99000549316406"
"143563","99061","79432","8430","387620","Shipped","2022-03-05 06:52:50","2022-03-07 23:19:00",NULL,NULL,"169.99000549316406"
"143623","99099","79462","19991","387781","Shipped","2021-09-24 22:25:50","2021-09-26 00:49:00",NULL,NULL,"169.99000549316406"
"149852","103420","82954","23774","404674","Shipped","2022-06-06 04:28:15","2022-06-07 10:56:00",NULL,NULL,"169.99000549316406"
"157683","108753","87216","7013","425752","Shipped","2020-05-23 07:56:01","2020-05-25 21:11:00",NULL,NULL,"169.99000549316406"
"158673","109447","87771","22489","428405","Shipped","2021-10-14 14:39:04","2021-10-13 19:39:00",NULL,NULL,"169.99000549316406"
"169990","117216","93989","7013","459046","Shipped","2021-09-16 22:45:10","2021-09-19 15:04:00",NULL,NULL,"169.99000549316406"
"175031","120696","96774","14259","472688","Shipped","2022-01-26 12:05:27","2022-01-29 11:20:00",NULL,NULL,"169.99000549316406"
"3909","2662","2151","19991","10582","Complete","2021-12-12 04:17:26","2021-12-11 13:28:00","2021-12-13 04:38:00",NULL,"169.99000549316406"
"4454","3047","2458","19958","12080","Complete","2022-08-31 04:47:08.181403","2022-09-02 00:14:55.181403","2022-09-03 22:00:55.181403",NULL,"169.99000549316406"
"6137","4187","3395","24378","16603","Complete","2020-03-11 08:14:04","2020-03-13 03:32:00","2020-03-13 04:08:00",NULL,"169.99000549316406"
"11907","8213","6645","14259","32267","Complete","2021-10-26 10:18:47","2021-10-28 04:18:00","2021-10-31 11:58:00",NULL,"169.99000549316406"
"13874","9565","7710","8091","37604","Complete","2022-03-14 00:43:37","2022-03-12 22:33:00","2022-03-13 03:38:00",NULL,"169.99000549316406"
"15865","10892","8750","24378","42960","Complete","2022-08-24 00:27:42","2022-08-26 23:25:00","2022-08-30 07:40:00",NULL,"169.99000549316406"
"16646","11452","9214","8430","45055","Complete","2019-07-19 14:15:47","2019-07-19 17:46:00","2019-07-22 08:34:00",NULL,"169.99000549316406"
"20493","14089","11286","18069","55470","Complete","2022-07-30 05:17:41","2022-07-28 15:20:00","2022-08-01 09:52:00",NULL,"169.99000549316406"
"21671","14900","11900","18069","58580","Complete","2022-07-26 14:55:17","2022-07-27 22:28:00","2022-08-01 03:14:00",NULL,"169.99000549316406"
"23783","16374","13093","8430","64302","Complete","2022-07-02 06:31:29","2022-07-04 03:17:00","2022-07-06 02:59:00",NULL,"169.99000549316406"
"24481","16841","13456","14259","66168","Complete","2020-01-10 08:48:51","2020-01-10 08:18:00","2020-01-12 19:34:00",NULL,"169.99000549316406"
"27538","18967","15176","23734","74438","Complete","2021-11-02 00:01:09","2021-11-03 23:24:00","2021-11-07 20:30:00",NULL,"169.99000549316406"
"32067","22072","17656","18069","86642","Complete","2021-06-20 14:12:54","2021-06-22 23:03:00","2021-06-25 14:48:00",NULL,"169.99000549316406"
"33043","22752","18167","19888","89263","Complete","2021-10-21 06:15:10","2021-10-18 09:33:00","2021-10-21 10:39:00",NULL,"169.99000549316406"
"35192","24219","19341","19991","95070","Complete","2022-07-01 02:12:52","2022-06-28 17:06:00","2022-06-30 11:26:00",NULL,"169.99000549316406"
"35875","24697","19750","8243","96877","Complete","2021-09-07 23:32:25","2021-09-08 23:06:00","2021-09-10 05:43:00",NULL,"169.99000549316406"
"41325","28422","22671","19888","111566","Complete","2021-07-07 07:26:35","2021-07-09 00:10:00","2021-07-09 05:56:00",NULL,"169.99000549316406"
"42437","29194","23279","8747","114596","Complete","2022-01-04 08:48:50","2022-01-06 19:31:00","2022-01-07 05:07:00",NULL,"169.99000549316406"
"48584","33468","26732","20295","131120","Complete","2022-04-30 01:04:06","2022-05-02 13:12:00","2022-05-03 03:04:00",NULL,"169.99000549316406"
"55452","38217","30538","20011","149620","Complete","2022-06-02 11:15:54","2022-06-02 18:33:00","2022-06-03 20:52:00",NULL,"169.99000549316406"
"58519","40340","32213","20298","157939","Complete","2019-11-27 09:57:48","2019-11-30 07:07:00","2019-12-01 10:55:00",NULL,"169.99000549316406"
"63538","43750","34986","7013","171534","Complete","2022-09-03 05:38:28","2022-09-04 17:44:00","2022-09-06 02:02:00",NULL,"169.99000549316406"
"66157","45528","36394","19888","178642","Complete","2022-05-24 12:52:17","2022-05-25 01:53:00","2022-05-26 06:00:00",NULL,"169.99000549316406"
"74085","51033","40838","20011","200034","Complete","2021-12-30 10:46:00","2021-12-28 18:58:00","2021-12-29 08:28:00",NULL,"169.99000549316406"
"74280","51173","40958","20298","200564","Complete","2022-06-13 12:22:15","2022-06-11 06:20:00","2022-06-13 18:56:00",NULL,"169.99000549316406"
"76668","52849","42287","23877","207032","Complete","2021-06-20 02:25:18","2021-06-21 08:37:00","2021-06-23 01:49:00",NULL,"169.99000549316406"
"79970","55143","44106","23774","215940","Complete","2020-12-16 23:23:08","2020-12-17 11:14:00","2020-12-18 15:12:00",NULL,"169.99000549316406"
"86625","59848","47887","23877","234000","Complete","2020-07-17 23:44:24","2020-07-16 10:18:00","2020-07-18 16:01:00",NULL,"169.99000549316406"
"86904","60055","48051","23774","234769","Complete","2020-06-01 05:20:52","2020-06-03 14:29:00","2020-06-05 03:30:00",NULL,"169.99000549316406"
"103482","71511","57171","23734","279519","Complete","2020-12-16 12:46:18","2020-12-17 19:03:00","2020-12-19 11:55:00",NULL,"169.99000549316406"
"104057","71908","57497","23877","281082","Complete","2022-01-16 14:09:32","2022-01-17 00:19:00","2022-01-18 05:54:00",NULL,"169.99000549316406"
"105774","73089","58457","23734","285713","Complete","2022-01-31 08:34:13","2022-02-02 17:37:00","2022-02-05 22:29:00",NULL,"169.99000549316406"
"111708","77167","61745","20295","301698","Complete","2022-06-17 09:49:56","2022-06-19 23:23:00","2022-06-24 03:56:00",NULL,"169.99000549316406"
"114537","79110","63277","20298","309351","Complete","2022-08-11 13:14:49","2022-08-13 16:46:00","2022-08-15 04:00:00",NULL,"169.99000549316406"
"118858","82059","65701","23734","320932","Complete","2022-07-19 03:14:53","2022-07-19 18:41:00","2022-07-23 15:58:00",NULL,"169.99000549316406"
"119782","82696","66198","19991","323386","Complete","2021-06-01 15:52:42","2021-06-02 20:28:00","2021-06-06 19:23:00",NULL,"169.99000549316406"
"125907","86842","69497","8091","339925","Complete","2022-08-11 10:27:41","2022-08-12 19:16:00","2022-08-15 06:11:00",NULL,"169.99000549316406"
"126561","87298","69866","8243","341721","Complete","2019-12-31 15:01:24","2019-12-29 04:29:00","2020-01-02 03:25:00",NULL,"169.99000549316406"
"130469","89991","72085","14259","352263","Complete","2020-07-18 05:21:04","2020-07-20 02:50:00","2020-07-23 18:59:00",NULL,"169.99000549316406"
"134985","93125","74612","22489","364509","Complete","2022-08-14 00:52:04","2022-08-17 03:23:00","2022-08-21 12:37:00",NULL,"169.99000549316406"
"136677","94315","75592","19991","369068","Complete","2020-08-22 21:54:12","2020-08-24 15:00:00","2020-08-26 10:09:00",NULL,"169.99000549316406"
"140408","96857","77670","23734","379127","Complete","2022-07-29 05:55:04","2022-07-31 10:45:00","2022-08-01 09:51:00",NULL,"169.99000549316406"
"141729","97762","78384","19958","382682","Complete","2020-12-30 15:17:19","2021-01-02 10:21:00","2021-01-02 15:37:00",NULL,"169.99000549316406"
"146167","100857","80917","18069","394688","Complete","2020-10-24 05:36:51","2020-10-22 03:58:00","2020-10-24 04:33:00",NULL,"169.99000549316406"
"162651","112188","89945","19991","439209","Complete","2022-01-25 04:37:44","2022-01-27 00:31:00","2022-01-31 12:02:00",NULL,"169.99000549316406"
"170968","117875","94528","20295","461758","Complete","2022-01-15 06:17:00","2022-01-15 07:56:00","2022-01-15 15:48:00",NULL,"169.99000549316406"
"175776","121227","97220","23734","474714","Complete","2020-10-08 12:51:16","2020-10-09 20:53:00","2020-10-12 17:37:00",NULL,"169.99000549316406"
"177276","122255","98028","18069","478777","Complete","2022-09-05 06:34:20","2022-09-03 19:18:00","2022-09-07 03:15:00",NULL,"169.99000549316406"
"11661","8025","6511","8091","31600","Returned","2020-06-12 00:55:12","2020-06-11 08:26:00","2020-06-11 11:58:00","2020-06-12 12:55:00","169.99000549316406"
"25599","17635","14086","24378","69172","Returned","2022-06-23 03:40:13","2022-06-20 18:46:00","2022-06-25 08:21:00","2022-06-25 13:35:00","169.99000549316406"
"49976","34417","27487","20298","134907","Returned","2020-05-28 15:47:37","2020-05-27 07:03:00","2020-05-30 11:22:00","2020-05-31 09:50:00","169.99000549316406"
"62305","42910","34302","20011","168190","Returned","2022-08-16 06:09:05","2022-08-16 02:28:00","2022-08-18 11:39:00","2022-08-20 02:36:00","169.99000549316406"
"63106","43449","34740","20295","170388","Returned","2022-06-20 10:47:43","2022-06-19 19:52:00","2022-06-21 07:23:00","2022-06-22 10:29:00","169.99000549316406"
"88730","61336","49117","23734","239721","Returned","2022-06-28 01:03:57","2022-06-29 09:52:00","2022-06-29 20:06:00","2022-06-29 20:23:00","169.99000549316406"
"100111","69189","55324","14259","270390","Returned","2021-11-28 23:47:22","2021-12-01 13:58:00","2021-12-02 08:33:00","2021-12-02 10:05:00","169.99000549316406"
"102631","70909","56681","8091","277219","Returned","2021-12-29 15:53:53","2021-12-28 13:08:00","2021-12-30 08:11:00","2021-12-30 15:57:00","169.99000549316406"
"146524","101095","81112","23774","395662","Returned","2020-04-13 17:04:55","2020-04-14 13:40:00","2020-04-15 21:08:00","2020-04-17 17:50:00","169.99000549316406"
"148242","102302","82062","8747","400268","Returned","2022-08-11 11:46:50","2022-08-13 15:38:00","2022-08-13 23:16:00","2022-08-15 05:09:00","169.99000549316406"
"152435","105178","84382","19958","411682","Returned","2022-07-02 03:41:53","2022-07-04 04:34:00","2022-07-05 19:53:00","2022-07-07 18:31:00","169.99000549316406"
"166152","114591","91868","19874","448749","Returned","2021-06-09 22:51:32","2021-06-11 20:32:00","2021-06-16 18:16:00","2021-06-17 20:58:00","169.99000549316406"
"2177","1494","1208","19991","5898","Cancelled","2020-02-22 00:42:15",NULL,NULL,NULL,"169.99000549316406"
"6351","4335","3522","18069","17183","Cancelled","2021-10-28 12:46:34",NULL,NULL,NULL,"169.99000549316406"
"13080","9029","7284","19991","35433","Cancelled","2022-02-13 12:36:39",NULL,NULL,NULL,"169.99000549316406"
"14211","9777","7884","8430","38509","Cancelled","2020-08-11 04:49:02",NULL,NULL,NULL,"169.99000549316406"
"30814","21214","16995","22489","83295","Cancelled","2021-10-11 12:31:49",NULL,NULL,NULL,"169.99000549316406"
"42391","29165","23261","24051","114463","Cancelled","2020-08-10 10:13:33",NULL,NULL,NULL,"169.99000549316406"
"52306","36049","28789","20011","141145","Cancelled","2021-06-06 13:17:56",NULL,NULL,NULL,"169.99000549316406"
"54938","37872","30248","23774","148249","Cancelled","2022-06-26 07:03:53",NULL,NULL,NULL,"169.99000549316406"
"57833","39856","31855","19888","156066","Cancelled","2021-09-05 03:47:16",NULL,NULL,NULL,"169.99000549316406"
"59752","41165","32888","19888","161298","Cancelled","2022-07-27 07:13:20",NULL,NULL,NULL,"169.99000549316406"
"60208","41465","33133","19991","162551","Cancelled","2021-12-19 15:53:00",NULL,NULL,NULL,"169.99000549316406"
"67544","46470","37165","23774","182383","Cancelled","2022-02-14 20:28:26",NULL,NULL,NULL,"169.99000549316406"
"87649","60564","48497","23734","236781","Cancelled","2020-04-29 03:38:36",NULL,NULL,NULL,"169.99000549316406"
"90077","62255","49829","23774","243337","Cancelled","2022-08-04 08:50:38",NULL,NULL,NULL,"169.99000549316406"
"94360","65195","52158","18069","254883","Cancelled","2022-08-07 14:30:23",NULL,NULL,NULL,"169.99000549316406"
"115114","79503","63616","23734","310916","Cancelled","2022-07-02 22:49:59",NULL,NULL,NULL,"169.99000549316406"
"126990","87586","70129","20011","342881","Cancelled","2022-04-11 04:27:39",NULL,NULL,NULL,"169.99000549316406"
"129100","89030","71325","7013","348596","Cancelled","2022-05-27 23:45:57",NULL,NULL,NULL,"169.99000549316406"
"145640","100488","80596","22489","393272","Cancelled","2022-06-30 00:08:18",NULL,NULL,NULL,"169.99000549316406"
"148078","102183","81969","24378","399828","Cancelled","2022-08-22 14:40:42",NULL,NULL,NULL,"169.99000549316406"
"150968","104178","83572","7013","407731","Cancelled","2021-01-10 12:57:43",NULL,NULL,NULL,"169.99000549316406"
"157177","108418","86940","8243","424393","Cancelled","2022-08-13 17:06:40",NULL,NULL,NULL,"169.99000549316406"
"161134","111144","89105","24378","435050","Cancelled","2022-06-25 09:20:03",NULL,NULL,NULL,"169.99000549316406"
"167872","115766","92807","8091","453340","Cancelled","2019-10-09 10:44:31",NULL,NULL,NULL,"169.99000549316406"
"8174","5599","4531","8243","22168","Processing","2021-03-02 14:38:01",NULL,NULL,NULL,"169.99000549316406"
"9858","6780","5494","23734","26745","Processing","2021-12-11 02:25:09",NULL,NULL,NULL,"169.99000549316406"
"21614","14860","11872","23734","58435","Processing","2022-08-21 00:55:04",NULL,NULL,NULL,"169.99000549316406"
"28518","19636","15703","19874","77086","Processing","2022-04-23 10:12:07",NULL,NULL,NULL,"169.99000549316406"
"35571","24482","19562","24051","96066","Processing","2021-08-14 00:47:47",NULL,NULL,NULL,"169.99000549316406"
"47143","32486","25946","20295","127245","Processing","2021-04-22 07:11:32",NULL,NULL,NULL,"169.99000549316406"
"57127","39372","31475","24378","154188","Processing","2022-08-16 05:46:46",NULL,NULL,NULL,"169.99000549316406"
"76409","52667","42141","24051","206327","Processing","2022-05-09 04:47:00",NULL,NULL,NULL,"169.99000549316406"
"78680","54244","43427","8243","212413","Processing","2022-04-19 02:18:00",NULL,NULL,NULL,"169.99000549316406"
"79929","55116","44085","19991","215825","Processing","2022-09-03 03:00:03.70318",NULL,NULL,NULL,"169.99000549316406"
"83004","57308","45810","18069","224171","Processing","2022-07-14 01:15:32",NULL,NULL,NULL,"169.99000549316406"
"83353","57557","46013","8430","225121","Processing","2022-07-09 11:16:47",NULL,NULL,NULL,"169.99000549316406"
"89952","62175","49769","19991","242987","Processing","2021-12-25 03:04:58",NULL,NULL,NULL,"169.99000549316406"
"94547","65319","52258","23734","255394","Processing","2022-03-12 17:50:40",NULL,NULL,NULL,"169.99000549316406"
"100104","69186","55321","20298","270375","Processing","2021-10-10 02:06:09",NULL,NULL,NULL,"169.99000549316406"
"111547","77061","61654","8243","301258","Processing","2022-05-10 03:21:19",NULL,NULL,NULL,"169.99000549316406"
"114888","79355","63479","20295","310304","Processing","2022-08-11 16:55:11",NULL,NULL,NULL,"169.99000549316406"
"122705","84654","67757","8747","331323","Processing","2021-03-20 18:05:10",NULL,NULL,NULL,"169.99000549316406"
"124617","85966","68805","14259","336416","Processing","2022-07-24 00:09:53",NULL,NULL,NULL,"169.99000549316406"
"127362","87827","70315","8430","343847","Processing","2022-02-25 03:19:53",NULL,NULL,NULL,"169.99000549316406"
"138479","95557","76614","22489","373933","Processing","2022-03-17 09:22:28",NULL,NULL,NULL,"169.99000549316406"
"154807","106816","85710","24051","418017","Processing","2021-09-24 14:27:18",NULL,NULL,NULL,"169.99000549316406"
"162760","112266","90017","19874","439505","Processing","2022-08-29 02:41:48",NULL,NULL,NULL,"169.99000549316406"
"172667","119074","95448","7013","466339","Processing","2022-03-18 21:29:48",NULL,NULL,NULL,"169.99000549316406"
"84098","58089","46445","22538","227148","Shipped","2020-03-28 15:35:13","2020-03-30 03:33:00",NULL,NULL,"177.99000549316406"
"121599","83912","67178","22538","328320","Shipped","2022-05-26 12:57:19","2022-05-29 00:39:00",NULL,NULL,"177.99000549316406"
"11511","7925","6425","22538","31190","Cancelled","2020-06-11 10:35:13",NULL,NULL,NULL,"177.99000549316406"
"159246","109859","88105","22538","429959","Cancelled","2022-02-17 17:22:42",NULL,NULL,NULL,"177.99000549316406"
"176110","121454","97401","22538","475622","Cancelled","2021-06-25 22:23:34",NULL,NULL,NULL,"177.99000549316406"
"145005","100050","80229","22538","391531","Processing","2022-09-04 09:52:29.617415",NULL,NULL,NULL,"177.99000549316406"
"3097","2103","1689","13603","8372","Shipped","2021-05-23 22:03:19","2021-05-21 03:38:00",NULL,NULL,"6.070000171661377"
"38611","26594","21251","28302","104240","Shipped","2022-04-02 16:24:00","2022-04-04 22:35:00",NULL,NULL,"6.070000171661377"
"61221","42155","33698","13603","165279","Shipped","2022-02-19 03:34:38","2022-02-21 07:40:00",NULL,NULL,"6.070000171661377"
"90421","62499","50034","13603","244263","Shipped","2022-07-28 23:53:45","2022-07-27 20:15:00",NULL,NULL,"6.070000171661377"
"116343","80338","64303","28302","314220","Shipped","2020-05-09 06:58:09","2020-05-11 21:30:00",NULL,NULL,"6.070000171661377"
"150894","104130","83531","28302","407542","Shipped","2022-08-07 06:59:54","2022-08-09 07:21:00",NULL,NULL,"6.070000171661377"
"132264","91241","73062","28302","357137","Complete","2020-12-01 12:39:25","2020-12-04 12:04:00","2020-12-06 17:50:00",NULL,"6.070000171661377"
"149822","103399","82937","13603","404588","Complete","2022-08-11 06:12:31","2022-08-07 13:20:00","2022-08-10 15:31:00",NULL,"6.070000171661377"
"39051","26889","21481","13603","105417","Cancelled","2019-07-30 11:04:31",NULL,NULL,NULL,"6.070000171661377"
"140970","97235","77985","13603","380626","Cancelled","2020-06-16 06:32:22",NULL,NULL,NULL,"6.070000171661377"
"15470","10620","8539","15897","41907","Shipped","2021-08-01 00:13:20","2021-08-02 16:06:00",NULL,NULL,"6.570000171661377"
"27154","18707","14956","15897","73415","Shipped","2020-11-12 15:18:47","2020-11-09 21:55:00",NULL,NULL,"6.570000171661377"
"83935","57965","46353","3084","226708","Complete","2022-08-26 09:19:48","2022-08-27 19:07:00","2022-08-29 02:56:00",NULL,"6.570000171661377"
"72983","50277","40249","3084","197068","Cancelled","2021-06-19 16:16:26",NULL,NULL,NULL,"6.570000171661377"
"103939","71827","57436","3084","280774","Processing","2019-11-08 02:27:06",NULL,NULL,NULL,"6.570000171661377"
"2970","2028","1638","387","8036","Shipped","2020-12-03 08:03:57","2020-12-01 10:03:00",NULL,NULL,"7.320000171661377"
"16060","11033","8856","387","43462","Returned","2021-01-26 11:01:30","2021-01-29 01:50:00","2021-01-30 01:06:00","2021-01-31 06:03:00","7.320000171661377"
"18692","12848","10311","387","50599","Cancelled","2022-07-25 12:09:43",NULL,NULL,NULL,"7.320000171661377"
"26129","17998","14380","387","70621","Processing","2020-08-09 02:25:34",NULL,NULL,NULL,"7.320000171661377"
"167721","115660","92707","3916","452931","Shipped","2022-06-18 23:27:45","2022-06-19 03:26:00",NULL,NULL,"9.640000343322754"
"24826","17099","13654","3916","67092","Returned","2021-11-17 04:49:18","2021-11-18 04:59:00","2021-11-22 04:06:00","2021-11-23 11:23:00","9.640000343322754"
"65959","45405","36298","3916","178107","Returned","2021-10-04 16:59:45","2021-10-06 01:12:00","2021-10-08 03:16:00","2021-10-10 19:28:00","9.640000343322754"
"103523","71542","57199","3916","279632","Processing","2022-03-01 23:19:43",NULL,NULL,NULL,"9.640000343322754"
"3670","2486","2008","7676","9925","Shipped","2022-08-22 17:12:42","2022-08-23 05:31:00",NULL,NULL,"10.140000343322754"
"178962","123436","99015","7676","483295","Complete","2021-08-24 00:59:41","2021-08-22 19:20:00","2021-08-24 23:03:00",NULL,"10.140000343322754"
"53724","37023","29581","7676","144985","Returned","2022-09-03 06:27:38.899135","2022-09-03 11:01:02.899135","2022-09-05 16:16:02.899135","2022-09-07 06:45:02.899135","10.140000343322754"
"169079","116612","93494","7676","456593","Returned","2019-12-30 11:25:30","2020-01-02 01:19:00","2020-01-05 03:54:00","2020-01-05 06:18:00","10.140000343322754"
"27031","18621","14873","7676","73074","Cancelled","2021-07-16 02:43:01",NULL,NULL,NULL,"10.140000343322754"
"83460","57633","46072","7676","225403","Cancelled","2021-10-14 12:43:41",NULL,NULL,NULL,"10.140000343322754"
"60468","41648","33287","5494","163261","Shipped","2022-05-11 12:27:00","2022-05-12 00:14:00",NULL,NULL,"10.640000343322754"
"63344","43611","34870","5494","171041","Shipped","2022-08-09 04:33:30","2022-08-08 21:16:00",NULL,NULL,"10.640000343322754"
"97215","67184","53681","5494","262602","Returned","2022-08-11 07:49:50","2022-08-13 21:33:00","2022-08-17 11:38:00","2022-08-19 10:07:00","10.640000343322754"
"22084","15182","12122","5494","59689","Cancelled","2022-05-25 08:18:14",NULL,NULL,NULL,"10.640000343322754"
"43280","29769","23738","5494","116869","Cancelled","2021-10-14 14:15:54",NULL,NULL,NULL,"10.640000343322754"
"1789","1251","1005","5494","4840","Processing","2019-09-17 12:03:00",NULL,NULL,NULL,"10.640000343322754"
"35112","24166","19292","5494","94860","Processing","2022-07-14 12:42:21",NULL,NULL,NULL,"10.640000343322754"
"134282","92654","74226","5494","362597","Processing","2022-06-26 13:58:16",NULL,NULL,NULL,"10.640000343322754"
"26412","18202","14547","17963","71388","Shipped","2021-12-03 03:37:29","2021-12-03 18:22:00",NULL,NULL,"11.140000343322754"
"27814","19163","15330","17963","75197","Shipped","2022-08-07 15:30:03","2022-08-04 20:28:00",NULL,NULL,"11.140000343322754"
"28050","19340","15466","3976","75815","Shipped","2020-09-04 04:17:20","2020-09-02 00:23:00",NULL,NULL,"11.140000343322754"
"50500","34790","27773","7759","136317","Shipped","2021-01-16 21:31:21","2021-01-17 17:00:00",NULL,NULL,"11.140000343322754"
"51795","35690","28512","7759","139806","Shipped","2021-09-20 14:29:44","2021-09-18 16:01:00",NULL,NULL,"11.140000343322754"
"56185","38729","30969","7758","151619","Shipped","2021-10-14 09:02:21","2021-10-10 12:36:00",NULL,NULL,"11.140000343322754"
"108389","74883","59878","3976","292792","Shipped","2022-03-14 08:56:10","2022-03-16 10:00:00",NULL,NULL,"11.140000343322754"
"120054","82868","66340","7758","324150","Shipped","2021-05-25 05:14:57","2021-05-27 10:13:00",NULL,NULL,"11.140000343322754"
"120184","82954","66416","17963","324485","Shipped","2022-04-19 16:09:20","2022-04-17 16:49:00",NULL,NULL,"11.140000343322754"
"126278","87103","69707","7759","340949","Shipped","2022-01-18 04:22:51","2022-01-20 22:52:00",NULL,NULL,"11.140000343322754"
"129968","89639","71801","17963","350921","Shipped","2021-05-22 16:51:39","2021-05-25 04:21:00",NULL,NULL,"11.140000343322754"
"164442","113432","90950","7759","444084","Shipped","2021-10-01 00:51:16","2021-09-29 04:27:00",NULL,NULL,"11.140000343322754"
"176317","121596","97517","7758","476188","Shipped","2022-07-03 11:30:36","2022-07-06 01:50:00",NULL,NULL,"11.140000343322754"
"28390","19560","15640","3976","76748","Complete","2021-12-27 16:24:42","2021-12-28 03:13:00","2021-12-28 10:10:00",NULL,"11.140000343322754"
"31688","21808","17455","7758","85646","Complete","2022-07-30 05:11:01","2022-08-01 05:22:00","2022-08-05 10:05:00",NULL,"11.140000343322754"
"37002","25477","20368","7759","99909","Complete","2021-01-24 05:35:04","2021-01-24 20:01:00","2021-01-28 07:26:00",NULL,"11.140000343322754"
"62039","42728","34163","3976","167473","Complete","2021-12-16 04:57:09","2021-12-17 05:50:00","2021-12-21 22:31:00",NULL,"11.140000343322754"
"79727","54985","43969","7758","215279","Complete","2022-01-07 15:40:58","2022-01-06 08:28:00","2022-01-08 01:08:00",NULL,"11.140000343322754"
"108188","74740","59767","17963","292262","Complete","2021-08-21 09:30:57","2021-08-22 11:00:00","2021-08-24 01:31:00",NULL,"11.140000343322754"
"32572","22419","17920","7758","88016","Returned","2022-06-16 05:50:05","2022-06-15 02:05:00","2022-06-17 23:18:00","2022-06-19 11:11:00","11.140000343322754"
"105861","73154","58510","17963","285955","Returned","2021-10-19 05:38:34","2021-10-21 02:32:00","2021-10-25 17:13:00","2021-10-27 02:38:00","11.140000343322754"
"48109","33136","26476","7758","129857","Cancelled","2021-10-27 14:53:09",NULL,NULL,NULL,"11.140000343322754"
"85344","58976","47146","17963","230523","Cancelled","2021-05-30 04:31:44",NULL,NULL,NULL,"11.140000343322754"
"91228","63035","50460","17963","246440","Cancelled","2021-11-05 07:56:00",NULL,NULL,NULL,"11.140000343322754"
"93618","64685","51750","3732","252844","Cancelled","2021-03-07 15:04:06",NULL,NULL,NULL,"11.140000343322754"
"152244","105043","84296","17963","411160","Cancelled","2022-07-14 09:22:42",NULL,NULL,NULL,"11.140000343322754"
"160678","110851","88885","3732","433833","Cancelled","2021-09-30 13:49:30",NULL,NULL,NULL,"11.140000343322754"
"9091","6232","5043","7758","24642","Processing","2022-06-17 04:37:42",NULL,NULL,NULL,"11.140000343322754"
"35405","24370","19465","7759","95640","Processing","2021-05-09 23:54:18",NULL,NULL,NULL,"11.140000343322754"
"37799","26021","20793","7758","102044","Processing","2022-05-25 03:09:06",NULL,NULL,NULL,"11.140000343322754"
"51176","35279","28164","17963","138127","Processing","2020-11-23 12:24:17",NULL,NULL,NULL,"11.140000343322754"
"57592","39692","31714","3976","155424","Processing","2022-07-26 15:15:26",NULL,NULL,NULL,"11.140000343322754"
"100385","69375","55469","3732","271120","Processing","2022-07-13 13:26:43",NULL,NULL,NULL,"11.140000343322754"
"117492","81102","64958","17963","317265","Processing","2022-08-25 10:03:13",NULL,NULL,NULL,"11.140000343322754"
"121897","84102","67327","17963","329128","Processing","2021-04-26 10:33:25",NULL,NULL,NULL,"11.140000343322754"
"136865","94450","75700","3976","369589","Processing","2021-09-03 05:41:05",NULL,NULL,NULL,"11.140000343322754"
"169365","116804","93647","7758","457357","Processing","2020-03-12 00:49:54",NULL,NULL,NULL,"11.140000343322754"
"170559","117599","94315","3976","460608","Processing","2022-01-03 23:06:44",NULL,NULL,NULL,"11.140000343322754"
"21206","14578","11646","10968","57360","Shipped","2022-08-04 23:56:40","2022-08-07 01:17:00",NULL,NULL,"12.140000343322754"
"23092","15887","12701","10968","62415","Shipped","2022-07-26 13:09:35","2022-07-28 19:02:00",NULL,NULL,"12.140000343322754"
"69332","47741","38168","10732","187145","Shipped","2022-04-08 07:04:37","2022-04-09 06:31:00",NULL,NULL,"12.140000343322754"
"114873","79346","63470","10732","310270","Shipped","2020-07-26 06:31:32","2020-07-28 13:59:00",NULL,NULL,"12.140000343322754"
"24189","16633","13297","10779","65383","Complete","2022-09-07 01:14:15.865601","2022-09-04 12:55:38.865601","2022-09-07 16:48:38.865601",NULL,"12.140000343322754"
"87691","60600","48525","10732","236899","Complete","2022-06-11 17:03:12","2022-06-13 05:37:00","2022-06-15 19:31:00",NULL,"12.140000343322754"
"114134","78836","63063","10968","308255","Complete","2021-05-05 00:09:54","2021-05-06 13:15:00","2021-05-10 21:14:00",NULL,"12.140000343322754"
"121129","83588","66929","10779","327072","Complete","2021-01-22 17:12:17","2021-01-21 16:14:00","2021-01-22 11:33:00",NULL,"12.140000343322754"
"23707","16318","13052","10779","64093","Returned","2022-08-27 07:04:57","2022-08-25 04:12:00","2022-08-29 21:43:00","2022-08-29 21:47:00","12.140000343322754"
"864","615","513","10968","2322","Cancelled","2022-04-05 11:19:47",NULL,NULL,NULL,"12.140000343322754"
"84634","58470","46768","10968","228593","Cancelled","2021-08-18 10:03:33",NULL,NULL,NULL,"12.140000343322754"
"146528","101099","81114","10732","395673","Cancelled","2021-02-02 03:28:10",NULL,NULL,NULL,"12.140000343322754"
"40180","27659","22095","10779","108458","Processing","2021-12-12 02:17:53",NULL,NULL,NULL,"12.140000343322754"
"41365","28446","22694","10779","111670","Processing","2022-07-12 00:19:18",NULL,NULL,NULL,"12.140000343322754"
"66699","45891","36699","10779","180088","Processing","2019-11-19 10:10:27",NULL,NULL,NULL,"12.140000343322754"
"70456","48523","38807","10968","190217","Processing","2022-05-01 12:37:12",NULL,NULL,NULL,"12.140000343322754"
"80234","55335","44246","10779","216653","Processing","2022-08-28 02:26:29",NULL,NULL,NULL,"12.140000343322754"
"85096","58807","47017","10732","229857","Processing","2022-02-21 12:47:11",NULL,NULL,NULL,"12.140000343322754"
"38081","26217","20948","278","102805","Shipped","2022-09-03 03:21:31.751977","2022-09-04 03:49:13.751977",NULL,NULL,"12.640000343322754"
"53378","36792","29401","22918","144042","Shipped","2022-05-19 02:05:08","2022-05-19 06:48:00",NULL,NULL,"12.640000343322754"
"54830","37796","30189","278","147966","Shipped","2021-04-02 13:34:22","2021-04-04 04:30:00",NULL,NULL,"12.640000343322754"
"58967","40641","32457","22918","159145","Shipped","2022-04-17 09:46:08","2022-04-17 10:48:00",NULL,NULL,"12.640000343322754"
"72662","50046","40054","7020","196208","Shipped","2021-12-19 23:31:24","2021-12-20 20:03:00",NULL,NULL,"12.640000343322754"
"88233","60975","48814","278","238356","Shipped","2020-07-16 07:54:54","2020-07-19 05:02:00",NULL,NULL,"12.640000343322754"
"129440","89269","71514","22918","349506","Shipped","2020-04-13 10:20:53","2020-04-14 20:11:00",NULL,NULL,"12.640000343322754"
"1107","766","645","7020","2985","Complete","2022-04-05 05:46:08","2022-04-06 21:06:00","2022-04-08 10:03:00",NULL,"12.640000343322754"
"17267","11883","9546","7020","46759","Complete","2022-03-27 02:04:00","2022-03-23 22:10:00","2022-03-26 14:17:00",NULL,"12.640000343322754"
"34981","24080","19228","7020","94498","Complete","2020-12-16 17:06:06","2020-12-19 14:17:00","2020-12-21 05:34:00",NULL,"12.640000343322754"
"59927","41288","32981","22918","161779","Complete","2021-04-20 13:25:54","2021-04-21 03:28:00","2021-04-24 11:18:00",NULL,"12.640000343322754"
"61665","42467","33955","278","166463","Complete","2022-07-27 06:17:49","2022-07-28 01:03:00","2022-07-31 19:53:00",NULL,"12.640000343322754"
"68292","47003","37602","22918","184377","Complete","2022-04-22 05:11:30","2022-04-24 14:21:00","2022-04-25 06:08:00",NULL,"12.640000343322754"
"73853","50865","40692","7020","199405","Complete","2021-11-25 07:18:27","2021-11-26 11:56:00","2021-11-27 18:30:00",NULL,"12.640000343322754"
"120147","82930","66400","22918","324382","Complete","2019-08-24 16:49:55","2019-08-22 21:42:00","2019-08-26 16:49:00",NULL,"12.640000343322754"
"15733","10791","8670","278","42602","Cancelled","2022-08-18 10:41:20",NULL,NULL,NULL,"12.640000343322754"
"112492","77696","62150","278","303835","Cancelled","2022-02-11 13:23:32",NULL,NULL,NULL,"12.640000343322754"
"9174","6291","5099","7020","24874","Processing","2022-04-16 07:53:22",NULL,NULL,NULL,"12.640000343322754"
"50388","34708","27708","7020","136015","Processing","2022-02-02 02:22:10",NULL,NULL,NULL,"12.640000343322754"
"90969","62866","50333","22918","245731","Processing","2021-12-03 05:21:45",NULL,NULL,NULL,"12.640000343322754"
"93465","64575","51668","22918","252429","Processing","2022-08-30 02:05:58",NULL,NULL,NULL,"12.640000343322754"
"109178","75417","60299","22918","294904","Processing","2021-08-28 17:58:17",NULL,NULL,NULL,"12.640000343322754"
"128322","88504","70892","7020","346488","Processing","2022-09-01 22:39:05",NULL,NULL,NULL,"12.640000343322754"
"153737","106074","85088","22918","415154","Processing","2022-04-03 05:35:53",NULL,NULL,NULL,"12.640000343322754"
"157679","108750","87215","7020","425739","Processing","2022-02-10 18:42:03",NULL,NULL,NULL,"12.640000343322754"
"173366","119572","95864","22918","468213","Processing","2022-04-14 15:15:48",NULL,NULL,NULL,"12.640000343322754"
"141814","97821","78431","12563","382898","Shipped","2021-03-21 00:59:00","2021-03-21 18:43:00",NULL,NULL,"13.140000343322754"
"50773","34993","27927","12563","137032","Complete","2022-04-06 10:16:17","2022-04-04 16:52:00","2022-04-08 19:12:00",NULL,"13.140000343322754"
"55203","38047","30395","10852","148936","Complete","2021-12-30 14:31:05","2021-12-31 22:09:00","2022-01-04 06:30:00",NULL,"13.140000343322754"
"88605","61242","49046","10852","239382","Complete","2022-05-18 04:19:20","2022-05-21 00:36:00","2022-05-25 00:24:00",NULL,"13.140000343322754"
"148969","102799","82462","12563","402267","Complete","2022-04-25 04:41:27","2022-04-26 22:38:00","2022-04-28 19:05:00",NULL,"13.140000343322754"
"174509","120360","96509","10852","471242","Complete","2021-10-25 23:51:26","2021-10-26 15:24:00","2021-10-27 00:48:00",NULL,"13.140000343322754"
"102745","70982","56731","10852","277522","Cancelled","2020-12-16 02:36:53",NULL,NULL,NULL,"13.140000343322754"
"41591","28606","22816","12563","112274","Processing","2022-02-06 15:41:29",NULL,NULL,NULL,"13.140000343322754"
"67470","46425","37132","10852","182187","Processing","2022-08-19 03:30:05",NULL,NULL,NULL,"13.140000343322754"
"74678","51462","41179","12563","201626","Processing","2021-04-25 05:07:33",NULL,NULL,NULL,"13.140000343322754"
"148924","102766","82439","12563","402146","Processing","2021-09-08 03:32:01",NULL,NULL,NULL,"13.140000343322754"
"171468","118225","94821","10852","463081","Processing","2021-08-04 11:08:36",NULL,NULL,NULL,"13.140000343322754"
"120063","82874","66346","22772","324170","Shipped","2020-11-22 21:49:52","2020-11-22 07:26:00",NULL,NULL,"13.640000343322754"
"127887","88201","70633","5751","345290","Shipped","2022-08-26 06:01:44","2022-08-26 09:47:00",NULL,NULL,"13.640000343322754"
"150084","103568","83063","22772","405331","Shipped","2021-12-14 03:48:52","2021-12-16 15:29:00",NULL,NULL,"13.640000343322754"
"10643","7322","5960","5751","28847","Complete","2022-09-05 10:32:12.108255","2022-09-08 06:25:25.108255","2022-09-13 00:51:25.108255",NULL,"13.640000343322754"
"90214","62356","49916","5751","243718","Complete","2020-11-22 02:51:47","2020-11-20 16:17:00","2020-11-22 08:47:00",NULL,"13.640000343322754"
"143791","99214","79544","5751","388218","Complete","2020-09-12 06:32:30","2020-09-14 02:08:00","2020-09-14 22:07:00",NULL,"13.640000343322754"
"47580","32784","26176","22772","128424","Returned","2020-12-29 11:18:47","2020-12-26 22:29:00","2020-12-28 22:16:00","2020-12-29 23:23:00","13.640000343322754"
"16512","11358","9133","5751","44696","Cancelled","2022-09-03 10:15:28.003015",NULL,NULL,NULL,"13.640000343322754"
"43607","29998","23913","22772","117768","Cancelled","2022-09-03 12:52:10",NULL,NULL,NULL,"13.640000343322754"
"21628","14869","11879","5751","58467","Processing","2022-06-30 09:36:06",NULL,NULL,NULL,"13.640000343322754"
"54604","37645","30082","5751","147332","Processing","2021-09-05 07:47:21",NULL,NULL,NULL,"13.640000343322754"
"8791","6032","4878","7927","23839","Shipped","2021-12-22 09:20:14","2021-12-21 17:58:00",NULL,NULL,"14.140000343322754"
"53515","36877","29466","7927","144409","Shipped","2021-12-11 03:04:32","2021-12-12 04:06:00",NULL,NULL,"14.140000343322754"
"137289","94731","75937","558","370709","Shipped","2022-07-29 06:00:22","2022-07-30 18:01:00",NULL,NULL,"14.140000343322754"
"172096","118670","95137","558","464809","Shipped","2020-09-28 14:51:27","2020-09-29 14:28:00",NULL,NULL,"14.140000343322754"
"22578","15529","12415","7927","61023","Complete","2022-02-07 05:20:24","2022-02-07 10:32:00","2022-02-10 20:21:00",NULL,"14.140000343322754"
"87528","60483","48417","7927","236452","Complete","2021-10-19 13:30:58","2021-10-21 17:39:00","2021-10-23 17:35:00",NULL,"14.140000343322754"
"95151","65757","52604","558","257019","Complete","2019-10-31 09:48:51","2019-10-31 19:58:00","2019-11-01 02:42:00",NULL,"14.140000343322754"
"98148","67820","54189","7927","265132","Complete","2022-05-28 15:41:32","2022-05-30 18:42:00","2022-05-31 11:44:00",NULL,"14.140000343322754"
"122251","84333","67516","558","330085","Complete","2022-04-07 06:38:42","2022-04-07 15:21:00","2022-04-11 04:47:00",NULL,"14.140000343322754"
"157577","108678","87152","7927","425460","Complete","2021-10-28 13:31:58","2021-10-30 22:53:00","2021-11-02 09:08:00",NULL,"14.140000343322754"
"159420","109974","88199","7927","430425","Complete","2022-01-17 05:54:18","2022-01-18 16:51:00","2022-01-21 01:29:00",NULL,"14.140000343322754"
"178653","123227","98844","7927","482470","Returned","2021-07-14 06:13:41","2021-07-16 22:12:00","2021-07-18 22:55:00","2021-07-21 10:42:00","14.140000343322754"
"4001","2724","2190","558","10823","Cancelled","2022-05-18 13:29:11",NULL,NULL,NULL,"14.140000343322754"
"34856","23988","19152","558","94164","Processing","2021-04-29 05:08:31",NULL,NULL,NULL,"14.140000343322754"
"92639","64008","51239","558","250219","Processing","2021-03-10 04:39:07",NULL,NULL,NULL,"14.140000343322754"
"94103","65017","52019","7927","254171","Processing","2021-11-29 11:12:04",NULL,NULL,NULL,"14.140000343322754"
"146991","101417","81354","7927","396912","Processing","2021-04-21 12:12:57",NULL,NULL,NULL,"14.140000343322754"
"27769","19132","15300","22021","75075","Shipped","2020-07-31 04:11:32","2020-08-01 05:59:00",NULL,NULL,"15.640000343322754"
"30630","21097","16886","18308","82821","Shipped","2019-04-18 11:07:51","2019-04-19 01:41:00",NULL,NULL,"15.640000343322754"
"35883","24702","19752","22228","96899","Shipped","2021-07-31 09:51:14","2021-07-30 11:13:00",NULL,NULL,"15.640000343322754"
"44364","30538","24377","18308","119826","Shipped","2021-03-23 09:55:22","2021-03-24 03:26:00",NULL,NULL,"15.640000343322754"
"52815","36405","29091","24608","142523","Shipped","2021-11-05 01:53:24","2021-11-02 08:45:00",NULL,NULL,"15.640000343322754"
"91858","63473","50820","18308","248122","Shipped","2021-11-21 07:24:47","2021-11-23 03:55:00",NULL,NULL,"15.640000343322754"
"99194","68541","54797","28980","267952","Shipped","2020-07-14 05:49:11","2020-07-16 12:58:00",NULL,NULL,"15.640000343322754"
"129647","89413","71627","28980","350036","Shipped","2022-09-01 00:48:17","2022-09-01 18:30:00",NULL,NULL,"15.640000343322754"
"155069","106989","85838","28980","418722","Shipped","2021-08-24 02:22:29","2021-08-26 12:45:00",NULL,NULL,"15.640000343322754"
"43990","30260","24127","22228","118817","Complete","2021-09-30 05:29:29","2021-09-30 07:53:00","2021-10-01 01:13:00",NULL,"15.640000343322754"
"63941","44018","35207","28980","172618","Complete","2022-07-31 05:56:40","2022-07-28 10:39:00","2022-07-30 14:40:00",NULL,"15.640000343322754"
"99576","68818","55030","22021","268974","Complete","2022-04-21 03:21:09","2022-04-23 07:57:00","2022-04-24 23:26:00",NULL,"15.640000343322754"
"118004","81452","65225","22021","318643","Complete","2022-02-05 08:22:12","2022-02-07 12:46:00","2022-02-10 22:43:00",NULL,"15.640000343322754"
"120152","82933","66402","28980","324396","Complete","2022-08-24 01:07:50","2022-08-24 08:16:00","2022-08-27 02:03:00",NULL,"15.640000343322754"
"134033","92473","74077","18308","361909","Complete","2020-06-04 03:01:48","2020-06-05 20:08:00","2020-06-07 05:39:00",NULL,"15.640000343322754"
"135331","93380","74808","22021","365448","Complete","2022-07-28 06:07:26","2022-07-27 06:06:00","2022-07-29 23:21:00",NULL,"15.640000343322754"
"146871","101322","81287","24608","396589","Complete","2020-07-19 09:47:59","2020-07-21 16:59:00","2020-07-23 11:36:00",NULL,"15.640000343322754"
"151085","104258","83637","18308","408030","Complete","2022-01-17 01:59:42","2022-01-18 04:34:00","2022-01-20 13:34:00",NULL,"15.640000343322754"
"158361","109232","87602","22021","427558","Complete","2021-05-04 04:39:57","2021-05-05 10:32:00","2021-05-08 12:05:00",NULL,"15.640000343322754"
"46977","32357","25843","18308","126807","Returned","2021-07-15 03:10:31","2021-07-16 12:39:00","2021-07-17 08:05:00","2021-07-19 05:09:00","15.640000343322754"
"124689","86026","68848","18308","336617","Returned","2022-07-26 09:37:57","2022-07-28 12:01:00","2022-07-31 11:44:00","2022-07-31 21:11:00","15.640000343322754"
"145402","100324","80448","22228","392617","Returned","2019-12-24 14:09:37","2019-12-24 02:15:00","2019-12-24 04:33:00","2019-12-24 23:49:00","15.640000343322754"
"149935","103471","82998","24608","404906","Returned","2022-03-13 00:27:25","2022-03-09 15:53:00","2022-03-10 13:26:00","2022-03-12 04:53:00","15.640000343322754"
"153702","106049","85064","22021","415061","Returned","2022-07-26 01:16:54","2022-07-22 23:05:00","2022-07-27 13:09:00","2022-07-28 08:02:00","15.640000343322754"
"177518","122428","98201","28980","479415","Returned","2022-08-31 12:04:57","2022-09-01 13:23:00","2022-09-03 21:11:00","2022-09-05 06:35:00","15.640000343322754"
"71599","49308","39469","18308","193299","Cancelled","2022-04-30 09:37:37",NULL,NULL,NULL,"15.640000343322754"
"81093","55932","44718","24608","219005","Cancelled","2022-08-28 06:20:17",NULL,NULL,NULL,"15.640000343322754"
"90503","62555","50076","24608","244488","Cancelled","2022-05-10 01:59:48",NULL,NULL,NULL,"15.640000343322754"
"121881","84095","67320","22021","329083","Cancelled","2022-08-19 01:41:51",NULL,NULL,NULL,"15.640000343322754"
"178559","123168","98795","28980","482218","Cancelled","2022-03-21 00:35:54",NULL,NULL,NULL,"15.640000343322754"
"1016","707","591","28980","2725","Processing","2021-04-25 02:32:28",NULL,NULL,NULL,"15.640000343322754"
"37005","25479","20370","22021","99917","Processing","2022-02-13 01:29:41",NULL,NULL,NULL,"15.640000343322754"
"86673","59889","47916","28980","234129","Processing","2021-10-12 15:53:08",NULL,NULL,NULL,"15.640000343322754"
"94118","65028","52027","22228","254208","Processing","2022-08-27 01:58:40",NULL,NULL,NULL,"15.640000343322754"
"110112","76060","60825","28980","297414","Processing","2022-08-30 13:44:23",NULL,NULL,NULL,"15.640000343322754"
"10700","7359","5989","22378","28995","Shipped","2022-01-27 04:01:13","2022-01-27 00:26:00",NULL,NULL,"16.280000686645508"
"128773","88811","71137","22378","347702","Shipped","2022-03-30 03:34:23","2022-04-01 01:02:00",NULL,NULL,"16.280000686645508"
"148178","102250","82025","22378","400095","Shipped","2022-07-24 23:34:38","2022-07-25 01:36:00",NULL,NULL,"16.280000686645508"
"53459","36843","29436","22378","144260","Complete","2022-01-29 17:29:12","2022-01-27 21:53:00","2022-01-31 10:02:00",NULL,"16.280000686645508"
"68399","47073","37659","22378","184662","Complete","2022-01-25 15:38:10","2022-01-22 13:32:00","2022-01-24 22:09:00",NULL,"16.280000686645508"
"7919","5427","4393","22378","21483","Cancelled","2021-02-09 08:54:59",NULL,NULL,NULL,"16.280000686645508"
"8145","5583","4518","22378","22092","Cancelled","2021-04-24 13:54:50",NULL,NULL,NULL,"16.280000686645508"
"113871","78653","62895","13310","307554","Shipped","2022-08-22 09:51:59","2022-08-24 08:50:00",NULL,NULL,"17.280000686645508"
"19066","13108","10508","13310","51598","Processing","2019-08-14 08:54:09",NULL,NULL,NULL,"17.280000686645508"
"123193","84991","68008","13310","332628","Processing","2022-03-17 03:56:52",NULL,NULL,NULL,"17.280000686645508"
"147072","101463","81388","13310","397123","Processing","2019-10-12 14:36:49",NULL,NULL,NULL,"17.280000686645508"
"17546","12068","9700","23749","47528","Shipped","2022-04-16 07:36:39","2022-04-18 07:15:00",NULL,NULL,"19.280000686645508"
"44027","30287","24157","2059","118912","Shipped","2022-07-09 17:00:45","2022-07-09 18:55:00",NULL,NULL,"19.280000686645508"
"70081","48252","38585","23749","189185","Shipped","2020-05-25 17:50:40","2020-05-26 04:44:00",NULL,NULL,"19.280000686645508"
"73731","50777","40627","23749","199072","Shipped","2021-03-09 10:13:11","2021-03-09 16:05:00",NULL,NULL,"19.280000686645508"
"37561","25855","20656","23749","101423","Complete","2019-12-30 23:29:12","2020-01-01 07:45:00","2020-01-05 10:01:00",NULL,"19.280000686645508"
"110482","76314","61035","23749","298384","Complete","2021-09-10 03:37:08","2021-09-11 11:15:00","2021-09-12 02:30:00",NULL,"19.280000686645508"
"88059","60865","48719","23749","237885","Returned","2020-08-22 22:16:02","2020-08-22 00:12:00","2020-08-26 15:07:00","2020-08-27 08:23:00","19.280000686645508"
"120449","83134","66561","23749","325234","Returned","2022-03-23 00:42:16","2022-03-21 11:25:00","2022-03-22 12:32:00","2022-03-25 05:13:00","19.280000686645508"
"154226","106415","85355","2059","416463","Returned","2019-07-09 15:17:42","2019-07-09 22:59:00","2019-07-14 08:09:00","2019-07-16 03:49:00","19.280000686645508"
"86269","59610","47691","23749","233027","Cancelled","2021-11-17 00:20:23",NULL,NULL,NULL,"19.280000686645508"
"95949","66314","53026","11140","259184","Shipped","2022-06-26 05:24:39","2022-06-27 21:55:00",NULL,NULL,"20.280000686645508"
"62702","43178","34529","11140","169273","Complete","2022-07-08 01:27:50","2022-07-07 20:47:00","2022-07-10 08:44:00",NULL,"20.280000686645508"
"88111","60900","48743","11140","238023","Complete","2022-06-14 07:48:52","2022-06-15 20:42:00","2022-06-17 23:35:00",NULL,"20.280000686645508"
"32465","22342","17862","11140","87714","Cancelled","2021-08-25 01:32:38",NULL,NULL,NULL,"20.280000686645508"
"166755","115000","92177","11140","450368","Cancelled","2021-11-20 11:02:02",NULL,NULL,NULL,"20.280000686645508"
"12109","8362","6752","11140","32812","Processing","2022-01-29 05:42:51",NULL,NULL,NULL,"20.280000686645508"
"12519","8626","6960","11140","33923","Processing","2022-05-18 21:55:47",NULL,NULL,NULL,"20.280000686645508"
"117102","80847","64724","11140","316225","Processing","2022-04-11 08:41:55",NULL,NULL,NULL,"20.280000686645508"
"161818","111613","89489","11140","436937","Processing","2022-06-01 04:14:57",NULL,NULL,NULL,"20.280000686645508"
"64752","44570","35660","6871","174835","Complete","2022-05-05 14:36:15","2022-05-02 20:36:00","2022-05-02 22:29:00",NULL,"21.280000686645508"
"56520","38958","31146","6871","152543","Cancelled","2022-02-18 08:19:04",NULL,NULL,NULL,"21.280000686645508"
"35567","24479","19559","6871","96057","Processing","2021-07-23 23:57:47",NULL,NULL,NULL,"21.280000686645508"
"160674","110848","88884","6871","433822","Processing","2021-08-19 12:56:11",NULL,NULL,NULL,"21.280000686645508"
"8078","5536","4483","19186","21911","Shipped","2022-07-25 13:10:21","2022-07-27 00:54:00",NULL,NULL,"22.280000686645508"
"19226","13210","10590","19186","52017","Shipped","2022-08-07 02:20:53","2022-08-08 07:50:00",NULL,NULL,"22.280000686645508"
"2893","1977","1593","19186","7831","Returned","2022-03-12 08:02:33","2022-03-10 06:38:00","2022-03-11 12:39:00","2022-03-13 07:55:00","22.280000686645508"
"134523","92817","74359","19186","363258","Cancelled","2019-11-27 04:32:25",NULL,NULL,NULL,"22.280000686645508"
"140100","96652","77514","19186","378297","Processing","2021-04-23 04:12:01",NULL,NULL,NULL,"22.280000686645508"
"1276","885","742","28310","3458","Shipped","2021-01-15 04:40:01","2021-01-16 12:27:00",NULL,NULL,"23.280000686645508"
"95524","66027","52810","28310","258038","Shipped","2022-05-17 20:44:20","2022-05-19 23:56:00",NULL,NULL,"23.280000686645508"
"108971","75274","60185","28310","294362","Shipped","2021-12-22 15:34:59","2021-12-23 03:53:00",NULL,NULL,"23.280000686645508"
"131639","90804","72735","28310","355426","Shipped","2022-08-14 23:23:54","2022-08-17 19:16:00",NULL,NULL,"23.280000686645508"
"136481","94186","75498","28310","368524","Complete","2022-04-27 07:08:12","2022-04-27 20:52:00","2022-04-27 21:24:00",NULL,"23.280000686645508"
"139441","96201","77153","28310","376550","Complete","2022-03-31 00:28:14","2022-04-02 03:56:00","2022-04-02 14:59:00",NULL,"23.280000686645508"
"38519","26529","21201","29092","103984","Complete","2022-05-23 22:21:40","2022-05-23 09:24:00","2022-05-26 18:10:00",NULL,"24.280000686645508"
"52341","36072","28804","29092","141241","Complete","2021-12-13 15:25:19","2021-12-16 06:34:00","2021-12-19 06:17:00",NULL,"24.280000686645508"
"172772","119151","95514","29092","466630","Complete","2022-09-06 01:01:07","2022-09-05 12:32:00","2022-09-05 16:33:00",NULL,"24.280000686645508"
"25690","17699","14130","29092","69434","Cancelled","2021-06-28 23:49:51",NULL,NULL,NULL,"24.280000686645508"
"122105","84232","67431","29092","329682","Cancelled","2020-07-31 10:14:57",NULL,NULL,NULL,"24.280000686645508"
"29621","20397","16295","25809","80071","Shipped","2021-05-10 14:28:06","2021-05-08 21:53:00",NULL,NULL,"25.280000686645508"
"92203","63709","51010","25809","249043","Shipped","2019-08-15 17:24:39","2019-08-17 21:39:00",NULL,NULL,"25.280000686645508"
"96894","66949","53506","25809","261713","Shipped","2022-02-02 09:15:01","2022-02-02 23:46:00",NULL,NULL,"25.280000686645508"
"111596","77086","61666","25809","301393","Complete","2022-03-26 05:14:29","2022-03-27 12:03:00","2022-03-31 11:13:00",NULL,"25.280000686645508"
"7376","5044","4087","25809","19994","Returned","2021-10-05 11:30:59","2021-10-04 20:10:00","2021-10-07 08:51:00","2021-10-08 17:26:00","25.280000686645508"
"59269","40844","32618","21071","159960","Shipped","2022-05-15 00:08:24","2022-05-15 08:39:00",NULL,NULL,"32.560001373291016"
"64042","44079","35261","21071","172889","Shipped","2022-03-09 13:54:03","2022-03-09 08:38:00",NULL,NULL,"32.560001373291016"
"102909","71104","56838","21071","277957","Shipped","2022-04-13 11:09:10","2022-04-15 20:46:00",NULL,NULL,"32.560001373291016"
"148407","102408","82153","21071","400726","Shipped","2020-11-25 14:28:53","2020-11-24 05:38:00",NULL,NULL,"32.560001373291016"
"33707","23208","18529","27004","91074","Complete","2021-11-26 03:12:35","2021-11-26 05:34:00","2021-11-30 14:41:00",NULL,"32.560001373291016"
"93085","64323","51472","27004","251419","Complete","2020-02-24 10:29:30","2020-02-27 03:09:00","2020-03-01 15:43:00",NULL,"32.560001373291016"
"167902","115787","92825","21071","453407","Complete","2021-01-16 09:30:26","2021-01-15 15:22:00","2021-01-18 00:32:00",NULL,"32.560001373291016"
"171048","117926","94570","27004","461964","Complete","2021-04-09 10:52:02","2021-04-10 09:02:00","2021-04-11 01:29:00",NULL,"32.560001373291016"
"5163","3520","2873","21071","13977","Cancelled","2022-05-01 13:24:00",NULL,NULL,NULL,"32.560001373291016"
"28487","19614","15684","27004","77007","Cancelled","2022-01-21 01:19:25",NULL,NULL,NULL,"32.560001373291016"
"54852","37811","30201","27004","148028","Processing","2021-03-02 05:34:38",NULL,NULL,NULL,"32.560001373291016"
"96764","66857","53438","21071","261363","Processing","2020-11-07 12:35:36",NULL,NULL,NULL,"32.560001373291016"
"144054","99401","79698","21071","388949","Processing","2021-09-10 14:56:10",NULL,NULL,NULL,"32.560001373291016"
"20158","13860","11111","7683","54555","Shipped","2020-11-17 16:22:59","2020-11-18 00:32:00",NULL,NULL,"38.560001373291016"
"91521","63237","50632","5592","247212","Shipped","2021-11-11 16:14:34","2021-11-14 07:25:00",NULL,NULL,"38.560001373291016"
"140767","97101","77869","5592","380079","Shipped","2022-07-31 01:36:23","2022-08-01 01:13:00",NULL,NULL,"38.560001373291016"
"145323","100261","80400","8522","392402","Shipped","2022-09-03 16:18:27","2022-09-05 17:51:00",NULL,NULL,"38.560001373291016"
"172292","118801","95244","8522","465334","Shipped","2021-11-19 13:58:37","2021-11-18 04:28:00",NULL,NULL,"38.560001373291016"
"175218","120833","96871","8522","473193","Shipped","2021-09-09 11:02:19","2021-09-11 07:23:00",NULL,NULL,"38.560001373291016"
"16990","11687","9408","7683","46007","Complete","2021-01-10 07:00:34","2021-01-11 02:06:00","2021-01-12 12:31:00",NULL,"38.560001373291016"
"38077","26214","20946","5592","102796","Complete","2019-09-24 04:16:32","2019-09-21 16:20:00","2019-09-25 17:14:00",NULL,"38.560001373291016"
"94804","65494","52393","8522","256096","Complete","2021-07-24 09:19:01","2021-07-24 15:25:00","2021-07-25 20:27:00",NULL,"38.560001373291016"
"108910","75237","60156","8522","294197","Complete","2020-03-25 13:57:40","2020-03-26 09:17:00","2020-03-28 12:34:00",NULL,"38.560001373291016"
"131749","90881","72795","7494","355720","Complete","2021-05-17 22:37:53","2021-05-17 18:39:00","2021-05-19 13:32:00",NULL,"38.560001373291016"
"141261","97429","78132","8522","381429","Complete","2021-11-11 23:43:05","2021-11-14 18:56:00","2021-11-16 12:16:00",NULL,"38.560001373291016"
"145250","100215","80354","7494","392203","Complete","2022-06-23 15:24:28","2022-06-22 06:46:00","2022-06-25 22:25:00",NULL,"38.560001373291016"
"166015","114489","91778","5592","448378","Complete","2022-03-26 00:08:52","2022-03-25 12:30:00","2022-03-29 21:50:00",NULL,"38.560001373291016"
"80950","55820","44629","8522","218629","Cancelled","2022-07-24 21:12:24",NULL,NULL,NULL,"38.560001373291016"
"86396","59697","47763","5592","233378","Cancelled","2020-07-06 13:49:19",NULL,NULL,NULL,"38.560001373291016"
"125908","86843","69498","8522","339927","Cancelled","2021-01-25 13:44:57",NULL,NULL,NULL,"38.560001373291016"
"26511","18271","14601","5592","71655","Processing","2022-07-25 14:20:58",NULL,NULL,NULL,"38.560001373291016"
"29843","20559","16439","8522","80675","Processing","2022-09-06 06:45:21.179019",NULL,NULL,NULL,"38.560001373291016"
"49876","34350","27423","5592","134645","Processing","2022-07-08 08:39:18",NULL,NULL,NULL,"38.560001373291016"
"21673","14901","11901","2286","58585","Shipped","2022-07-24 04:08:00","2022-07-21 21:51:00",NULL,NULL,"44.560001373291016"
"54487","37556","30005","2286","147021","Shipped","2021-02-12 15:22:53","2021-02-14 10:21:00",NULL,NULL,"44.560001373291016"
"63087","43432","34721","2286","170326","Shipped","2022-07-29 09:29:11","2022-07-31 20:19:00",NULL,NULL,"44.560001373291016"
"66666","45866","36682","2286","179999","Shipped","2022-02-26 08:02:01","2022-02-25 23:45:00",NULL,NULL,"44.560001373291016"
"23879","16429","13134","2286","64555","Complete","2021-06-24 01:59:12","2021-06-21 01:05:00","2021-06-26 00:42:00",NULL,"44.560001373291016"
"128328","88507","70894","2286","346507","Complete","2021-08-14 04:54:02","2021-08-15 00:03:00","2021-08-18 19:07:00",NULL,"44.560001373291016"
"40127","27621","22061","2286","108318","Cancelled","2022-06-01 01:06:28",NULL,NULL,NULL,"44.560001373291016"
"42257","29071","23181","2286","114092","Processing","2022-08-08 12:15:59",NULL,NULL,NULL,"44.560001373291016"
"99408","68699","54930","2286","268520","Processing","2021-08-06 23:16:00",NULL,NULL,NULL,"44.560001373291016"
"1167","807","678","24003","3152","Shipped","2021-08-30 23:37:08","2021-08-27 11:45:00",NULL,NULL,"60.560001373291016"
"98183","67841","54206","24003","265231","Shipped","2021-11-22 02:27:32","2021-11-23 21:34:00",NULL,NULL,"60.560001373291016"
"143328","98899","79300","24003","386992","Shipped","2022-09-05 05:55:23","2022-09-01 15:29:00",NULL,NULL,"60.560001373291016"
"169895","117160","93944","24003","458789","Shipped","2022-08-23 07:08:54","2022-08-25 11:16:00",NULL,NULL,"60.560001373291016"
"110481","76314","61035","24003","298381","Complete","2021-09-12 07:07:12","2021-09-11 11:15:00","2021-09-12 02:30:00",NULL,"60.560001373291016"
"82919","57246","45764","24003","223936","Cancelled","2022-05-04 15:25:41",NULL,NULL,NULL,"60.560001373291016"
"180192","124270","99668","24003","486601","Cancelled","2022-06-12 11:14:23",NULL,NULL,NULL,"60.560001373291016"
"83133","57399","45880","24003","224533","Processing","2021-06-12 09:39:54",NULL,NULL,NULL,"60.560001373291016"
"11949","8246","6665","3955","32389","Shipped","2022-08-05 04:11:38","2022-08-02 05:08:00",NULL,NULL,"85.12000274658203"
"30195","20792","16630","3734","81643","Shipped","2022-01-02 08:27:47","2022-01-03 14:02:00",NULL,NULL,"85.12000274658203"
"52545","36211","28927","3734","141800","Shipped","2022-06-08 21:22:56","2022-06-10 19:05:00",NULL,NULL,"85.12000274658203"
"58283","40182","32101","3955","157287","Shipped","2022-06-08 17:32:55","2022-06-06 07:22:00",NULL,NULL,"85.12000274658203"
"88758","61356","49130","3955","239803","Shipped","2022-06-05 23:34:56","2022-06-06 10:51:00",NULL,NULL,"85.12000274658203"
"114983","79417","63530","3955","310567","Shipped","2022-07-06 14:49:42","2022-07-08 05:05:00",NULL,NULL,"85.12000274658203"
"146323","100956","81004","3734","395125","Shipped","2021-12-31 22:20:17","2021-12-31 00:16:00",NULL,NULL,"85.12000274658203"
"151534","104539","83880","3734","409258","Shipped","2019-09-02 07:49:01","2019-09-01 06:50:00",NULL,NULL,"85.12000274658203"
"152785","105413","84572","3734","412600","Shipped","2022-08-28 06:19:25","2022-08-28 08:17:00",NULL,NULL,"85.12000274658203"
"160099","110449","88578","3734","432267","Shipped","2022-08-06 23:30:59","2022-08-08 21:58:00",NULL,NULL,"85.12000274658203"
"60022","41344","33028","3987","162050","Complete","2022-06-06 11:03:21","2022-06-07 02:52:00","2022-06-10 23:50:00",NULL,"85.12000274658203"
"112747","77872","62286","3955","304529","Complete","2020-02-01 14:31:55","2020-01-31 01:54:00","2020-02-04 02:19:00",NULL,"85.12000274658203"
"128039","88306","70724","3734","345711","Complete","2022-07-22 05:03:59","2022-07-24 15:22:00","2022-07-24 22:52:00",NULL,"85.12000274658203"
"9422","6479","5261","3987","25549","Returned","2021-05-23 07:06:51","2021-05-21 14:17:00","2021-05-26 05:47:00","2021-05-27 17:36:00","85.12000274658203"
"81072","55917","44705","3955","218947","Returned","2022-01-29 14:42:52","2022-01-28 05:19:00","2022-01-28 06:15:00","2022-01-31 02:10:00","85.12000274658203"
"96116","66431","53109","3955","259630","Returned","2021-04-22 02:24:36","2021-04-24 11:59:00","2021-04-26 12:57:00","2021-04-27 12:47:00","85.12000274658203"
"116280","80293","64271","3734","314053","Returned","2021-08-25 05:30:30","2021-08-26 12:36:00","2021-08-27 14:37:00","2021-08-28 13:44:00","85.12000274658203"
"41928","28846","23018","3987","113192","Cancelled","2021-12-19 07:44:37",NULL,NULL,NULL,"85.12000274658203"
"180453","124440","99785","25032","487294","Complete","2022-08-18 12:21:10","2022-08-18 21:02:00","2022-08-23 09:25:00",NULL,"9.989999771118164"
"1365","948","796","9027","3713","Returned","2021-10-23 03:51:15","2021-10-23 21:49:00","2021-10-24 21:56:00","2021-10-27 04:10:00","9.989999771118164"
"2891","1976","1593","25032","7827","Returned","2022-05-01 08:04:35","2022-05-03 02:02:00","2022-05-04 06:43:00","2022-05-04 17:41:00","9.989999771118164"
"6032","4109","3338","26308","16316","Returned","2022-05-27 23:36:21","2022-05-31 00:51:00","2022-06-01 10:33:00","2022-06-02 15:05:00","9.989999771118164"
"9309","6386","5181","28723","25240","Returned","2022-08-16 05:06:01","2022-08-18 21:19:00","2022-08-21 23:45:00","2022-08-23 01:03:00","9.989999771118164"
"9687","6669","5411","13894","26288","Returned","2022-05-13 13:24:13","2022-05-16 03:40:00","2022-05-18 22:58:00","2022-05-20 03:22:00","9.989999771118164"
"12682","8755","7069","411","34364","Returned","2020-01-17 12:30:42","2020-01-18 03:48:00","2020-01-19 01:43:00","2020-01-20 06:43:00","9.989999771118164"
"13268","9155","7380","27304","35943","Returned","2020-10-22 16:03:46","2020-10-19 19:43:00","2020-10-22 03:53:00","2020-10-22 18:44:00","9.989999771118164"
"20936","14396","11521","28439","56660","Returned","2022-02-10 08:49:48","2022-02-10 23:14:00","2022-02-14 23:16:00","2022-02-15 04:27:00","9.989999771118164"
"22501","15470","12359","12279","60817","Returned","2021-07-15 03:56:19","2021-07-16 00:58:00","2021-07-19 16:25:00","2021-07-20 15:31:00","9.989999771118164"
"23296","16024","12795","25240","62968","Returned","2021-12-23 10:19:39","2021-12-24 01:40:00","2021-12-24 03:47:00","2021-12-26 01:34:00","9.989999771118164"
"25977","17900","14306","4176","70191","Returned","2020-11-29 23:23:58","2020-12-02 15:45:00","2020-12-04 14:16:00","2020-12-07 01:52:00","9.989999771118164"
"28812","19832","15846","15564","77891","Returned","2021-08-01 03:26:09","2021-08-02 16:29:00","2021-08-02 18:09:00","2021-08-05 00:37:00","9.989999771118164"
"33496","23058","18404","28846","90497","Returned","2019-04-12 09:27:14","2019-04-14 06:12:00","2019-04-18 11:26:00","2019-04-20 00:10:00","9.989999771118164"
"35085","24147","19275","9438","94780","Returned","2021-12-31 14:33:05","2022-01-02 11:15:00","2022-01-03 16:02:00","2022-01-06 12:46:00","9.989999771118164"
"39655","27310","21809","26076","107042","Returned","2022-06-03 07:54:21","2022-06-06 00:32:00","2022-06-06 07:26:00","2022-06-07 11:33:00","9.989999771118164"
"41808","28761","22939","15614","112867","Returned","2021-10-08 04:53:14","2021-10-10 08:12:00","2021-10-12 20:50:00","2021-10-14 19:08:00","9.989999771118164"
"43766","30104","24000","11025","118200","Returned","2021-12-03 01:40:06","2021-12-01 06:08:00","2021-12-05 05:08:00","2021-12-07 18:35:00","9.989999771118164"
"44678","30752","24540","25612","120675","Returned","2022-04-06 01:19:35","2022-04-05 14:31:00","2022-04-06 12:59:00","2022-04-06 15:39:00","9.989999771118164"
"46857","32274","25778","9328","126505","Returned","2020-02-23 07:03:18","2020-02-25 23:11:00","2020-02-29 17:54:00","2020-03-01 01:24:00","9.989999771118164"
"47472","32703","26109","25150","128140","Returned","2020-08-01 04:27:36","2020-08-02 05:48:00","2020-08-05 20:36:00","2020-08-06 16:40:00","9.989999771118164"
"47506","32729","26130","20975","128224","Returned","2022-05-23 13:31:49","2022-05-24 19:14:00","2022-05-25 02:29:00","2022-05-27 22:19:00","9.989999771118164"
"48249","33244","26562","27365","130220","Returned","2021-07-02 14:24:17","2021-06-29 20:27:00","2021-06-30 23:51:00","2021-07-01 22:23:00","9.989999771118164"
"49027","33768","26970","13894","132313","Returned","2021-12-19 21:14:11","2021-12-20 10:52:00","2021-12-21 23:44:00","2021-12-24 02:28:00","9.989999771118164"
"51665","35606","28448","27365","139458","Returned","2020-07-05 04:06:40","2020-07-05 21:34:00","2020-07-05 22:46:00","2020-07-06 10:57:00","9.989999771118164"
"52182","35959","28725","12618","140831","Returned","2021-09-25 11:38:36","2021-09-27 00:13:00","2021-09-30 03:28:00","2021-09-30 22:30:00","9.989999771118164"
"57821","39847","31849","28846","156031","Returned","2022-01-02 14:02:32","2022-01-04 11:33:00","2022-01-06 10:59:00","2022-01-06 11:15:00","9.989999771118164"
"58151","40078","32023","20975","156925","Returned","2021-06-12 01:22:06","2021-06-08 20:27:00","2021-06-09 01:31:00","2021-06-09 09:38:00","9.989999771118164"
"62710","43185","34533","26614","169296","Returned","2021-07-05 11:13:59","2021-07-05 05:21:00","2021-07-05 17:19:00","2021-07-07 09:40:00","9.989999771118164"
"71297","49091","39284","10207","192494","Returned","2022-07-07 05:26:52","2022-07-05 13:26:00","2022-07-08 08:54:00","2022-07-08 11:18:00","9.989999771118164"
"75555","52062","41678","9438","203988","Returned","2021-04-08 05:40:00","2021-04-10 21:15:00","2021-04-12 03:01:00","2021-04-12 15:32:00","9.989999771118164"
"76364","52630","42112","22691","206206","Returned","2022-04-24 22:10:46","2022-04-25 22:31:00","2022-04-26 23:39:00","2022-04-29 08:53:00","9.989999771118164"
"76956","53061","42451","15983","207809","Returned","2020-07-03 06:18:49","2020-07-06 01:50:00","2020-07-08 22:00:00","2020-07-08 23:03:00","9.989999771118164"
"77742","53602","42891","24733","209855","Returned","2022-01-14 21:43:27","2022-01-15 06:01:00","2022-01-20 03:13:00","2022-01-20 20:46:00","9.989999771118164"
"78286","53985","43187","9168","211349","Returned","2022-02-01 04:40:51","2022-01-31 04:06:00","2022-02-04 22:34:00","2022-02-07 10:02:00","9.989999771118164"
"80429","55473","44355","9465","217191","Returned","2022-08-23 01:59:05","2022-08-24 17:37:00","2022-08-25 09:55:00","2022-08-26 09:18:00","9.989999771118164"
"80518","55536","44398","29022","217430","Returned","2022-08-31 03:19:45","2022-09-02 18:02:00","2022-09-06 03:33:00","2022-09-09 03:00:00","9.989999771118164"
"83136","57402","45884","9027","224541","Returned","2022-06-30 15:12:07","2022-06-28 11:47:00","2022-06-30 21:31:00","2022-07-02 22:57:00","9.989999771118164"
"87130","60211","48188","13693","235383","Returned","2021-05-07 16:29:24","2021-05-09 22:46:00","2021-05-13 21:07:00","2021-05-14 14:00:00","9.989999771118164"
"88444","61126","48943","4176","238940","Returned","2020-03-27 05:59:43","2020-03-25 19:57:00","2020-03-28 23:33:00","2020-03-30 16:14:00","9.989999771118164"
"88473","61143","48964","11025","239015","Returned","2022-08-01 02:40:12","2022-07-28 07:19:00","2022-08-01 05:32:00","2022-08-01 19:14:00","9.989999771118164"
"89678","61995","49621","25189","242251","Returned","2022-04-24 06:55:39","2022-04-25 01:27:00","2022-04-28 11:39:00","2022-04-29 12:48:00","9.989999771118164"
"90577","62599","50116","13082","244697","Returned","2022-02-14 16:35:01","2022-02-15 12:16:00","2022-02-18 19:00:00","2022-02-19 07:50:00","9.989999771118164"
"90673","62663","50164","9215","244963","Returned","2019-07-28 03:29:59","2019-07-28 20:36:00","2019-08-01 01:06:00","2019-08-01 07:38:00","9.989999771118164"
"90695","62678","50180","15734","245020","Returned","2022-05-04 02:55:28","2022-05-03 09:30:00","2022-05-04 21:17:00","2022-05-06 01:52:00","9.989999771118164"
"93250","64443","51567","15742","251846","Returned","2022-03-25 08:13:26","2022-03-26 23:33:00","2022-03-27 21:58:00","2022-03-29 04:46:00","9.989999771118164"
"99230","68568","54816","13771","268048","Returned","2021-07-22 11:21:44","2021-07-24 02:02:00","2021-07-28 15:48:00","2021-07-30 01:52:00","9.989999771118164"
"100085","69173","55308","10207","270325","Returned","2021-07-08 08:32:45","2021-07-10 17:46:00","2021-07-13 03:02:00","2021-07-15 21:17:00","9.989999771118164"
"106501","73596","58851","9100","287669","Returned","2022-09-01 01:51:29","2022-08-31 22:53:00","2022-09-03 19:06:00","2022-09-05 07:43:00","9.989999771118164"
"107155","74036","59193","29086","289422","Returned","2022-06-08 08:07:42","2022-06-07 11:09:00","2022-06-10 13:55:00","2022-06-10 22:26:00","9.989999771118164"
"107462","74246","59359","9027","290264","Returned","2021-08-20 02:49:04","2021-08-21 19:52:00","2021-08-22 18:58:00","2021-08-25 17:50:00","9.989999771118164"
"111572","77076","61662","2925","301328","Returned","2022-08-28 10:29:13","2022-08-29 10:04:00","2022-08-31 06:07:00","2022-09-01 09:44:00","9.989999771118164"
"114807","79297","63437","28304","310095","Returned","2020-06-13 08:12:44","2020-06-13 22:16:00","2020-06-15 22:15:00","2020-06-17 01:13:00","9.989999771118164"
"115329","79657","63723","26308","311492","Returned","2021-09-24 23:42:29","2021-09-26 20:08:00","2021-09-28 07:24:00","2021-09-30 10:36:00","9.989999771118164"
"117449","81074","64935","10193","317149","Returned","2022-09-01 03:45:53","2022-09-01 10:57:00","2022-09-06 06:47:00","2022-09-08 03:53:00","9.989999771118164"
"119225","82298","65892","25032","321905","Returned","2022-09-01 00:17:27.559478","2022-09-01 17:43:11.559478","2022-09-05 20:06:11.559478","2022-09-06 03:41:11.559478","9.989999771118164"
"121583","83903","67169","15679","328276","Returned","2022-03-22 09:01:02","2022-03-22 21:33:00","2022-03-24 18:52:00","2022-03-25 19:27:00","9.989999771118164"
"125206","86376","69121","5264","338044","Returned","2022-05-18 13:33:51","2022-05-19 04:18:00","2022-05-23 05:28:00","2022-05-23 09:41:00","9.989999771118164"
"126191","87039","69659","19884","340711","Returned","2022-03-07 12:26:36","2022-03-09 12:06:00","2022-03-14 00:48:00","2022-03-15 22:55:00","9.989999771118164"
"131668","90828","72753","9432","355509","Returned","2021-02-01 07:02:28","2021-02-01 16:50:00","2021-02-04 15:42:00","2021-02-05 10:10:00","9.989999771118164"
"137848","95123","76248","13894","372204","Returned","2021-01-18 02:21:54","2021-01-20 11:40:00","2021-01-24 05:54:00","2021-01-26 03:31:00","9.989999771118164"
"146136","100834","80904","20975","394608","Returned","2022-06-06 23:04:56","2022-06-07 17:55:00","2022-06-09 04:05:00","2022-06-11 11:34:00","9.989999771118164"
"147226","101579","81480","13886","397523","Returned","2021-10-16 09:47:24","2021-10-18 05:36:00","2021-10-21 10:38:00","2021-10-24 03:30:00","9.989999771118164"
"148204","102271","82043","15550","400165","Returned","2022-06-08 09:05:14","2022-06-10 18:51:00","2022-06-11 13:46:00","2022-06-11 21:51:00","9.989999771118164"
"148348","102372","82118","15614","400566","Returned","2020-12-08 15:53:45","2020-12-10 04:22:00","2020-12-12 20:08:00","2020-12-13 00:59:00","9.989999771118164"
"150795","104054","83473","27365","407258","Returned","2022-04-05 13:26:58","2022-04-05 19:05:00","2022-04-10 09:55:00","2022-04-11 17:38:00","9.989999771118164"
"155533","107297","86093","4176","419972","Returned","2021-11-02 16:29:38","2021-11-05 16:50:00","2021-11-05 18:30:00","2021-11-06 21:29:00","9.989999771118164"
"157428","108580","87072","9465","425070","Returned","2021-07-06 15:29:07","2021-07-07 18:31:00","2021-07-11 23:09:00","2021-07-13 17:40:00","9.989999771118164"
"157733","108787","87247","8959","425883","Returned","2022-05-14 01:57:06","2022-05-12 19:49:00","2022-05-17 18:37:00","2022-05-19 03:46:00","9.989999771118164"
"157854","108878","87322","12594","426210","Returned","2022-04-10 14:56:46","2022-04-12 19:57:00","2022-04-15 13:44:00","2022-04-16 21:40:00","9.989999771118164"
"158616","109411","87737","5834","428255","Returned","2022-09-01 09:49:49","2022-09-04 06:39:00","2022-09-06 07:01:00","2022-09-06 16:53:00","9.989999771118164"
"161681","111529","89426","5264","436556","Returned","2022-05-24 07:15:08","2022-05-22 04:58:00","2022-05-23 18:05:00","2022-05-25 21:01:00","9.989999771118164"
"162040","111749","89589","15467","437536","Returned","2020-03-24 13:39:12","2020-03-21 08:51:00","2020-03-22 19:40:00","2020-03-25 16:32:00","9.989999771118164"
"162159","111837","89657","15614","437863","Returned","2022-08-27 13:17:04","2022-08-25 16:57:00","2022-08-27 12:46:00","2022-08-30 08:47:00","9.989999771118164"
"163933","113081","90682","418","442691","Returned","2019-10-14 11:02:52","2019-10-15 02:32:00","2019-10-18 22:28:00","2019-10-21 01:26:00","9.989999771118164"
"165220","113941","91356","26308","446221","Returned","2020-06-17 07:31:31","2020-06-17 08:13:00","2020-06-20 11:42:00","2020-06-23 07:23:00","9.989999771118164"
"170427","117507","94246","28571","460247","Returned","2022-09-02 01:27:56","2022-09-02 22:40:00","2022-09-05 04:29:00","2022-09-07 20:42:00","9.989999771118164"
"172040","118627","95106","5953","464652","Returned","2022-06-28 10:47:13","2022-06-28 16:02:00","2022-06-30 14:48:00","2022-07-01 11:34:00","9.989999771118164"
"172348","118843","95277","28322","465487","Returned","2022-08-05 09:56:54","2022-08-07 15:19:00","2022-08-09 11:55:00","2022-08-09 15:55:00","9.989999771118164"
"172630","119050","95428","5264","466239","Returned","2021-08-22 15:22:23","2021-08-23 02:23:00","2021-08-25 16:54:00","2021-08-27 11:33:00","9.989999771118164"
"174888","120603","96697","19884","472292","Returned","2022-08-19 06:59:33","2022-08-21 20:20:00","2022-08-26 03:21:00","2022-08-27 16:56:00","9.989999771118164"
"175537","121054","97052","26443","474071","Returned","2021-07-23 02:05:27","2021-07-20 13:56:00","2021-07-25 02:59:00","2021-07-25 09:50:00","9.989999771118164"
"176541","121751","97647","15614","476805","Returned","2020-03-13 09:13:29","2020-03-13 13:42:00","2020-03-14 19:01:00","2020-03-15 22:10:00","9.989999771118164"
"176716","121863","97730","2880","477281","Returned","2019-08-21 01:14:22","2019-08-22 11:45:00","2019-08-26 03:52:00","2019-08-29 02:04:00","9.989999771118164"
"178143","122867","98550","13646","481087","Returned","2022-05-11 01:38:59","2022-05-13 17:38:00","2022-05-13 21:34:00","2022-05-15 10:52:00","9.989999771118164"
"25","19","15","29022","74","Cancelled","2022-09-06 11:54:27.830485",NULL,NULL,NULL,"9.989999771118164"
"2951","2017","1624","25612","7988","Cancelled","2019-04-23 05:43:50",NULL,NULL,NULL,"9.989999771118164"
"2979","2035","1644","5264","8061","Cancelled","2022-01-31 16:42:57",NULL,NULL,NULL,"9.989999771118164"
"7174","4898","3970","12560","19438","Cancelled","2019-11-03 09:04:55",NULL,NULL,NULL,"9.989999771118164"
"8140","5580","4517","25044","22080","Cancelled","2021-12-01 01:01:24",NULL,NULL,NULL,"9.989999771118164"
"9029","6188","4999","15742","24478","Cancelled","2022-01-02 03:45:53",NULL,NULL,NULL,"9.989999771118164"
"12168","8398","6780","26614","32982","Cancelled","2022-04-19 08:17:08",NULL,NULL,NULL,"9.989999771118164"
"12514","8623","6958","3938","33911","Cancelled","2021-06-19 03:58:18",NULL,NULL,NULL,"9.989999771118164"
"14834","10205","8208","28322","40180","Cancelled","2020-01-02 12:31:48",NULL,NULL,NULL,"9.989999771118164"
"16408","11279","9063","10317","44416","Cancelled","2022-09-02 10:21:46",NULL,NULL,NULL,"9.989999771118164"
"16600","11420","9185","12279","44925","Cancelled","2020-10-05 00:35:45",NULL,NULL,NULL,"9.989999771118164"
"17800","12238","9845","25240","48219","Cancelled","2021-11-02 15:05:15",NULL,NULL,NULL,"9.989999771118164"
"18672","12836","10303","969","50546","Cancelled","2021-01-26 04:28:52",NULL,NULL,NULL,"9.989999771118164"
"19860","13663","10939","12600","53751","Cancelled","2022-07-10 06:55:18",NULL,NULL,NULL,"9.989999771118164"
"24098","16574","13250","24687","65143","Cancelled","2021-12-07 13:47:09",NULL,NULL,NULL,"9.989999771118164"
"24274","16697","13350","13790","65604","Cancelled","2021-05-08 12:41:05",NULL,NULL,NULL,"9.989999771118164"
"25706","17714","14141","27365","69476","Cancelled","2020-11-06 00:51:04",NULL,NULL,NULL,"9.989999771118164"
"26243","18074","14438","29072","70924","Cancelled","2022-05-25 06:46:51",NULL,NULL,NULL,"9.989999771118164"
"26966","18574","14834","13024","72883","Cancelled","2022-05-25 05:09:31",NULL,NULL,NULL,"9.989999771118164"
"30275","20849","16682","10117","81858","Cancelled","2021-05-11 22:35:20",NULL,NULL,NULL,"9.989999771118164"
"30326","20883","16713","9278","82000","Cancelled","2020-06-08 15:37:45",NULL,NULL,NULL,"9.989999771118164"
"31713","21822","17465","15614","85709","Cancelled","2022-05-13 01:56:25",NULL,NULL,NULL,"9.989999771118164"
"34498","23752","18956","9170","93197","Cancelled","2022-03-20 11:41:27",NULL,NULL,NULL,"9.989999771118164"
"36436","25093","20063","15723","98368","Cancelled","2021-09-17 03:08:17",NULL,NULL,NULL,"9.989999771118164"
"36451","25102","20069","8998","98410","Cancelled","2021-03-02 06:03:12",NULL,NULL,NULL,"9.989999771118164"
"36814","25337","20256","15413","99378","Cancelled","2020-08-24 09:09:37",NULL,NULL,NULL,"9.989999771118164"
"37038","25503","20389","10339","100010","Cancelled","2021-06-21 22:28:43",NULL,NULL,NULL,"9.989999771118164"
"37608","25894","20681","255","101550","Cancelled","2021-06-16 02:13:51",NULL,NULL,NULL,"9.989999771118164"
"41230","28360","22623","15577","111317","Cancelled","2020-06-09 00:53:04",NULL,NULL,NULL,"9.989999771118164"
"43731","30078","23977","13852","118100","Cancelled","2021-12-02 06:11:17",NULL,NULL,NULL,"9.989999771118164"
"45083","31043","24783","25150","121755","Cancelled","2022-03-15 10:48:03",NULL,NULL,NULL,"9.989999771118164"
"49862","34341","27414","28304","134601","Cancelled","2022-01-15 03:35:58",NULL,NULL,NULL,"9.989999771118164"
"50577","34846","27806","28723","136520","Cancelled","2020-05-10 05:37:22",NULL,NULL,NULL,"9.989999771118164"
"54515","37578","30023","7217","147096","Cancelled","2021-10-06 06:22:33",NULL,NULL,NULL,"9.989999771118164"
"57738","39791","31805","25240","155815","Cancelled","2022-08-09 12:38:45",NULL,NULL,NULL,"9.989999771118164"
"58155","40082","32024","15679","156938","Cancelled","2022-06-13 12:19:43",NULL,NULL,NULL,"9.989999771118164"
"59339","40889","32657","9200","160162","Cancelled","2021-03-01 17:40:02",NULL,NULL,NULL,"9.989999771118164"
"62498","43040","34411","24733","168717","Cancelled","2022-02-02 09:04:35",NULL,NULL,NULL,"9.989999771118164"
"65852","45331","36236","13852","177817","Cancelled","2021-01-27 05:36:05",NULL,NULL,NULL,"9.989999771118164"
"66368","45669","36505","5936","179212","Cancelled","2021-10-10 15:39:08",NULL,NULL,NULL,"9.989999771118164"
"68391","47067","37652","2880","184641","Cancelled","2022-06-30 10:36:19",NULL,NULL,NULL,"9.989999771118164"
"69557","47898","38293","29022","187754","Cancelled","2020-04-13 09:55:44",NULL,NULL,NULL,"9.989999771118164"
"69848","48086","38448","28846","188555","Cancelled","2021-12-08 09:36:12",NULL,NULL,NULL,"9.989999771118164"
"70878","48800","39045","13886","191348","Cancelled","2021-02-06 02:53:09",NULL,NULL,NULL,"9.989999771118164"
"71369","49144","39329","13886","192690","Cancelled","2020-09-13 08:56:52",NULL,NULL,NULL,"9.989999771118164"
"71451","49204","39383","25032","192912","Cancelled","2020-08-17 12:51:46",NULL,NULL,NULL,"9.989999771118164"
"73581","50677","40549","9890","198678","Cancelled","2022-08-17 13:36:31",NULL,NULL,NULL,"9.989999771118164"
"74546","51373","41101","9174","201271","Cancelled","2022-05-29 13:13:17",NULL,NULL,NULL,"9.989999771118164"
"77136","53184","42551","25240","208264","Cancelled","2021-07-18 15:25:59",NULL,NULL,NULL,"9.989999771118164"
"77712","53584","42881","25044","209772","Cancelled","2022-05-08 09:21:30",NULL,NULL,NULL,"9.989999771118164"
"82076","56636","45279","8959","221630","Cancelled","2021-09-07 23:52:02",NULL,NULL,NULL,"9.989999771118164"
"83916","57954","46341","418","226656","Cancelled","2021-04-01 06:46:45",NULL,NULL,NULL,"9.989999771118164"
"84162","58136","46477","6256","227319","Cancelled","2021-10-07 01:12:21",NULL,NULL,NULL,"9.989999771118164"
"84205","58165","46505","15614","227436","Cancelled","2019-09-16 23:19:49",NULL,NULL,NULL,"9.989999771118164"
"84819","58597","46861","10117","229099","Cancelled","2020-05-31 11:00:50",NULL,NULL,NULL,"9.989999771118164"
"85226","58896","47085","28322","230215","Cancelled","2021-04-05 08:28:38",NULL,NULL,NULL,"9.989999771118164"
"87475","60443","48389","3938","236313","Cancelled","2021-06-19 02:09:24",NULL,NULL,NULL,"9.989999771118164"
"90129","62293","49870","9396","243493","Cancelled","2022-08-08 00:57:32",NULL,NULL,NULL,"9.989999771118164"
"92551","63951","51192","15723","249975","Cancelled","2021-12-05 22:12:08",NULL,NULL,NULL,"9.989999771118164"
"93101","64333","51480","9278","251459","Cancelled","2022-05-26 07:37:46",NULL,NULL,NULL,"9.989999771118164"
"93410","64546","51647","10317","252274","Cancelled","2022-01-08 01:35:39",NULL,NULL,NULL,"9.989999771118164"
"97801","67592","54018","10303","264198","Cancelled","2022-01-15 14:46:41",NULL,NULL,NULL,"9.989999771118164"
"98142","67815","54187","10117","265118","Cancelled","2022-09-03 08:46:40",NULL,NULL,NULL,"9.989999771118164"
"102334","70712","56540","13894","276415","Cancelled","2022-01-08 21:19:58",NULL,NULL,NULL,"9.989999771118164"
"107127","74019","59180","14017","289347","Cancelled","2022-03-10 02:35:47",NULL,NULL,NULL,"9.989999771118164"
"108334","74848","59855","29072","292648","Cancelled","2022-06-28 22:55:40",NULL,NULL,NULL,"9.989999771118164"
"108783","75150","60090","12560","293848","Cancelled","2021-06-13 15:03:50",NULL,NULL,NULL,"9.989999771118164"
"110564","76374","61081","15983","298604","Cancelled","2022-06-26 04:49:51",NULL,NULL,NULL,"9.989999771118164"
"110674","76450","61141","29086","298891","Cancelled","2022-07-06 09:36:27",NULL,NULL,NULL,"9.989999771118164"
"110801","76542","61223","29086","299242","Cancelled","2021-09-16 01:26:13",NULL,NULL,NULL,"9.989999771118164"
"111244","76855","61488","11025","300428","Cancelled","2020-10-02 09:20:01",NULL,NULL,NULL,"9.989999771118164"
"114162","78852","63076","10193","308331","Cancelled","2022-06-15 15:13:43",NULL,NULL,NULL,"9.989999771118164"
"114493","79082","63252","12174","309236","Cancelled","2021-10-21 12:23:47",NULL,NULL,NULL,"9.989999771118164"
"117535","81137","64986","13082","317381","Cancelled","2019-06-25 16:47:18",NULL,NULL,NULL,"9.989999771118164"
"118034","81470","65239","25152","318724","Cancelled","2022-07-02 15:29:22",NULL,NULL,NULL,"9.989999771118164"
"122627","84602","67720","20975","331104","Cancelled","2022-05-11 03:08:30",NULL,NULL,NULL,"9.989999771118164"
"127493","87915","70394","24728","344204","Cancelled","2021-04-27 06:21:16",NULL,NULL,NULL,"9.989999771118164"
"130498","90015","72100","27365","352337","Cancelled","2022-09-03 00:04:47",NULL,NULL,NULL,"9.989999771118164"
"131417","90650","72629","13503","354835","Cancelled","2020-01-25 23:59:09",NULL,NULL,NULL,"9.989999771118164"
"131774","90898","72811","28672","355788","Cancelled","2019-05-15 06:43:10",NULL,NULL,NULL,"9.989999771118164"
"133861","92356","73974","10009","361458","Cancelled","2022-06-09 11:58:13",NULL,NULL,NULL,"9.989999771118164"
"137156","94647","75868","15679","370358","Cancelled","2022-08-19 12:00:23",NULL,NULL,NULL,"9.989999771118164"
"139274","96091","77055","15742","376086","Cancelled","2020-07-08 06:16:08",NULL,NULL,NULL,"9.989999771118164"
"140324","96800","77632","20975","378907","Cancelled","2022-05-20 10:56:10",NULL,NULL,NULL,"9.989999771118164"
"143024","98687","79119","15723","386170","Cancelled","2022-03-27 05:07:15",NULL,NULL,NULL,"9.989999771118164"
"143416","98962","79346","2880","387218","Cancelled","2021-08-23 02:00:19",NULL,NULL,NULL,"9.989999771118164"
"145397","100320","80446","6092","392602","Cancelled","2021-10-05 12:19:58",NULL,NULL,NULL,"9.989999771118164"
"145805","100611","80708","13886","393711","Cancelled","2019-08-20 00:53:49",NULL,NULL,NULL,"9.989999771118164"
"146293","100937","80991","5970","395041","Cancelled","2021-07-11 00:25:50",NULL,NULL,NULL,"9.989999771118164"
"148335","102365","82111","26646","400535","Cancelled","2022-03-13 09:16:10",NULL,NULL,NULL,"9.989999771118164"
"151267","104366","83731","6256","408529","Cancelled","2022-03-13 08:12:23",NULL,NULL,NULL,"9.989999771118164"
"152270","105064","84310","13852","411231","Cancelled","2022-06-05 07:03:17",NULL,NULL,NULL,"9.989999771118164"
"153347","105796","84868","25032","414135","Cancelled","2021-05-30 22:45:20",NULL,NULL,NULL,"9.989999771118164"
"154013","106266","85236","13713","415892","Cancelled","2021-03-08 01:58:53",NULL,NULL,NULL,"9.989999771118164"
"154257","106436","85372","14129","416551","Cancelled","2021-06-29 02:39:25",NULL,NULL,NULL,"9.989999771118164"
"156676","108073","86677","28439","423022","Cancelled","2022-07-01 08:33:52",NULL,NULL,NULL,"9.989999771118164"
"157426","108579","87072","9438","425065","Cancelled","2021-12-23 15:34:20",NULL,NULL,NULL,"9.989999771118164"
"157456","108599","87090","26443","425140","Cancelled","2022-06-01 04:14:44",NULL,NULL,NULL,"9.989999771118164"
"158860","109579","87877","13503","428918","Cancelled","2021-12-24 09:56:38",NULL,NULL,NULL,"9.989999771118164"
"159238","109854","88102","28672","429938","Cancelled","2022-09-02 18:27:09.400349",NULL,NULL,NULL,"9.989999771118164"
"159506","110036","88243","418","430661","Cancelled","2022-09-02 11:50:19.507977",NULL,NULL,NULL,"9.989999771118164"
"159531","110053","88255","246","430725","Cancelled","2021-12-21 20:30:48",NULL,NULL,NULL,"9.989999771118164"
"160939","111019","89006","5970","434538","Cancelled","2021-09-25 09:04:40",NULL,NULL,NULL,"9.989999771118164"
"163049","112468","90189","26646","440278","Cancelled","2020-08-26 08:41:07",NULL,NULL,NULL,"9.989999771118164"
"168218","116006","92999","9333","454279","Cancelled","2022-01-14 17:44:45",NULL,NULL,NULL,"9.989999771118164"
"168977","116544","93434","29047","456313","Cancelled","2021-08-13 02:30:52",NULL,NULL,NULL,"9.989999771118164"
"169153","116663","93537","14111","456788","Cancelled","2021-10-28 06:33:32",NULL,NULL,NULL,"9.989999771118164"
"169975","117206","93976","13729","459010","Cancelled","2022-01-23 07:23:10",NULL,NULL,NULL,"9.989999771118164"
"173087","119373","95691","3938","467499","Cancelled","2022-02-17 13:58:14",NULL,NULL,NULL,"9.989999771118164"
"175947","121346","97317","27369","475169","Cancelled","2020-07-02 01:31:17",NULL,NULL,NULL,"9.989999771118164"
"177279","122257","98028","24733","478784","Cancelled","2022-08-21 03:26:51",NULL,NULL,NULL,"9.989999771118164"
"177757","122595","98329","13886","480072","Cancelled","2022-09-01 07:14:31",NULL,NULL,NULL,"9.989999771118164"
"177916","122712","98426","20975","480490","Cancelled","2022-03-27 01:28:56",NULL,NULL,NULL,"9.989999771118164"
"178284","122965","98624","15577","481471","Cancelled","2021-11-21 21:17:00",NULL,NULL,NULL,"9.989999771118164"
"178441","123079","98731","9170","481887","Cancelled","2022-01-26 15:41:41",NULL,NULL,NULL,"9.989999771118164"
"2779","1896","1535","20975","7525","Processing","2022-09-02 16:50:46",NULL,NULL,NULL,"9.989999771118164"
"4642","3183","2589","2925","12582","Processing","2022-06-11 15:14:22",NULL,NULL,NULL,"9.989999771118164"
"5250","3579","2927","28437","14209","Processing","2022-05-21 14:58:25",NULL,NULL,NULL,"9.989999771118164"
"5599","3820","3115","9218","15158","Processing","2022-03-15 14:03:51",NULL,NULL,NULL,"9.989999771118164"
"6947","4739","3846","22691","18816","Processing","2022-04-10 09:05:02",NULL,NULL,NULL,"9.989999771118164"
"7898","5409","4379","24728","21421","Processing","2021-10-26 07:44:24",NULL,NULL,NULL,"9.989999771118164"
"9383","6445","5230","28304","25448","Processing","2021-09-23 07:49:50",NULL,NULL,NULL,"9.989999771118164"
"9451","6498","5276","14111","25626","Processing","2022-05-09 14:14:26",NULL,NULL,NULL,"9.989999771118164"
"10617","7302","5946","2925","28774","Processing","2022-02-13 02:00:31",NULL,NULL,NULL,"9.989999771118164"
"11179","7689","6245","28322","30292","Processing","2021-04-10 12:34:53",NULL,NULL,NULL,"9.989999771118164"
"13017","8985","7251","13101","35261","Processing","2022-04-28 11:09:22",NULL,NULL,NULL,"9.989999771118164"
"13315","9181","7396","9438","36069","Processing","2022-07-28 04:20:42",NULL,NULL,NULL,"9.989999771118164"
"14260","9815","7911","13767","38648","Processing","2022-01-10 02:16:56",NULL,NULL,NULL,"9.989999771118164"
"14510","9984","8037","9174","39324","Processing","2022-06-02 01:55:09",NULL,NULL,NULL,"9.989999771118164"
"16113","11071","8890","26308","43613","Processing","2022-08-05 09:50:26",NULL,NULL,NULL,"9.989999771118164"
"18111","12449","10012","28437","49068","Processing","2019-10-29 16:54:34",NULL,NULL,NULL,"9.989999771118164"
"18812","12926","10369","15550","50916","Processing","2021-11-03 00:20:29",NULL,NULL,NULL,"9.989999771118164"
"19678","13529","10852","9396","53244","Processing","2021-04-04 14:30:58",NULL,NULL,NULL,"9.989999771118164"
"20007","13765","11034","3938","54148","Processing","2022-07-13 10:12:49",NULL,NULL,NULL,"9.989999771118164"
"20684","14221","11381","12560","55989","Processing","2022-03-23 03:13:28",NULL,NULL,NULL,"9.989999771118164"
"20715","14242","11399","14129","56073","Processing","2019-06-17 21:23:38",NULL,NULL,NULL,"9.989999771118164"
"22439","15430","12330","25150","60640","Processing","2019-09-14 13:04:41",NULL,NULL,NULL,"9.989999771118164"
"23927","16460","13155","10303","64678","Processing","2021-09-21 15:29:57",NULL,NULL,NULL,"9.989999771118164"
"26070","17959","14347","18416","70456","Processing","2021-10-24 10:05:56",NULL,NULL,NULL,"9.989999771118164"
"26602","18329","14642","2925","71901","Processing","2021-06-26 01:31:51",NULL,NULL,NULL,"9.989999771118164"
"27059","18641","14890","12174","73161","Processing","2022-05-28 00:20:08",NULL,NULL,NULL,"9.989999771118164"
"27281","18789","15018","9170","73749","Processing","2022-09-03 02:28:32",NULL,NULL,NULL,"9.989999771118164"
"28465","19600","15669","27304","76946","Processing","2022-07-29 16:08:38",NULL,NULL,NULL,"9.989999771118164"
"28952","19936","15921","25240","78279","Processing","2021-12-16 16:51:55",NULL,NULL,NULL,"9.989999771118164"
"28969","19947","15931","5936","78321","Processing","2021-12-12 01:07:23",NULL,NULL,NULL,"9.989999771118164"
"29090","20026","15995","9100","78647","Processing","2020-09-23 06:13:37",NULL,NULL,NULL,"9.989999771118164"
"29439","20267","16196","29072","79578","Processing","2022-08-23 12:00:15",NULL,NULL,NULL,"9.989999771118164"
"32559","22408","17913","15614","87983","Processing","2022-06-23 10:03:25",NULL,NULL,NULL,"9.989999771118164"
"34166","23530","18781","5981","92309","Processing","2022-05-02 05:40:22",NULL,NULL,NULL,"9.989999771118164"
"34378","23663","18875","2925","92869","Processing","2021-03-02 14:21:12",NULL,NULL,NULL,"9.989999771118164"
"34759","23923","19101","15723","93894","Processing","2021-12-16 07:46:17",NULL,NULL,NULL,"9.989999771118164"
"36189","24918","19918","28723","97724","Processing","2021-09-27 10:30:21",NULL,NULL,NULL,"9.989999771118164"
"37645","25924","20709","26076","101646","Processing","2022-02-19 02:49:01",NULL,NULL,NULL,"9.989999771118164"
"38830","26745","21370","13101","104835","Processing","2022-09-02 03:02:14",NULL,NULL,NULL,"9.989999771118164"
"38921","26803","21412","24693","105075","Processing","2022-06-07 10:40:28",NULL,NULL,NULL,"9.989999771118164"
"39455","27165","21707","25355","106519","Processing","2022-07-31 04:09:57",NULL,NULL,NULL,"9.989999771118164"
"40009","27536","21991","5981","107992","Processing","2021-07-02 03:46:42",NULL,NULL,NULL,"9.989999771118164"
"40579","27919","22278","5834","109557","Processing","2021-10-20 02:13:32",NULL,NULL,NULL,"9.989999771118164"
"41010","28203","22501","25152","110717","Processing","2021-11-03 02:49:07",NULL,NULL,NULL,"9.989999771118164"
"43247","29747","23725","24693","116782","Processing","2022-04-06 10:51:42",NULL,NULL,NULL,"9.989999771118164"
"44986","30974","24728","11223","121495","Processing","2019-09-03 01:18:43",NULL,NULL,NULL,"9.989999771118164"
"45404","31266","24956","411","122611","Processing","2019-09-25 22:51:07",NULL,NULL,NULL,"9.989999771118164"
"45650","31430","25080","10989","123268","Processing","2021-11-03 13:42:50",NULL,NULL,NULL,"9.989999771118164"
"46761","32200","25720","9028","126250","Processing","2022-04-16 14:52:27",NULL,NULL,NULL,"9.989999771118164"
"47057","32415","25896","411","127009","Processing","2021-01-08 03:57:39",NULL,NULL,NULL,"9.989999771118164"
"48445","33382","26656","18589","130738","Processing","2021-07-28 00:14:31",NULL,NULL,NULL,"9.989999771118164"
"50036","34461","27524","14017","135069","Processing","2022-08-11 01:37:49",NULL,NULL,NULL,"9.989999771118164"
"50849","35050","27971","25612","137251","Processing","2022-09-09 08:15:40.927408",NULL,NULL,NULL,"9.989999771118164"
"51455","35468","28336","10009","138892","Processing","2021-10-17 16:06:08",NULL,NULL,NULL,"9.989999771118164"
"52665","36298","28992","26614","142112","Processing","2019-04-08 01:35:41",NULL,NULL,NULL,"9.989999771118164"
"53009","36545","29199","13503","143041","Processing","2022-06-23 12:17:58",NULL,NULL,NULL,"9.989999771118164"
"54185","37343","29843","27369","146217","Processing","2021-04-09 06:20:08",NULL,NULL,NULL,"9.989999771118164"
"54378","37470","29944","13646","146732","Processing","2020-01-14 00:50:22",NULL,NULL,NULL,"9.989999771118164"
"54833","37798","30190","10339","147974","Processing","2020-10-22 04:32:45",NULL,NULL,NULL,"9.989999771118164"
"55182","38033","30386","16998","148883","Processing","2021-05-03 08:15:11",NULL,NULL,NULL,"9.989999771118164"
"55820","38472","30750","27365","150637","Processing","2021-02-02 01:51:20",NULL,NULL,NULL,"9.989999771118164"
"56517","38955","31142","27369","152536","Processing","2022-07-26 10:41:04",NULL,NULL,NULL,"9.989999771118164"
"57766","39810","31822","10009","155882","Processing","2022-05-26 15:21:25",NULL,NULL,NULL,"9.989999771118164"
"59175","40783","32572","15679","159698","Processing","2022-08-13 04:20:07",NULL,NULL,NULL,"9.989999771118164"
"60351","41567","33213","10317","162930","Processing","2021-10-10 10:48:36",NULL,NULL,NULL,"9.989999771118164"
"61040","42034","33598","12618","164785","Processing","2022-05-06 01:59:15",NULL,NULL,NULL,"9.989999771118164"
"61264","42183","33727","9432","165388","Processing","2019-11-20 03:40:45",NULL,NULL,NULL,"9.989999771118164"
"61781","42543","34026","9218","166787","Processing","2021-01-24 09:55:39",NULL,NULL,NULL,"9.989999771118164"
"62611","43120","34480","19884","169026","Processing","2020-06-18 00:19:52",NULL,NULL,NULL,"9.989999771118164"
"63402","43651","34913","26443","171189","Processing","2022-02-26 12:16:21",NULL,NULL,NULL,"9.989999771118164"
"63829","43943","35153","13767","172313","Processing","2020-06-08 08:51:25",NULL,NULL,NULL,"9.989999771118164"
"64562","44440","35541","28846","174315","Processing","2022-01-20 12:40:32",NULL,NULL,NULL,"9.989999771118164"
"65448","45065","36017","26956","176738","Processing","2021-12-24 10:59:14",NULL,NULL,NULL,"9.989999771118164"
"66778","45945","36745","24854","180296","Processing","2021-06-10 05:28:00",NULL,NULL,NULL,"9.989999771118164"
"67406","46380","37092","25355","182022","Processing","2022-04-14 11:58:52",NULL,NULL,NULL,"9.989999771118164"
"67466","46422","37128","28322","182176","Processing","2022-08-12 14:37:21",NULL,NULL,NULL,"9.989999771118164"
"68568","47191","37749","7217","185097","Processing","2020-05-26 09:23:10",NULL,NULL,NULL,"9.989999771118164"
"69226","47663","38102","25108","186863","Processing","2022-03-02 10:12:01",NULL,NULL,NULL,"9.989999771118164"
"69809","48059","38428","25150","188448","Processing","2022-03-24 05:48:04",NULL,NULL,NULL,"9.989999771118164"
"71704","49380","39528","26076","193582","Processing","2022-07-31 00:25:47",NULL,NULL,NULL,"9.989999771118164"
"74256","51157","40946","15550","200507","Processing","2022-02-12 01:34:16",NULL,NULL,NULL,"9.989999771118164"
"74758","51511","41231","9132","201836","Processing","2022-04-18 12:37:08",NULL,NULL,NULL,"9.989999771118164"
"76302","52588","42081","12174","206054","Processing","2022-07-10 23:23:39",NULL,NULL,NULL,"9.989999771118164"
"77355","53340","42674","7217","208826","Processing","2022-09-04 05:26:49",NULL,NULL,NULL,"9.989999771118164"
"79879","55083","44056","13646","215695","Processing","2022-08-01 14:10:01",NULL,NULL,NULL,"9.989999771118164"
"81299","56080","44820","9117","219553","Processing","2021-08-29 08:24:48",NULL,NULL,NULL,"9.989999771118164"
"82819","57176","45716","29022","223671","Processing","2021-07-03 23:18:54",NULL,NULL,NULL,"9.989999771118164"
"85624","59170","47311","13713","231289","Processing","2020-12-30 03:49:02",NULL,NULL,NULL,"9.989999771118164"
"85930","59382","47508","14017","232106","Processing","2021-09-14 12:42:24",NULL,NULL,NULL,"9.989999771118164"
"87055","60163","48148","25189","235172","Processing","2022-08-08 03:11:24",NULL,NULL,NULL,"9.989999771118164"
"87742","60637","48551","28688","237031","Processing","2022-03-21 14:09:11",NULL,NULL,NULL,"9.989999771118164"
"87940","60777","48662","418","237560","Processing","2021-11-05 00:45:05",NULL,NULL,NULL,"9.989999771118164"
"88406","61098","48922","9006","238836","Processing","2021-12-03 09:12:39",NULL,NULL,NULL,"9.989999771118164"
"88528","61183","48998","13852","239168","Processing","2022-08-05 10:45:53",NULL,NULL,NULL,"9.989999771118164"
"90001","62209","49794","7217","243126","Processing","2019-09-26 05:56:37",NULL,NULL,NULL,"9.989999771118164"
"90581","62603","50117","5264","244707","Processing","2022-03-04 16:24:42",NULL,NULL,NULL,"9.989999771118164"
"91045","62918","50379","12600","245944","Processing","2021-10-12 11:50:54",NULL,NULL,NULL,"9.989999771118164"
"91849","63466","50817","27365","248098","Processing","2022-09-04 16:27:13.265687",NULL,NULL,NULL,"9.989999771118164"
"92182","63692","50998","28846","248981","Processing","2022-05-04 13:02:21",NULL,NULL,NULL,"9.989999771118164"
"92926","64207","51384","22691","250994","Processing","2022-09-02 02:04:19.438183",NULL,NULL,NULL,"9.989999771118164"
"93283","64466","51587","5788","251936","Processing","2021-12-05 00:09:32",NULL,NULL,NULL,"9.989999771118164"
"93622","64688","51753","15614","252859","Processing","2022-04-15 14:21:04",NULL,NULL,NULL,"9.989999771118164"
"93795","64806","51871","24733","253325","Processing","2021-12-01 15:12:21",NULL,NULL,NULL,"9.989999771118164"
"93941","64903","51940","9328","253731","Processing","2022-08-18 17:04:48",NULL,NULL,NULL,"9.989999771118164"
"94133","65035","52030","255","254245","Processing","2022-08-26 17:40:29",NULL,NULL,NULL,"9.989999771118164"
"95330","65891","52703","10207","257508","Processing","2022-08-24 21:53:57",NULL,NULL,NULL,"9.989999771118164"
"96436","66645","53283","13790","260491","Processing","2021-09-21 09:49:09",NULL,NULL,NULL,"9.989999771118164"
"98951","68370","54661","25240","267293","Processing","2022-01-04 04:41:38",NULL,NULL,NULL,"9.989999771118164"
"100032","69135","55279","12600","270181","Processing","2021-02-21 21:42:28",NULL,NULL,NULL,"9.989999771118164"
"100185","69240","55368","25240","270583","Processing","2021-12-12 16:14:55",NULL,NULL,NULL,"9.989999771118164"
"100560","69493","55582","18416","271569","Processing","2020-11-19 14:36:47",NULL,NULL,NULL,"9.989999771118164"
"102224","70636","56475","10339","276102","Processing","2022-03-23 08:29:10",NULL,NULL,NULL,"9.989999771118164"
"103838","71762","57378","26308","280505","Processing","2022-08-12 07:28:30",NULL,NULL,NULL,"9.989999771118164"
"105310","72772","58200","25152","284443","Processing","2021-12-18 00:02:14",NULL,NULL,NULL,"9.989999771118164"
"107680","74394","59474","13713","290851","Processing","2022-03-15 00:19:58",NULL,NULL,NULL,"9.989999771118164"
"109236","75454","60322","28688","295065","Processing","2021-03-12 01:52:42",NULL,NULL,NULL,"9.989999771118164"
"112045","77390","61917","9265","302621","Processing","2021-05-14 23:15:31",NULL,NULL,NULL,"9.989999771118164"
"113640","78505","62781","25150","306924","Processing","2021-11-24 22:16:57",NULL,NULL,NULL,"9.989999771118164"
"116216","80246","64233","11223","313879","Processing","2020-12-01 01:34:34",NULL,NULL,NULL,"9.989999771118164"
"117698","81246","65073","9132","317826","Processing","2020-07-17 14:18:10",NULL,NULL,NULL,"9.989999771118164"
"118915","82098","65731","11223","321075","Processing","2022-07-27 10:46:31",NULL,NULL,NULL,"9.989999771118164"
"120572","83213","66633","25152","325569","Processing","2020-04-02 06:18:02",NULL,NULL,NULL,"9.989999771118164"
"121666","83956","67216","6057","328504","Processing","2022-09-05 02:56:47.785344",NULL,NULL,NULL,"9.989999771118164"
"122425","84462","67603","29086","330555","Processing","2020-04-24 18:14:24",NULL,NULL,NULL,"9.989999771118164"
"123950","85506","68416","9278","334630","Processing","2021-02-16 11:21:48",NULL,NULL,NULL,"9.989999771118164"
"124093","85607","68509","10989","335013","Processing","2022-06-27 12:08:05",NULL,NULL,NULL,"9.989999771118164"
"124333","85772","68644","9100","335644","Processing","2022-05-18 23:14:02",NULL,NULL,NULL,"9.989999771118164"
"124846","86134","68927","9117","337051","Processing","2022-04-04 07:31:30",NULL,NULL,NULL,"9.989999771118164"
"125500","86578","69283","5264","338839","Processing","2022-04-13 06:48:46",NULL,NULL,NULL,"9.989999771118164"
"126280","87105","69708","246","340953","Processing","2022-07-07 15:48:08",NULL,NULL,NULL,"9.989999771118164"
"126329","87140","69732","5264","341084","Processing","2022-05-17 15:09:32",NULL,NULL,NULL,"9.989999771118164"
"126620","87331","69898","9006","341875","Processing","2020-03-06 03:09:12",NULL,NULL,NULL,"9.989999771118164"
"126839","87484","70035","12279","342466","Processing","2022-01-09 15:04:34",NULL,NULL,NULL,"9.989999771118164"
"126943","87553","70092","29086","342753","Processing","2020-09-27 13:01:20",NULL,NULL,NULL,"9.989999771118164"
"127628","88010","70480","13713","344578","Processing","2019-09-02 02:42:42",NULL,NULL,NULL,"9.989999771118164"
"128568","88668","71026","9465","347155","Processing","2022-05-16 15:36:13",NULL,NULL,NULL,"9.989999771118164"
"128575","88673","71029","29047","347175","Processing","2022-02-25 05:01:21",NULL,NULL,NULL,"9.989999771118164"
"129195","89102","71381","10193","348857","Processing","2022-07-26 11:46:50",NULL,NULL,NULL,"9.989999771118164"
"129367","89212","71465","9215","349310","Processing","2022-08-07 13:38:12",NULL,NULL,NULL,"9.989999771118164"
"129542","89338","71566","18416","349768","Processing","2020-11-18 21:46:46",NULL,NULL,NULL,"9.989999771118164"
"130373","89922","72034","26076","352012","Processing","2022-04-21 09:18:39",NULL,NULL,NULL,"9.989999771118164"
"131713","90859","72776","26956","355625","Processing","2022-05-07 17:52:28",NULL,NULL,NULL,"9.989999771118164"
"132412","91342","73144","28322","357538","Processing","2022-07-16 18:04:29",NULL,NULL,NULL,"9.989999771118164"
"134128","92548","74137","9100","362170","Processing","2021-05-13 11:10:18",NULL,NULL,NULL,"9.989999771118164"
"135233","93307","74749","29072","365183","Processing","2019-04-12 09:37:34",NULL,NULL,NULL,"9.989999771118164"
"135636","93606","74996","13503","366275","Processing","2021-04-09 22:05:12",NULL,NULL,NULL,"9.989999771118164"
"135913","93788","75160","5834","367011","Processing","2022-08-17 15:36:04",NULL,NULL,NULL,"9.989999771118164"
"136059","93891","75251","10009","367415","Processing","2020-12-21 03:48:57",NULL,NULL,NULL,"9.989999771118164"
"136854","94440","75692","9333","369555","Processing","2021-10-02 00:21:03",NULL,NULL,NULL,"9.989999771118164"
"139793","96435","77329","15983","377472","Processing","2022-03-25 02:44:31",NULL,NULL,NULL,"9.989999771118164"
"142447","98270","78796","5981","384615","Processing","2022-02-10 08:30:48",NULL,NULL,NULL,"9.989999771118164"
"143581","99070","79441","969","387670","Processing","2022-07-08 02:06:07",NULL,NULL,NULL,"9.989999771118164"
"144551","99733","79965","9170","390275","Processing","2021-08-24 00:58:41",NULL,NULL,NULL,"9.989999771118164"
"145642","100489","80597","12618","393280","Processing","2021-04-26 03:23:37",NULL,NULL,NULL,"9.989999771118164"
"146966","101395","81338","9218","396848","Processing","2022-08-23 01:06:10",NULL,NULL,NULL,"9.989999771118164"
"148494","102460","82194","15742","400981","Processing","2021-02-19 12:00:27",NULL,NULL,NULL,"9.989999771118164"
"148736","102633","82330","25189","401646","Processing","2022-07-30 18:29:17",NULL,NULL,NULL,"9.989999771118164"
"150725","104012","83448","5953","407067","Processing","2022-01-03 08:03:46",NULL,NULL,NULL,"9.989999771118164"
"150915","104144","83544","255","407596","Processing","2022-07-23 10:00:39",NULL,NULL,NULL,"9.989999771118164"
"152016","104889","84168","9465","410548","Processing","2021-02-19 10:57:23",NULL,NULL,NULL,"9.989999771118164"
"153276","105740","84826","14111","413940","Processing","2022-05-03 14:48:40",NULL,NULL,NULL,"9.989999771118164"
"155001","106944","85803","15550","418544","Processing","2021-10-29 10:57:22",NULL,NULL,NULL,"9.989999771118164"
"156568","107996","86616","2925","422737","Processing","2022-05-25 08:36:27",NULL,NULL,NULL,"9.989999771118164"
"157146","108398","86928","15614","424306","Processing","2022-07-28 21:37:08",NULL,NULL,NULL,"9.989999771118164"
"157366","108537","87040","22691","424905","Processing","2021-12-28 12:40:55",NULL,NULL,NULL,"9.989999771118164"
"159643","110134","88317","28688","431038","Processing","2021-02-21 01:13:19",NULL,NULL,NULL,"9.989999771118164"
"159845","110274","88427","9117","431589","Processing","2022-02-05 10:05:21",NULL,NULL,NULL,"9.989999771118164"
"159900","110316","88466","28846","431733","Processing","2020-06-19 01:30:31",NULL,NULL,NULL,"9.989999771118164"
"160700","110865","88897","26956","433892","Processing","2021-04-07 14:43:25",NULL,NULL,NULL,"9.989999771118164"
"162011","111737","89582","15564","437462","Processing","2020-01-07 14:24:29",NULL,NULL,NULL,"9.989999771118164"
"162362","111984","89784","24854","438413","Processing","2022-07-21 14:10:38",NULL,NULL,NULL,"9.989999771118164"
"164718","113616","91095","1686","444842","Processing","2022-01-26 22:45:32",NULL,NULL,NULL,"9.989999771118164"
"168033","115883","92902","10317","453763","Processing","2021-02-14 14:05:52",NULL,NULL,NULL,"9.989999771118164"
"169438","116860","93688","28846","457555","Processing","2022-02-06 15:27:21",NULL,NULL,NULL,"9.989999771118164"
"170761","117729","94420","25108","461178","Processing","2020-08-23 12:03:51",NULL,NULL,NULL,"9.989999771118164"
"172063","118641","95115","9100","464718","Processing","2021-08-05 01:25:37",NULL,NULL,NULL,"9.989999771118164"
"173043","119340","95660","9006","467381","Processing","2021-08-04 16:19:33",NULL,NULL,NULL,"9.989999771118164"
"173197","119450","95767","13767","467778","Processing","2021-10-17 03:25:32",NULL,NULL,NULL,"9.989999771118164"
"173301","119523","95828","969","468044","Processing","2020-11-13 13:17:42",NULL,NULL,NULL,"9.989999771118164"
"173561","119710","95982","15742","468714","Processing","2022-07-03 02:20:36",NULL,NULL,NULL,"9.989999771118164"
"174388","120267","96439","5981","470920","Processing","2022-07-24 10:56:59",NULL,NULL,NULL,"9.989999771118164"
"175487","121021","97022","10989","473930","Processing","2021-08-22 14:11:06",NULL,NULL,NULL,"9.989999771118164"
"180762","124671","99971","26834","488145","Processing","2022-01-18 11:43:21",NULL,NULL,NULL,"9.989999771118164"
"786","562","472","3823","2103","Shipped","2020-12-20 02:53:58","2020-12-20 18:06:00",NULL,NULL,"10.489999771118164"
"21554","14822","11842","9213","58270","Shipped","2022-03-16 23:16:44","2022-03-14 18:08:00",NULL,NULL,"10.489999771118164"
"29068","20011","15982","7910","78592","Shipped","2019-12-11 08:31:05","2019-12-12 02:27:00",NULL,NULL,"10.489999771118164"
"95148","65754","52603","28905","257011","Shipped","2022-01-13 01:39:56","2022-01-16 00:44:00",NULL,NULL,"10.489999771118164"
"117408","81044","64904","13999","317042","Shipped","2021-05-03 02:38:09","2021-05-04 17:58:00",NULL,NULL,"10.489999771118164"
"117812","81325","65126","9213","318137","Shipped","2022-08-22 15:27:40","2022-08-20 13:32:00",NULL,NULL,"10.489999771118164"
"125624","86658","69337","13999","339159","Shipped","2021-07-12 15:33:31","2021-07-13 00:27:00",NULL,NULL,"10.489999771118164"
"147036","101441","81371","15927","397035","Shipped","2022-03-25 16:13:14","2022-03-23 21:09:00",NULL,NULL,"10.489999771118164"
"163530","112802","90449","15927","441572","Shipped","2019-10-26 05:34:15","2019-10-24 10:12:00",NULL,NULL,"10.489999771118164"
"167434","115462","92547","3823","452181","Shipped","2021-10-22 16:41:38","2021-10-25 07:43:00",NULL,NULL,"10.489999771118164"
"167929","115809","92844","7910","453480","Shipped","2021-09-09 08:15:01","2021-09-10 03:40:00",NULL,NULL,"10.489999771118164"
"178315","122986","98643","9213","481551","Shipped","2021-03-19 16:29:32","2021-03-18 13:25:00",NULL,NULL,"10.489999771118164"
"13797","9508","7656","9213","37394","Complete","2021-04-02 01:31:04","2021-04-03 16:13:00","2021-04-07 08:39:00",NULL,"10.489999771118164"
"34004","23416","18682","13999","91867","Complete","2020-12-29 13:31:06","2020-12-27 00:51:00","2020-12-30 21:11:00",NULL,"10.489999771118164"
"55206","38050","30400","7910","148945","Complete","2022-07-05 14:18:54","2022-07-07 20:46:00","2022-07-12 01:15:00",NULL,"10.489999771118164"
"76468","52704","42174","9213","206495","Complete","2022-05-30 08:35:52","2022-05-29 11:23:00","2022-06-01 22:02:00",NULL,"10.489999771118164"
"80325","55395","44292","7765","216897","Complete","2022-01-22 03:36:15","2022-01-20 09:10:00","2022-01-23 17:46:00",NULL,"10.489999771118164"
"102207","70626","56468","3823","276054","Complete","2020-12-06 05:38:59","2020-12-08 16:29:00","2020-12-09 00:49:00",NULL,"10.489999771118164"
"103168","71285","56978","7765","278662","Complete","2021-12-16 05:58:11","2021-12-15 14:26:00","2021-12-20 01:29:00",NULL,"10.489999771118164"
"111065","76732","61379","28905","299953","Complete","2021-01-28 10:57:43","2021-01-24 16:59:00","2021-01-27 08:21:00",NULL,"10.489999771118164"
"120851","83404","66783","9213","326302","Complete","2021-02-16 06:01:03","2021-02-18 17:12:00","2021-02-22 07:42:00",NULL,"10.489999771118164"
"171812","118468","94990","9213","464022","Complete","2022-05-17 06:57:08","2022-05-19 20:58:00","2022-05-22 02:39:00",NULL,"10.489999771118164"
"174510","120361","96510","7765","471244","Complete","2020-01-30 23:34:17","2020-02-03 02:44:00","2020-02-06 20:43:00",NULL,"10.489999771118164"
"4868","3320","2701","7765","13192","Returned","2021-11-28 03:14:44","2021-11-28 10:41:00","2021-12-01 22:51:00","2021-12-03 21:12:00","10.489999771118164"
"39988","27522","21976","9213","107934","Returned","2022-08-16 11:32:16","2022-08-15 11:28:00","2022-08-16 06:57:00","2022-08-17 17:24:00","10.489999771118164"
"107047","73967","59144","28905","289126","Returned","2022-05-16 06:18:21","2022-05-18 11:56:00","2022-05-23 04:22:00","2022-05-26 02:01:00","10.489999771118164"
"127018","87601","70136","13999","342960","Returned","2019-10-25 15:58:18","2019-10-27 07:48:00","2019-11-01 05:14:00","2019-11-02 22:56:00","10.489999771118164"
"96588","66743","53353","5903","260884","Shipped","2022-08-09 00:35:07","2022-08-09 11:25:00",NULL,NULL,"10.989999771118164"
"141380","97522","78212","28905","381754","Returned","2022-03-31 03:03:54","2022-04-01 15:38:00","2022-04-05 11:29:00","2022-04-07 00:52:00","10.489999771118164"
"149713","103325","82882","7765","404294","Returned","2022-08-26 14:57:36","2022-08-28 14:19:00","2022-08-30 21:00:00","2022-08-31 12:32:00","10.489999771118164"
"165420","114089","91467","28905","446769","Returned","2021-07-13 07:00:00","2021-07-15 08:51:00","2021-07-18 05:03:00","2021-07-18 19:43:00","10.489999771118164"
"25115","17306","13825","7910","67883","Cancelled","2022-04-25 10:12:37",NULL,NULL,NULL,"10.489999771118164"
"34689","23877","19069","15927","93709","Cancelled","2021-02-12 14:36:07",NULL,NULL,NULL,"10.489999771118164"
"36191","24919","19919","13999","97728","Cancelled","2022-08-03 22:40:35",NULL,NULL,NULL,"10.489999771118164"
"41242","28368","22631","7765","111346","Cancelled","2022-05-07 10:05:02",NULL,NULL,NULL,"10.489999771118164"
"42545","29273","23340","7765","114894","Cancelled","2022-07-26 10:23:45",NULL,NULL,NULL,"10.489999771118164"
"18616","12791","10259","28905","50400","Processing","2020-12-16 00:27:54",NULL,NULL,NULL,"10.489999771118164"
"32538","22393","17901","9213","87920","Processing","2021-06-07 13:09:23",NULL,NULL,NULL,"10.489999771118164"
"43685","30051","23960","28905","117984","Processing","2022-05-24 06:07:59",NULL,NULL,NULL,"10.489999771118164"
"57313","39508","31566","28905","154685","Processing","2022-05-31 09:57:38",NULL,NULL,NULL,"10.489999771118164"
"59197","40794","32583","13999","159765","Processing","2021-09-12 16:39:15",NULL,NULL,NULL,"10.489999771118164"
"86212","59573","47654","13999","232878","Processing","2022-02-28 21:18:45",NULL,NULL,NULL,"10.489999771118164"
"95675","66128","52883","15927","258450","Processing","2022-03-13 06:39:28",NULL,NULL,NULL,"10.489999771118164"
"101151","69899","55896","13999","273178","Processing","2020-05-31 11:48:02",NULL,NULL,NULL,"10.489999771118164"
"127667","88039","70506","13999","344684","Processing","2020-10-09 03:40:41",NULL,NULL,NULL,"10.489999771118164"
"146714","101215","81203","3823","396171","Processing","2021-06-23 13:33:14",NULL,NULL,NULL,"10.489999771118164"
"152096","104944","84212","3823","410774","Processing","2021-06-18 07:08:19",NULL,NULL,NULL,"10.489999771118164"
"173176","119432","95753","28905","467725","Processing","2022-08-11 00:04:32",NULL,NULL,NULL,"10.489999771118164"
"1497","1041","868","13637","4060","Shipped","2020-12-27 03:59:03","2020-12-27 10:37:00",NULL,NULL,"10.989999771118164"
"2343","1608","1295","251","6341","Shipped","2022-05-07 17:34:44","2022-05-10 13:40:00",NULL,NULL,"10.989999771118164"
"4369","2983","2404","10849","11853","Shipped","2020-12-02 21:12:54","2020-12-05 02:34:00",NULL,NULL,"10.989999771118164"
"4406","3008","2425","5755","11949","Shipped","2019-06-09 17:07:58","2019-06-09 16:42:00",NULL,NULL,"10.989999771118164"
"5254","3582","2930","12548","14219","Shipped","2019-07-16 16:40:23","2019-07-18 18:39:00",NULL,NULL,"10.989999771118164"
"5871","3994","3241","5755","15887","Shipped","2021-05-12 11:05:59","2021-05-14 22:37:00",NULL,NULL,"10.989999771118164"
"6381","4358","3538","14115","17267","Shipped","2021-05-14 03:59:52","2021-05-16 02:58:00",NULL,NULL,"10.989999771118164"
"6619","4511","3658","10849","17921","Shipped","2020-04-20 06:59:32","2020-04-21 18:20:00",NULL,NULL,"10.989999771118164"
"9007","6168","4982","25271","24424","Shipped","2022-08-18 09:28:58","2022-08-18 20:53:00",NULL,NULL,"10.989999771118164"
"9537","6562","5319","7868","25869","Shipped","2022-02-17 01:55:50","2022-02-17 03:59:00",NULL,NULL,"10.989999771118164"
"11101","7634","6196","25271","30083","Shipped","2021-11-23 14:35:28","2021-11-19 17:30:00",NULL,NULL,"10.989999771118164"
"17628","12127","9751","5958","47746","Shipped","2022-07-23 12:45:10","2022-07-24 07:33:00",NULL,NULL,"10.989999771118164"
"19520","13418","10766","7868","52820","Shipped","2021-01-16 00:33:38","2021-01-14 23:07:00",NULL,NULL,"10.989999771118164"
"19522","13420","10768","13633","52825","Shipped","2021-09-08 05:45:32","2021-09-09 12:27:00",NULL,NULL,"10.989999771118164"
"20442","14055","11261","6060","55329","Shipped","2021-10-14 05:31:57","2021-10-17 01:57:00",NULL,NULL,"10.989999771118164"
"21259","14617","11683","10977","57498","Shipped","2021-04-10 05:46:10","2021-04-10 22:44:00",NULL,NULL,"10.989999771118164"
"22230","15282","12210","15557","60071","Shipped","2022-01-04 23:35:51","2022-01-05 13:18:00",NULL,NULL,"10.989999771118164"
"23156","15936","12740","6763","62587","Shipped","2022-03-16 06:13:44","2022-03-15 03:42:00",NULL,NULL,"10.989999771118164"
"23417","16116","12881","12342","63295","Shipped","2020-12-05 12:05:26","2020-12-07 00:12:00",NULL,NULL,"10.989999771118164"
"24559","16897","13500","6060","66375","Shipped","2022-02-10 09:31:43","2022-02-13 03:00:00",NULL,NULL,"10.989999771118164"
"28477","19610","15678","24849","76977","Shipped","2022-02-28 15:28:08","2022-02-28 10:37:00",NULL,NULL,"10.989999771118164"
"28983","19959","15936","11043","78358","Shipped","2022-01-24 23:21:02","2022-01-23 17:50:00",NULL,NULL,"10.989999771118164"
"29141","20059","16028","9063","78778","Shipped","2021-05-09 00:49:11","2021-05-10 22:43:00",NULL,NULL,"10.989999771118164"
"30416","20950","16776","9431","82243","Shipped","2022-08-09 03:43:29","2022-08-06 09:07:00",NULL,NULL,"10.989999771118164"
"35617","24510","19584","13916","96185","Shipped","2022-04-15 18:40:51","2022-04-17 19:23:00",NULL,NULL,"10.989999771118164"
"36989","25469","20365","13637","99874","Shipped","2022-07-11 02:04:33","2022-07-10 15:15:00",NULL,NULL,"10.989999771118164"
"37522","25827","20632","303","101318","Shipped","2022-07-02 22:46:37","2022-07-04 10:38:00",NULL,NULL,"10.989999771118164"
"37800","26022","20795","7868","102046","Shipped","2022-01-25 03:17:48","2022-01-25 16:37:00",NULL,NULL,"10.989999771118164"
"38362","26417","21109","28469","103565","Shipped","2022-03-15 21:57:17","2022-03-17 16:00:00",NULL,NULL,"10.989999771118164"
"41641","28639","22840","15795","112403","Shipped","2021-12-24 14:24:29","2021-12-24 16:02:00",NULL,NULL,"10.989999771118164"
"42628","29329","23381","24700","115112","Shipped","2021-02-02 14:19:33","2021-02-04 17:37:00",NULL,NULL,"10.989999771118164"
"51861","35738","28553","6763","139986","Shipped","2021-08-09 06:39:38","2021-08-09 09:05:00",NULL,NULL,"10.989999771118164"
"53360","36779","29393","829","143989","Shipped","2021-11-03 23:22:56","2021-11-06 10:20:00",NULL,NULL,"10.989999771118164"
"61172","42116","33666","14157","165146","Shipped","2022-08-20 00:44:59","2022-08-22 08:32:00",NULL,NULL,"10.989999771118164"
"62392","42969","34350","6763","168416","Shipped","2022-04-09 12:41:05","2022-04-09 13:58:00",NULL,NULL,"10.989999771118164"
"63651","43826","35050","5838","171831","Shipped","2021-11-08 14:14:07","2021-11-05 06:30:00",NULL,NULL,"10.989999771118164"
"64626","44487","35594","251","174483","Shipped","2021-05-11 12:17:15","2021-05-12 01:52:00",NULL,NULL,"10.989999771118164"
"66639","45847","36667","5903","179927","Shipped","2021-12-24 08:06:10","2021-12-27 04:01:00",NULL,NULL,"10.989999771118164"
"67350","46343","37059","28464","181876","Shipped","2021-11-13 16:13:17","2021-11-16 07:42:00",NULL,NULL,"10.989999771118164"
"67367","46353","37068","28464","181918","Shipped","2021-03-08 07:55:26","2021-03-09 15:34:00",NULL,NULL,"10.989999771118164"
"69092","47566","38035","14040","186512","Shipped","2022-08-31 03:17:20","2022-08-30 08:19:00",NULL,NULL,"10.989999771118164"
"69570","47908","38304","5742","187789","Shipped","2021-06-25 23:09:36","2021-06-26 18:11:00",NULL,NULL,"10.989999771118164"
"70341","48443","38741","15491","189909","Shipped","2020-07-19 16:45:49","2020-07-19 00:54:00",NULL,NULL,"10.989999771118164"
"73299","50488","40413","12680","197922","Shipped","2020-12-01 03:41:50","2020-11-29 11:22:00",NULL,NULL,"10.989999771118164"
"77303","53298","42642","14115","208696","Shipped","2021-09-06 06:42:13","2021-09-06 09:32:00",NULL,NULL,"10.989999771118164"
"79404","54756","43794","15292","214394","Shipped","2022-03-07 11:46:55","2022-03-09 06:34:00",NULL,NULL,"10.989999771118164"
"81171","55991","44760","13916","219211","Shipped","2021-06-01 13:46:50","2021-06-03 08:39:00",NULL,NULL,"10.989999771118164"
"81323","56097","44835","5875","219622","Shipped","2020-11-11 12:09:31","2020-11-08 03:17:00",NULL,NULL,"10.989999771118164"
"82059","56621","45265","28469","221587","Shipped","2022-07-27 05:10:28","2022-07-29 18:34:00",NULL,NULL,"10.989999771118164"
"83853","57908","46300","24849","226475","Shipped","2022-09-07 11:08:21.724798","2022-09-05 21:07:25.724798",NULL,NULL,"10.989999771118164"
"87005","60128","48118","14040","235040","Shipped","2022-07-24 16:06:00","2022-07-27 03:06:00",NULL,NULL,"10.989999771118164"
"87278","60312","48271","25197","235784","Shipped","2022-08-19 09:31:25","2022-08-19 12:26:00",NULL,NULL,"10.989999771118164"
"87590","60526","48465","10954","236623","Shipped","2021-03-02 03:37:46","2021-03-01 01:07:00",NULL,NULL,"10.989999771118164"
"90989","62880","50342","13776","245788","Shipped","2022-03-05 08:09:39","2022-03-06 08:32:00",NULL,NULL,"10.989999771118164"
"91145","62981","50423","24700","246218","Shipped","2021-10-08 09:57:52","2021-10-07 20:47:00",NULL,NULL,"10.989999771118164"
"92590","63975","51211","4137","250079","Shipped","2022-08-18 18:27:35","2022-08-18 18:47:00",NULL,NULL,"10.989999771118164"
"93346","64507","51623","28871","252100","Shipped","2021-12-25 11:43:40","2021-12-25 17:22:00",NULL,NULL,"10.989999771118164"
"93549","64633","51713","15557","252656","Shipped","2021-04-27 01:04:05","2021-04-28 22:09:00",NULL,NULL,"10.989999771118164"
"94599","65353","52279","5755","255530","Shipped","2022-04-25 05:11:37","2022-04-22 08:25:00",NULL,NULL,"10.989999771118164"
"94733","65445","52359","12342","255910","Shipped","2022-08-17 06:08:11","2022-08-20 07:40:00",NULL,NULL,"10.989999771118164"
"95773","66197","52934","5742","258719","Shipped","2022-06-24 04:00:52","2022-06-25 03:37:00",NULL,NULL,"10.989999771118164"
"97650","67486","53936","14157","263787","Shipped","2021-10-21 11:20:14","2021-10-22 16:39:00",NULL,NULL,"10.989999771118164"
"97851","67622","54035","11427","264334","Shipped","2021-04-18 03:28:56","2021-04-17 09:47:00",NULL,NULL,"10.989999771118164"
"100867","69711","55745","25271","272427","Shipped","2019-09-30 00:50:31","2019-10-01 13:00:00",NULL,NULL,"10.989999771118164"
"103265","71353","57035","14040","278932","Shipped","2020-07-18 09:08:50","2020-07-19 07:24:00",NULL,NULL,"10.989999771118164"
"108992","75288","60196","24700","294422","Shipped","2022-06-27 08:32:54","2022-06-28 17:40:00",NULL,NULL,"10.989999771118164"
"109814","75847","60641","12301","296616","Shipped","2020-10-08 12:18:40","2020-10-10 20:22:00",NULL,NULL,"10.989999771118164"
"112864","77952","62352","13916","304843","Shipped","2021-12-11 11:05:35","2021-12-12 08:04:00",NULL,NULL,"10.989999771118164"
"112957","78023","62415","12548","305105","Shipped","2021-08-01 17:29:41","2021-07-29 15:55:00",NULL,NULL,"10.989999771118164"
"121105","83572","66917","13916","327005","Shipped","2020-09-09 00:02:49","2020-09-06 07:10:00",NULL,NULL,"10.989999771118164"
"121178","83625","66957","5755","327204","Shipped","2020-09-02 16:18:28","2020-09-05 06:53:00",NULL,NULL,"10.989999771118164"
"124373","85799","68668","28528","335750","Shipped","2022-08-18 12:04:05","2022-08-20 23:11:00",NULL,NULL,"10.989999771118164"
"124771","86082","68890","15557","336839","Shipped","2020-11-29 08:20:32","2020-11-28 04:19:00",NULL,NULL,"10.989999771118164"
"128984","88955","71254","14106","348272","Shipped","2022-04-29 13:12:27","2022-04-28 16:58:00",NULL,NULL,"10.989999771118164"
"129900","89594","71759","29004","350723","Shipped","2022-07-23 09:59:44","2022-07-23 21:19:00",NULL,NULL,"10.989999771118164"
"130690","90151","72197","14106","352874","Shipped","2020-09-26 15:45:45","2020-09-24 15:41:00",NULL,NULL,"10.989999771118164"
"132294","91263","73077","13776","357216","Shipped","2021-06-30 11:34:49","2021-07-01 13:34:00",NULL,NULL,"10.989999771118164"
"132484","91389","73186","25271","357735","Shipped","2022-06-23 04:38:20","2022-06-19 18:47:00",NULL,NULL,"10.989999771118164"
"136363","94105","75430","15970","368224","Shipped","2022-07-05 09:45:07","2022-07-06 23:19:00",NULL,NULL,"10.989999771118164"
"138487","95560","76615","4137","373953","Shipped","2021-11-28 13:24:47","2021-12-01 07:20:00",NULL,NULL,"10.989999771118164"
"140845","97153","77918","5875","380291","Shipped","2022-06-12 16:11:41","2022-06-09 17:20:00",NULL,NULL,"10.989999771118164"
"141563","97643","78300","2907","382247","Shipped","2021-11-21 11:24:17","2021-11-23 13:58:00",NULL,NULL,"10.989999771118164"
"142176","98075","78639","15491","383886","Shipped","2022-05-14 09:14:23","2022-05-14 18:27:00",NULL,NULL,"10.989999771118164"
"147224","101578","81480","9063","397519","Shipped","2022-01-19 08:29:16","2022-01-19 17:18:00",NULL,NULL,"10.989999771118164"
"148077","102182","81969","25197","399826","Shipped","2022-08-31 15:18:49","2022-09-01 13:06:00",NULL,NULL,"10.989999771118164"
"149162","102939","82568","2907","402795","Shipped","2022-09-06 05:31:37.964536","2022-09-07 01:59:32.964536",NULL,NULL,"10.989999771118164"
"149479","103165","82746","2907","403652","Shipped","2021-01-07 05:46:23","2021-01-08 11:38:00",NULL,NULL,"10.989999771118164"
"152659","105336","84506","29004","412269","Shipped","2020-12-18 07:14:09","2020-12-18 07:21:00",NULL,NULL,"10.989999771118164"
"155633","107365","86144","12301","420235","Shipped","2021-01-27 11:57:11","2021-01-27 03:03:00",NULL,NULL,"10.989999771118164"
"156614","108028","86639","10849","422857","Shipped","2022-01-17 04:13:03","2022-01-19 23:25:00",NULL,NULL,"10.989999771118164"
"158025","109001","87415","24849","426660","Shipped","2022-07-11 12:04:25","2022-07-12 13:49:00",NULL,NULL,"10.989999771118164"
"158372","109240","87611","11427","427591","Shipped","2021-10-15 05:04:53","2021-10-15 08:04:00",NULL,NULL,"10.989999771118164"
"160246","110550","88648","28464","432676","Shipped","2021-01-18 15:33:47","2021-01-21 03:57:00",NULL,NULL,"10.989999771118164"
"160931","111012","88998","449","434513","Shipped","2022-03-05 10:42:28","2022-03-07 16:27:00",NULL,NULL,"10.989999771118164"
"163553","112817","90462","28325","441643","Shipped","2021-10-14 00:44:06","2021-10-12 02:12:00",NULL,NULL,"10.989999771118164"
"163784","112980","90593","449","442258","Shipped","2021-08-22 03:10:06","2021-08-24 10:01:00",NULL,NULL,"10.989999771118164"
"164812","113675","91133","28325","445098","Shipped","2022-02-17 03:14:42","2022-02-14 00:38:00",NULL,NULL,"10.989999771118164"
"165325","114015","91412","9397","446512","Shipped","2021-03-04 00:39:58","2021-03-04 22:13:00",NULL,NULL,"10.989999771118164"
"165691","114274","91613","5907","447498","Shipped","2022-03-28 06:35:27","2022-03-30 13:58:00",NULL,NULL,"10.989999771118164"
"165771","114328","91650","15557","447718","Shipped","2021-04-22 08:41:48","2021-04-21 15:08:00",NULL,NULL,"10.989999771118164"
"166240","114648","91912","303","448983","Shipped","2020-09-17 11:55:24","2020-09-20 09:16:00",NULL,NULL,"10.989999771118164"
"178879","123381","98964","28464","483066","Shipped","2022-04-22 08:24:23","2022-04-23 07:11:00",NULL,NULL,"10.989999771118164"
"2538","1736","1407","829","6858","Complete","2022-07-01 12:33:35","2022-07-02 00:53:00","2022-07-02 23:47:00",NULL,"10.989999771118164"
"3238","2205","1771","29004","8766","Complete","2022-04-12 14:13:33","2022-04-10 21:21:00","2022-04-11 01:11:00",NULL,"10.989999771118164"
"4550","3121","2533","15491","12335","Complete","2020-12-25 22:44:49","2020-12-27 07:30:00","2021-01-01 06:25:00",NULL,"10.989999771118164"
"5008","3415","2785","13633","13546","Complete","2022-09-05 10:47:37.19178","2022-09-06 17:20:03.19178","2022-09-08 08:20:03.19178",NULL,"10.989999771118164"
"6334","4322","3509","10954","17134","Complete","2022-05-14 14:12:26","2022-05-16 17:18:00","2022-05-16 20:00:00",NULL,"10.989999771118164"
"7353","5026","4079","11043","19930","Complete","2021-11-14 23:10:10","2021-11-14 06:39:00","2021-11-18 05:56:00",NULL,"10.989999771118164"
"7476","5118","4152","10849","20255","Complete","2021-07-27 18:36:00","2021-07-28 13:40:00","2021-07-31 22:10:00",NULL,"10.989999771118164"
"8090","5545","4489","15491","21946","Complete","2020-10-18 10:55:35","2020-10-19 04:43:00","2020-10-20 00:48:00",NULL,"10.989999771118164"
"13607","9371","7553","13776","36880","Complete","2019-12-22 01:52:43","2019-12-24 20:09:00","2019-12-25 03:27:00",NULL,"10.989999771118164"
"17217","11852","9522","15557","46620","Complete","2021-09-03 06:29:58","2021-09-02 00:47:00","2021-09-02 14:58:00",NULL,"10.989999771118164"
"17561","12076","9707","15491","47565","Complete","2020-09-24 02:46:51","2020-09-24 00:27:00","2020-09-28 11:06:00",NULL,"10.989999771118164"
"21017","14451","11564","28528","56873","Complete","2021-09-24 10:24:39","2021-09-24 16:42:00","2021-09-27 20:49:00",NULL,"10.989999771118164"
"28821","19841","15852","5755","77915","Complete","2021-11-12 15:01:25","2021-11-14 13:21:00","2021-11-16 16:24:00",NULL,"10.989999771118164"
"29441","20269","16197","5862","79584","Complete","2020-10-23 03:09:45","2020-10-24 06:36:00","2020-10-24 23:06:00",NULL,"10.989999771118164"
"31573","21722","17384","15491","85340","Complete","2021-04-04 13:59:53","2021-04-06 09:48:00","2021-04-10 10:14:00",NULL,"10.989999771118164"
"32637","22463","17955","28464","88199","Complete","2021-12-31 01:53:29","2022-01-02 19:13:00","2022-01-04 07:16:00",NULL,"10.989999771118164"
"37105","25553","20421","14106","100192","Complete","2022-01-07 11:12:00","2022-01-04 14:18:00","2022-01-06 10:25:00",NULL,"10.989999771118164"
"37133","25574","20434","26418","100270","Complete","2021-04-09 08:15:27","2021-04-10 19:26:00","2021-04-14 22:12:00",NULL,"10.989999771118164"
"38031","26184","20928","5838","102673","Complete","2022-08-09 08:57:47","2022-08-07 20:41:00","2022-08-08 01:24:00",NULL,"10.989999771118164"
"38059","26201","20938","28325","102747","Complete","2022-08-30 06:17:38","2022-09-01 00:51:00","2022-09-04 20:00:00",NULL,"10.989999771118164"
"38254","26334","21042","24849","103274","Complete","2020-11-06 03:18:28","2020-11-04 22:47:00","2020-11-09 16:34:00",NULL,"10.989999771118164"
"40297","27736","22151","24873","108769","Complete","2022-08-26 04:40:09","2022-08-27 23:22:00","2022-08-30 12:48:00",NULL,"10.989999771118164"
"41417","28486","22725","28469","111802","Complete","2019-11-16 00:50:05","2019-11-18 03:38:00","2019-11-22 03:37:00",NULL,"10.989999771118164"
"43009","29594","23607","6763","116146","Complete","2021-12-26 13:34:52","2021-12-27 05:18:00","2021-12-29 01:13:00",NULL,"10.989999771118164"
"47393","32654","26064","9397","127924","Complete","2022-04-18 08:30:02","2022-04-19 01:04:00","2022-04-22 18:48:00",NULL,"10.989999771118164"
"50999","35158","28059","10977","137662","Complete","2021-01-22 12:36:51","2021-01-19 15:45:00","2021-01-19 21:14:00",NULL,"10.989999771118164"
"51942","35797","28597","829","140216","Complete","2021-02-18 00:01:28","2021-02-19 01:55:00","2021-02-20 06:47:00",NULL,"10.989999771118164"
"54237","37378","29868","13637","146361","Complete","2022-04-12 03:19:41","2022-04-14 01:05:00","2022-04-17 03:21:00",NULL,"10.989999771118164"
"59373","40910","32675","28325","160257","Complete","2022-08-21 00:55:57","2022-08-23 16:30:00","2022-08-27 22:35:00",NULL,"10.989999771118164"
"60516","41679","33320","11427","163385","Complete","2021-05-18 15:23:49","2021-05-21 05:57:00","2021-05-24 13:36:00",NULL,"10.989999771118164"
"61182","42125","33673","10849","165169","Complete","2021-11-08 13:35:59","2021-11-09 16:07:00","2021-11-10 11:29:00",NULL,"10.989999771118164"
"61384","42268","33793","29004","165709","Complete","2022-07-27 04:40:08","2022-07-27 13:31:00","2022-07-28 18:14:00",NULL,"10.989999771118164"
"63485","43711","34952","28528","171401","Complete","2022-08-21 23:10:02","2022-08-24 10:28:00","2022-08-25 21:54:00",NULL,"10.989999771118164"
"66064","45469","36352","5875","178396","Complete","2021-08-14 09:58:09","2021-08-14 01:09:00","2021-08-15 16:25:00",NULL,"10.989999771118164"
"66168","45535","36398","25726","178672","Complete","2022-02-22 04:27:38","2022-02-24 10:15:00","2022-02-27 05:57:00",NULL,"10.989999771118164"
"66960","46065","36838","449","180798","Complete","2022-08-21 04:18:33","2022-08-22 06:39:00","2022-08-26 22:22:00",NULL,"10.989999771118164"
"70422","48498","38789","14106","190129","Complete","2021-06-18 07:54:36","2021-06-18 12:13:00","2021-06-20 00:27:00",NULL,"10.989999771118164"
"72477","49917","39949","6060","195700","Complete","2022-01-24 13:36:35","2022-01-21 05:55:00","2022-01-25 01:00:00",NULL,"10.989999771118164"
"72520","49949","39975","25726","195822","Complete","2022-08-27 03:11:25","2022-08-29 16:06:00","2022-08-30 20:26:00",NULL,"10.989999771118164"
"74497","51331","41070","6060","201141","Complete","2022-07-09 23:22:12","2022-07-11 14:43:00","2022-07-12 12:06:00",NULL,"10.989999771118164"
"78069","53838","43061","15292","210765","Complete","2021-05-26 22:43:02","2021-05-23 15:50:00","2021-05-26 06:33:00",NULL,"10.989999771118164"
"78799","54333","43487","28469","212730","Complete","2022-08-19 01:03:00","2022-08-22 01:28:00","2022-08-24 22:03:00",NULL,"10.989999771118164"
"84744","58547","46829","449","228889","Complete","2021-11-19 01:29:25","2021-11-20 11:21:00","2021-11-25 03:32:00",NULL,"10.989999771118164"
"86137","59520","47620","5958","232686","Complete","2022-06-30 07:47:42","2022-07-01 06:07:00","2022-07-02 16:20:00",NULL,"10.989999771118164"
"86248","59598","47683","13735","232971","Complete","2021-12-05 09:53:55","2021-12-07 02:45:00","2021-12-10 12:18:00",NULL,"10.989999771118164"
"88732","61338","49118","9063","239726","Complete","2022-07-15 02:43:25","2022-07-16 15:02:00","2022-07-19 03:34:00",NULL,"10.989999771118164"
"90596","62612","50124","6060","244750","Complete","2022-06-22 05:49:38","2022-06-23 19:35:00","2022-06-24 12:34:00",NULL,"10.989999771118164"
"91629","63312","50695","5907","247511","Complete","2021-02-09 14:17:28","2021-02-07 00:21:00","2021-02-09 09:07:00",NULL,"10.989999771118164"
"91762","63406","50763","14115","247858","Complete","2021-10-17 23:13:25","2021-10-19 19:15:00","2021-10-20 08:04:00",NULL,"10.989999771118164"
"95302","65871","52687","28325","257430","Complete","2021-04-11 02:15:59","2021-04-12 20:58:00","2021-04-13 23:51:00",NULL,"10.989999771118164"
"95974","66331","53041","26418","259255","Complete","2022-09-01 09:53:41","2022-09-01 09:49:00","2022-09-06 07:53:00",NULL,"10.989999771118164"
"96562","66728","53341","12342","260819","Complete","2021-12-05 01:27:49","2021-12-01 14:12:00","2021-12-05 08:22:00",NULL,"10.989999771118164"
"98919","68347","54645","13916","267208","Complete","2022-09-03 06:51:01.171658","2022-09-04 04:50:07.171658","2022-09-06 07:47:07.171658",NULL,"10.989999771118164"
"101882","70413","56299","4137","275158","Complete","2021-12-18 18:01:31","2021-12-20 13:07:00","2021-12-22 08:18:00",NULL,"10.989999771118164"
"103286","71366","57047","15795","278989","Complete","2021-06-05 15:39:32","2021-06-04 18:44:00","2021-06-06 00:28:00",NULL,"10.989999771118164"
"108370","74872","59871","6763","292748","Complete","2022-09-01 05:37:23","2022-09-01 17:22:00","2022-09-02 12:48:00",NULL,"10.989999771118164"
"108900","75228","60151","2907","294170","Complete","2022-06-26 02:19:59","2022-06-26 04:08:00","2022-06-26 07:56:00",NULL,"10.989999771118164"
"114947","79395","63512","11427","310462","Complete","2022-06-12 17:28:19","2022-06-15 06:51:00","2022-06-20 01:34:00",NULL,"10.989999771118164"
"115713","79910","63947","14115","312504","Complete","2022-09-05 03:41:21.978502","2022-09-06 15:56:19.978502","2022-09-09 16:47:19.978502",NULL,"10.989999771118164"
"117279","80957","64830","10849","316708","Complete","2020-10-28 15:33:00","2020-10-29 10:13:00","2020-10-30 21:03:00",NULL,"10.989999771118164"
"118770","81993","65640","12680","320704","Complete","2022-01-02 06:03:06","2022-01-04 16:48:00","2022-01-05 13:12:00",NULL,"10.989999771118164"
"119858","82740","66234","5742","323598","Complete","2020-09-03 09:25:46","2020-08-31 23:44:00","2020-09-03 05:29:00",NULL,"10.989999771118164"
"121977","84149","67361","5838","329336","Complete","2021-08-12 13:43:41","2021-08-14 09:17:00","2021-08-17 12:40:00",NULL,"10.989999771118164"
"122085","84220","67415","29004","329630","Complete","2022-07-13 14:28:44","2022-07-14 06:43:00","2022-07-15 03:59:00",NULL,"10.989999771118164"
"123881","85464","68387","25197","334452","Complete","2022-06-15 18:11:43","2022-06-16 09:53:00","2022-06-16 18:08:00",NULL,"10.989999771118164"
"127346","87816","70310","6060","343802","Complete","2022-02-23 23:38:49","2022-02-23 02:34:00","2022-02-26 06:55:00",NULL,"10.989999771118164"
"127598","87991","70461","12301","344489","Complete","2022-03-07 16:19:52","2022-03-08 00:43:00","2022-03-09 02:58:00",NULL,"10.989999771118164"
"127860","88179","70620","5862","345215","Complete","2022-08-30 11:44:43","2022-08-31 09:21:00","2022-09-04 16:42:00",NULL,"10.989999771118164"
"127873","88188","70624","10849","345255","Complete","2021-11-06 10:53:11","2021-11-07 00:11:00","2021-11-09 11:42:00",NULL,"10.989999771118164"
"128507","88626","70987","6060","346995","Complete","2022-07-11 15:46:58","2022-07-11 10:09:00","2022-07-11 17:29:00",NULL,"10.989999771118164"
"132821","91631","73396","5755","358662","Complete","2021-03-03 02:43:29","2021-03-05 01:42:00","2021-03-08 00:05:00",NULL,"10.989999771118164"
"137271","94719","75929","449","370664","Complete","2022-03-09 08:46:46","2022-03-11 21:12:00","2022-03-13 19:45:00",NULL,"10.989999771118164"
"138002","95234","76344","25726","372622","Complete","2019-10-14 07:55:07","2019-10-13 23:16:00","2019-10-18 15:43:00",NULL,"10.989999771118164"
"140054","96615","77474","303","378173","Complete","2022-03-28 04:15:25","2022-03-29 09:56:00","2022-04-02 16:13:00",NULL,"10.989999771118164"
"145913","100685","80781","15557","394011","Complete","2022-08-20 23:12:17","2022-08-21 13:54:00","2022-08-25 21:22:00",NULL,"10.989999771118164"
"153040","105580","84713","4137","413278","Complete","2021-11-14 02:36:26","2021-11-15 20:25:00","2021-11-16 04:07:00",NULL,"10.989999771118164"
"153249","105723","84808","28464","413863","Complete","2022-06-18 23:40:34","2022-06-17 10:20:00","2022-06-19 07:24:00",NULL,"10.989999771118164"
"154543","106634","85538","12301","417313","Complete","2022-09-08 14:25:04.293562","2022-09-08 09:57:55.293562","2022-09-12 23:11:55.293562",NULL,"10.989999771118164"
"157363","108534","87039","24700","424897","Complete","2021-01-07 05:18:21","2021-01-07 17:43:00","2021-01-09 18:13:00",NULL,"10.989999771118164"
"158981","109665","87949","13633","429241","Complete","2022-02-14 21:20:41","2022-02-16 07:54:00","2022-02-20 14:34:00",NULL,"10.989999771118164"
"159211","109832","88083","10849","429866","Complete","2021-03-16 17:28:43","2021-03-17 21:43:00","2021-03-21 14:10:00",NULL,"10.989999771118164"
"160682","110853","88885","15254","433842","Complete","2019-07-20 10:56:31","2019-07-19 03:06:00","2019-07-21 19:26:00",NULL,"10.989999771118164"
"161476","111384","89308","29004","435988","Complete","2021-12-22 10:37:24","2021-12-24 14:44:00","2021-12-29 14:27:00",NULL,"10.989999771118164"
"162013","111738","89582","13637","437467","Complete","2019-08-17 15:06:53","2019-08-15 13:00:00","2019-08-17 06:35:00",NULL,"10.989999771118164"
"166484","114813","92039","5862","449649","Complete","2022-06-01 04:55:15","2022-06-03 04:27:00","2022-06-03 16:23:00",NULL,"10.989999771118164"
"166945","115133","92279","15491","450886","Complete","2022-07-23 02:49:00","2022-07-25 00:55:00","2022-07-28 03:22:00",NULL,"10.989999771118164"
"167394","115439","92528","14106","452079","Complete","2022-02-04 15:10:59","2022-02-05 04:09:00","2022-02-08 12:05:00",NULL,"10.989999771118164"
"169278","116747","93608","6763","457128","Complete","2022-04-09 17:24:21","2022-04-10 19:23:00","2022-04-13 17:38:00",NULL,"10.989999771118164"
"172202","118744","95199","5958","465086","Complete","2022-04-13 17:25:23","2022-04-15 10:09:00","2022-04-16 09:57:00",NULL,"10.989999771118164"
"172810","119183","95540","5907","466734","Complete","2020-06-27 05:51:43","2020-06-29 04:21:00","2020-07-02 19:11:00",NULL,"10.989999771118164"
"174069","120057","96276","25197","470059","Complete","2019-06-28 04:05:23","2019-06-30 08:37:00","2019-06-30 19:22:00",NULL,"10.989999771118164"
"3311","2249","1804","5755","8961","Returned","2022-08-23 05:13:16","2022-08-23 12:27:00","2022-08-25 15:53:00","2022-08-26 01:47:00","10.989999771118164"
"4927","3356","2732","13633","13340","Returned","2022-01-07 02:37:23","2022-01-07 10:52:00","2022-01-08 05:24:00","2022-01-08 14:21:00","10.989999771118164"
"12607","8699","7023","5875","34164","Returned","2021-11-21 04:52:07","2021-11-22 02:35:00","2021-11-24 17:05:00","2021-11-24 21:06:00","10.989999771118164"
"30387","20931","16757","15970","82169","Returned","2020-09-29 23:46:23","2020-09-30 16:01:00","2020-10-01 01:04:00","2020-10-01 17:22:00","10.989999771118164"
"30521","21027","16837","12548","82527","Returned","2021-03-22 09:24:51","2021-03-23 08:41:00","2021-03-24 21:03:00","2021-03-26 12:29:00","10.989999771118164"
"30600","21077","16869","25726","82743","Returned","2022-07-23 14:51:59","2022-07-23 15:30:00","2022-07-24 07:57:00","2022-07-25 23:55:00","10.989999771118164"
"36879","25383","20295","25271","99570","Returned","2021-09-13 02:38:53","2021-09-15 01:19:00","2021-09-15 15:58:00","2021-09-18 02:19:00","10.989999771118164"
"39157","26959","21532","29004","105726","Returned","2021-09-23 03:41:29","2021-09-23 23:15:00","2021-09-26 13:59:00","2021-09-29 06:39:00","10.989999771118164"
"40507","27872","22250","5875","109354","Returned","2022-07-13 08:53:13","2022-07-12 22:05:00","2022-07-16 11:23:00","2022-07-17 17:00:00","10.989999771118164"
"47159","32499","25952","15664","127288","Returned","2021-01-18 15:47:17","2021-01-18 19:43:00","2021-01-19 13:07:00","2021-01-19 18:26:00","10.989999771118164"
"48882","33677","26895","14106","131907","Returned","2022-02-12 10:47:21","2022-02-13 11:57:00","2022-02-14 01:55:00","2022-02-16 13:19:00","10.989999771118164"
"53052","36571","29222","9431","143156","Returned","2022-08-19 17:25:52","2022-08-21 09:00:00","2022-08-22 06:48:00","2022-08-23 07:50:00","10.989999771118164"
"68120","46880","37502","24873","183921","Returned","2022-09-03 13:35:40.978618","2022-09-04 09:08:31.978618","2022-09-08 06:20:31.978618","2022-09-09 08:35:31.978618","10.989999771118164"
"69800","48055","38425","5838","188424","Returned","2022-05-30 22:42:06","2022-05-29 15:57:00","2022-05-31 04:47:00","2022-06-02 03:15:00","10.989999771118164"
"70317","48427","38732","28469","189841","Returned","2021-03-20 01:14:03","2021-03-22 18:35:00","2021-03-25 02:19:00","2021-03-25 11:47:00","10.989999771118164"
"71653","49346","39493","5862","193442","Returned","2020-06-17 06:31:21","2020-06-14 16:09:00","2020-06-16 08:21:00","2020-06-17 20:57:00","10.989999771118164"
"72985","50278","40251","9431","197073","Returned","2022-08-23 15:36:13","2022-08-24 22:15:00","2022-08-25 20:32:00","2022-08-28 15:11:00","10.989999771118164"
"76722","52892","42320","24700","207185","Returned","2022-01-26 04:25:16","2022-01-22 05:09:00","2022-01-27 04:32:00","2022-01-28 11:56:00","10.989999771118164"
"80063","55211","44161","13637","216173","Returned","2020-03-27 08:29:44","2020-03-29 06:15:00","2020-04-03 02:30:00","2020-04-04 20:03:00","10.989999771118164"
"80366","55429","44320","14106","217009","Returned","2020-04-03 00:39:20","2020-04-05 20:28:00","2020-04-09 19:20:00","2020-04-11 10:40:00","10.989999771118164"
"91248","63049","50469","9397","246493","Returned","2022-04-18 09:01:07","2022-04-19 22:01:00","2022-04-21 22:51:00","2022-04-24 20:24:00","10.989999771118164"
"120081","82887","66353","9397","324215","Returned","2022-01-06 03:10:47","2022-01-06 12:30:00","2022-01-07 07:49:00","2022-01-09 04:12:00","10.989999771118164"
"121710","83979","67237","15970","328625","Returned","2021-08-05 09:54:28","2021-08-06 16:56:00","2021-08-11 07:14:00","2021-08-13 23:38:00","10.989999771118164"
"126788","87444","69993","11427","342331","Returned","2020-09-19 02:34:07","2020-09-17 11:47:00","2020-09-17 21:29:00","2020-09-18 17:03:00","10.989999771118164"
"129679","89436","71646","11043","350123","Returned","2021-10-08 09:42:38","2021-10-11 03:27:00","2021-10-14 11:45:00","2021-10-16 13:30:00","10.989999771118164"
"132549","91430","73224","5838","357917","Returned","2021-08-25 09:49:58","2021-08-24 08:44:00","2021-08-28 03:09:00","2021-08-30 18:05:00","10.989999771118164"
"136064","93893","75252","12301","367426","Returned","2021-10-18 08:53:54","2021-10-21 04:07:00","2021-10-22 21:06:00","2021-10-25 03:06:00","10.989999771118164"
"138315","95447","76523","15970","373489","Returned","2021-05-10 04:02:22","2021-05-12 16:07:00","2021-05-16 15:15:00","2021-05-19 09:51:00","10.989999771118164"
"148967","102797","82462","9063","402261","Returned","2022-08-07 07:27:38","2022-08-07 20:53:00","2022-08-09 01:01:00","2022-08-11 13:09:00","10.989999771118164"
"152807","105426","84581","251","412660","Returned","2019-08-09 00:22:41","2019-08-11 18:33:00","2019-08-11 21:16:00","2019-08-12 20:48:00","10.989999771118164"
"153197","105686","84790","5907","413725","Returned","2020-07-02 04:35:03","2020-07-04 19:25:00","2020-07-07 23:33:00","2020-07-09 22:08:00","10.989999771118164"
"162250","111900","89716","24849","438113","Returned","2022-06-22 10:07:00","2022-06-23 23:30:00","2022-06-25 03:24:00","2022-06-27 18:08:00","10.989999771118164"
"164366","113379","90910","28469","443879","Returned","2021-10-24 01:59:18","2021-10-24 03:47:00","2021-10-27 22:11:00","2021-10-29 17:41:00","10.989999771118164"
"165191","113919","91338","28325","446136","Returned","2022-05-01 07:54:25","2022-05-02 15:42:00","2022-05-04 02:25:00","2022-05-05 03:17:00","10.989999771118164"
"173629","119759","96026","303","468886","Returned","2022-07-28 15:06:25","2022-07-29 00:09:00","2022-08-02 01:56:00","2022-08-02 12:05:00","10.989999771118164"
"176846","121963","97817","14106","477627","Returned","2022-04-27 02:19:24","2022-04-27 18:07:00","2022-04-28 19:24:00","2022-05-01 04:57:00","10.989999771118164"
"178599","123187","98805","251","482327","Returned","2021-05-28 13:58:23","2021-05-31 07:04:00","2021-06-01 20:20:00","2021-06-02 01:19:00","10.989999771118164"
"944","665","556","5742","2538","Cancelled","2020-12-16 13:20:00",NULL,NULL,NULL,"10.989999771118164"
"2098","1445","1167","14279","5679","Cancelled","2021-10-16 02:05:16",NULL,NULL,NULL,"10.989999771118164"
"5514","3765","3067","24849","14936","Cancelled","2022-05-16 14:56:03",NULL,NULL,NULL,"10.989999771118164"
"10296","7087","5775","28871","27916","Cancelled","2021-01-25 17:03:08",NULL,NULL,NULL,"10.989999771118164"
"12800","8838","7135","13916","34688","Cancelled","2022-06-28 11:22:39",NULL,NULL,NULL,"10.989999771118164"
"13796","9507","7653","15491","37391","Cancelled","2021-01-28 06:08:27",NULL,NULL,NULL,"10.989999771118164"
"14231","9794","7896","13916","38569","Cancelled","2021-11-22 23:37:10",NULL,NULL,NULL,"10.989999771118164"
"16673","11470","9231","24849","45128","Cancelled","2021-01-10 13:16:08",NULL,NULL,NULL,"10.989999771118164"
"17973","12356","9937","24849","48693","Cancelled","2020-05-21 04:42:23",NULL,NULL,NULL,"10.989999771118164"
"19584","13460","10798","26418","52996","Cancelled","2022-04-07 09:44:14",NULL,NULL,NULL,"10.989999771118164"
"20149","13853","11103","18581","54532","Cancelled","2022-09-02 00:28:17.54669",NULL,NULL,NULL,"10.989999771118164"
"24903","17152","13704","7868","67311","Cancelled","2020-01-25 06:15:19",NULL,NULL,NULL,"10.989999771118164"
"26752","18428","14713","5903","72314","Cancelled","2021-11-18 13:48:37",NULL,NULL,NULL,"10.989999771118164"
"28624","19706","15755","12548","77368","Cancelled","2021-06-17 17:35:59",NULL,NULL,NULL,"10.989999771118164"
"30994","21324","17075","11427","83783","Cancelled","2020-04-18 22:22:43",NULL,NULL,NULL,"10.989999771118164"
"32332","22250","17788","829","87353","Cancelled","2022-03-05 10:39:42",NULL,NULL,NULL,"10.989999771118164"
"32963","22696","18126","12342","89053","Cancelled","2020-04-04 09:46:51",NULL,NULL,NULL,"10.989999771118164"
"34668","23863","19057","5903","93655","Cancelled","2021-12-25 13:13:49",NULL,NULL,NULL,"10.989999771118164"
"35867","24691","19743","5875","96855","Cancelled","2022-06-15 06:57:31",NULL,NULL,NULL,"10.989999771118164"
"40121","27618","22058","18581","108298","Cancelled","2022-03-14 02:41:08",NULL,NULL,NULL,"10.989999771118164"
"44669","30745","24534","14115","120650","Cancelled","2022-05-01 15:09:00",NULL,NULL,NULL,"10.989999771118164"
"45760","31507","25146","15664","123560","Cancelled","2022-09-01 05:45:24",NULL,NULL,NULL,"10.989999771118164"
"48565","33457","26723","14157","131066","Cancelled","2022-06-27 07:10:46",NULL,NULL,NULL,"10.989999771118164"
"50364","34692","27696","14157","135952","Cancelled","2021-11-21 11:49:20",NULL,NULL,NULL,"10.989999771118164"
"51092","35224","28117","18085","137916","Cancelled","2021-04-18 09:49:46",NULL,NULL,NULL,"10.989999771118164"
"51283","35349","28223","12342","138417","Cancelled","2022-05-16 16:06:23",NULL,NULL,NULL,"10.989999771118164"
"54996","37919","30288","25197","148402","Cancelled","2021-01-03 00:25:18",NULL,NULL,NULL,"10.989999771118164"
"60184","41452","33125","12680","162489","Cancelled","2022-09-04 05:23:20",NULL,NULL,NULL,"10.989999771118164"
"62698","43177","34529","15254","169261","Cancelled","2022-06-20 23:20:34",NULL,NULL,NULL,"10.989999771118164"
"63764","43900","35110","15970","172141","Cancelled","2022-07-25 14:25:32",NULL,NULL,NULL,"10.989999771118164"
"63771","43903","35112","8854","172161","Cancelled","2022-04-20 00:55:24",NULL,NULL,NULL,"10.989999771118164"
"65159","44858","35869","5875","175952","Cancelled","2022-04-12 09:08:35",NULL,NULL,NULL,"10.989999771118164"
"65252","44928","35921","10977","176193","Cancelled","2022-05-25 01:49:52",NULL,NULL,NULL,"10.989999771118164"
"65929","45382","36283","18085","178024","Cancelled","2022-08-25 23:54:00",NULL,NULL,NULL,"10.989999771118164"
"67154","46199","36943","5907","181340","Cancelled","2022-09-06 12:55:12",NULL,NULL,NULL,"10.989999771118164"
"69619","47935","38325","13776","187927","Cancelled","2022-07-05 02:49:48",NULL,NULL,NULL,"10.989999771118164"
"73803","50827","40662","26418","199267","Cancelled","2021-02-03 04:52:57",NULL,NULL,NULL,"10.989999771118164"
"74362","51232","40991","26418","200784","Cancelled","2021-12-25 11:35:29",NULL,NULL,NULL,"10.989999771118164"
"75229","51837","41471","24700","203103","Cancelled","2021-01-03 09:08:51",NULL,NULL,NULL,"10.989999771118164"
"75334","51910","41534","24873","203387","Cancelled","2021-08-26 09:12:20",NULL,NULL,NULL,"10.989999771118164"
"76236","52537","42042","13637","205871","Cancelled","2022-09-04 08:22:09",NULL,NULL,NULL,"10.989999771118164"
"77771","53622","42905","14106","209931","Cancelled","2020-05-15 08:27:41",NULL,NULL,NULL,"10.989999771118164"
"78929","54420","43547","13916","213087","Cancelled","2021-11-18 13:47:45",NULL,NULL,NULL,"10.989999771118164"
"82858","57201","45734","13633","223775","Cancelled","2021-12-19 23:54:39",NULL,NULL,NULL,"10.989999771118164"
"87025","60144","48132","829","235089","Cancelled","2022-05-06 23:32:26",NULL,NULL,NULL,"10.989999771118164"
"87040","60153","48139","28325","235129","Cancelled","2022-09-07 07:23:01.178209",NULL,NULL,NULL,"10.989999771118164"
"90166","62322","49891","251","243595","Cancelled","2022-04-14 09:05:19",NULL,NULL,NULL,"10.989999771118164"
"91158","62988","50429","8854","246252","Cancelled","2022-08-19 13:06:13",NULL,NULL,NULL,"10.989999771118164"
"93528","64623","51707","5742","252600","Cancelled","2022-08-23 00:28:04",NULL,NULL,NULL,"10.989999771118164"
"95935","66305","53019","15491","259153","Cancelled","2020-08-02 14:35:23",NULL,NULL,NULL,"10.989999771118164"
"100729","69607","55667","14279","272047","Cancelled","2021-11-27 02:50:05",NULL,NULL,NULL,"10.989999771118164"
"101690","70268","56182","12680","274635","Cancelled","2022-03-12 07:04:16",NULL,NULL,NULL,"10.989999771118164"
"109407","75579","60417","13637","295525","Cancelled","2021-12-08 01:14:52",NULL,NULL,NULL,"10.989999771118164"
"109483","75630","60454","449","295735","Cancelled","2021-06-17 15:18:55",NULL,NULL,NULL,"10.989999771118164"
"110879","76597","61267","13633","299450","Cancelled","2022-08-14 16:21:00",NULL,NULL,NULL,"10.989999771118164"
"111960","77333","61874","13637","302388","Cancelled","2022-04-24 02:23:45",NULL,NULL,NULL,"10.989999771118164"
"113155","78157","62517","15557","305624","Cancelled","2021-11-02 14:44:39",NULL,NULL,NULL,"10.989999771118164"
"114164","78854","63077","10849","308337","Cancelled","2022-07-31 15:32:52",NULL,NULL,NULL,"10.989999771118164"
"115081","79479","63595","5838","310830","Cancelled","2022-05-04 03:40:21",NULL,NULL,NULL,"10.989999771118164"
"116148","80202","64198","10977","313700","Cancelled","2022-06-19 03:16:35",NULL,NULL,NULL,"10.989999771118164"
"116748","80599","64533","12301","315313","Cancelled","2021-07-19 07:59:02",NULL,NULL,NULL,"10.989999771118164"
"120037","82858","66332","4137","324103","Cancelled","2022-08-04 10:12:52",NULL,NULL,NULL,"10.989999771118164"
"125672","86691","69364","24700","339279","Cancelled","2022-07-11 08:07:29",NULL,NULL,NULL,"10.989999771118164"
"133595","92170","73815","11427","360742","Cancelled","2022-08-11 13:06:38",NULL,NULL,NULL,"10.989999771118164"
"136027","93871","75231","15970","367327","Cancelled","2022-03-07 17:42:42",NULL,NULL,NULL,"10.989999771118164"
"137281","94727","75934","8854","370687","Cancelled","2021-02-07 05:16:01",NULL,NULL,NULL,"10.989999771118164"
"140093","96646","77507","10954","378278","Cancelled","2022-08-07 06:33:10",NULL,NULL,NULL,"10.989999771118164"
"142622","98403","78906","24849","385081","Cancelled","2021-05-26 03:15:53",NULL,NULL,NULL,"10.989999771118164"
"143622","99098","79462","18581","387777","Cancelled","2021-01-19 22:31:07",NULL,NULL,NULL,"10.989999771118164"
"148457","102435","82174","5862","400869","Cancelled","2022-05-27 12:17:12",NULL,NULL,NULL,"10.989999771118164"
"156017","107633","86342","12342","421248","Cancelled","2020-08-03 12:02:01",NULL,NULL,NULL,"10.989999771118164"
"158062","109025","87434","14040","426762","Cancelled","2021-10-27 12:31:29",NULL,NULL,NULL,"10.989999771118164"
"158978","109663","87945","18085","429231","Cancelled","2022-08-09 08:00:26",NULL,NULL,NULL,"10.989999771118164"
"159325","109914","88144","25197","430174","Cancelled","2022-03-07 07:02:22",NULL,NULL,NULL,"10.989999771118164"
"160610","110807","88850","13776","433650","Cancelled","2022-08-22 14:05:39",NULL,NULL,NULL,"10.989999771118164"
"161338","111290","89230","5838","435605","Cancelled","2021-06-14 23:46:42",NULL,NULL,NULL,"10.989999771118164"
"163482","112767","90423","25271","441440","Cancelled","2021-02-27 06:55:37",NULL,NULL,NULL,"10.989999771118164"
"165433","114097","91472","24700","446805","Cancelled","2020-02-05 14:54:32",NULL,NULL,NULL,"10.989999771118164"
"167943","115819","92854","4137","453512","Cancelled","2022-06-16 11:50:10",NULL,NULL,NULL,"10.989999771118164"
"171189","118018","94643","10977","462339","Cancelled","2020-12-17 21:17:34",NULL,NULL,NULL,"10.989999771118164"
"171768","118437","94960","24700","463904","Cancelled","2021-04-26 01:31:00",NULL,NULL,NULL,"10.989999771118164"
"172645","119060","95434","11043","466279","Cancelled","2022-03-06 10:33:42",NULL,NULL,NULL,"10.989999771118164"
"174259","120184","96384","829","470574","Cancelled","2021-09-11 09:27:06",NULL,NULL,NULL,"10.989999771118164"
"176240","121541","97474","1048","475978","Cancelled","2021-09-03 02:13:29",NULL,NULL,NULL,"10.989999771118164"
"179152","123564","99116","5875","483804","Cancelled","2022-06-08 03:42:41",NULL,NULL,NULL,"10.989999771118164"
"563","405","354","15970","1485","Processing","2022-07-04 22:16:38",NULL,NULL,NULL,"10.989999771118164"
"3926","2673","2154","14106","10623","Processing","2022-09-04 12:09:21",NULL,NULL,NULL,"10.989999771118164"
"13770","9492","7634","15292","37317","Processing","2021-04-26 23:54:56",NULL,NULL,NULL,"10.989999771118164"
"15162","10421","8386","26418","41069","Processing","2021-06-28 21:24:13",NULL,NULL,NULL,"10.989999771118164"
"15415","10584","8515","13637","41754","Processing","2021-06-26 10:40:19",NULL,NULL,NULL,"10.989999771118164"
"20473","14078","11278","1048","55413","Processing","2022-02-09 21:46:23",NULL,NULL,NULL,"10.989999771118164"
"20579","14153","11339","10954","55713","Processing","2022-04-10 02:41:04",NULL,NULL,NULL,"10.989999771118164"
"24195","16639","13300","10954","65401","Processing","2022-05-02 06:51:30",NULL,NULL,NULL,"10.989999771118164"
"30797","21205","16987","13916","83252","Processing","2022-08-23 04:36:52",NULL,NULL,NULL,"10.989999771118164"
"36649","25219","20160","15292","98935","Processing","2020-11-25 13:27:44",NULL,NULL,NULL,"10.989999771118164"
"36947","25438","20339","829","99762","Processing","2022-03-08 14:07:17",NULL,NULL,NULL,"10.989999771118164"
"38942","26816","21422","25726","105131","Processing","2021-07-14 00:54:19",NULL,NULL,NULL,"10.989999771118164"
"41370","28451","22697","5838","111685","Processing","2021-03-11 08:14:09",NULL,NULL,NULL,"10.989999771118164"
"41594","28606","22816","12342","112283","Processing","2022-02-05 13:53:24",NULL,NULL,NULL,"10.989999771118164"
"41608","28616","22820","2907","112319","Processing","2022-04-17 20:41:17",NULL,NULL,NULL,"10.989999771118164"
"44593","30697","24500","14115","120445","Processing","2019-07-12 16:59:03",NULL,NULL,NULL,"10.989999771118164"
"46346","31897","25462","12548","125152","Processing","2022-05-02 13:32:48",NULL,NULL,NULL,"10.989999771118164"
"49256","33916","27089","303","132943","Processing","2021-08-05 15:20:17",NULL,NULL,NULL,"10.989999771118164"
"50650","34894","27842","18581","136712","Processing","2022-05-24 03:01:31",NULL,NULL,NULL,"10.989999771118164"
"51992","35836","28626","6060","140348","Processing","2022-09-01 09:44:56",NULL,NULL,NULL,"10.989999771118164"
"53173","36654","29290","5755","143475","Processing","2021-06-02 06:09:24",NULL,NULL,NULL,"10.989999771118164"
"53593","36926","29504","15292","144621","Processing","2021-12-19 13:03:49",NULL,NULL,NULL,"10.989999771118164"
"59575","41051","32792","15795","160803","Processing","2022-07-07 06:29:25",NULL,NULL,NULL,"10.989999771118164"
"64620","44483","35593","11427","174469","Processing","2022-07-21 04:39:43",NULL,NULL,NULL,"10.989999771118164"
"64741","44563","35654","18581","174806","Processing","2021-12-30 23:13:43",NULL,NULL,NULL,"10.989999771118164"
"65367","45014","35982","6060","176509","Processing","2021-09-08 11:38:40",NULL,NULL,NULL,"10.989999771118164"
"70268","48389","38692","13735","189703","Processing","2021-11-21 05:18:32",NULL,NULL,NULL,"10.989999771118164"
"77386","53360","42694","6060","208905","Processing","2022-08-01 14:12:46",NULL,NULL,NULL,"10.989999771118164"
"81024","55885","44681","1048","218822","Processing","2021-12-14 10:51:23",NULL,NULL,NULL,"10.989999771118164"
"81795","56436","45111","5755","220894","Processing","2022-02-04 12:20:25",NULL,NULL,NULL,"10.989999771118164"
"82778","57145","45689","5838","223563","Processing","2020-07-30 01:30:35",NULL,NULL,NULL,"10.989999771118164"
"88488","61156","48976","28325","239050","Processing","2022-08-11 11:00:53",NULL,NULL,NULL,"10.989999771118164"
"89615","61953","49594","24700","242076","Processing","2022-04-16 10:22:52",NULL,NULL,NULL,"10.989999771118164"
"90127","62292","49869","25726","243487","Processing","2022-09-01 23:52:24.328768",NULL,NULL,NULL,"10.989999771118164"
"90746","62715","50208","5903","245160","Processing","2020-02-12 13:34:33",NULL,NULL,NULL,"10.989999771118164"
"95104","65723","52579","6060","256897","Processing","2021-10-05 15:48:44",NULL,NULL,NULL,"10.989999771118164"
"96288","66545","53200","28871","260095","Processing","2022-08-15 13:13:26",NULL,NULL,NULL,"10.989999771118164"
"97453","67351","53818","5838","263236","Processing","2022-05-21 16:11:36",NULL,NULL,NULL,"10.989999771118164"
"98046","67756","54134","28871","264866","Processing","2022-01-13 12:47:14",NULL,NULL,NULL,"10.989999771118164"
"98713","68203","54519","12301","266664","Processing","2022-01-10 21:05:01",NULL,NULL,NULL,"10.989999771118164"
"100250","69287","55403","15557","270751","Processing","2022-07-12 14:31:58",NULL,NULL,NULL,"10.989999771118164"
"102888","71089","56824","9431","277906","Processing","2022-01-28 09:46:51",NULL,NULL,NULL,"10.989999771118164"
"103431","71472","57142","24873","279384","Processing","2021-11-28 07:52:57",NULL,NULL,NULL,"10.989999771118164"
"109030","75317","60215","5862","294523","Processing","2020-02-07 14:02:07",NULL,NULL,NULL,"10.989999771118164"
"126899","87524","70066","10977","342633","Processing","2022-08-09 09:29:41",NULL,NULL,NULL,"10.989999771118164"
"127946","88243","70665","15795","345456","Processing","2022-05-18 00:45:08",NULL,NULL,NULL,"10.989999771118164"
"129430","89260","71505","10849","349477","Processing","2021-04-29 00:05:46",NULL,NULL,NULL,"10.989999771118164"
"130023","89682","71832","12301","351070","Processing","2021-12-19 07:45:25",NULL,NULL,NULL,"10.989999771118164"
"133154","91877","73594","303","359545","Processing","2022-08-12 12:44:04",NULL,NULL,NULL,"10.989999771118164"
"135761","93688","75068","12342","366612","Processing","2022-04-19 13:36:39",NULL,NULL,NULL,"10.989999771118164"
"135788","93704","75081","12301","366678","Processing","2022-04-23 09:45:54",NULL,NULL,NULL,"10.989999771118164"
"137282","94728","75935","25726","370690","Processing","2022-08-19 07:06:10",NULL,NULL,NULL,"10.989999771118164"
"138971","95899","76899","28325","375271","Processing","2022-03-09 13:53:04",NULL,NULL,NULL,"10.989999771118164"
"141550","97633","78292","24700","382208","Processing","2021-12-02 13:31:13",NULL,NULL,NULL,"10.989999771118164"
"144998","100048","80228","5755","391511","Processing","2022-06-21 11:51:52",NULL,NULL,NULL,"10.989999771118164"
"145824","100624","80727","25271","393767","Processing","2022-05-29 03:52:18",NULL,NULL,NULL,"10.989999771118164"
"151386","104448","83801","14115","408854","Processing","2021-10-04 09:00:01",NULL,NULL,NULL,"10.989999771118164"
"154780","106799","85695","24700","417947","Processing","2022-01-04 07:23:24",NULL,NULL,NULL,"10.989999771118164"
"158063","109026","87434","14157","426765","Processing","2021-11-03 13:45:26",NULL,NULL,NULL,"10.989999771118164"
"158152","109086","87483","14040","426995","Processing","2020-04-06 03:00:31",NULL,NULL,NULL,"10.989999771118164"
"159169","109794","88051","24873","429746","Processing","2021-10-07 02:29:34",NULL,NULL,NULL,"10.989999771118164"
"159210","109831","88082","24849","429862","Processing","2021-04-22 22:45:28",NULL,NULL,NULL,"10.989999771118164"
"160703","110867","88898","1048","433901","Processing","2022-08-27 03:43:27",NULL,NULL,NULL,"10.989999771118164"
"161102","111121","89087","5903","434961","Processing","2020-07-15 00:40:48",NULL,NULL,NULL,"10.989999771118164"
"161982","111719","89568","29004","437387","Processing","2022-08-26 02:37:06",NULL,NULL,NULL,"10.989999771118164"
"164294","113327","90868","26418","443677","Processing","2021-10-23 10:38:31",NULL,NULL,NULL,"10.989999771118164"
"164491","113463","90977","7868","444219","Processing","2022-01-01 15:31:37",NULL,NULL,NULL,"10.989999771118164"
"165844","114379","91684","6763","447919","Processing","2022-02-14 15:31:14",NULL,NULL,NULL,"10.989999771118164"
"168834","116437","93348","11427","455924","Processing","2022-07-11 06:58:25",NULL,NULL,NULL,"10.989999771118164"
"172914","119256","95592","5862","467027","Processing","2022-06-30 12:13:50",NULL,NULL,NULL,"10.989999771118164"
"174088","120073","96295","5838","470108","Processing","2019-05-23 10:36:46",NULL,NULL,NULL,"10.989999771118164"
"175675","121156","97151","303","474441","Processing","2021-12-01 21:53:51",NULL,NULL,NULL,"10.989999771118164"
"6770","4613","3745","176","18331","Shipped","2022-06-06 23:52:56","2022-06-08 18:33:00",NULL,NULL,"11.489999771118164"
"32567","22415","17917","10773","88004","Shipped","2022-05-24 16:20:21","2022-05-25 06:45:00",NULL,NULL,"11.489999771118164"
"84729","58535","46821","10773","228845","Shipped","2022-03-04 16:19:44","2022-03-06 15:18:00",NULL,NULL,"11.489999771118164"
"89278","61710","49411","13635","241182","Shipped","2022-08-31 15:19:53","2022-09-02 17:20:00",NULL,NULL,"11.489999771118164"
"99505","68765","54979","176","268774","Shipped","2022-04-25 05:28:08","2022-04-23 11:13:00",NULL,NULL,"11.489999771118164"
"100529","69472","55567","176","271491","Shipped","2021-02-05 15:07:05","2021-02-02 17:02:00",NULL,NULL,"11.489999771118164"
"131844","90950","72853","9193","355974","Shipped","2022-07-28 16:40:58","2022-07-30 20:18:00",NULL,NULL,"11.489999771118164"
"138178","95348","76434","10773","373115","Shipped","2021-12-18 15:36:04","2021-12-17 13:49:00",NULL,NULL,"11.489999771118164"
"139712","96382","77286","294","377255","Shipped","2020-06-25 12:13:10","2020-06-27 04:04:00",NULL,NULL,"11.489999771118164"
"159561","110073","88271","10975","430814","Shipped","2022-04-21 05:54:24","2022-04-21 12:06:00",NULL,NULL,"11.489999771118164"
"681","479","408","9193","1812","Complete","2022-04-12 03:33:37","2022-04-10 22:01:00","2022-04-12 11:29:00",NULL,"11.489999771118164"
"37797","26020","20792","8983","102039","Complete","2022-07-16 05:18:48","2022-07-15 21:38:00","2022-07-16 06:28:00",NULL,"11.489999771118164"
"40326","27752","22165","10975","108858","Complete","2022-03-26 09:48:50","2022-03-24 06:18:00","2022-03-29 03:33:00",NULL,"11.489999771118164"
"95454","65979","52776","13635","257848","Complete","2022-06-20 21:28:04","2022-06-21 07:01:00","2022-06-22 15:26:00",NULL,"11.489999771118164"
"135997","93848","75212","10773","367251","Complete","2021-03-13 13:27:03","2021-03-15 06:23:00","2021-03-19 19:07:00",NULL,"11.489999771118164"
"162987","112427","90158","13635","440113","Complete","2020-01-16 16:34:45","2020-01-17 12:46:00","2020-01-17 17:37:00",NULL,"11.489999771118164"
"166824","115046","92216","176","450549","Complete","2022-09-02 04:00:39.104076","2022-09-04 04:34:55.104076","2022-09-07 09:32:55.104076",NULL,"11.489999771118164"
"171100","117961","94595","8983","462096","Complete","2022-08-01 05:18:33","2022-07-28 10:52:00","2022-07-30 15:39:00",NULL,"11.489999771118164"
"44734","30790","24579","10784","120821","Returned","2020-03-27 21:12:24","2020-03-30 22:12:00","2020-04-02 08:33:00","2020-04-03 16:18:00","11.489999771118164"
"57041","39311","31425","9193","153948","Returned","2021-02-07 00:11:03","2021-02-07 09:11:00","2021-02-07 18:29:00","2021-02-09 03:04:00","11.489999771118164"
"129507","89318","71555","13635","349677","Returned","2021-01-21 08:19:33","2021-01-22 08:50:00","2021-01-22 23:43:00","2021-01-25 19:05:00","11.489999771118164"
"18498","12709","10195","8983","50089","Cancelled","2022-06-18 10:39:51",NULL,NULL,NULL,"11.489999771118164"
"70488","48547","38828","10773","190298","Cancelled","2022-07-20 14:15:04",NULL,NULL,NULL,"11.489999771118164"
"75787","52229","41822","294","204635","Cancelled","2019-10-23 07:15:41",NULL,NULL,NULL,"11.489999771118164"
"95917","66293","53010","13635","259106","Cancelled","2020-07-22 23:36:51",NULL,NULL,NULL,"11.489999771118164"
"109219","75442","60316","10773","295014","Cancelled","2022-08-24 10:35:40",NULL,NULL,NULL,"11.489999771118164"
"162669","112203","89957","8983","439259","Cancelled","2021-05-13 04:39:04",NULL,NULL,NULL,"11.489999771118164"
"163284","112627","90307","13635","440897","Cancelled","2022-03-15 13:51:57",NULL,NULL,NULL,"11.489999771118164"
"7183","4905","3978","10773","19463","Processing","2020-12-12 03:19:50",NULL,NULL,NULL,"11.489999771118164"
"8452","5791","4679","10784","22929","Processing","2022-01-02 23:22:33",NULL,NULL,NULL,"11.489999771118164"
"9660","6649","5395","10740","26216","Processing","2021-03-16 01:52:12",NULL,NULL,NULL,"11.489999771118164"
"32461","22339","17862","10784","87705","Processing","2021-04-19 03:19:55",NULL,NULL,NULL,"11.489999771118164"
"42837","29478","23495","13635","115691","Processing","2020-01-07 10:26:57",NULL,NULL,NULL,"11.489999771118164"
"64544","44428","35536","13635","174268","Processing","2022-01-02 21:34:29",NULL,NULL,NULL,"11.489999771118164"
"67645","46546","37238","10975","182651","Processing","2022-04-15 11:08:28",NULL,NULL,NULL,"11.489999771118164"
"107338","74155","59287","13635","289927","Processing","2022-04-22 22:59:39",NULL,NULL,NULL,"11.489999771118164"
"138196","95358","76442","10740","373162","Processing","2021-03-16 12:31:59",NULL,NULL,NULL,"11.489999771118164"
"143243","98835","79245","10773","386764","Processing","2021-09-17 15:33:06",NULL,NULL,NULL,"11.489999771118164"
"1197","831","696","18498","3239","Shipped","2021-12-16 15:47:02","2021-12-18 07:30:00",NULL,NULL,"11.989999771118164"
"1215","845","703","26990","3287","Shipped","2022-03-08 11:23:32","2022-03-11 10:29:00",NULL,NULL,"11.989999771118164"
"1256","868","724","23980","3400","Shipped","2020-04-23 23:28:37","2020-04-22 02:45:00",NULL,NULL,"11.989999771118164"
"1448","1007","844","25081","3931","Shipped","2020-07-01 23:25:30","2020-07-03 02:35:00",NULL,NULL,"11.989999771118164"
"2020","1397","1127","9725","5468","Shipped","2021-05-26 01:00:26","2021-05-26 19:18:00",NULL,NULL,"11.989999771118164"
"2690","1837","1490","9214","7284","Shipped","2022-06-25 07:23:36","2022-06-24 23:12:00",NULL,NULL,"11.989999771118164"
"2865","1954","1579","2750","7753","Shipped","2022-02-06 08:06:18","2022-02-05 13:24:00",NULL,NULL,"11.989999771118164"
"3116","2113","1697","18337","8426","Shipped","2021-08-28 07:01:56","2021-08-29 05:30:00",NULL,NULL,"11.989999771118164"
"3325","2258","1813","27205","8997","Shipped","2021-03-22 14:25:15","2021-03-25 11:42:00",NULL,NULL,"11.989999771118164"
"4830","3301","2688","25365","13084","Shipped","2022-03-29 09:23:39","2022-03-28 22:57:00",NULL,NULL,"11.989999771118164"
"5095","3478","2847","26978","13791","Shipped","2021-11-07 22:30:01","2021-11-07 06:11:00",NULL,NULL,"11.989999771118164"
"5824","3960","3208","15847","15761","Shipped","2022-04-10 04:56:30","2022-04-09 12:05:00",NULL,NULL,"11.989999771118164"
"6461","4405","3571","24827","17495","Shipped","2022-09-04 12:32:30.37964","2022-09-05 23:09:23.37964",NULL,NULL,"11.989999771118164"
"8236","5641","4560","27331","22338","Shipped","2021-03-11 13:19:02","2021-03-13 19:06:00",NULL,NULL,"11.989999771118164"
"9473","6514","5291","142","25689","Shipped","2022-09-09 12:57:03.939158","2022-09-06 23:13:07.939158",NULL,NULL,"11.989999771118164"
"9924","6829","5536","27345","26925","Shipped","2022-07-15 02:01:29","2022-07-17 03:37:00",NULL,NULL,"11.989999771118164"
"10006","6883","5586","18462","27148","Shipped","2022-04-19 03:37:04","2022-04-20 00:30:00",NULL,NULL,"11.989999771118164"
"10252","7059","5748","26978","27799","Shipped","2020-12-09 08:39:20","2020-12-08 23:10:00",NULL,NULL,"11.989999771118164"
"10618","7303","5946","6027","28777","Shipped","2022-01-16 00:19:32","2022-01-17 16:50:00",NULL,NULL,"11.989999771118164"
"10923","7504","6097","13611","29606","Shipped","2022-09-04 23:48:16.778725","2022-09-06 18:24:28.778725",NULL,NULL,"11.989999771118164"
"11333","7793","6322","18129","30705","Shipped","2021-07-08 23:02:07","2021-07-10 00:07:00",NULL,NULL,"11.989999771118164"
"11777","8111","6568","10155","31904","Shipped","2021-03-08 11:49:20","2021-03-10 08:57:00",NULL,NULL,"11.989999771118164"
"11817","8140","6592","10035","32016","Shipped","2022-07-08 13:04:19","2022-07-10 10:26:00",NULL,NULL,"11.989999771118164"
"13565","9345","7533","27020","36763","Shipped","2021-08-22 00:50:15","2021-08-23 16:29:00",NULL,NULL,"11.989999771118164"
"14768","10158","8167","24619","40006","Shipped","2022-04-14 16:31:42","2022-04-14 10:47:00",NULL,NULL,"11.989999771118164"
"14972","10296","8274","28794","40554","Shipped","2021-03-30 06:59:47","2021-03-31 19:19:00",NULL,NULL,"11.989999771118164"
"16540","11382","9156","25073","44771","Shipped","2022-06-26 00:39:33","2022-06-26 07:36:00",NULL,NULL,"11.989999771118164"
"17363","11948","9602","142","47030","Shipped","2022-09-02 21:20:16","2022-09-03 06:55:00",NULL,NULL,"11.989999771118164"
"19059","13104","10502","13087","51580","Shipped","2022-01-14 14:54:55","2022-01-13 00:29:00",NULL,NULL,"11.989999771118164"
"20479","14081","11281","27094","55431","Shipped","2021-08-22 06:56:05","2021-08-23 18:26:00",NULL,NULL,"11.989999771118164"
"20687","14223","11381","6027","55999","Shipped","2022-07-22 23:46:51","2022-07-23 17:33:00",NULL,NULL,"11.989999771118164"
"21589","14843","11855","23980","58370","Shipped","2021-05-14 15:55:57","2021-05-16 10:09:00",NULL,NULL,"11.989999771118164"
"22367","15383","12289","25127","60440","Shipped","2022-08-09 07:23:05","2022-08-09 20:06:00",NULL,NULL,"11.989999771118164"
"22515","15479","12366","12595","60853","Shipped","2021-12-01 11:57:57","2021-11-29 03:41:00",NULL,NULL,"11.989999771118164"
"22812","15688","12532","289","61662","Shipped","2021-03-20 04:00:03","2021-03-22 19:30:00",NULL,NULL,"11.989999771118164"
"23386","16091","12865","9327","63209","Shipped","2022-07-26 02:55:16","2022-07-28 11:14:00",NULL,NULL,"11.989999771118164"
"23669","16292","13034","10344","63987","Shipped","2022-09-04 00:02:50.239958","2022-09-05 04:40:31.239958",NULL,NULL,"11.989999771118164"
"23819","16393","13102","9420","64396","Shipped","2022-07-10 07:56:39","2022-07-10 14:30:00",NULL,NULL,"11.989999771118164"
"24303","16716","13361","27331","65681","Shipped","2022-07-25 07:02:30","2022-07-23 18:05:00",NULL,NULL,"11.989999771118164"
"24701","17006","13578","12340","66763","Shipped","2022-09-01 11:23:03","2022-09-04 05:53:00",NULL,NULL,"11.989999771118164"
"24785","17068","13633","27345","66979","Shipped","2021-09-26 08:04:06","2021-09-27 18:14:00",NULL,NULL,"11.989999771118164"
"25580","17619","14072","25081","69116","Shipped","2022-04-13 00:49:43","2022-04-12 12:48:00",NULL,NULL,"11.989999771118164"
"25822","17798","14224","9417","69781","Shipped","2022-04-04 03:29:41","2022-04-01 08:35:00",NULL,NULL,"11.989999771118164"
"25894","17841","14256","27164","69976","Shipped","2021-10-09 21:06:49","2021-10-07 17:25:00",NULL,NULL,"11.989999771118164"
"26236","18070","14436","9384","70903","Shipped","2022-04-18 03:11:11","2022-04-18 21:36:00",NULL,NULL,"11.989999771118164"
"27929","19254","15395","196","75507","Shipped","2022-07-20 23:27:47","2022-07-22 22:24:00",NULL,NULL,"11.989999771118164"
"27978","19287","15422","28840","75633","Shipped","2019-07-14 05:50:51","2019-07-14 13:06:00",NULL,NULL,"11.989999771118164"
"29784","20516","16392","7116","80516","Shipped","2022-03-12 17:22:12","2022-03-10 21:29:00",NULL,NULL,"11.989999771118164"
"30313","20872","16703","24907","81960","Shipped","2020-02-02 14:46:29","2020-02-02 18:52:00",NULL,NULL,"11.989999771118164"
"30869","21252","17020","27324","83450","Shipped","2022-07-19 04:20:19","2022-07-22 00:40:00",NULL,NULL,"11.989999771118164"
"31512","21681","17346","26978","85171","Shipped","2022-07-29 07:30:08","2022-07-27 22:34:00",NULL,NULL,"11.989999771118164"
"33771","23257","18564","18498","91231","Shipped","2022-04-03 07:33:29","2022-04-06 03:13:00",NULL,NULL,"11.989999771118164"
"35438","24395","19487","27164","95729","Shipped","2022-05-26 06:18:26","2022-05-28 15:28:00",NULL,NULL,"11.989999771118164"
"35783","24624","19685","13855","96627","Shipped","2021-08-29 07:46:55","2021-08-30 22:49:00",NULL,NULL,"11.989999771118164"
"37970","26142","20894","24512","102510","Shipped","2021-12-12 02:53:52","2021-12-09 14:05:00",NULL,NULL,"11.989999771118164"
"38738","26684","21328","18462","104596","Shipped","2022-07-21 17:39:35","2022-07-22 19:53:00",NULL,NULL,"11.989999771118164"
"39181","26977","21546","933","105789","Shipped","2022-05-07 03:02:00","2022-05-07 21:24:00",NULL,NULL,"11.989999771118164"
"40186","27665","22099","302","108476","Shipped","2021-11-22 03:27:35","2021-11-24 14:39:00",NULL,NULL,"11.989999771118164"
"41070","28244","22534","13611","110877","Shipped","2022-08-02 01:38:43","2022-08-05 02:39:00",NULL,NULL,"11.989999771118164"
"42906","29521","23541","25172","115868","Shipped","2022-07-13 12:29:14","2022-07-12 16:46:00",NULL,NULL,"11.989999771118164"
"43494","29920","23858","142","117454","Shipped","2022-08-18 03:12:08","2022-08-16 06:53:00",NULL,NULL,"11.989999771118164"
"43857","30167","24046","27324","118445","Shipped","2019-07-26 13:33:09","2019-07-29 11:59:00",NULL,NULL,"11.989999771118164"
"44597","30699","24501","26934","120455","Shipped","2022-02-24 05:59:11","2022-02-23 09:00:00",NULL,NULL,"11.989999771118164"
"44691","30761","24552","25036","120713","Shipped","2022-07-31 13:47:38","2022-07-31 20:08:00",NULL,NULL,"11.989999771118164"
"45264","31168","24878","23980","122240","Shipped","2021-05-04 05:28:11","2021-05-04 02:47:00",NULL,NULL,"11.989999771118164"
"46703","32161","25687","6027","126098","Shipped","2022-08-03 02:23:53","2022-08-03 08:14:00",NULL,NULL,"11.989999771118164"
"48681","33537","26785","22050","131378","Shipped","2020-07-20 16:41:22","2020-07-23 04:32:00",NULL,NULL,"11.989999771118164"
"49534","34119","27239","8857","133709","Shipped","2022-02-24 12:42:27","2022-02-23 01:16:00",NULL,NULL,"11.989999771118164"
"49664","34210","27310","26685","134068","Shipped","2022-05-15 17:31:16","2022-05-16 09:30:00",NULL,NULL,"11.989999771118164"
"49752","34271","27365","6027","134299","Shipped","2021-10-01 16:01:37","2021-10-04 07:25:00",NULL,NULL,"11.989999771118164"
"50237","34604","27623","13855","135602","Shipped","2019-09-26 15:42:33","2019-09-27 18:53:00",NULL,NULL,"11.989999771118164"
"50728","34960","27900","2935","136911","Shipped","2022-07-25 10:22:45","2022-07-26 16:59:00",NULL,NULL,"11.989999771118164"
"51058","35196","28095","25218","137826","Shipped","2020-10-20 05:14:22","2020-10-21 04:44:00",NULL,NULL,"11.989999771118164"
"51902","35768","28572","9908","140105","Shipped","2021-05-22 03:31:48","2021-05-20 23:21:00",NULL,NULL,"11.989999771118164"
"52671","36301","28994","18337","142128","Shipped","2021-05-12 10:21:59","2021-05-10 23:02:00",NULL,NULL,"11.989999771118164"
"52823","36411","29093","12595","142546","Shipped","2022-08-10 10:58:35","2022-08-10 01:51:00",NULL,NULL,"11.989999771118164"
"53317","36745","29368","27330","143877","Shipped","2020-01-15 00:18:35","2020-01-15 21:23:00",NULL,NULL,"11.989999771118164"
"53767","37054","29597","27324","145105","Shipped","2021-12-07 01:06:52","2021-12-08 16:00:00",NULL,NULL,"11.989999771118164"
"53835","37097","29632","24512","145297","Shipped","2022-03-09 10:01:31","2022-03-06 08:13:00",NULL,NULL,"11.989999771118164"
"54631","37663","30096","27164","147410","Shipped","2022-05-16 16:41:50","2022-05-19 00:54:00",NULL,NULL,"11.989999771118164"
"55247","38080","30424","14088","149063","Shipped","2022-08-26 17:58:13","2022-08-29 05:28:00",NULL,NULL,"11.989999771118164"
"55368","38162","30491","9327","149388","Shipped","2022-04-04 12:42:54","2022-04-04 17:23:00",NULL,NULL,"11.989999771118164"
"55546","38287","30601","11015","149876","Shipped","2022-08-06 03:24:41","2022-08-07 14:14:00",NULL,NULL,"11.989999771118164"
"56281","38796","31018","11015","151889","Shipped","2022-04-16 22:43:45","2022-04-17 06:31:00",NULL,NULL,"11.989999771118164"
"56318","38823","31040","24672","151995","Shipped","2022-09-05 05:04:52","2022-09-04 10:48:00",NULL,NULL,"11.989999771118164"
"58069","40021","31979","5817","156715","Shipped","2022-07-07 09:04:14","2022-07-06 12:53:00",NULL,NULL,"11.989999771118164"
"58161","40087","32028","6181","156952","Shipped","2022-06-24 11:11:06","2022-06-26 19:39:00",NULL,NULL,"11.989999771118164"
"61531","42373","33867","6214","166093","Shipped","2021-01-16 02:11:47","2021-01-17 13:49:00",NULL,NULL,"11.989999771118164"
"62195","42833","34241","26934","167891","Shipped","2019-05-21 16:19:00","2019-05-22 02:39:00",NULL,NULL,"11.989999771118164"
"62292","42900","34293","14196","168154","Shipped","2022-07-14 23:45:43","2022-07-17 19:56:00",NULL,NULL,"11.989999771118164"
"63477","43705","34948","28794","171377","Shipped","2022-07-11 14:10:04","2022-07-14 04:47:00",NULL,NULL,"11.989999771118164"
"63563","43765","34997","26458","171602","Shipped","2021-06-11 11:11:50","2021-06-09 16:15:00",NULL,NULL,"11.989999771118164"
"63777","43908","35116","10309","172175","Shipped","2021-09-06 03:24:32","2021-09-09 05:32:00",NULL,NULL,"11.989999771118164"
"63812","43934","35143","28840","172270","Shipped","2022-07-11 11:24:26","2022-07-12 18:31:00",NULL,NULL,"11.989999771118164"
"65837","45322","36229","11015","177776","Shipped","2020-10-19 07:36:08","2020-10-17 03:03:00",NULL,NULL,"11.989999771118164"
"66246","45594","36447","9417","178887","Shipped","2021-04-27 01:46:50","2021-04-24 07:33:00",NULL,NULL,"11.989999771118164"
"66265","45606","36455","10769","178938","Shipped","2022-09-03 13:49:39.141068","2022-09-06 06:02:04.141068",NULL,NULL,"11.989999771118164"
"66372","45670","36505","10950","179222","Shipped","2022-02-01 16:14:19","2022-01-31 12:07:00",NULL,NULL,"11.989999771118164"
"66602","45818","36643","27345","179826","Shipped","2022-06-15 13:27:08","2022-06-15 20:06:00",NULL,NULL,"11.989999771118164"
"67505","46447","37148","14196","182275","Shipped","2022-08-21 21:56:32","2022-08-22 11:50:00",NULL,NULL,"11.989999771118164"
"67927","46740","37390","9377","183405","Shipped","2022-08-18 09:06:47","2022-08-14 15:13:00",NULL,NULL,"11.989999771118164"
"68236","46962","37567","24614","184235","Shipped","2022-09-02 22:06:38.758622","2022-09-03 19:16:33.758622",NULL,NULL,"11.989999771118164"
"68857","47393","37899","9141","185891","Shipped","2022-09-01 16:51:43","2022-08-30 12:11:00",NULL,NULL,"11.989999771118164"
"69763","48030","38403","9725","188321","Shipped","2019-05-22 11:23:07","2019-05-24 16:20:00",NULL,NULL,"11.989999771118164"
"71321","49108","39298","15680","192559","Shipped","2022-08-24 13:29:50","2022-08-25 02:13:00",NULL,NULL,"11.989999771118164"
"71756","49421","39563","12091","193721","Shipped","2022-08-10 12:27:44","2022-08-13 02:03:00",NULL,NULL,"11.989999771118164"
"72164","49705","39783","9377","194816","Shipped","2021-12-21 04:01:34","2021-12-22 19:30:00",NULL,NULL,"11.989999771118164"
"72171","49709","39788","22050","194834","Shipped","2022-02-01 05:36:11","2022-01-30 13:09:00",NULL,NULL,"11.989999771118164"
"74428","51281","41026","27094","200968","Shipped","2022-07-01 08:32:08","2022-07-03 12:54:00",NULL,NULL,"11.989999771118164"
"75860","52282","41861","9068","204844","Shipped","2021-09-05 12:52:51","2021-09-05 16:35:00",NULL,NULL,"11.989999771118164"
"76293","52580","42076","10781","206029","Shipped","2022-08-03 15:56:07","2022-08-06 01:46:00",NULL,NULL,"11.989999771118164"
"76724","52894","42320","25218","207189","Shipped","2022-09-05 03:45:53","2022-09-02 02:41:00",NULL,NULL,"11.989999771118164"
"77420","53382","42719","26685","208998","Shipped","2021-05-22 11:45:44","2021-05-22 12:20:00",NULL,NULL,"11.989999771118164"
"78100","53860","43082","18498","210848","Shipped","2021-05-02 16:18:23","2021-05-01 05:52:00",NULL,NULL,"11.989999771118164"
"78402","54058","43247","12340","211651","Shipped","2021-04-29 02:22:26","2021-04-30 01:20:00",NULL,NULL,"11.989999771118164"
"79084","54524","43626","10002","213529","Shipped","2020-03-20 05:36:07","2020-03-20 15:58:00",NULL,NULL,"11.989999771118164"
"79661","54941","43938","10126","215100","Shipped","2020-11-11 22:56:09","2020-11-13 18:56:00",NULL,NULL,"11.989999771118164"
"80441","55479","44360","15245","217222","Shipped","2021-02-10 05:33:05","2021-02-08 16:33:00",NULL,NULL,"11.989999771118164"
"80780","55710","44534","9377","218164","Shipped","2021-07-07 08:09:50","2021-07-08 22:44:00",NULL,NULL,"11.989999771118164"
"80787","55716","44540","10155","218184","Shipped","2020-12-26 10:12:04","2020-12-28 00:16:00",NULL,NULL,"11.989999771118164"
"80896","55786","44594","27020","218480","Shipped","2021-10-07 14:17:06","2021-10-06 08:34:00",NULL,NULL,"11.989999771118164"
"81846","56468","45134","9388","221027","Shipped","2022-05-18 14:04:23","2022-05-19 07:07:00",NULL,NULL,"11.989999771118164"
"82280","56784","45409","18119","222186","Shipped","2022-02-24 00:15:37","2022-02-24 23:41:00",NULL,NULL,"11.989999771118164"
"82303","56802","45425","9141","222253","Shipped","2020-12-03 05:47:36","2020-12-02 13:28:00",NULL,NULL,"11.989999771118164"
"84152","58127","46472","24618","227293","Shipped","2021-10-04 02:00:17","2021-10-01 16:37:00",NULL,NULL,"11.989999771118164"
"84385","58303","46632","24907","227913","Shipped","2022-07-21 08:38:16","2022-07-20 14:01:00",NULL,NULL,"11.989999771118164"
"84922","58671","46913","26685","229383","Shipped","2021-10-14 00:48:16","2021-10-12 16:39:00",NULL,NULL,"11.989999771118164"
"86333","59655","47731","25158","233208","Shipped","2021-09-11 12:20:38","2021-09-11 16:31:00",NULL,NULL,"11.989999771118164"
"87382","60379","48334","25172","236062","Shipped","2020-01-09 07:48:57","2020-01-10 22:39:00",NULL,NULL,"11.989999771118164"
"88136","60914","48754","24512","238091","Shipped","2022-03-11 05:41:42","2022-03-12 08:06:00",NULL,NULL,"11.989999771118164"
"88791","61377","49151","9388","239897","Shipped","2020-04-15 11:10:28","2020-04-17 06:37:00",NULL,NULL,"11.989999771118164"
"89192","61651","49361","24511","240949","Shipped","2021-09-28 11:04:47","2021-09-29 17:07:00",NULL,NULL,"11.989999771118164"
"89988","62200","49789","15245","243088","Shipped","2022-06-03 07:54:21","2022-06-04 08:27:00",NULL,NULL,"11.989999771118164"
"91171","62997","50437","28840","246288","Shipped","2022-01-12 11:17:50","2022-01-10 23:44:00",NULL,NULL,"11.989999771118164"
"91670","63341","50717","18498","247621","Shipped","2021-11-01 20:57:37","2021-11-03 13:37:00",NULL,NULL,"11.989999771118164"
"92510","63919","51170","18129","249870","Shipped","2022-04-02 06:52:37","2022-04-01 01:02:00",NULL,NULL,"11.989999771118164"
"92523","63930","51179","18337","249902","Shipped","2021-09-02 13:41:31","2021-09-05 07:33:00",NULL,NULL,"11.989999771118164"
"92945","64222","51401","2935","251043","Shipped","2020-09-22 23:57:59","2020-09-25 14:06:00",NULL,NULL,"11.989999771118164"
"93516","64613","51700","9068","252566","Shipped","2021-07-05 09:52:23","2021-07-06 03:05:00",NULL,NULL,"11.989999771118164"
"93519","64616","51700","13866","252575","Shipped","2021-12-09 09:42:06","2021-12-10 08:36:00",NULL,NULL,"11.989999771118164"
"93865","64858","51906","10126","253529","Shipped","2021-09-06 21:45:32","2021-09-09 17:07:00",NULL,NULL,"11.989999771118164"
"93942","64904","51943","206","253734","Shipped","2022-08-25 07:44:44","2022-08-26 12:28:00",NULL,NULL,"11.989999771118164"
"96405","66620","53259","24618","260408","Shipped","2022-05-23 09:29:57","2022-05-26 10:37:00",NULL,NULL,"11.989999771118164"
"97533","67405","53865","16627","263468","Shipped","2022-03-16 06:27:22","2022-03-13 14:49:00",NULL,NULL,"11.989999771118164"
"97890","67650","54056","12922","264444","Shipped","2020-06-27 13:59:44","2020-06-28 12:36:00",NULL,NULL,"11.989999771118164"
"98615","68137","54457","9119","266400","Shipped","2022-07-21 10:42:58","2022-07-23 02:04:00",NULL,NULL,"11.989999771118164"
"98674","68176","54491","24907","266559","Shipped","2022-06-27 13:42:47","2022-06-29 20:19:00",NULL,NULL,"11.989999771118164"
"98918","68346","54643","10241","267205","Shipped","2019-12-21 11:55:00","2019-12-22 14:25:00",NULL,NULL,"11.989999771118164"
"98995","68403","54690","25036","267418","Shipped","2020-10-08 23:13:42","2020-10-08 20:10:00",NULL,NULL,"11.989999771118164"
"100116","69192","55327","10309","270402","Shipped","2022-05-07 08:47:46","2022-05-08 03:35:00",NULL,NULL,"11.989999771118164"
"100648","69549","55625","26685","271813","Shipped","2021-12-19 06:16:19","2021-12-20 07:33:00",NULL,NULL,"11.989999771118164"
"100917","69747","55772","25081","272565","Shipped","2021-01-15 16:55:12","2021-01-17 05:05:00",NULL,NULL,"11.989999771118164"
"104774","72397","57881","9068","283012","Shipped","2022-09-06 15:00:01.96057","2022-09-03 22:52:33.96057",NULL,NULL,"11.989999771118164"
"106091","73321","58653","25127","286562","Shipped","2021-09-03 11:09:01","2021-09-02 11:47:00",NULL,NULL,"11.989999771118164"
"106316","73469","58758","25172","287171","Shipped","2021-12-07 10:22:29","2021-12-08 00:08:00",NULL,NULL,"11.989999771118164"
"107460","74244","59356","15780","290258","Shipped","2022-07-27 08:59:46","2022-07-30 10:12:00",NULL,NULL,"11.989999771118164"
"107478","74257","59367","18129","290301","Shipped","2021-03-29 04:17:03","2021-03-29 08:05:00",NULL,NULL,"11.989999771118164"
"107559","74312","59411","9908","290526","Shipped","2022-04-10 04:20:28","2022-04-08 15:31:00",NULL,NULL,"11.989999771118164"
"108203","74751","59778","15804","292302","Shipped","2022-06-06 09:04:36","2022-06-07 07:33:00",NULL,NULL,"11.989999771118164"
"108839","75189","60123","6020","294003","Shipped","2022-06-29 22:37:58","2022-06-30 05:41:00",NULL,NULL,"11.989999771118164"
"108863","75201","60130","5296","294074","Shipped","2022-08-26 10:10:31","2022-08-29 13:00:00",NULL,NULL,"11.989999771118164"
"111497","77025","61627","6035","301117","Shipped","2022-08-26 10:13:08","2022-08-29 08:03:00",NULL,NULL,"11.989999771118164"
"111574","77077","61662","289","301333","Shipped","2020-09-16 08:34:05","2020-09-17 20:05:00",NULL,NULL,"11.989999771118164"
"111959","77332","61873","5813","302385","Shipped","2022-07-04 22:34:49","2022-07-07 20:15:00",NULL,NULL,"11.989999771118164"
"111977","77345","61881","9384","302439","Shipped","2022-01-13 23:04:36","2022-01-15 07:13:00",NULL,NULL,"11.989999771118164"
"113051","78088","62464","2750","305350","Shipped","2022-05-25 08:37:54","2022-05-22 20:06:00",NULL,NULL,"11.989999771118164"
"113761","78586","62841","28840","307249","Shipped","2021-07-25 07:51:40","2021-07-28 05:33:00",NULL,NULL,"11.989999771118164"
"113866","78652","62894","9388","307539","Shipped","2022-04-14 21:24:43","2022-04-15 23:24:00",NULL,NULL,"11.989999771118164"
"113875","78657","62903","24618","307565","Shipped","2022-06-06 13:06:00","2022-06-05 16:36:00",NULL,NULL,"11.989999771118164"
"114278","78931","63136","26720","308645","Shipped","2022-07-28 04:29:03","2022-07-28 05:30:00",NULL,NULL,"11.989999771118164"
"116180","80221","64215","6214","313785","Shipped","2022-06-07 09:58:50","2022-06-07 15:55:00",NULL,NULL,"11.989999771118164"
"116202","80237","64226","26978","313840","Shipped","2022-02-18 06:46:24","2022-02-20 18:48:00",NULL,NULL,"11.989999771118164"
"118369","81705","65423","26458","319612","Shipped","2021-05-26 10:22:17","2021-05-24 00:54:00",NULL,NULL,"11.989999771118164"
"118651","81905","65576","21587","320378","Shipped","2022-09-02 09:48:21.626885","2022-09-03 01:40:03.626885",NULL,NULL,"11.989999771118164"
"120279","83012","66466","6027","324754","Shipped","2021-04-02 03:36:53","2021-04-03 10:04:00",NULL,NULL,"11.989999771118164"
"120712","83306","66704","13611","325937","Shipped","2022-01-10 07:40:52","2022-01-11 18:34:00",NULL,NULL,"11.989999771118164"
"122195","84296","67485","10126","329927","Shipped","2020-09-20 05:20:05","2020-09-21 16:51:00",NULL,NULL,"11.989999771118164"
"122640","84610","67725","9214","331144","Shipped","2021-02-25 03:07:26","2021-02-26 03:50:00",NULL,NULL,"11.989999771118164"
"123489","85205","68190","27058","333418","Shipped","2022-08-01 07:31:47","2022-08-03 00:34:00",NULL,NULL,"11.989999771118164"
"125222","86385","69129","25172","338085","Shipped","2022-08-01 04:58:55","2022-08-02 16:32:00",NULL,NULL,"11.989999771118164"
"126145","87007","69638","6214","340593","Shipped","2022-03-12 01:13:21","2022-03-13 01:56:00",NULL,NULL,"11.989999771118164"
"126514","87271","69847","14253","341590","Shipped","2022-05-08 14:12:04","2022-05-10 07:23:00",NULL,NULL,"11.989999771118164"
"126647","87348","69913","25365","341954","Shipped","2022-05-21 09:27:07","2022-05-19 03:34:00",NULL,NULL,"11.989999771118164"
"127632","88012","70480","9413","344586","Shipped","2021-03-01 05:03:02","2021-02-25 19:04:00",NULL,NULL,"11.989999771118164"
"127997","88272","70686","14196","345593","Shipped","2020-09-09 14:25:40","2020-09-12 04:14:00",NULL,NULL,"11.989999771118164"
"128112","88358","70768","27205","345915","Shipped","2022-05-02 08:02:23","2022-05-03 19:01:00",NULL,NULL,"11.989999771118164"
"128472","88609","70973","27324","346901","Shipped","2022-06-05 10:38:30","2022-06-02 21:25:00",NULL,NULL,"11.989999771118164"
"129028","88983","71287","15245","348393","Shipped","2019-06-24 06:01:18","2019-06-25 02:19:00",NULL,NULL,"11.989999771118164"
"129586","89367","71589","24512","349881","Shipped","2022-07-28 07:27:55","2022-07-28 15:23:00",NULL,NULL,"11.989999771118164"
"130111","89739","71872","26978","351302","Shipped","2022-05-18 09:28:30","2022-05-20 15:56:00",NULL,NULL,"11.989999771118164"
"131636","90801","72731","6180","355420","Shipped","2021-12-05 14:55:50","2021-12-07 10:30:00",NULL,NULL,"11.989999771118164"
"132401","91334","73139","24672","357504","Shipped","2020-12-28 17:34:15","2020-12-29 19:28:00",NULL,NULL,"11.989999771118164"
"133206","91918","73624","26458","359684","Shipped","2021-12-14 03:24:57","2021-12-12 11:51:00",NULL,NULL,"11.989999771118164"
"133720","92267","73900","11780","361084","Shipped","2022-03-06 11:54:21","2022-03-07 15:21:00",NULL,NULL,"11.989999771118164"
"133805","92323","73948","25902","361314","Shipped","2019-05-08 11:36:47","2019-05-09 10:30:00",NULL,NULL,"11.989999771118164"
"134592","92861","74399","14088","363454","Shipped","2022-08-22 01:37:42","2022-08-22 17:29:00",NULL,NULL,"11.989999771118164"
"135572","93557","74962","10140","366096","Shipped","2022-02-12 23:58:00","2022-02-13 16:00:00",NULL,NULL,"11.989999771118164"
"136134","93942","75288","2935","367616","Shipped","2021-06-19 16:00:29","2021-06-21 04:00:00",NULL,NULL,"11.989999771118164"
"136220","94005","75343","9141","367847","Shipped","2022-05-05 03:05:13","2022-05-07 15:31:00",NULL,NULL,"11.989999771118164"
"136221","94006","75345","24672","367849","Shipped","2022-08-10 06:18:21","2022-08-10 11:57:00",NULL,NULL,"11.989999771118164"
"136460","94174","75489","27345","368473","Shipped","2020-10-11 12:56:56","2020-10-11 17:36:00",NULL,NULL,"11.989999771118164"
"137092","94610","75826","24672","370183","Shipped","2022-03-23 18:47:31","2022-03-26 03:37:00",NULL,NULL,"11.989999771118164"
"137493","94865","76035","27084","371258","Shipped","2022-07-24 00:53:13","2022-07-20 15:58:00",NULL,NULL,"11.989999771118164"
"138202","95364","76445","22050","373178","Shipped","2022-07-22 03:40:06","2022-07-23 20:07:00",NULL,NULL,"11.989999771118164"
"139603","96305","77242","13087","376974","Shipped","2019-04-20 14:54:46","2019-04-22 19:33:00",NULL,NULL,"11.989999771118164"
"139717","96385","77289","3255","377267","Shipped","2020-07-07 23:11:08","2020-07-11 00:12:00",NULL,NULL,"11.989999771118164"
"141915","97883","78484","25021","383176","Shipped","2019-11-29 00:01:43","2019-11-29 16:22:00",NULL,NULL,"11.989999771118164"
"142131","98042","78614","24618","383763","Shipped","2022-06-11 10:17:44","2022-06-10 05:05:00",NULL,NULL,"11.989999771118164"
"142327","98185","78730","26934","384299","Shipped","2021-05-01 00:33:08","2021-05-01 12:22:00",NULL,NULL,"11.989999771118164"
"143362","98926","79319","25081","387077","Shipped","2021-07-27 04:50:24","2021-07-29 05:12:00",NULL,NULL,"11.989999771118164"
"143671","99135","79485","10344","387909","Shipped","2022-02-02 23:04:15","2022-02-01 15:55:00",NULL,NULL,"11.989999771118164"
"144081","99417","79711","18462","389020","Shipped","2022-01-04 15:29:32","2022-01-07 05:41:00",NULL,NULL,"11.989999771118164"
"146078","100789","80861","25021","394450","Shipped","2022-09-03 02:23:43","2022-09-04 00:14:00",NULL,NULL,"11.989999771118164"
"146336","100965","81010","25365","395157","Shipped","2022-07-07 13:14:23","2022-07-10 01:49:00",NULL,NULL,"11.989999771118164"
"147776","101976","81791","24614","399006","Shipped","2021-12-09 03:17:31","2021-12-08 15:13:00",NULL,NULL,"11.989999771118164"
"148308","102348","82096","18498","400461","Shipped","2021-10-11 16:06:56","2021-10-10 11:35:00",NULL,NULL,"11.989999771118164"
"149704","103320","82880","9269","404269","Shipped","2022-08-16 07:27:13","2022-08-16 07:05:00",NULL,NULL,"11.989999771118164"
"149919","103462","82988","26978","404861","Shipped","2020-05-13 17:10:02","2020-05-15 18:00:00",NULL,NULL,"11.989999771118164"
"152047","104908","84188","10309","410641","Shipped","2022-09-03 14:44:00.573916","2022-09-05 09:11:17.573916",NULL,NULL,"11.989999771118164"
"152061","104920","84194","24672","410677","Shipped","2022-09-02 09:57:51","2022-08-31 17:04:00",NULL,NULL,"11.989999771118164"
"153089","105613","84737","15680","413421","Shipped","2021-12-14 12:58:15","2021-12-12 18:00:00",NULL,NULL,"11.989999771118164"
"153628","105991","85023","13855","414874","Shipped","2022-03-29 02:18:18","2022-03-29 17:56:00",NULL,NULL,"11.989999771118164"
"154254","106434","85371","14088","416541","Shipped","2021-12-27 21:50:56","2021-12-30 12:56:00",NULL,NULL,"11.989999771118164"
"154518","106619","85525","26934","417245","Shipped","2021-11-08 06:48:43","2021-11-09 16:59:00",NULL,NULL,"11.989999771118164"
"155356","107184","85995","10241","419501","Shipped","2022-09-04 23:11:58","2022-09-04 17:54:00",NULL,NULL,"11.989999771118164"
"156847","108187","86776","28840","423496","Shipped","2021-05-10 02:12:09","2021-05-11 12:18:00",NULL,NULL,"11.989999771118164"
"158196","109112","87507","26978","427113","Shipped","2022-08-18 15:14:14","2022-08-21 06:37:00",NULL,NULL,"11.989999771118164"
"159404","109962","88182","9908","430382","Shipped","2022-08-28 04:15:17","2022-08-28 08:54:00",NULL,NULL,"11.989999771118164"
"159554","110069","88267","26978","430794","Shipped","2020-08-19 12:16:00","2020-08-17 23:01:00",NULL,NULL,"11.989999771118164"
"160056","110416","88554","2750","432147","Shipped","2022-07-16 03:43:45","2022-07-18 16:01:00",NULL,NULL,"11.989999771118164"
"160702","110866","88897","27345","433898","Shipped","2021-03-06 16:05:39","2021-03-08 03:20:00",NULL,NULL,"11.989999771118164"
"161500","111400","89320","10035","436054","Shipped","2021-11-14 07:18:08","2021-11-15 00:51:00",NULL,NULL,"11.989999771118164"
"162539","112106","89872","7116","438892","Shipped","2022-05-10 07:30:33","2022-05-13 01:28:00",NULL,NULL,"11.989999771118164"
"162863","112336","90084","7184","439785","Shipped","2021-08-28 07:21:35","2021-08-27 05:05:00",NULL,NULL,"11.989999771118164"
"163247","112600","90294","24618","440798","Shipped","2020-12-22 11:24:01","2020-12-22 20:54:00",NULL,NULL,"11.989999771118164"
"163845","113018","90631","9725","442430","Shipped","2022-07-13 10:57:58","2022-07-13 11:07:00",NULL,NULL,"11.989999771118164"
"164619","113540","91035","196","444566","Shipped","2021-04-04 05:43:57","2021-04-05 17:12:00",NULL,NULL,"11.989999771118164"
"164629","113550","91045","10950","444594","Shipped","2022-07-15 07:04:28","2022-07-15 23:17:00",NULL,NULL,"11.989999771118164"
"165613","114222","91574","9725","447288","Shipped","2022-03-18 23:09:36","2022-03-17 23:52:00",NULL,NULL,"11.989999771118164"
"167127","115255","92380","2750","451369","Shipped","2022-08-01 05:20:28","2022-08-04 01:15:00",NULL,NULL,"11.989999771118164"
"167339","115401","92502","206","451935","Shipped","2022-09-09 00:04:32.900476","2022-09-07 12:18:02.900476",NULL,NULL,"11.989999771118164"
"168795","116406","93324","9574","455821","Shipped","2022-03-29 12:16:33","2022-03-31 04:21:00",NULL,NULL,"11.989999771118164"
"169216","116707","93578","6027","456955","Shipped","2020-12-04 04:07:31","2020-12-05 22:05:00",NULL,NULL,"11.989999771118164"
"169841","117126","93911","6214","458647","Shipped","2021-02-17 08:25:22","2021-02-18 06:54:00",NULL,NULL,"11.989999771118164"
"170720","117705","94405","9420","461070","Shipped","2021-12-17 13:53:40","2021-12-18 05:32:00",NULL,NULL,"11.989999771118164"
"170963","117870","94524","14196","461743","Shipped","2022-08-22 07:15:36","2022-08-22 03:52:00",NULL,NULL,"11.989999771118164"
"171068","117941","94582","15804","462012","Shipped","2022-05-30 23:05:37","2022-05-31 04:45:00",NULL,NULL,"11.989999771118164"
"172553","118997","95393","22050","466024","Shipped","2021-11-16 22:16:09","2021-11-19 00:59:00",NULL,NULL,"11.989999771118164"
"172741","119125","95491","10769","466544","Shipped","2020-08-05 10:56:47","2020-08-02 09:37:00",NULL,NULL,"11.989999771118164"
"174305","120214","96407","26720","470700","Shipped","2021-09-10 07:46:22","2021-09-11 00:31:00",NULL,NULL,"11.989999771118164"
"174483","120342","96496","26934","471172","Shipped","2022-03-26 09:47:16","2022-03-27 22:13:00",NULL,NULL,"11.989999771118164"
"174765","120526","96638","16627","471942","Shipped","2022-04-26 12:50:13","2022-04-27 05:31:00",NULL,NULL,"11.989999771118164"
"175647","121136","97130","25021","474360","Shipped","2021-02-17 12:56:43","2021-02-20 09:48:00",NULL,NULL,"11.989999771118164"
"176153","121485","97429","24827","475744","Shipped","2022-08-17 04:26:46","2022-08-19 07:30:00",NULL,NULL,"11.989999771118164"
"178635","123214","98828","9574","482424","Shipped","2021-02-25 10:01:15","2021-02-22 06:39:00",NULL,NULL,"11.989999771118164"
"178933","123417","98994","13611","483215","Shipped","2022-03-08 03:04:11","2022-03-08 02:20:00",NULL,NULL,"11.989999771118164"
"180275","124313","99704","13855","486824","Shipped","2020-03-16 23:23:44","2020-03-13 18:43:00",NULL,NULL,"11.989999771118164"
"180721","124637","99938","9377","488028","Shipped","2021-06-24 05:18:56","2021-06-24 20:45:00",NULL,NULL,"11.989999771118164"
"495","352","307","18462","1305","Complete","2022-03-09 07:06:57","2022-03-10 20:44:00","2022-03-10 22:16:00",NULL,"11.989999771118164"
"4365","2981","2401","196","11842","Complete","2020-07-28 13:49:32","2020-07-29 12:46:00","2020-08-01 07:24:00",NULL,"11.989999771118164"
"5167","3522","2874","14253","13985","Complete","2022-02-02 04:48:20","2022-01-30 22:02:00","2022-02-02 02:22:00",NULL,"11.989999771118164"
"6496","4425","3591","9420","17586","Complete","2021-11-07 22:44:10","2021-11-08 12:31:00","2021-11-13 06:04:00",NULL,"11.989999771118164"
"7054","4805","3894","9420","19101","Complete","2020-03-15 13:30:44","2020-03-13 15:40:00","2020-03-13 23:19:00",NULL,"11.989999771118164"
"8748","6003","4857","28840","23726","Complete","2021-03-05 10:57:53","2021-03-06 14:11:00","2021-03-07 19:29:00",NULL,"11.989999771118164"
"10616","7301","5945","10155","28772","Complete","2021-07-26 13:34:38","2021-07-27 16:08:00","2021-07-28 21:39:00",NULL,"11.989999771118164"
"10653","7329","5964","21587","28874","Complete","2021-04-21 04:48:39","2021-04-20 14:14:00","2021-04-20 19:25:00",NULL,"11.989999771118164"
"12423","8565","6913","13611","33664","Complete","2021-08-06 06:41:50","2021-08-08 16:15:00","2021-08-09 10:22:00",NULL,"11.989999771118164"
"12470","8594","6931","15698","33789","Complete","2021-12-21 11:49:33","2021-12-18 18:57:00","2021-12-22 13:25:00",NULL,"11.989999771118164"
"13088","9036","7291","27094","35454","Complete","2020-09-03 09:54:14","2020-09-06 08:25:00","2020-09-10 19:35:00",NULL,"11.989999771118164"
"14090","9698","7827","12340","38179","Complete","2022-08-14 01:48:35","2022-08-14 20:30:00","2022-08-18 15:48:00",NULL,"11.989999771118164"
"14091","9698","7827","10313","38182","Complete","2022-08-16 01:53:16","2022-08-14 20:30:00","2022-08-18 15:48:00",NULL,"11.989999771118164"
"14626","10068","8103","933","39622","Complete","2022-05-16 10:10:29","2022-05-15 19:49:00","2022-05-19 21:06:00",NULL,"11.989999771118164"
"15265","10489","8445","6214","41342","Complete","2022-07-27 03:34:45","2022-07-25 08:56:00","2022-07-25 17:29:00",NULL,"11.989999771118164"
"16500","11347","9124","18119","44664","Complete","2021-03-25 15:48:33","2021-03-25 04:40:00","2021-03-26 12:31:00",NULL,"11.989999771118164"
"17482","12027","9666","12687","47364","Complete","2022-05-29 02:10:50","2022-05-29 18:55:00","2022-05-31 01:04:00",NULL,"11.989999771118164"
"20234","13912","11153","27345","54756","Complete","2022-08-30 11:47:06","2022-08-30 20:49:00","2022-09-01 21:13:00",NULL,"11.989999771118164"
"21955","15100","12055","26978","59346","Complete","2021-04-18 13:27:33","2021-04-18 00:41:00","2021-04-20 02:29:00",NULL,"11.989999771118164"
"22984","15808","12641","26720","62132","Complete","2020-03-17 03:14:23","2020-03-17 09:08:00","2020-03-18 04:19:00",NULL,"11.989999771118164"
"27421","18890","15110","27020","74131","Complete","2022-08-28 02:24:18","2022-08-26 13:09:00","2022-08-27 13:13:00",NULL,"11.989999771118164"
"28042","19335","15460","10002","75792","Complete","2022-07-13 09:32:37","2022-07-14 18:29:00","2022-07-15 20:28:00",NULL,"11.989999771118164"
"28900","19901","15898","25081","78134","Complete","2022-08-18 01:41:57","2022-08-17 22:28:00","2022-08-19 08:16:00",NULL,"11.989999771118164"
"29021","19981","15952","10313","78462","Complete","2022-07-26 01:03:06","2022-07-24 14:48:00","2022-07-27 23:32:00",NULL,"11.989999771118164"
"29071","20012","15982","9214","78598","Complete","2021-01-25 09:30:22","2021-01-27 18:43:00","2021-02-01 10:46:00",NULL,"11.989999771118164"
"29735","20484","16370","14088","80387","Complete","2022-06-04 04:34:38","2022-06-04 16:00:00","2022-06-07 10:25:00",NULL,"11.989999771118164"
"31088","21386","17119","11015","84045","Complete","2020-09-03 07:22:43","2020-08-31 10:35:00","2020-09-04 04:08:00",NULL,"11.989999771118164"
"31420","21617","17289","9908","84930","Complete","2022-01-04 05:57:55","2022-01-04 16:17:00","2022-01-05 23:15:00",NULL,"11.989999771118164"
"33961","23386","18662","13611","91758","Complete","2022-03-29 22:04:18","2022-03-30 03:03:00","2022-04-01 19:31:00",NULL,"11.989999771118164"
"34955","24064","19214","6181","94426","Complete","2022-09-03 17:44:43.020342","2022-09-04 20:55:28.020342","2022-09-09 18:48:28.020342",NULL,"11.989999771118164"
"35704","24570","19638","24672","96411","Complete","2021-06-05 14:36:53","2021-06-06 06:21:00","2021-06-08 11:03:00",NULL,"11.989999771118164"
"37585","25877","20671","15920","101490","Complete","2020-01-17 12:54:03","2020-01-18 03:45:00","2020-01-19 04:32:00",NULL,"11.989999771118164"
"38552","26554","21219","27331","104074","Complete","2022-08-05 00:27:33","2022-08-05 04:12:00","2022-08-07 15:43:00",NULL,"11.989999771118164"
"39172","26970","21542","12595","105765","Complete","2022-01-07 03:08:11","2022-01-09 04:22:00","2022-01-10 05:53:00",NULL,"11.989999771118164"
"39659","27312","21810","10155","107053","Complete","2021-08-19 07:21:56","2021-08-19 15:24:00","2021-08-21 12:22:00",NULL,"11.989999771118164"
"40040","27560","22012","26685","108069","Complete","2022-05-22 11:56:54","2022-05-24 12:40:00","2022-05-27 00:31:00",NULL,"11.989999771118164"
"40408","27804","22204","18129","109079","Complete","2022-01-15 13:28:13","2022-01-15 13:37:00","2022-01-20 01:47:00",NULL,"11.989999771118164"
"40458","27840","22233","13611","109220","Complete","2022-03-02 11:03:10","2022-02-28 09:56:00","2022-03-03 11:03:00",NULL,"11.989999771118164"
"40459","27841","22233","10344","109224","Complete","2022-08-09 12:10:07","2022-08-11 22:04:00","2022-08-12 03:03:00",NULL,"11.989999771118164"
"43439","29885","23827","26934","117297","Complete","2021-11-27 03:16:48","2021-11-28 17:32:00","2021-12-02 20:44:00",NULL,"11.989999771118164"
"45656","31435","25084","18462","123283","Complete","2020-10-16 03:13:47","2020-10-14 12:53:00","2020-10-15 22:10:00",NULL,"11.989999771118164"
"46675","32145","25671","5488","126024","Complete","2022-08-30 08:29:06","2022-08-31 08:05:00","2022-09-01 03:32:00",NULL,"11.989999771118164"
"47593","32792","26183","13866","128457","Complete","2022-03-26 05:06:20","2022-03-22 08:49:00","2022-03-22 22:09:00",NULL,"11.989999771118164"
"48586","33469","26733","25218","131127","Complete","2022-09-05 05:23:23.262635","2022-09-05 12:53:47.262635","2022-09-07 08:30:47.262635",NULL,"11.989999771118164"
"51059","35197","28096","13611","137828","Complete","2022-05-11 08:24:42","2022-05-12 17:37:00","2022-05-13 17:04:00",NULL,"11.989999771118164"
"51888","35756","28564","5817","140066","Complete","2020-12-15 23:45:25","2020-12-17 13:49:00","2020-12-20 16:36:00",NULL,"11.989999771118164"
"52242","35997","28752","11015","140981","Complete","2022-06-24 11:50:04","2022-06-25 01:21:00","2022-06-27 22:07:00",NULL,"11.989999771118164"
"52927","36483","29158","27331","142814","Complete","2022-04-26 00:29:50","2022-04-28 07:12:00","2022-04-30 09:02:00",NULL,"11.989999771118164"
"53449","36838","29432","10313","144235","Complete","2020-11-06 02:40:41","2020-11-03 01:07:00","2020-11-03 15:07:00",NULL,"11.989999771118164"
"54167","37330","29832","25365","146169","Complete","2021-02-14 15:18:47","2021-02-15 00:45:00","2021-02-15 17:22:00",NULL,"11.989999771118164"
"55176","38030","30384","24512","148868","Complete","2021-11-23 05:27:19","2021-11-21 10:08:00","2021-11-22 00:12:00",NULL,"11.989999771118164"
"55225","38067","30413","8878","148997","Complete","2022-08-31 05:25:25","2022-09-01 21:01:00","2022-09-04 10:32:00",NULL,"11.989999771118164"
"55625","38346","30648","15780","150094","Complete","2021-07-02 03:42:08","2021-06-30 05:43:00","2021-07-02 12:10:00",NULL,"11.989999771118164"
"56042","38633","30879","10241","151243","Complete","2022-03-14 15:54:15","2022-03-16 08:35:00","2022-03-20 12:35:00",NULL,"11.989999771118164"
"56367","38852","31062","25365","152127","Complete","2022-03-30 11:17:26","2022-03-30 13:15:00","2022-04-03 14:05:00",NULL,"11.989999771118164"
"57601","39696","31715","11559","155454","Complete","2022-02-07 03:04:15","2022-02-05 06:39:00","2022-02-09 22:56:00",NULL,"11.989999771118164"
"58138","40071","32019","9119","156884","Complete","2019-10-25 02:15:33","2019-10-25 07:39:00","2019-10-27 23:25:00",NULL,"11.989999771118164"
"59222","40808","32594","27084","159834","Complete","2022-01-11 23:48:33","2022-01-14 17:57:00","2022-01-16 08:09:00",NULL,"11.989999771118164"
"59478","40986","32732","933","160543","Complete","2022-07-24 15:29:57","2022-07-25 04:09:00","2022-07-28 19:04:00",NULL,"11.989999771118164"
"61173","42117","33667","24512","165150","Complete","2020-03-20 01:31:57","2020-03-21 20:01:00","2020-03-24 08:59:00",NULL,"11.989999771118164"
"62347","42942","34327","27331","168290","Complete","2022-08-04 15:42:25","2022-08-01 18:50:00","2022-08-02 04:12:00",NULL,"11.989999771118164"
"62407","42980","34356","10140","168463","Complete","2021-07-10 07:04:08","2021-07-11 00:22:00","2021-07-14 19:10:00",NULL,"11.989999771118164"
"62768","43218","34561","24907","169457","Complete","2021-07-11 15:36:57","2021-07-10 16:27:00","2021-07-11 14:07:00",NULL,"11.989999771118164"
"63437","43677","34929","25902","171277","Complete","2022-05-29 08:49:42","2022-05-26 20:22:00","2022-05-30 23:07:00",NULL,"11.989999771118164"
"64639","44495","35598","25218","174520","Complete","2022-03-27 16:07:16","2022-03-29 05:11:00","2022-04-01 09:02:00",NULL,"11.989999771118164"
"65897","45362","36265","6118","177933","Complete","2022-07-06 23:36:32","2022-07-03 12:08:00","2022-07-06 11:04:00",NULL,"11.989999771118164"
"66300","45627","36471","13855","179035","Complete","2021-11-25 09:40:18","2021-11-26 04:36:00","2021-11-30 08:34:00",NULL,"11.989999771118164"
"67732","46609","37289","26990","182882","Complete","2020-11-07 06:49:43","2020-11-08 04:42:00","2020-11-08 23:54:00",NULL,"11.989999771118164"
"68127","46884","37505","9119","183939","Complete","2022-08-07 08:13:31","2022-08-08 12:10:00","2022-08-09 15:49:00",NULL,"11.989999771118164"
"69280","47702","38134","10140","187006","Complete","2022-08-29 01:22:31","2022-08-29 21:15:00","2022-08-31 05:35:00",NULL,"11.989999771118164"
"69412","47798","38218","22050","187357","Complete","2021-10-25 08:20:51","2021-10-27 02:57:00","2021-10-27 18:08:00",NULL,"11.989999771118164"
"69483","47846","38258","6118","187551","Complete","2020-11-10 15:09:30","2020-11-08 06:53:00","2020-11-09 16:42:00",NULL,"11.989999771118164"
"70128","48289","38612","10344","189322","Complete","2021-09-29 10:05:12","2021-09-30 11:20:00","2021-10-03 20:27:00",NULL,"11.989999771118164"
"70900","48814","39057","15804","191409","Complete","2022-06-05 14:53:40","2022-06-06 09:35:00","2022-06-08 12:34:00",NULL,"11.989999771118164"
"72530","49956","39980","16627","195849","Complete","2021-04-23 12:36:40","2021-04-25 22:23:00","2021-04-29 02:39:00",NULL,"11.989999771118164"
"73035","50310","40268","6181","197212","Complete","2019-09-03 05:56:46","2019-09-05 00:59:00","2019-09-05 16:39:00",NULL,"11.989999771118164"
"73150","50390","40340","25321","197515","Complete","2022-07-22 00:53:11","2022-07-19 03:23:00","2022-07-19 13:41:00",NULL,"11.989999771118164"
"74312","51200","40972","9119","200654","Complete","2021-08-02 22:50:47","2021-08-05 12:16:00","2021-08-06 17:15:00",NULL,"11.989999771118164"
"74629","51426","41147","11015","201491","Complete","2022-05-12 03:52:15","2022-05-15 01:15:00","2022-05-16 17:51:00",NULL,"11.989999771118164"
"75107","51757","41407","21587","202792","Complete","2022-01-31 22:35:46","2022-02-03 14:22:00","2022-02-05 10:07:00",NULL,"11.989999771118164"
"75482","52010","41614","14046","203789","Complete","2020-06-12 14:58:35","2020-06-13 06:00:00","2020-06-14 12:18:00",NULL,"11.989999771118164"
"76204","52517","42025","9377","205783","Complete","2022-06-15 11:05:29","2022-06-16 02:33:00","2022-06-17 01:19:00",NULL,"11.989999771118164"
"76760","52919","42338","6118","207278","Complete","2021-10-04 09:30:55","2021-10-03 11:16:00","2021-10-05 14:14:00",NULL,"11.989999771118164"
"77753","53611","42898","10344","209881","Complete","2022-08-26 10:26:56","2022-08-26 22:07:00","2022-08-30 17:17:00",NULL,"11.989999771118164"
"79250","54642","43712","15780","213977","Complete","2022-08-16 05:49:00","2022-08-17 10:26:00","2022-08-18 07:53:00",NULL,"11.989999771118164"
"79497","54825","43846","13866","214652","Complete","2021-10-03 08:13:09","2021-10-06 00:37:00","2021-10-08 22:34:00",NULL,"11.989999771118164"
"80100","55241","44183","10241","216276","Complete","2022-09-02 05:42:20","2022-09-02 21:28:00","2022-09-07 17:13:00",NULL,"11.989999771118164"
"80625","55605","44449","6035","217738","Complete","2019-11-01 14:56:04","2019-11-02 01:57:00","2019-11-04 18:38:00",NULL,"11.989999771118164"
"81962","56546","45204","9068","221335","Complete","2022-05-02 23:21:18","2022-05-04 05:46:00","2022-05-06 08:28:00",NULL,"11.989999771118164"
"82904","57236","45758","15700","223900","Complete","2022-03-20 09:41:12","2022-03-19 10:25:00","2022-03-21 10:05:00",NULL,"11.989999771118164"
"83635","57762","46176","6027","225876","Complete","2021-10-24 08:34:04","2021-10-25 09:00:00","2021-10-26 05:03:00",NULL,"11.989999771118164"
"84828","58604","46865","9269","229122","Complete","2022-09-02 06:49:37.657097","2022-09-03 07:08:41.657097","2022-09-04 02:24:41.657097",NULL,"11.989999771118164"
"86825","59998","48005","9060","234559","Complete","2020-01-19 21:44:07","2020-01-20 05:08:00","2020-01-22 11:32:00",NULL,"11.989999771118164"
"90189","62339","49903","9417","243655","Complete","2021-09-08 16:17:30","2021-09-10 03:55:00","2021-09-14 18:32:00",NULL,"11.989999771118164"
"91613","63304","50687","13866","247468","Complete","2022-04-25 14:06:58","2022-04-25 21:41:00","2022-04-30 02:18:00",NULL,"11.989999771118164"
"91760","63404","50760","25158","247854","Complete","2021-03-01 04:12:03","2021-03-03 05:25:00","2021-03-05 16:51:00",NULL,"11.989999771118164"
"92955","64229","51406","12595","251070","Complete","2020-12-08 10:43:03","2020-12-09 04:33:00","2020-12-12 22:31:00",NULL,"11.989999771118164"
"95631","66103","52865","25127","258329","Complete","2022-07-30 13:49:58","2022-07-28 23:39:00","2022-07-29 12:35:00",NULL,"11.989999771118164"
"95809","66223","52956","14253","258822","Complete","2021-01-02 09:10:01","2021-01-05 00:58:00","2021-01-06 01:08:00",NULL,"11.989999771118164"
"97251","67215","53705","10769","262699","Complete","2021-08-22 10:39:09","2021-08-20 10:08:00","2021-08-21 07:29:00",NULL,"11.989999771118164"
"97825","67607","54030","27330","264261","Complete","2022-05-30 08:33:44","2022-06-01 09:25:00","2022-06-02 22:21:00",NULL,"11.989999771118164"
"99539","68790","55009","6181","268869","Complete","2021-03-29 07:27:14","2021-03-26 06:13:00","2021-03-30 22:46:00",NULL,"11.989999771118164"
"99658","68877","55076","10950","269195","Complete","2022-06-16 01:53:59","2022-06-15 14:25:00","2022-06-16 01:00:00",NULL,"11.989999771118164"
"101629","70223","56148","26934","274471","Complete","2020-03-17 11:41:30","2020-03-18 21:20:00","2020-03-23 05:54:00",NULL,"11.989999771118164"
"103309","71385","57065","12687","279056","Complete","2022-04-17 07:44:40","2022-04-19 15:01:00","2022-04-21 15:56:00",NULL,"11.989999771118164"
"104904","72484","57947","2935","283366","Complete","2021-11-26 03:36:14","2021-11-27 05:25:00","2021-11-30 19:02:00",NULL,"11.989999771118164"
"104927","72503","57961","9327","283435","Complete","2022-04-25 10:04:47","2022-04-25 19:23:00","2022-04-25 20:16:00",NULL,"11.989999771118164"
"105380","72818","58247","10140","284631","Complete","2021-06-25 10:16:48","2021-06-24 12:46:00","2021-06-29 11:16:00",NULL,"11.989999771118164"
"106279","73442","58743","25021","287070","Complete","2022-07-17 11:02:28","2022-07-15 17:08:00","2022-07-18 18:30:00",NULL,"11.989999771118164"
"107454","74239","59353","9413","290239","Complete","2021-04-18 04:13:53","2021-04-18 10:19:00","2021-04-18 19:04:00",NULL,"11.989999771118164"
"109976","75966","60740","9413","297044","Complete","2021-02-10 05:59:24","2021-02-12 14:10:00","2021-02-14 16:21:00",NULL,"11.989999771118164"
"111850","77262","61817","13611","302082","Complete","2021-06-05 04:16:30","2021-06-04 08:50:00","2021-06-07 16:21:00",NULL,"11.989999771118164"
"115920","80050","64066","24686","313065","Complete","2021-04-08 13:52:17","2021-04-07 07:53:00","2021-04-07 14:28:00",NULL,"11.989999771118164"
"115988","80098","64115","13087","313264","Complete","2022-08-31 05:15:47","2022-08-31 20:22:00","2022-09-02 10:53:00",NULL,"11.989999771118164"
"116583","80496","64448","27058","314869","Complete","2021-11-19 01:18:17","2021-11-20 01:32:00","2021-11-22 10:53:00",NULL,"11.989999771118164"
"116589","80499","64449","15847","314888","Complete","2022-08-24 05:09:00","2022-08-25 16:29:00","2022-08-29 08:00:00",NULL,"11.989999771118164"
"119059","82189","65808","24686","321457","Complete","2022-02-22 22:05:13","2022-02-24 08:17:00","2022-02-27 09:38:00",NULL,"11.989999771118164"
"119143","82246","65854","6027","321683","Complete","2022-08-01 07:00:44","2022-07-30 13:27:00","2022-08-02 19:56:00",NULL,"11.989999771118164"
"121499","83850","67130","2935","328060","Complete","2021-08-01 07:43:07","2021-08-03 13:47:00","2021-08-03 14:18:00",NULL,"11.989999771118164"
"122698","84650","67755","22050","331303","Complete","2022-05-28 08:20:36","2022-05-30 03:44:00","2022-06-03 06:05:00",NULL,"11.989999771118164"
"123988","85536","68441","6264","334739","Complete","2021-01-25 15:25:54","2021-01-27 11:15:00","2021-01-29 04:33:00",NULL,"11.989999771118164"
"127593","87986","70456","9420","344473","Complete","2022-05-17 16:05:43","2022-05-17 22:14:00","2022-05-19 01:56:00",NULL,"11.989999771118164"
"128852","88870","71184","24827","347909","Complete","2022-04-10 16:32:21","2022-04-10 14:35:00","2022-04-13 00:59:00",NULL,"11.989999771118164"
"129041","88991","71296","10313","348432","Complete","2021-08-26 11:45:08","2021-08-26 20:41:00","2021-08-31 04:47:00",NULL,"11.989999771118164"
"130054","89704","71851","6180","351156","Complete","2022-05-15 23:38:57","2022-05-13 20:10:00","2022-05-15 12:00:00",NULL,"11.989999771118164"
"130306","89871","71993","15920","351822","Complete","2019-06-16 16:49:25","2019-06-17 03:48:00","2019-06-17 10:59:00",NULL,"11.989999771118164"
"131764","90892","72805","27205","355763","Complete","2022-08-15 23:29:13","2022-08-12 11:41:00","2022-08-13 09:17:00",NULL,"11.989999771118164"
"133506","92109","73774","10781","360502","Complete","2019-08-02 01:27:52","2019-07-31 05:22:00","2019-08-03 21:22:00",NULL,"11.989999771118164"
"133650","92214","73859","9060","360892","Complete","2022-03-12 06:07:05","2022-03-13 23:00:00","2022-03-18 19:06:00",NULL,"11.989999771118164"
"134024","92467","74071","9384","361885","Complete","2020-04-02 06:04:41","2020-04-03 11:01:00","2020-04-05 12:00:00",NULL,"11.989999771118164"
"134057","92490","74097","14088","361969","Complete","2020-05-04 08:33:47","2020-05-05 06:04:00","2020-05-08 05:27:00",NULL,"11.989999771118164"
"134063","92496","74101","13611","361985","Complete","2022-08-02 11:00:36","2022-08-05 06:23:00","2022-08-09 17:27:00",NULL,"11.989999771118164"
"134439","92757","74318","27084","363018","Complete","2020-08-07 02:19:53","2020-08-07 09:21:00","2020-08-07 11:31:00",NULL,"11.989999771118164"
"135926","93799","75168","5296","367046","Complete","2021-11-06 10:07:02","2021-11-04 16:42:00","2021-11-06 23:18:00",NULL,"11.989999771118164"
"136174","93970","75312","18498","367720","Complete","2021-07-23 14:03:02","2021-07-26 03:41:00","2021-07-26 05:26:00",NULL,"11.989999771118164"
"137684","95008","76158","21587","371758","Complete","2022-06-29 04:53:39","2022-06-28 21:30:00","2022-07-01 16:30:00",NULL,"11.989999771118164"
"138312","95445","76521","11780","373482","Complete","2019-07-13 16:29:44","2019-07-14 08:37:00","2019-07-18 16:14:00",NULL,"11.989999771118164"
"138323","95455","76530","10002","373511","Complete","2021-03-03 00:35:40","2021-03-03 13:41:00","2021-03-05 15:02:00",NULL,"11.989999771118164"
"138428","95526","76591","25218","373797","Complete","2022-07-23 22:07:32","2022-07-24 18:33:00","2022-07-27 10:19:00",NULL,"11.989999771118164"
"138804","95784","76794","9119","374806","Complete","2020-06-18 02:19:04","2020-06-17 18:42:00","2020-06-20 06:16:00",NULL,"11.989999771118164"
"139876","96488","77368","12687","377702","Complete","2022-04-11 02:10:07","2022-04-11 15:57:00","2022-04-13 07:52:00",NULL,"11.989999771118164"
"142503","98312","78834","27094","384767","Complete","2022-06-16 06:20:17","2022-06-18 03:38:00","2022-06-19 01:22:00",NULL,"11.989999771118164"
"142563","98361","78878","22050","384923","Complete","2022-04-09 04:01:38","2022-04-11 04:13:00","2022-04-16 01:03:00",NULL,"11.989999771118164"
"142875","98578","79032","10035","385774","Complete","2022-09-05 01:00:15.810842","2022-09-07 06:25:58.810842","2022-09-07 10:58:58.810842",NULL,"11.989999771118164"
"143935","99320","79637","6020","388619","Complete","2020-11-13 00:07:36","2020-11-12 23:56:00","2020-11-15 03:49:00",NULL,"11.989999771118164"
"144572","99747","79979","302","390332","Complete","2022-04-25 01:56:06","2022-04-23 08:20:00","2022-04-26 19:50:00",NULL,"11.989999771118164"
"146444","101043","81068","26934","395438","Complete","2022-01-15 05:05:49","2022-01-18 06:02:00","2022-01-18 17:48:00",NULL,"11.989999771118164"
"147471","101756","81618","11780","398190","Complete","2021-03-02 10:16:27","2021-03-03 07:07:00","2021-03-07 21:30:00",NULL,"11.989999771118164"
"147546","101814","81667","26934","398385","Complete","2021-12-12 09:13:56","2021-12-13 00:39:00","2021-12-15 06:25:00",NULL,"11.989999771118164"
"147985","102123","81912","15245","399570","Complete","2021-10-12 15:53:52","2021-10-15 13:52:00","2021-10-19 13:45:00",NULL,"11.989999771118164"
"148163","102239","82016","5813","400058","Complete","2019-04-28 13:12:50","2019-05-01 14:05:00","2019-05-04 17:38:00",NULL,"11.989999771118164"
"148887","102737","82414","10309","402040","Complete","2021-06-01 18:44:09","2021-05-31 03:29:00","2021-06-03 23:49:00",NULL,"11.989999771118164"
"149429","103129","82717","27058","403516","Complete","2022-08-28 22:22:45","2022-08-30 03:12:00","2022-09-01 02:47:00",NULL,"11.989999771118164"
"149823","103399","82937","12340","404591","Complete","2022-08-10 03:25:37","2022-08-07 13:20:00","2022-08-10 15:31:00",NULL,"11.989999771118164"
"149888","103442","82974","24512","404775","Complete","2021-04-13 01:26:19","2021-04-14 12:11:00","2021-04-18 09:02:00",NULL,"11.989999771118164"
"152733","105385","84550","10781","412462","Complete","2021-05-30 01:34:12","2021-05-28 01:28:00","2021-05-31 22:09:00",NULL,"11.989999771118164"
"154043","106288","85251","13611","415977","Complete","2022-07-23 01:21:16","2022-07-25 20:39:00","2022-07-28 04:50:00",NULL,"11.989999771118164"
"154571","106653","85552","7116","417388","Complete","2021-02-14 07:54:37","2021-02-17 01:22:00","2021-02-20 03:47:00",NULL,"11.989999771118164"
"154583","106661","85560","14088","417425","Complete","2022-07-24 00:04:37","2022-07-22 05:25:00","2022-07-24 22:22:00",NULL,"11.989999771118164"
"154925","106892","85762","5817","418342","Complete","2022-06-05 00:17:22","2022-06-04 16:51:00","2022-06-05 06:45:00",NULL,"11.989999771118164"
"157742","108795","87258","24614","425910","Complete","2022-04-26 04:40:31","2022-04-25 00:50:00","2022-04-25 04:55:00",NULL,"11.989999771118164"
"158439","109283","87652","5813","427781","Complete","2022-07-29 03:45:18","2022-07-31 05:19:00","2022-07-31 11:57:00",NULL,"11.989999771118164"
"160337","110617","88695","10126","432917","Complete","2021-05-17 05:13:51","2021-05-20 04:14:00","2021-05-20 15:28:00",NULL,"11.989999771118164"
"161059","111093","89066","302","434845","Complete","2021-12-05 12:02:57","2021-12-04 04:15:00","2021-12-06 20:10:00",NULL,"11.989999771118164"
"161206","111194","89151","1552","435250","Complete","2022-04-16 23:15:39","2022-04-19 09:19:00","2022-04-21 21:40:00",NULL,"11.989999771118164"
"161319","111280","89221","10241","435555","Complete","2022-06-09 06:03:36","2022-06-09 15:38:00","2022-06-11 22:27:00",NULL,"11.989999771118164"
"161730","111564","89448","27020","436691","Complete","2022-05-10 02:43:06","2022-05-08 14:28:00","2022-05-12 22:30:00",NULL,"11.989999771118164"
"163037","112458","90180","5488","440249","Complete","2021-06-26 16:29:38","2021-06-29 10:38:00","2021-07-04 07:41:00",NULL,"11.989999771118164"
"163313","112647","90324","7116","440972","Complete","2020-11-05 00:05:31","2020-11-06 02:28:00","2020-11-06 12:51:00",NULL,"11.989999771118164"
"164088","113185","90767","9384","443107","Complete","2022-01-23 09:02:13","2022-01-20 22:51:00","2022-01-22 22:32:00",NULL,"11.989999771118164"
"164363","113376","90909","24827","443871","Complete","2022-08-31 17:28:44","2022-09-01 04:36:00","2022-09-04 20:55:00",NULL,"11.989999771118164"
"164672","113583","91078","10126","444712","Complete","2022-07-05 13:57:47","2022-07-05 20:51:00","2022-07-08 22:18:00",NULL,"11.989999771118164"
"164971","113776","91214","27058","445537","Complete","2021-08-15 05:36:09","2021-08-18 04:41:00","2021-08-20 00:06:00",NULL,"11.989999771118164"
"166939","115128","92276","9420","450869","Complete","2021-10-08 06:53:58","2021-10-08 21:58:00","2021-10-10 16:22:00",NULL,"11.989999771118164"
"168545","116236","93196","9119","455159","Complete","2022-08-12 22:08:43","2022-08-11 06:50:00","2022-08-12 21:52:00",NULL,"11.989999771118164"
"169581","116948","93769","5488","457938","Complete","2021-03-14 08:56:59","2021-03-17 08:34:00","2021-03-19 09:18:00",NULL,"11.989999771118164"
"169842","117127","93912","142","458650","Complete","2021-03-11 00:44:39","2021-03-12 07:07:00","2021-03-14 01:01:00",NULL,"11.989999771118164"
"173809","119882","96133","9141","469359","Complete","2022-08-31 05:20:30","2022-08-28 00:22:00","2022-09-01 20:43:00",NULL,"11.989999771118164"
"174053","120045","96265","9413","470016","Complete","2022-09-03 06:07:15.106488","2022-09-05 21:00:46.106488","2022-09-07 05:32:46.106488",NULL,"11.989999771118164"
"174482","120341","96496","24907","471168","Complete","2021-11-18 07:56:54","2021-11-20 01:29:00","2021-11-21 12:49:00",NULL,"11.989999771118164"
"175012","120686","96766","24827","472637","Complete","2020-04-02 15:10:07","2020-04-04 14:36:00","2020-04-07 04:05:00",NULL,"11.989999771118164"
"175951","121349","97321","25902","475178","Complete","2021-03-04 12:39:02","2021-03-03 19:01:00","2021-03-05 06:11:00",NULL,"11.989999771118164"
"180205","124274","99670","10309","486641","Complete","2022-09-07 04:25:17.223512","2022-09-05 10:16:18.223512","2022-09-08 00:21:18.223512",NULL,"11.989999771118164"
"1041","722","601","24618","2795","Returned","2022-08-20 02:28:23","2022-08-18 04:51:00","2022-08-22 07:13:00","2022-08-23 06:39:00","11.989999771118164"
"2588","1773","1429","27084","6999","Returned","2022-08-07 16:53:40","2022-08-07 07:55:00","2022-08-11 22:42:00","2022-08-14 04:59:00","11.989999771118164"
"5052","3441","2811","26685","13669","Returned","2021-07-25 01:20:37","2021-07-26 16:22:00","2021-07-27 13:41:00","2021-07-29 23:22:00","11.989999771118164"
"8631","5915","4788","6214","23417","Returned","2022-06-15 10:08:40","2022-06-15 05:11:00","2022-06-15 10:46:00","2022-06-17 03:53:00","11.989999771118164"
"9086","6227","5037","15920","24630","Returned","2022-08-24 00:03:55","2022-08-24 10:19:00","2022-08-27 17:38:00","2022-08-29 16:53:00","11.989999771118164"
"9711","6684","5422","11780","26351","Returned","2022-05-07 15:57:06","2022-05-10 01:58:00","2022-05-11 06:33:00","2022-05-13 22:02:00","11.989999771118164"
"11660","8025","6511","5817","31598","Returned","2020-06-13 01:17:06","2020-06-11 08:26:00","2020-06-11 11:58:00","2020-06-12 12:55:00","11.989999771118164"
"14628","10069","8103","12340","39627","Returned","2022-06-07 10:05:57","2022-06-08 10:39:00","2022-06-08 16:41:00","2022-06-10 10:08:00","11.989999771118164"
"16756","11532","9284","25365","45369","Returned","2022-09-04 09:11:16.16405","2022-09-03 20:34:53.16405","2022-09-07 13:48:53.16405","2022-09-10 05:38:53.16405","11.989999771118164"
"17207","11844","9515","7116","46589","Returned","2022-03-27 15:41:56","2022-03-28 18:09:00","2022-03-29 08:22:00","2022-03-29 10:08:00","11.989999771118164"
"21449","14754","11793","196","57979","Returned","2022-04-26 00:18:02","2022-04-24 14:16:00","2022-04-25 15:27:00","2022-04-26 04:43:00","11.989999771118164"
"25453","17538","14012","11559","68778","Returned","2021-06-14 22:16:39","2021-06-17 15:05:00","2021-06-21 23:03:00","2021-06-22 00:24:00","11.989999771118164"
"26476","18247","14585","10002","71556","Returned","2020-12-10 08:06:21","2020-12-12 13:25:00","2020-12-16 20:27:00","2020-12-18 10:52:00","11.989999771118164"
"28930","19922","15913","12922","78218","Returned","2022-09-05 03:44:20.871848","2022-09-06 00:14:54.871848","2022-09-09 14:59:54.871848","2022-09-12 10:03:54.871848","11.989999771118164"
"29078","20017","15987","25081","78616","Returned","2022-08-13 11:37:39","2022-08-11 01:40:00","2022-08-15 09:01:00","2022-08-18 03:40:00","11.989999771118164"
"29900","20595","16471","25036","80831","Returned","2022-09-01 06:00:13","2022-09-01 22:36:00","2022-09-04 11:44:00","2022-09-07 01:11:00","11.989999771118164"
"35248","24256","19376","11015","95219","Returned","2021-07-20 00:38:39","2021-07-20 12:09:00","2021-07-24 03:08:00","2021-07-25 10:02:00","11.989999771118164"
"35336","24320","19425","24672","95454","Returned","2022-07-29 14:34:35","2022-07-30 01:54:00","2022-08-03 20:13:00","2022-08-06 05:59:00","11.989999771118164"
"35445","24400","19491","25902","95745","Returned","2021-06-10 01:46:12","2021-06-10 20:41:00","2021-06-15 11:24:00","2021-06-17 08:07:00","11.989999771118164"
"39394","27123","21667","3255","106360","Returned","2022-03-07 17:11:29","2022-03-06 10:33:00","2022-03-09 15:37:00","2022-03-11 14:41:00","11.989999771118164"
"44304","30488","24337","9574","119655","Returned","2022-03-05 09:23:54","2022-03-06 01:30:00","2022-03-07 18:08:00","2022-03-08 06:40:00","11.989999771118164"
"46087","31728","25311","28840","124448","Returned","2021-09-28 14:45:10","2021-09-26 19:07:00","2021-09-29 15:15:00","2021-10-01 21:09:00","11.989999771118164"
"47469","32702","26108","12340","128132","Returned","2021-08-08 01:03:12","2021-08-07 16:50:00","2021-08-10 19:01:00","2021-08-13 12:25:00","11.989999771118164"
"49218","33891","27068","206","132840","Returned","2019-09-08 14:59:26","2019-09-08 13:47:00","2019-09-09 22:47:00","2019-09-10 04:02:00","11.989999771118164"
"52646","36286","28980","26720","142067","Returned","2022-08-14 02:28:28","2022-08-12 08:19:00","2022-08-16 08:23:00","2022-08-18 07:04:00","11.989999771118164"
"60642","41766","33387","22050","163727","Returned","2021-03-11 00:25:49","2021-03-12 10:28:00","2021-03-16 15:55:00","2021-03-18 13:51:00","11.989999771118164"
"61380","42264","33789","24619","165697","Returned","2022-07-21 12:44:11","2022-07-17 17:22:00","2022-07-18 21:12:00","2022-07-19 10:10:00","11.989999771118164"
"62370","42954","34339","26720","168351","Returned","2022-08-07 07:29:52","2022-08-09 09:03:00","2022-08-10 19:35:00","2022-08-13 07:51:00","11.989999771118164"
"63837","43948","35157","206","172335","Returned","2021-03-10 07:32:15","2021-03-12 23:15:00","2021-03-13 03:26:00","2021-03-16 01:23:00","11.989999771118164"
"67808","46664","37331","24619","183083","Returned","2022-09-05 13:22:28.359642","2022-09-04 19:50:27.359642","2022-09-06 10:50:27.359642","2022-09-07 14:33:27.359642","11.989999771118164"
"75264","51860","41490","9420","203197","Returned","2022-05-04 08:40:52","2022-05-05 17:43:00","2022-05-10 03:22:00","2022-05-11 15:59:00","11.989999771118164"
"78840","54362","43508","25218","212842","Returned","2020-04-09 00:32:00","2020-04-08 13:06:00","2020-04-10 21:59:00","2020-04-13 09:14:00","11.989999771118164"
"79423","54770","43808","9413","214444","Returned","2020-07-16 16:35:39","2020-07-18 03:18:00","2020-07-18 06:40:00","2020-07-18 22:53:00","11.989999771118164"
"79765","55011","43991","9417","215385","Returned","2020-05-05 09:53:32","2020-05-08 01:25:00","2020-05-08 04:14:00","2020-05-08 05:24:00","11.989999771118164"
"82117","56666","45315","9908","221743","Returned","2020-07-01 14:30:28","2020-07-04 14:54:00","2020-07-06 11:08:00","2020-07-07 14:22:00","11.989999771118164"
"84579","58432","46737","10155","228444","Returned","2022-07-10 04:37:06","2022-07-09 01:39:00","2022-07-09 06:45:00","2022-07-10 03:23:00","11.989999771118164"
"85525","59100","47249","13855","231016","Returned","2022-07-15 03:02:29","2022-07-16 17:12:00","2022-07-20 19:27:00","2022-07-21 15:45:00","11.989999771118164"
"88177","60941","48786","8980","238209","Returned","2022-09-03 05:19:00.564912","2022-09-05 06:09:32.564912","2022-09-09 16:06:32.564912","2022-09-10 17:17:32.564912","11.989999771118164"
"88493","61158","48978","302","239062","Returned","2022-01-31 13:50:11","2022-02-01 23:47:00","2022-02-06 21:00:00","2022-02-08 14:42:00","11.989999771118164"
"88744","61344","49122","15920","239762","Returned","2021-06-23 06:18:25","2021-06-21 12:31:00","2021-06-25 10:59:00","2021-06-26 07:43:00","11.989999771118164"
"89733","62028","49652","9486","242416","Returned","2022-05-10 23:13:59","2022-05-11 08:11:00","2022-05-14 08:21:00","2022-05-16 11:14:00","11.989999771118164"
"90482","62542","50065","22050","244431","Returned","2021-11-24 09:12:00","2021-11-23 08:57:00","2021-11-23 12:11:00","2021-11-24 14:54:00","11.989999771118164"
"90639","62641","50149","25158","244870","Returned","2022-07-10 11:06:06","2022-07-12 18:53:00","2022-07-12 19:20:00","2022-07-13 11:02:00","11.989999771118164"
"93461","64573","51668","26458","252417","Returned","2020-03-11 02:03:29","2020-03-13 21:03:00","2020-03-15 08:39:00","2020-03-16 21:53:00","11.989999771118164"
"102264","70663","56497","15680","276216","Returned","2021-01-01 13:57:30","2021-01-02 13:41:00","2021-01-03 02:38:00","2021-01-05 21:19:00","11.989999771118164"
"103914","71815","57426","9377","280706","Returned","2022-07-02 00:37:17","2022-07-01 01:19:00","2022-07-01 01:46:00","2022-07-02 21:22:00","11.989999771118164"
"103915","71815","57426","6027","280708","Returned","2022-06-29 00:41:06","2022-07-01 01:19:00","2022-07-01 01:46:00","2022-07-02 21:22:00","11.989999771118164"
"104099","71939","57519","27164","281192","Returned","2022-09-03 07:33:10.214937","2022-09-04 04:38:24.214937","2022-09-05 01:49:24.214937","2022-09-06 20:00:24.214937","11.989999771118164"
"109488","75633","60456","9725","295748","Returned","2022-05-09 23:38:39","2022-05-11 10:47:00","2022-05-11 18:43:00","2022-05-14 14:23:00","11.989999771118164"
"111326","76903","61527","24686","300659","Returned","2020-06-03 11:02:04","2020-06-06 03:52:00","2020-06-06 10:49:00","2020-06-08 13:20:00","11.989999771118164"
"120154","82935","66403","27228","324400","Returned","2021-04-16 23:26:50","2021-04-18 01:43:00","2021-04-20 10:08:00","2021-04-23 00:52:00","11.989999771118164"
"125053","86270","69031","18119","337628","Returned","2022-02-07 10:29:49","2022-02-07 03:08:00","2022-02-09 02:26:00","2022-02-11 19:27:00","11.989999771118164"
"130475","89996","72087","7116","352279","Returned","2022-06-16 13:40:56","2022-06-18 23:30:00","2022-06-22 08:31:00","2022-06-25 04:43:00","11.989999771118164"
"131183","90483","72483","6264","354196","Returned","2022-09-01 00:03:00","2022-09-01 11:12:00","2022-09-03 20:18:00","2022-09-04 22:05:00","11.989999771118164"
"133563","92149","73805","25073","360660","Returned","2021-01-13 09:31:36","2021-01-13 17:13:00","2021-01-16 00:25:00","2021-01-16 19:37:00","11.989999771118164"
"137875","95144","76266","12687","372280","Returned","2021-12-03 02:29:48","2021-12-03 23:30:00","2021-12-04 15:27:00","2021-12-04 18:10:00","11.989999771118164"
"141935","97896","78499","12687","383228","Returned","2022-08-29 06:39:28","2022-09-01 02:28:00","2022-09-04 12:24:00","2022-09-05 17:15:00","11.989999771118164"
"143206","98806","79227","10126","386671","Returned","2022-08-07 06:21:35","2022-08-08 17:36:00","2022-08-12 09:22:00","2022-08-13 15:25:00","11.989999771118164"
"144520","99713","79950","27205","390200","Returned","2021-06-29 12:45:41","2021-07-01 10:26:00","2021-07-04 17:26:00","2021-07-07 11:44:00","11.989999771118164"
"147526","101798","81652","15700","398333","Returned","2022-01-14 21:27:05","2022-01-14 07:35:00","2022-01-17 03:18:00","2022-01-18 01:29:00","11.989999771118164"
"149896","103447","82978","9486","404796","Returned","2022-02-13 23:24:10","2022-02-12 20:17:00","2022-02-15 07:24:00","2022-02-17 08:17:00","11.989999771118164"
"149974","103498","83020","12091","405021","Returned","2021-03-09 15:38:11","2021-03-10 02:22:00","2021-03-11 07:37:00","2021-03-13 10:36:00","11.989999771118164"
"151475","104505","83850","9060","409094","Returned","2020-10-06 04:44:22","2020-10-05 21:21:00","2020-10-09 12:48:00","2020-10-11 13:53:00","11.989999771118164"
"151488","104515","83859","6020","409133","Returned","2021-11-29 02:40:05","2021-11-30 23:08:00","2021-12-02 07:11:00","2021-12-03 01:57:00","11.989999771118164"
"152166","104993","84262","9141","410956","Returned","2022-06-26 09:46:17","2022-06-27 23:07:00","2022-07-01 05:19:00","2022-07-03 17:29:00","11.989999771118164"
"153677","106028","85049","22050","415000","Returned","2021-10-30 06:58:28","2021-11-01 12:17:00","2021-11-03 14:08:00","2021-11-06 10:18:00","11.989999771118164"
"155681","107391","86167","302","420364","Returned","2020-09-13 04:56:40","2020-09-14 05:44:00","2020-09-17 05:47:00","2020-09-18 22:45:00","11.989999771118164"
"156696","108088","86692","26934","423073","Returned","2022-06-10 15:09:00","2022-06-10 18:08:00","2022-06-11 11:33:00","2022-06-13 03:52:00","11.989999771118164"
"160533","110749","88809","206","433447","Returned","2021-05-05 04:03:12","2021-05-05 14:29:00","2021-05-09 16:36:00","2021-05-09 23:23:00","11.989999771118164"
"162077","111772","89602","10155","437633","Returned","2021-07-04 23:05:59","2021-07-04 15:39:00","2021-07-07 20:35:00","2021-07-08 11:59:00","11.989999771118164"
"164551","113499","90999","10140","444377","Returned","2022-05-14 10:18:11","2022-05-15 11:25:00","2022-05-16 11:56:00","2022-05-18 06:26:00","11.989999771118164"
"165856","114386","91695","27324","447952","Returned","2021-02-11 13:03:47","2021-02-13 02:27:00","2021-02-15 18:14:00","2021-02-18 09:38:00","11.989999771118164"
"165997","114482","91775","9119","448331","Returned","2021-10-20 22:44:03","2021-10-20 19:40:00","2021-10-24 03:11:00","2021-10-26 08:14:00","11.989999771118164"
"168814","116422","93338","13611","455871","Returned","2021-03-28 21:43:14","2021-03-31 18:11:00","2021-04-04 02:49:00","2021-04-06 09:46:00","11.989999771118164"
"170692","117685","94387","26458","460994","Returned","2021-06-18 03:24:51","2021-06-19 00:57:00","2021-06-22 10:07:00","2021-06-22 14:42:00","11.989999771118164"
"171456","118215","94812","9420","463048","Returned","2021-04-12 14:21:07","2021-04-10 15:56:00","2021-04-13 21:46:00","2021-04-16 04:51:00","11.989999771118164"
"171460","118217","94815","24618","463059","Returned","2019-07-25 13:16:02","2019-07-26 16:38:00","2019-07-27 00:36:00","2019-07-27 06:10:00","11.989999771118164"
"173429","119616","95904","24512","468372","Returned","2022-06-15 15:15:32","2022-06-13 12:04:00","2022-06-14 14:40:00","2022-06-17 05:59:00","11.989999771118164"
"176907","122007","97848","24619","477780","Returned","2021-07-06 17:03:37","2021-07-04 19:53:00","2021-07-06 08:36:00","2021-07-06 22:24:00","11.989999771118164"
"3224","2194","1757","10769","8725","Cancelled","2022-06-30 13:01:45",NULL,NULL,NULL,"11.989999771118164"
"5026","3426","2795","9486","13593","Cancelled","2021-10-06 08:34:21",NULL,NULL,NULL,"11.989999771118164"
"9275","6362","5158","933","25154","Cancelled","2022-08-16 08:48:03",NULL,NULL,NULL,"11.989999771118164"
"10451","7187","5850","6027","28329","Cancelled","2020-12-27 08:46:59",NULL,NULL,NULL,"11.989999771118164"
"10625","7308","5952","25902","28796","Cancelled","2021-12-03 00:13:57",NULL,NULL,NULL,"11.989999771118164"
"11379","7826","6347","26059","30827","Cancelled","2021-02-20 02:27:55",NULL,NULL,NULL,"11.989999771118164"
"11749","8095","6553","25021","31830","Cancelled","2022-06-23 02:06:58",NULL,NULL,NULL,"11.989999771118164"
"11952","8247","6666","15847","32395","Cancelled","2022-08-30 23:44:25",NULL,NULL,NULL,"11.989999771118164"
"12887","8894","7179","10781","34914","Cancelled","2022-01-31 11:50:37",NULL,NULL,NULL,"11.989999771118164"
"13289","9167","7390","26990","36001","Cancelled","2021-07-27 12:39:40",NULL,NULL,NULL,"11.989999771118164"
"13621","9381","7560","24614","36916","Cancelled","2021-03-20 06:57:43",NULL,NULL,NULL,"11.989999771118164"
"13826","9527","7681","23980","37469","Cancelled","2022-04-07 21:30:18",NULL,NULL,NULL,"11.989999771118164"
"15906","10920","8777","27331","43059","Cancelled","2021-10-12 15:46:05",NULL,NULL,NULL,"11.989999771118164"
"16774","11544","9294","9119","45423","Cancelled","2022-03-13 03:52:11",NULL,NULL,NULL,"11.989999771118164"
"16918","11642","9375","6020","45822","Cancelled","2021-05-18 02:19:10",NULL,NULL,NULL,"11.989999771118164"
"18438","12671","10166","27331","49925","Cancelled","2021-07-06 00:25:23",NULL,NULL,NULL,"11.989999771118164"
"19868","13670","10945","10313","53774","Cancelled","2021-05-18 04:15:35",NULL,NULL,NULL,"11.989999771118164"
"19983","13751","11022","12687","54080","Cancelled","2021-08-15 01:54:23",NULL,NULL,NULL,"11.989999771118164"
"28691","19757","15793","13866","77545","Cancelled","2022-06-26 06:41:12",NULL,NULL,NULL,"11.989999771118164"
"30482","20998","16818","11015","82422","Cancelled","2022-09-02 12:53:00.669687",NULL,NULL,NULL,"11.989999771118164"
"30881","21258","17027","10344","83481","Cancelled","2022-03-07 08:47:40",NULL,NULL,NULL,"11.989999771118164"
"35650","24536","19604","23980","96273","Cancelled","2021-04-14 03:35:02",NULL,NULL,NULL,"11.989999771118164"
"35943","24742","19782","26059","97058","Cancelled","2020-12-03 01:34:55",NULL,NULL,NULL,"11.989999771118164"
"39467","27177","21715","25127","106547","Cancelled","2019-06-30 15:15:01",NULL,NULL,NULL,"11.989999771118164"
"40041","27561","22013","24511","108071","Cancelled","2022-06-11 12:05:23",NULL,NULL,NULL,"11.989999771118164"
"40171","27652","22087","5813","108433","Cancelled","2022-04-03 07:54:09",NULL,NULL,NULL,"11.989999771118164"
"41125","28279","22560","302","111022","Cancelled","2022-05-15 13:34:56",NULL,NULL,NULL,"11.989999771118164"
"44128","30361","24218","24511","119192","Cancelled","2022-09-04 09:10:53.906345",NULL,NULL,NULL,"11.989999771118164"
"44707","30773","24562","24672","120754","Cancelled","2022-06-27 14:19:03",NULL,NULL,NULL,"11.989999771118164"
"45166","31099","24825","27324","121970","Cancelled","2021-12-12 10:58:48",NULL,NULL,NULL,"11.989999771118164"
"46118","31749","25334","27228","124527","Cancelled","2019-09-11 09:14:57",NULL,NULL,NULL,"11.989999771118164"
"46154","31773","25355","9141","124622","Cancelled","2022-09-03 07:18:42",NULL,NULL,NULL,"11.989999771118164"
"47849","32973","26340","6020","129151","Cancelled","2022-08-18 03:01:21",NULL,NULL,NULL,"11.989999771118164"
"47961","33044","26396","12687","129459","Cancelled","2021-11-30 13:11:28",NULL,NULL,NULL,"11.989999771118164"
"48473","33400","26672","9420","130815","Cancelled","2021-09-05 07:55:28",NULL,NULL,NULL,"11.989999771118164"
"51250","35327","28202","27324","138330","Cancelled","2021-01-21 09:30:58",NULL,NULL,NULL,"11.989999771118164"
"53677","36986","29548","10309","144853","Cancelled","2020-05-31 10:07:23",NULL,NULL,NULL,"11.989999771118164"
"53972","37193","29716","9417","145662","Cancelled","2021-11-13 08:10:14",NULL,NULL,NULL,"11.989999771118164"
"54877","37831","30222","24827","148094","Cancelled","2022-06-06 12:21:47",NULL,NULL,NULL,"11.989999771118164"
"55960","38573","30831","23980","151017","Cancelled","2021-08-31 13:52:20",NULL,NULL,NULL,"11.989999771118164"
"56656","39048","31211","12340","152917","Cancelled","2020-06-06 13:53:15",NULL,NULL,NULL,"11.989999771118164"
"58342","40224","32139","289","157455","Cancelled","2022-01-12 15:02:16",NULL,NULL,NULL,"11.989999771118164"
"58544","40355","32223","11015","158005","Cancelled","2021-03-15 02:39:16",NULL,NULL,NULL,"11.989999771118164"
"60922","41961","33539","9119","164470","Cancelled","2021-06-12 07:26:08",NULL,NULL,NULL,"11.989999771118164"
"63382","43636","34897","9384","171137","Cancelled","2021-11-02 12:58:32",NULL,NULL,NULL,"11.989999771118164"
"63385","43639","34899","5817","171143","Cancelled","2021-01-05 02:30:52",NULL,NULL,NULL,"11.989999771118164"
"65772","45283","36195","6035","177599","Cancelled","2022-03-26 12:31:42",NULL,NULL,NULL,"11.989999771118164"
"66944","46052","36827","14196","180750","Cancelled","2022-06-20 23:04:19",NULL,NULL,NULL,"11.989999771118164"
"67390","46368","37081","13611","181979","Cancelled","2022-02-16 02:57:20",NULL,NULL,NULL,"11.989999771118164"
"67909","46730","37386","27094","183356","Cancelled","2020-03-17 03:28:55",NULL,NULL,NULL,"11.989999771118164"
"68088","46852","37481","6118","183832","Cancelled","2022-08-01 02:36:25",NULL,NULL,NULL,"11.989999771118164"
"68507","47147","37709","18462","184935","Cancelled","2022-08-19 12:21:15",NULL,NULL,NULL,"11.989999771118164"
"69153","47614","38066","9486","186678","Cancelled","2020-10-26 13:47:19",NULL,NULL,NULL,"11.989999771118164"
"69461","47830","38243","9486","187491","Cancelled","2021-07-17 01:52:11",NULL,NULL,NULL,"11.989999771118164"
"70154","48308","38630","10140","189393","Cancelled","2022-07-17 03:58:48",NULL,NULL,NULL,"11.989999771118164"
"70782","48741","38994","11015","191092","Cancelled","2020-07-15 06:11:16",NULL,NULL,NULL,"11.989999771118164"
"74945","51640","41319","18129","202347","Cancelled","2022-07-08 11:47:18",NULL,NULL,NULL,"11.989999771118164"
"75097","51750","41403","12922","202761","Cancelled","2020-08-23 09:25:09",NULL,NULL,NULL,"11.989999771118164"
"75408","51960","41576","27058","203594","Cancelled","2021-12-12 07:08:37",NULL,NULL,NULL,"11.989999771118164"
"76618","52813","42258","25036","206886","Cancelled","2022-03-08 13:18:39",NULL,NULL,NULL,"11.989999771118164"
"76859","52996","42399","11559","207556","Cancelled","2022-02-11 13:47:59",NULL,NULL,NULL,"11.989999771118164"
"77371","53350","42687","26685","208868","Cancelled","2022-07-30 02:36:05",NULL,NULL,NULL,"11.989999771118164"
"77376","53353","42689","15804","208879","Cancelled","2021-11-26 09:29:41",NULL,NULL,NULL,"11.989999771118164"
"78007","53791","43033","26059","210590","Cancelled","2022-05-23 21:20:15",NULL,NULL,NULL,"11.989999771118164"
"79024","54485","43602","13611","213352","Cancelled","2022-05-05 11:17:34",NULL,NULL,NULL,"11.989999771118164"
"83021","57321","45823","9214","224212","Cancelled","2022-08-17 12:46:52",NULL,NULL,NULL,"11.989999771118164"
"83119","57392","45874","9388","224495","Cancelled","2022-07-29 01:30:29",NULL,NULL,NULL,"11.989999771118164"
"83371","57570","46018","10313","225169","Cancelled","2022-09-01 01:31:18",NULL,NULL,NULL,"11.989999771118164"
"84353","58275","46606","9908","227822","Cancelled","2022-03-27 21:46:13",NULL,NULL,NULL,"11.989999771118164"
"84938","58682","46923","26458","229423","Cancelled","2021-05-10 13:19:01",NULL,NULL,NULL,"11.989999771118164"
"88034","60848","48706","25218","237816","Cancelled","2021-05-04 15:50:30",NULL,NULL,NULL,"11.989999771118164"
"89201","61657","49366","9068","240976","Cancelled","2019-12-26 03:24:18",NULL,NULL,NULL,"11.989999771118164"
"89265","61701","49400","25081","241149","Cancelled","2022-08-24 13:11:35",NULL,NULL,NULL,"11.989999771118164"
"94079","65001","52009","11780","254109","Cancelled","2021-12-17 03:56:24",NULL,NULL,NULL,"11.989999771118164"
"94124","65030","52028","5817","254222","Cancelled","2022-06-02 05:15:16",NULL,NULL,NULL,"11.989999771118164"
"94645","65382","52311","24511","255659","Cancelled","2020-08-31 21:36:38",NULL,NULL,NULL,"11.989999771118164"
"94837","65524","52419","12687","256186","Cancelled","2020-08-29 12:05:19",NULL,NULL,NULL,"11.989999771118164"
"95936","66305","53019","13866","259155","Cancelled","2020-08-02 15:49:58",NULL,NULL,NULL,"11.989999771118164"
"96094","66420","53105","10950","259572","Cancelled","2022-08-19 00:42:46",NULL,NULL,NULL,"11.989999771118164"
"96421","66635","53277","14088","260450","Cancelled","2022-08-12 02:56:35",NULL,NULL,NULL,"11.989999771118164"
"96825","66897","53468","18462","261527","Cancelled","2022-05-04 08:09:35",NULL,NULL,NULL,"11.989999771118164"
"98501","68059","54399","18129","266094","Cancelled","2022-08-21 07:28:53",NULL,NULL,NULL,"11.989999771118164"
"100749","69622","55677","12340","272103","Cancelled","2022-01-20 12:51:50",NULL,NULL,NULL,"11.989999771118164"
"100975","69786","55801","9908","272713","Cancelled","2021-06-20 04:09:32",NULL,NULL,NULL,"11.989999771118164"
"101853","70387","56281","9214","275072","Cancelled","2022-08-31 23:46:11",NULL,NULL,NULL,"11.989999771118164"
"102486","70816","56617","24827","276836","Cancelled","2021-01-06 12:31:41",NULL,NULL,NULL,"11.989999771118164"
"104731","72370","57857","196","282895","Cancelled","2022-05-29 12:28:30",NULL,NULL,NULL,"11.989999771118164"
"105359","72804","58235","9420","284574","Cancelled","2021-08-03 04:53:56",NULL,NULL,NULL,"11.989999771118164"
"107212","74074","59222","933","289586","Cancelled","2022-08-12 14:34:19",NULL,NULL,NULL,"11.989999771118164"
"110154","76092","60847","25021","297520","Cancelled","2020-02-01 01:01:18",NULL,NULL,NULL,"11.989999771118164"
"110231","76149","60891","14196","297721","Cancelled","2022-08-14 05:14:16",NULL,NULL,NULL,"11.989999771118164"
"111263","76865","61495","27205","300484","Cancelled","2019-10-21 18:31:34",NULL,NULL,NULL,"11.989999771118164"
"111688","77151","61730","8980","301641","Cancelled","2022-06-05 11:24:26",NULL,NULL,NULL,"11.989999771118164"
"112440","77663","62123","24511","303698","Cancelled","2021-07-24 16:21:14",NULL,NULL,NULL,"11.989999771118164"
"113188","78179","62533","24618","305713","Cancelled","2021-12-23 23:26:19",NULL,NULL,NULL,"11.989999771118164"
"113333","78290","62619","8980","306116","Cancelled","2022-09-02 10:38:57",NULL,NULL,NULL,"11.989999771118164"
"114798","79291","63433","289","310072","Cancelled","2021-09-21 17:47:27",NULL,NULL,NULL,"11.989999771118164"
"115770","79946","63980","10155","312663","Cancelled","2020-12-12 02:21:11",NULL,NULL,NULL,"11.989999771118164"
"117973","81431","65214","10241","318570","Cancelled","2022-04-18 06:43:49",NULL,NULL,NULL,"11.989999771118164"
"119048","82180","65800","206","321425","Cancelled","2022-08-04 11:00:53",NULL,NULL,NULL,"11.989999771118164"
"120700","83297","66696","9486","325903","Cancelled","2021-07-25 00:39:21",NULL,NULL,NULL,"11.989999771118164"
"124269","85728","68605","2750","335477","Cancelled","2022-07-26 02:59:52",NULL,NULL,NULL,"11.989999771118164"
"125886","86827","69488","9384","339860","Cancelled","2022-08-31 09:37:05",NULL,NULL,NULL,"11.989999771118164"
"129260","89145","71415","18498","349032","Cancelled","2021-06-13 20:45:21",NULL,NULL,NULL,"11.989999771118164"
"129736","89480","71678","13087","350273","Cancelled","2022-07-01 11:27:14",NULL,NULL,NULL,"11.989999771118164"
"130520","90028","72113","27020","352391","Cancelled","2022-07-15 06:31:37",NULL,NULL,NULL,"11.989999771118164"
"130961","90337","72352","26990","353605","Cancelled","2020-10-28 04:29:16",NULL,NULL,NULL,"11.989999771118164"
"132830","91637","73398","22050","358685","Cancelled","2022-02-04 11:41:28",NULL,NULL,NULL,"11.989999771118164"
"132959","91739","73484","10241","359030","Cancelled","2020-01-24 20:49:16",NULL,NULL,NULL,"11.989999771118164"
"133618","92190","73834","27330","360803","Cancelled","2021-08-18 10:42:29",NULL,NULL,NULL,"11.989999771118164"
"134198","92595","74177","6214","362370","Cancelled","2022-07-08 04:54:46",NULL,NULL,NULL,"11.989999771118164"
"134525","92819","74361","24512","363264","Cancelled","2022-03-15 13:24:30",NULL,NULL,NULL,"11.989999771118164"
"134753","92961","74473","9269","363894","Cancelled","2021-10-26 07:54:48",NULL,NULL,NULL,"11.989999771118164"
"136328","94081","75404","9119","368133","Cancelled","2022-01-29 12:19:41",NULL,NULL,NULL,"11.989999771118164"
"139217","96057","77024","25902","375946","Cancelled","2021-11-01 05:43:12",NULL,NULL,NULL,"11.989999771118164"
"140167","96696","77541","13855","378474","Cancelled","2021-12-10 15:38:43",NULL,NULL,NULL,"11.989999771118164"
"144686","99828","80045","24618","390657","Cancelled","2022-06-08 10:29:21",NULL,NULL,NULL,"11.989999771118164"
"145621","100475","80585","10769","393223","Cancelled","2020-04-17 07:07:24",NULL,NULL,NULL,"11.989999771118164"
"146679","101190","81188","12091","396074","Cancelled","2020-03-29 07:14:16",NULL,NULL,NULL,"11.989999771118164"
"146741","101236","81218","24511","396240","Cancelled","2022-02-08 23:43:42",NULL,NULL,NULL,"11.989999771118164"
"146880","101330","81295","13611","396616","Cancelled","2022-05-14 10:17:21",NULL,NULL,NULL,"11.989999771118164"
"147839","102016","81820","23980","399183","Cancelled","2021-03-25 17:28:23",NULL,NULL,NULL,"11.989999771118164"
"148458","102435","82174","5296","400872","Cancelled","2022-05-25 08:48:11",NULL,NULL,NULL,"11.989999771118164"
"149035","102845","82492","25365","402451","Cancelled","2022-02-08 16:04:20",NULL,NULL,NULL,"11.989999771118164"
"149091","102889","82531","28794","402605","Cancelled","2022-08-22 16:40:48",NULL,NULL,NULL,"11.989999771118164"
"149219","102985","82603","6035","402950","Cancelled","2022-04-08 02:38:21",NULL,NULL,NULL,"11.989999771118164"
"151062","104238","83621","28840","407973","Cancelled","2021-10-21 23:24:03",NULL,NULL,NULL,"11.989999771118164"
"152797","105420","84575","8857","412634","Cancelled","2020-06-13 11:59:45",NULL,NULL,NULL,"11.989999771118164"
"154814","106819","85713","21587","418039","Cancelled","2022-04-22 06:24:15",NULL,NULL,NULL,"11.989999771118164"
"154835","106836","85727","10313","418096","Cancelled","2020-06-10 09:58:28",NULL,NULL,NULL,"11.989999771118164"
"159784","110233","88394","6264","431415","Cancelled","2021-12-18 06:30:26",NULL,NULL,NULL,"11.989999771118164"
"159932","110339","88486","12595","431825","Cancelled","2022-03-12 15:29:49",NULL,NULL,NULL,"11.989999771118164"
"160181","110502","88617","28794","432495","Cancelled","2022-05-21 10:47:50",NULL,NULL,NULL,"11.989999771118164"
"162762","112267","90018","15698","439512","Cancelled","2021-11-19 05:10:58",NULL,NULL,NULL,"11.989999771118164"
"164207","113264","90821","26934","443441","Cancelled","2022-09-02 03:12:39",NULL,NULL,NULL,"11.989999771118164"
"167368","115423","92520","10126","452010","Cancelled","2022-02-05 10:56:17",NULL,NULL,NULL,"11.989999771118164"
"169813","117104","93895","12091","458572","Cancelled","2022-05-15 00:56:07",NULL,NULL,NULL,"11.989999771118164"
"171111","117969","94602","10313","462130","Cancelled","2022-04-14 03:43:59",NULL,NULL,NULL,"11.989999771118164"
"173856","119914","96155","24512","469488","Cancelled","2020-09-03 00:44:29",NULL,NULL,NULL,"11.989999771118164"
"174023","120025","96246","14253","469936","Cancelled","2021-01-17 09:21:47",NULL,NULL,NULL,"11.989999771118164"
"175328","120910","96938","28840","473492","Cancelled","2021-10-12 05:05:32",NULL,NULL,NULL,"11.989999771118164"
"179767","123983","99447","14196","485449","Cancelled","2021-06-28 07:59:13",NULL,NULL,NULL,"11.989999771118164"
"2494","1702","1374","933","6746","Processing","2019-07-25 17:14:19",NULL,NULL,NULL,"11.989999771118164"
"4469","3057","2467","6181","12120","Processing","2021-11-19 08:35:28",NULL,NULL,NULL,"11.989999771118164"
"4840","3305","2690","8980","13115","Processing","2019-11-01 08:24:06",NULL,NULL,NULL,"11.989999771118164"
"6022","4102","3333","6214","16293","Processing","2021-12-24 14:10:18",NULL,NULL,NULL,"11.989999771118164"
"7718","5290","4283","27094","20936","Processing","2022-08-15 12:53:01",NULL,NULL,NULL,"11.989999771118164"
"7922","5429","4394","25021","21490","Processing","2022-09-03 21:08:09",NULL,NULL,NULL,"11.989999771118164"
"8761","6010","4862","9413","23759","Processing","2022-08-31 01:37:25",NULL,NULL,NULL,"11.989999771118164"
"10246","7055","5745","25902","27786","Processing","2022-08-01 10:39:15",NULL,NULL,NULL,"11.989999771118164"
"10764","7402","6022","27058","29169","Processing","2022-04-13 03:45:05",NULL,NULL,NULL,"11.989999771118164"
"11238","7723","6274","25321","30447","Processing","2022-05-21 15:00:39",NULL,NULL,NULL,"11.989999771118164"
"14713","10129","8143","18498","39855","Processing","2022-02-17 18:18:59",NULL,NULL,NULL,"11.989999771118164"
"16380","11261","9050","6264","44335","Processing","2022-08-02 07:50:18",NULL,NULL,NULL,"11.989999771118164"
"16695","11488","9244","10155","45194","Processing","2020-08-11 13:46:56",NULL,NULL,NULL,"11.989999771118164"
"17412","11980","9629","25158","47166","Processing","2022-02-22 00:39:33",NULL,NULL,NULL,"11.989999771118164"
"19682","13532","10855","25127","53253","Processing","2022-02-28 02:52:39",NULL,NULL,NULL,"11.989999771118164"
"24037","16535","13217","9417","64979","Processing","2022-08-09 02:44:39",NULL,NULL,NULL,"11.989999771118164"
"24877","17136","13685","6214","67236","Processing","2021-04-22 21:11:44",NULL,NULL,NULL,"11.989999771118164"
"27277","18787","15017","15847","73740","Processing","2022-09-03 04:30:14",NULL,NULL,NULL,"11.989999771118164"
"28060","19348","15473","24512","75845","Processing","2022-01-29 09:51:41",NULL,NULL,NULL,"11.989999771118164"
"30083","20719","16566","9060","81320","Processing","2021-06-20 05:06:46",NULL,NULL,NULL,"11.989999771118164"
"30655","21113","16899","142","82891","Processing","2021-10-12 14:23:58",NULL,NULL,NULL,"11.989999771118164"
"31288","21526","17229","24512","84560","Processing","2022-03-02 03:23:31",NULL,NULL,NULL,"11.989999771118164"
"31953","21990","17592","27205","86337","Processing","2020-03-21 12:07:48",NULL,NULL,NULL,"11.989999771118164"
"32063","22069","17652","9486","86630","Processing","2022-06-30 13:44:50",NULL,NULL,NULL,"11.989999771118164"
"32270","22203","17755","25902","87188","Processing","2020-09-21 06:03:58",NULL,NULL,NULL,"11.989999771118164"
"32443","22328","17851","6181","87653","Processing","2022-01-22 14:03:43",NULL,NULL,NULL,"11.989999771118164"
"36755","25296","20221","27020","99224","Processing","2022-03-26 01:39:58",NULL,NULL,NULL,"11.989999771118164"
"37149","25585","20443","24619","100314","Processing","2021-10-19 23:18:53",NULL,NULL,NULL,"11.989999771118164"
"38141","26261","20979","3255","102975","Processing","2021-10-04 14:30:42",NULL,NULL,NULL,"11.989999771118164"
"41038","28221","22517","10035","110798","Processing","2021-09-18 23:18:59",NULL,NULL,NULL,"11.989999771118164"
"42177","29015","23141","27345","113861","Processing","2021-02-02 00:52:21",NULL,NULL,NULL,"11.989999771118164"
"45992","31658","25247","10002","124183","Processing","2022-06-07 23:00:20",NULL,NULL,NULL,"11.989999771118164"
"46818","32246","25760","26458","126399","Processing","2021-06-19 12:40:44",NULL,NULL,NULL,"11.989999771118164"
"47716","32873","26254","9327","128789","Processing","2021-03-19 09:53:42",NULL,NULL,NULL,"11.989999771118164"
"48292","33274","26586","16627","130334","Processing","2020-04-27 11:13:05",NULL,NULL,NULL,"11.989999771118164"
"49373","34001","27150","9486","133266","Processing","2022-05-19 11:17:09",NULL,NULL,NULL,"11.989999771118164"
"49713","34246","27341","9388","134197","Processing","2022-04-23 06:59:39",NULL,NULL,NULL,"11.989999771118164"
"49817","34312","27393","9214","134483","Processing","2020-06-22 15:32:22",NULL,NULL,NULL,"11.989999771118164"
"49916","34376","27450","196","134763","Processing","2022-05-06 10:16:37",NULL,NULL,NULL,"11.989999771118164"
"50807","35019","27945","14196","137132","Processing","2021-09-14 15:02:54",NULL,NULL,NULL,"11.989999771118164"
"51752","35663","28495","27094","139692","Processing","2022-08-02 12:24:52",NULL,NULL,NULL,"11.989999771118164"
"52586","36239","28946","10126","141914","Processing","2021-07-04 17:44:14",NULL,NULL,NULL,"11.989999771118164"
"54293","37413","29895","25127","146512","Processing","2019-11-17 07:51:35",NULL,NULL,NULL,"11.989999771118164"
"54380","37470","29944","6214","146737","Processing","2020-01-13 02:49:06",NULL,NULL,NULL,"11.989999771118164"
"54784","37769","30171","12340","147847","Processing","2020-07-02 07:58:56",NULL,NULL,NULL,"11.989999771118164"
"55268","38092","30435","9486","149118","Processing","2021-08-04 01:55:16",NULL,NULL,NULL,"11.989999771118164"
"58153","40080","32023","27324","156932","Processing","2022-02-26 23:31:21",NULL,NULL,NULL,"11.989999771118164"
"59520","41013","32757","27228","160657","Processing","2020-10-10 04:42:22",NULL,NULL,NULL,"11.989999771118164"
"60192","41456","33127","26978","162507","Processing","2022-04-05 16:19:35",NULL,NULL,NULL,"11.989999771118164"
"62579","43099","34465","6027","168937","Processing","2022-09-06 09:31:41.440534",NULL,NULL,NULL,"11.989999771118164"
"62942","43334","34649","15920","169936","Processing","2022-03-15 10:49:14",NULL,NULL,NULL,"11.989999771118164"
"63131","43468","34755","2935","170454","Processing","2021-07-18 07:59:20",NULL,NULL,NULL,"11.989999771118164"
"63537","43749","34985","25365","171531","Processing","2021-09-03 23:39:35",NULL,NULL,NULL,"11.989999771118164"
"63906","43991","35185","15847","172516","Processing","2022-03-25 01:24:36",NULL,NULL,NULL,"11.989999771118164"
"67744","46617","37294","18119","182911","Processing","2022-01-08 02:34:27",NULL,NULL,NULL,"11.989999771118164"
"69497","47853","38265","18119","187590","Processing","2020-10-18 12:52:45",NULL,NULL,NULL,"11.989999771118164"
"69942","48150","38505","9377","188810","Processing","2019-11-28 15:49:57",NULL,NULL,NULL,"11.989999771118164"
"70455","48522","38807","10344","190215","Processing","2022-07-19 10:14:29",NULL,NULL,NULL,"11.989999771118164"
"72019","49604","39711","18337","194421","Processing","2020-10-26 07:54:06",NULL,NULL,NULL,"11.989999771118164"
"73506","50627","40514","10126","198477","Processing","2022-08-29 23:37:02",NULL,NULL,NULL,"11.989999771118164"
"75134","51773","41416","28794","202857","Processing","2020-09-26 16:01:26",NULL,NULL,NULL,"11.989999771118164"
"75905","52313","41881","24827","204964","Processing","2022-02-07 15:13:38",NULL,NULL,NULL,"11.989999771118164"
"77300","53296","42640","11015","208689","Processing","2022-05-13 16:52:20",NULL,NULL,NULL,"11.989999771118164"
"80353","55419","44314","22050","216976","Processing","2022-02-09 13:41:00",NULL,NULL,NULL,"11.989999771118164"
"80367","55430","44321","27331","217012","Processing","2021-08-20 14:20:14",NULL,NULL,NULL,"11.989999771118164"
"81081","55922","44709","14046","218974","Processing","2020-05-09 11:13:13",NULL,NULL,NULL,"11.989999771118164"
"83305","57525","45989","28840","224991","Processing","2022-01-29 11:57:09",NULL,NULL,NULL,"11.989999771118164"
"84230","58185","46527","10344","227501","Processing","2021-05-20 11:31:18",NULL,NULL,NULL,"11.989999771118164"
"84320","58252","46580","18498","227734","Processing","2022-07-20 01:31:30",NULL,NULL,NULL,"11.989999771118164"
"87629","60552","48488","12091","236725","Processing","2019-01-30 10:30:25",NULL,NULL,NULL,"11.989999771118164"
"88212","60964","48806","23980","238300","Processing","2022-08-09 07:48:20",NULL,NULL,NULL,"11.989999771118164"
"88826","61398","49163","25036","239988","Processing","2022-06-15 12:30:39",NULL,NULL,NULL,"11.989999771118164"
"89772","62056","49674","24614","242516","Processing","2020-12-15 03:13:45",NULL,NULL,NULL,"11.989999771118164"
"90621","62629","50139","9420","244822","Processing","2019-07-09 21:11:16",NULL,NULL,NULL,"11.989999771118164"
"91947","63532","50866","9908","248359","Processing","2022-05-14 00:10:00",NULL,NULL,NULL,"11.989999771118164"
"93057","64305","51460","7116","251340","Processing","2021-12-29 01:51:30",NULL,NULL,NULL,"11.989999771118164"
"93305","64483","51602","10781","251990","Processing","2022-07-26 08:26:09",NULL,NULL,NULL,"11.989999771118164"
"93527","64622","51705","14196","252597","Processing","2022-05-02 12:29:57",NULL,NULL,NULL,"11.989999771118164"
"96760","66854","53435","10126","261353","Processing","2021-05-04 12:06:45",NULL,NULL,NULL,"11.989999771118164"
"98223","67873","54238","24672","265346","Processing","2022-05-28 08:19:46",NULL,NULL,NULL,"11.989999771118164"
"100079","69167","55305","21587","270309","Processing","2020-07-10 11:59:02",NULL,NULL,NULL,"11.989999771118164"
"100517","69463","55556","8857","271464","Processing","2022-08-24 07:17:32",NULL,NULL,NULL,"11.989999771118164"
"101232","69953","55933","25902","273390","Processing","2021-08-10 09:14:07",NULL,NULL,NULL,"11.989999771118164"
"101497","70131","56064","10781","274130","Processing","2020-07-16 23:48:10",NULL,NULL,NULL,"11.989999771118164"
"101518","70145","56079","22050","274186","Processing","2022-07-24 02:55:26",NULL,NULL,NULL,"11.989999771118164"
"103350","71415","57091","15804","279165","Processing","2022-09-08 23:41:09.037644",NULL,NULL,NULL,"11.989999771118164"
"106020","73269","58608","10035","286379","Processing","2022-02-27 15:07:13",NULL,NULL,NULL,"11.989999771118164"
"107129","74021","59181","27205","289353","Processing","2019-09-24 10:52:49",NULL,NULL,NULL,"11.989999771118164"
"107474","74255","59366","18462","290293","Processing","2021-07-25 10:41:31",NULL,NULL,NULL,"11.989999771118164"
"107925","74561","59607","27205","291532","Processing","2021-01-04 02:47:41",NULL,NULL,NULL,"11.989999771118164"
"109091","75362","60251","27164","294679","Processing","2022-01-13 08:08:42",NULL,NULL,NULL,"11.989999771118164"
"109795","75834","60625","24614","296574","Processing","2022-05-30 07:01:45",NULL,NULL,NULL,"11.989999771118164"
"112965","78029","62420","10309","305126","Processing","2022-04-08 00:18:10",NULL,NULL,NULL,"11.989999771118164"
"113142","78148","62510","24512","305591","Processing","2021-07-08 11:49:22",NULL,NULL,NULL,"11.989999771118164"
"113690","78538","62805","13087","307054","Processing","2020-12-11 04:48:16",NULL,NULL,NULL,"11.989999771118164"
"115775","79948","63981","26934","312677","Processing","2022-08-11 06:47:18",NULL,NULL,NULL,"11.989999771118164"
"115862","80009","64029","6035","312915","Processing","2021-07-15 03:40:57",NULL,NULL,NULL,"11.989999771118164"
"115995","80103","64120","11780","313281","Processing","2020-09-19 04:26:04",NULL,NULL,NULL,"11.989999771118164"
"116577","80493","64447","26059","314857","Processing","2022-04-19 07:27:49",NULL,NULL,NULL,"11.989999771118164"
"117584","81172","65017","6118","317512","Processing","2020-10-08 03:15:37",NULL,NULL,NULL,"11.989999771118164"
"117654","81219","65052","27345","317707","Processing","2021-12-02 01:42:09",NULL,NULL,NULL,"11.989999771118164"
"118110","81529","65292","14196","318924","Processing","2021-08-29 01:32:54",NULL,NULL,NULL,"11.989999771118164"
"118132","81546","65308","25073","318987","Processing","2021-10-03 02:30:22",NULL,NULL,NULL,"11.989999771118164"
"119689","82626","66147","9327","323143","Processing","2022-08-21 16:39:31",NULL,NULL,NULL,"11.989999771118164"
"122281","84353","67531","10313","330164","Processing","2021-02-06 01:15:15",NULL,NULL,NULL,"11.989999771118164"
"123479","85198","68186","18498","333392","Processing","2022-03-23 08:56:38",NULL,NULL,NULL,"11.989999771118164"
"123936","85499","68408","5813","334595","Processing","2022-02-15 05:53:45",NULL,NULL,NULL,"11.989999771118164"
"124530","85908","68759","27020","336176","Processing","2022-07-14 17:56:08",NULL,NULL,NULL,"11.989999771118164"
"124531","85908","68759","25073","336178","Processing","2022-07-12 15:56:04",NULL,NULL,NULL,"11.989999771118164"
"125264","86415","69154","9388","338207","Processing","2022-09-06 14:05:52.56239",NULL,NULL,NULL,"11.989999771118164"
"125468","86553","69263","6180","338753","Processing","2020-09-03 04:39:08",NULL,NULL,NULL,"11.989999771118164"
"126388","87181","69759","16627","341242","Processing","2020-10-24 05:11:08",NULL,NULL,NULL,"11.989999771118164"
"127866","88182","70621","10140","345233","Processing","2021-05-06 02:27:48",NULL,NULL,NULL,"11.989999771118164"
"128405","88561","70939","9384","346714","Processing","2022-09-01 15:28:07",NULL,NULL,NULL,"11.989999771118164"
"130803","90229","72263","25321","353184","Processing","2022-06-12 14:18:11",NULL,NULL,NULL,"11.989999771118164"
"131673","90832","72756","25021","355522","Processing","2022-05-03 04:20:46",NULL,NULL,NULL,"11.989999771118164"
"131711","90857","72774","12340","355618","Processing","2019-09-26 05:25:28",NULL,NULL,NULL,"11.989999771118164"
"131800","90916","72829","18129","355854","Processing","2022-04-09 04:00:17",NULL,NULL,NULL,"11.989999771118164"
"131910","90998","72890","8878","356150","Processing","2022-04-28 00:09:38",NULL,NULL,NULL,"11.989999771118164"
"133535","92125","73783","25218","360584","Processing","2020-12-12 03:02:06",NULL,NULL,NULL,"11.989999771118164"
"133746","92283","73920","6027","361147","Processing","2020-12-14 01:38:29",NULL,NULL,NULL,"11.989999771118164"
"135053","93174","74648","22050","364693","Processing","2020-10-28 05:49:25",NULL,NULL,NULL,"11.989999771118164"
"137564","94921","76085","27205","371438","Processing","2021-02-22 22:55:07",NULL,NULL,NULL,"11.989999771118164"
"137888","95152","76273","27228","372317","Processing","2022-06-23 13:31:46",NULL,NULL,NULL,"11.989999771118164"
"138123","95316","76405","12340","372965","Processing","2022-04-26 03:44:16",NULL,NULL,NULL,"11.989999771118164"
"138272","95414","76494","26059","373369","Processing","2022-08-29 06:03:05",NULL,NULL,NULL,"11.989999771118164"
"143135","98760","79185","27164","386472","Processing","2022-02-19 14:49:46",NULL,NULL,NULL,"11.989999771118164"
"143837","99248","79581","12091","388349","Processing","2022-03-01 04:05:53",NULL,NULL,NULL,"11.989999771118164"
"144039","99389","79686","5813","388914","Processing","2021-09-10 11:10:35",NULL,NULL,NULL,"11.989999771118164"
"144538","99722","79956","13611","390246","Processing","2022-07-25 00:05:21",NULL,NULL,NULL,"11.989999771118164"
"144603","99771","79996","15245","390418","Processing","2022-03-06 02:10:32",NULL,NULL,NULL,"11.989999771118164"
"145406","100327","80450","25172","392629","Processing","2020-06-10 15:36:20",NULL,NULL,NULL,"11.989999771118164"
"146503","101081","81099","26720","395602","Processing","2022-05-11 16:24:46",NULL,NULL,NULL,"11.989999771118164"
"147885","102052","81853","6118","399300","Processing","2021-05-08 02:00:23",NULL,NULL,NULL,"11.989999771118164"
"149590","103245","82808","24511","403958","Processing","2021-06-30 09:18:28",NULL,NULL,NULL,"11.989999771118164"
"151905","104809","84107","27324","410259","Processing","2022-02-07 16:10:22",NULL,NULL,NULL,"11.989999771118164"
"152869","105472","84616","9725","412825","Processing","2021-09-13 23:54:19",NULL,NULL,NULL,"11.989999771118164"
"154143","106355","85309","5488","416239","Processing","2021-02-09 09:24:21",NULL,NULL,NULL,"11.989999771118164"
"154306","106467","85396","9214","416666","Processing","2022-04-20 02:36:24",NULL,NULL,NULL,"11.989999771118164"
"158381","109245","87617","14253","427617","Processing","2022-03-20 12:29:38",NULL,NULL,NULL,"11.989999771118164"
"159589","110089","88279","27020","430897","Processing","2022-05-15 17:04:22",NULL,NULL,NULL,"11.989999771118164"
"160179","110501","88615","11559","432490","Processing","2022-04-13 23:20:25",NULL,NULL,NULL,"11.989999771118164"
"160239","110546","88645","3255","432653","Processing","2021-04-02 07:24:45",NULL,NULL,NULL,"11.989999771118164"
"163230","112587","90285","6118","440755","Processing","2022-04-28 09:37:12",NULL,NULL,NULL,"11.989999771118164"
"164312","113342","90886","14196","443734","Processing","2019-11-06 00:58:29",NULL,NULL,NULL,"11.989999771118164"
"164849","113699","91152","27331","445207","Processing","2021-01-05 09:41:56",NULL,NULL,NULL,"11.989999771118164"
"166108","114558","91845","9413","448615","Processing","2021-08-27 14:14:55",NULL,NULL,NULL,"11.989999771118164"
"166653","114926","92131","26990","450098","Processing","2022-01-02 12:54:23",NULL,NULL,NULL,"11.989999771118164"
"169591","116952","93773","25081","457967","Processing","2022-04-21 10:00:18",NULL,NULL,NULL,"11.989999771118164"
"169594","116952","93773","26685","457977","Processing","2022-04-19 09:33:58",NULL,NULL,NULL,"11.989999771118164"
"171001","117893","94543","9908","461842","Processing","2022-04-07 13:42:52",NULL,NULL,NULL,"11.989999771118164"
"172119","118685","95152","14046","464871","Processing","2021-05-03 14:30:12",NULL,NULL,NULL,"11.989999771118164"
"172827","119194","95547","9908","466784","Processing","2020-08-14 21:54:09",NULL,NULL,NULL,"11.989999771118164"
"173165","119425","95747","7116","467693","Processing","2022-07-28 12:30:42",NULL,NULL,NULL,"11.989999771118164"
"174555","120393","96535","27084","471363","Processing","2021-10-07 15:20:06",NULL,NULL,NULL,"11.989999771118164"
"176098","121446","97397","18119","475588","Processing","2022-08-06 01:26:17",NULL,NULL,NULL,"11.989999771118164"
"176452","121691","97601","15804","476549","Processing","2022-01-22 01:25:59",NULL,NULL,NULL,"11.989999771118164"
"176781","121915","97775","9068","477452","Processing","2021-06-01 03:26:17",NULL,NULL,NULL,"11.989999771118164"
"176801","121929","97788","10309","477505","Processing","2020-08-22 07:29:16",NULL,NULL,NULL,"11.989999771118164"
"177709","122561","98297","27331","479935","Processing","2020-12-07 09:47:53",NULL,NULL,NULL,"11.989999771118164"
"177838","122656","98383","9377","480278","Processing","2022-07-28 23:24:34",NULL,NULL,NULL,"11.989999771118164"
"179350","123701","99238","15847","484338","Processing","2020-12-08 02:41:52",NULL,NULL,NULL,"11.989999771118164"
"179423","123747","99273","18129","484540","Processing","2022-05-16 22:36:38",NULL,NULL,NULL,"11.989999771118164"
"47343","32616","26046","5725","127789","Shipped","2022-03-12 03:47:48","2022-03-14 19:38:00",NULL,NULL,"12.489999771118164"
"58327","40212","32124","5725","157408","Shipped","2020-10-15 11:55:56","2020-10-16 01:56:00",NULL,NULL,"12.489999771118164"
"66233","45584","36440","2593","178852","Shipped","2021-12-25 06:17:54","2021-12-28 05:04:00",NULL,NULL,"12.489999771118164"
"79357","54724","43770","5725","214258","Shipped","2022-06-20 23:43:47","2022-06-22 01:57:00",NULL,NULL,"12.489999771118164"
"103020","71180","56904","6749","278249","Shipped","2022-05-08 16:10:33","2022-05-10 19:06:00",NULL,NULL,"12.489999771118164"
"158316","109203","87583","5725","427438","Shipped","2022-09-02 00:31:06","2022-09-03 11:54:00",NULL,NULL,"12.489999771118164"
"173252","119488","95799","13106","467920","Shipped","2022-04-20 17:01:04","2022-04-22 01:10:00",NULL,NULL,"12.489999771118164"
"10934","7512","6103","2593","29638","Complete","2022-04-07 14:45:01","2022-04-09 14:29:00","2022-04-10 05:19:00",NULL,"12.489999771118164"
"64725","44552","35646","13106","174760","Complete","2022-07-08 07:40:21","2022-07-10 09:54:00","2022-07-11 01:59:00",NULL,"12.489999771118164"
"114104","78816","63045","8947","308168","Complete","2022-09-04 07:09:12","2022-09-04 04:22:00","2022-09-05 07:07:00",NULL,"12.489999771118164"
"125521","86590","69290","6749","338894","Complete","2021-04-05 06:13:24","2021-04-02 20:31:00","2021-04-04 06:57:00",NULL,"12.489999771118164"
"141301","97458","78157","13106","381542","Complete","2022-08-19 06:19:37","2022-08-20 22:03:00","2022-08-21 08:13:00",NULL,"12.489999771118164"
"54594","37636","30072","5725","147306","Returned","2022-09-01 08:41:10","2022-09-02 05:02:00","2022-09-06 08:53:00","2022-09-07 02:48:00","12.489999771118164"
"96877","66935","53495","2593","261664","Returned","2021-07-07 08:19:50","2021-07-06 10:14:00","2021-07-10 13:06:00","2021-07-13 03:49:00","12.489999771118164"
"176663","121830","97707","6749","477132","Returned","2021-12-10 14:35:37","2021-12-11 05:34:00","2021-12-14 10:53:00","2021-12-15 07:51:00","12.489999771118164"
"130897","90294","72316","5725","353429","Cancelled","2022-07-31 16:47:37",NULL,NULL,NULL,"12.489999771118164"
"147143","101519","81434","8947","397304","Cancelled","2021-05-18 05:14:15",NULL,NULL,NULL,"12.489999771118164"
"2983","2037","1645","2593","8071","Processing","2022-02-12 01:57:14",NULL,NULL,NULL,"12.489999771118164"
"47043","32405","25884","6749","126975","Processing","2020-11-17 07:39:58",NULL,NULL,NULL,"12.489999771118164"
"122077","84213","67408","6749","329607","Processing","2022-03-01 05:54:19",NULL,NULL,NULL,"12.489999771118164"
"137697","95017","76163","13106","371789","Processing","2021-10-27 03:56:14",NULL,NULL,NULL,"12.489999771118164"
"144886","99972","80168","13106","391203","Processing","2021-06-13 21:08:34",NULL,NULL,NULL,"12.489999771118164"
"145854","100645","80747","8947","393856","Processing","2020-06-25 00:56:43",NULL,NULL,NULL,"12.489999771118164"
"154142","106355","85309","8947","416237","Processing","2021-02-11 07:21:36",NULL,NULL,NULL,"12.489999771118164"
"171224","118042","94660","2593","462431","Processing","2021-07-12 01:58:33",NULL,NULL,NULL,"12.489999771118164"
"1110","769","647","25259","2991","Shipped","2020-12-22 06:09:26","2020-12-23 09:09:00",NULL,NULL,"12.989999771118164"
"1221","849","708","13064","3303","Shipped","2019-05-23 03:18:24","2019-05-21 13:44:00",NULL,NULL,"12.989999771118164"
"1790","1252","1007","13934","4843","Shipped","2022-05-07 01:02:55","2022-05-06 06:37:00",NULL,NULL,"12.989999771118164"
"2691","1837","1490","11372","7288","Shipped","2022-06-25 05:00:53","2022-06-24 23:12:00",NULL,NULL,"12.989999771118164"
"4045","2746","2202","28581","10949","Shipped","2021-08-09 03:09:58","2021-08-09 22:17:00",NULL,NULL,"12.989999771118164"
"4150","2822","2263","28931","11245","Shipped","2021-10-01 15:32:47","2021-10-02 06:11:00",NULL,NULL,"12.989999771118164"
"4530","3106","2516","10962","12283","Shipped","2021-01-05 05:52:35","2021-01-08 07:09:00",NULL,NULL,"12.989999771118164"
"4693","3213","2622","11555","12721","Shipped","2022-07-01 13:42:47","2022-06-30 04:28:00",NULL,NULL,"12.989999771118164"
"5137","3503","2864","5730","13903","Shipped","2022-07-16 10:23:42","2022-07-17 21:28:00",NULL,NULL,"12.989999771118164"
"5851","3981","3230","28858","15835","Shipped","2021-02-26 07:14:42","2021-02-27 14:20:00",NULL,NULL,"12.989999771118164"
"6445","4396","3565","18090","17448","Shipped","2022-09-03 05:22:13","2022-08-31 16:30:00",NULL,NULL,"12.989999771118164"
"6534","4446","3607","109","17696","Shipped","2021-12-29 23:57:21","2021-12-29 15:10:00",NULL,NULL,"12.989999771118164"
"6784","4624","3751","15823","18371","Shipped","2022-06-08 08:13:48","2022-06-07 08:23:00",NULL,NULL,"12.989999771118164"
"7351","5025","4078","25272","19924","Shipped","2021-12-17 01:27:27","2021-12-17 14:02:00",NULL,NULL,"12.989999771118164"
"8398","5754","4649","9186","22784","Shipped","2021-12-19 04:52:37","2021-12-20 23:47:00",NULL,NULL,"12.989999771118164"
"8569","5869","4747","6394","23251","Shipped","2021-03-09 22:09:03","2021-03-10 20:03:00",NULL,NULL,"12.989999771118164"
"8691","5960","4822","7105","23570","Shipped","2022-06-06 10:38:36","2022-06-03 10:56:00",NULL,NULL,"12.989999771118164"
"9379","6442","5229","9787","25437","Shipped","2022-08-08 03:51:49","2022-08-10 10:17:00",NULL,NULL,"12.989999771118164"
"9538","6562","5319","11589","25873","Shipped","2022-02-18 01:24:37","2022-02-17 03:59:00",NULL,NULL,"12.989999771118164"
"9734","6702","5431","26272","26418","Shipped","2022-08-22 07:27:32","2022-08-25 03:06:00",NULL,NULL,"12.989999771118164"
"10418","7163","5835","15648","28242","Shipped","2021-04-08 23:07:38","2021-04-07 20:00:00",NULL,NULL,"12.989999771118164"
"10894","7481","6080","28858","29532","Shipped","2022-01-30 01:09:35","2022-01-27 11:29:00",NULL,NULL,"12.989999771118164"
"11578","7966","6461","17195","31370","Shipped","2022-07-27 11:48:59","2022-07-29 16:56:00",NULL,NULL,"12.989999771118164"
"12006","8286","6700","26272","32545","Shipped","2022-09-06 00:21:36.243819","2022-09-05 00:13:44.243819",NULL,NULL,"12.989999771118164"
"13552","9336","7526","15823","36725","Shipped","2021-03-15 05:42:52","2021-03-16 10:08:00",NULL,NULL,"12.989999771118164"
"13801","9510","7658","120","37405","Shipped","2021-12-18 09:42:52","2021-12-19 17:22:00",NULL,NULL,"12.989999771118164"
"14151","9741","7857","5057","38350","Shipped","2022-08-16 05:51:24","2022-08-16 12:36:00",NULL,NULL,"12.989999771118164"
"14273","9822","7925","8885","38683","Shipped","2022-03-26 13:12:34","2022-03-28 12:57:00",NULL,NULL,"12.989999771118164"
"14339","9868","7956","6074","38857","Shipped","2022-07-11 11:04:50","2022-07-08 17:52:00",NULL,NULL,"12.989999771118164"
"14456","9945","8012","4026","39188","Shipped","2021-09-05 08:37:00","2021-09-04 01:59:00",NULL,NULL,"12.989999771118164"
"14662","10093","8118","8907","39716","Shipped","2021-05-03 15:19:03","2021-05-02 01:39:00",NULL,NULL,"12.989999771118164"
"16672","11469","9230","13934","45125","Shipped","2022-07-13 01:42:46","2022-07-15 10:42:00",NULL,NULL,"12.989999771118164"
"17677","12158","9775","26272","47882","Shipped","2022-04-27 08:38:24","2022-04-29 20:12:00",NULL,NULL,"12.989999771118164"
"18335","12603","10109","15648","49659","Shipped","2022-06-19 08:02:46","2022-06-20 04:05:00",NULL,NULL,"12.989999771118164"
"18469","12690","10183","13861","50004","Shipped","2022-03-10 03:47:46","2022-03-10 16:49:00",NULL,NULL,"12.989999771118164"
"19475","13389","10739","28931","52703","Shipped","2020-03-10 15:48:38","2020-03-11 21:44:00",NULL,NULL,"12.989999771118164"
"19846","13652","10933","11592","53709","Shipped","2022-03-05 14:02:28","2022-03-05 10:12:00",NULL,NULL,"12.989999771118164"
"20688","14224","11382","10236","56002","Shipped","2022-03-12 07:28:37","2022-03-15 03:59:00",NULL,NULL,"12.989999771118164"
"22457","15440","12339","16799","60686","Shipped","2022-04-06 23:21:41","2022-04-07 15:01:00",NULL,NULL,"12.989999771118164"
"25156","17336","13841","9638","67996","Shipped","2021-05-04 22:54:28","2021-05-06 10:59:00",NULL,NULL,"12.989999771118164"
"25307","17441","13926","9787","68387","Shipped","2022-06-26 22:24:41","2022-06-27 08:57:00",NULL,NULL,"12.989999771118164"
"25686","17696","14130","18264","69420","Shipped","2021-07-21 00:21:17","2021-07-21 16:55:00",NULL,NULL,"12.989999771118164"
"27549","18974","15179","9741","74469","Shipped","2022-06-23 03:56:26","2022-06-24 22:18:00",NULL,NULL,"12.989999771118164"
"27895","19229","15380","26677","75415","Shipped","2019-02-28 10:59:13","2019-03-01 05:19:00",NULL,NULL,"12.989999771118164"
"28009","19309","15437","5794","75709","Shipped","2021-12-31 06:34:50","2022-01-02 12:11:00",NULL,NULL,"12.989999771118164"
"28085","19365","15488","9359","75912","Shipped","2022-07-12 11:52:05","2022-07-12 04:20:00",NULL,NULL,"12.989999771118164"
"28316","19515","15608","15370","76548","Shipped","2022-08-30 02:12:19","2022-09-01 17:16:00",NULL,NULL,"12.989999771118164"
"28468","19603","15673","9378","76955","Shipped","2022-05-20 15:53:31","2022-05-23 09:07:00",NULL,NULL,"12.989999771118164"
"29042","19993","15964","9888","78522","Shipped","2022-08-19 07:41:16","2022-08-16 23:48:00",NULL,NULL,"12.989999771118164"
"29080","20019","15989","9365","78622","Shipped","2022-07-12 07:24:36","2022-07-12 15:02:00",NULL,NULL,"12.989999771118164"
"30359","20908","16738","15690","82091","Shipped","2021-09-07 09:00:47","2021-09-03 21:05:00",NULL,NULL,"12.989999771118164"
"31613","21752","17404","24645","85451","Shipped","2020-09-27 14:54:35","2020-09-25 04:06:00",NULL,NULL,"12.989999771118164"
"31976","22008","17604","25092","86405","Shipped","2022-01-19 13:00:24","2022-01-22 11:27:00",NULL,NULL,"12.989999771118164"
"32151","22127","17696","9096","86855","Shipped","2022-04-24 04:31:03","2022-04-24 15:37:00",NULL,NULL,"12.989999771118164"
"33829","23300","18599","626","91389","Shipped","2022-02-25 10:35:49","2022-02-23 01:03:00",NULL,NULL,"12.989999771118164"
"33890","23339","18634","5889","91564","Shipped","2022-09-03 14:47:17","2022-09-03 16:32:00",NULL,NULL,"12.989999771118164"
"34098","23480","18731","5074","92128","Shipped","2021-11-02 15:47:50","2021-11-03 11:53:00",NULL,NULL,"12.989999771118164"
"34282","23600","18832","15648","92614","Shipped","2022-09-04 02:13:15.87447","2022-09-02 16:27:17.87447",NULL,NULL,"12.989999771118164"
"35295","24293","19402","24847","95341","Shipped","2021-05-05 07:19:59","2021-05-05 20:11:00",NULL,NULL,"12.989999771118164"
"35813","24648","19712","8907","96707","Shipped","2021-08-12 13:15:42","2021-08-15 13:05:00",NULL,NULL,"12.989999771118164"
"35960","24754","19792","2502","97107","Shipped","2022-05-06 06:56:25","2022-05-05 22:43:00",NULL,NULL,"12.989999771118164"
"38576","26569","21230","18356","104137","Shipped","2020-10-26 14:01:19","2020-10-25 16:29:00",NULL,NULL,"12.989999771118164"
"38915","26801","21410","9238","105056","Shipped","2022-08-03 07:00:40","2022-08-01 14:45:00",NULL,NULL,"12.989999771118164"
"39111","26930","21509","11589","105596","Shipped","2020-04-26 05:49:59","2020-04-28 13:54:00",NULL,NULL,"12.989999771118164"
"39781","27392","21867","6172","107388","Shipped","2020-06-10 08:56:36","2020-06-09 02:08:00",NULL,NULL,"12.989999771118164"
"39868","27448","21916","25325","107625","Shipped","2022-09-02 09:53:46.575389","2022-09-03 02:45:40.575389",NULL,NULL,"12.989999771118164"
"40245","27699","22129","9487","108636","Shipped","2022-03-31 22:27:54","2022-04-01 15:42:00",NULL,NULL,"12.989999771118164"
"40833","28087","22407","15760","110259","Shipped","2020-05-19 11:53:55","2020-05-20 01:19:00",NULL,NULL,"12.989999771118164"
"41442","28502","22738","9415","111863","Shipped","2020-02-20 06:33:56","2020-02-17 13:35:00",NULL,NULL,"12.989999771118164"
"42382","29158","23252","18090","114437","Shipped","2021-01-12 03:14:42","2021-01-14 14:02:00",NULL,NULL,"12.989999771118164"
"43013","29596","23608","9186","116156","Shipped","2020-10-01 12:08:35","2020-09-28 05:55:00",NULL,NULL,"12.989999771118164"
"45099","31056","24793","13860","121799","Shipped","2022-04-06 09:08:28","2022-04-04 18:31:00",NULL,NULL,"12.989999771118164"
"45492","31322","25002","9354","122843","Shipped","2022-05-30 08:38:26","2022-05-27 23:17:00",NULL,NULL,"12.989999771118164"
"46083","31727","25310","15879","124434","Shipped","2022-09-01 14:43:06","2022-08-30 06:09:00",NULL,NULL,"12.989999771118164"
"46938","32326","25820","10838","126706","Shipped","2021-05-16 03:35:40","2021-05-18 04:18:00",NULL,NULL,"12.989999771118164"
"47467","32701","26107","15648","128126","Shipped","2022-08-17 15:34:08","2022-08-18 14:03:00",NULL,NULL,"12.989999771118164"
"48041","33090","26436","137","129678","Shipped","2022-06-10 11:50:26","2022-06-08 19:59:00",NULL,NULL,"12.989999771118164"
"48472","33399","26672","5074","130811","Shipped","2021-01-13 09:26:25","2021-01-16 09:02:00",NULL,NULL,"12.989999771118164"
"48787","33606","26833","9238","131663","Shipped","2020-04-02 15:20:22","2020-04-02 02:36:00",NULL,NULL,"12.989999771118164"
"50879","35074","27988","13620","137326","Shipped","2022-06-12 06:43:41","2022-06-14 14:04:00",NULL,NULL,"12.989999771118164"
"52789","36387","29075","7105","142447","Shipped","2021-05-18 10:16:49","2021-05-19 22:16:00",NULL,NULL,"12.989999771118164"
"54058","37250","29763","26776","145888","Shipped","2021-01-14 12:36:03","2021-01-11 18:23:00",NULL,NULL,"12.989999771118164"
"54653","37677","30109","13064","147476","Shipped","2021-10-11 11:27:23","2021-10-09 16:24:00",NULL,NULL,"12.989999771118164"
"55188","38037","30389","9238","148895","Shipped","2022-03-08 00:27:27","2022-03-05 04:07:00",NULL,NULL,"12.989999771118164"
"55212","38056","30404","28858","148961","Shipped","2022-06-11 03:17:38","2022-06-11 22:37:00",NULL,NULL,"12.989999771118164"
"56756","39121","31281","9316","153191","Shipped","2022-09-06 23:22:20.26139","2022-09-03 16:32:47.26139",NULL,NULL,"12.989999771118164"
"57111","39360","31462","5933","154146","Shipped","2022-08-08 21:19:37","2022-08-09 20:59:00",NULL,NULL,"12.989999771118164"
"57125","39370","31474","7105","154182","Shipped","2022-09-03 06:36:10","2022-09-05 06:37:00",NULL,NULL,"12.989999771118164"
"57144","39386","31488","28371","154233","Shipped","2020-06-04 10:57:13","2020-06-05 14:46:00",NULL,NULL,"12.989999771118164"
"58196","40114","32053","18264","157049","Shipped","2022-08-20 05:30:59","2022-08-20 09:24:00",NULL,NULL,"12.989999771118164"
"59614","41079","32819","13660","160912","Shipped","2021-04-25 10:12:18","2021-04-25 22:09:00",NULL,NULL,"12.989999771118164"
"60562","41707","33349","9378","163506","Shipped","2021-01-18 13:38:25","2021-01-21 09:44:00",NULL,NULL,"12.989999771118164"
"61289","42200","33738","9249","165456","Shipped","2022-07-11 16:08:09","2022-07-10 01:28:00",NULL,NULL,"12.989999771118164"
"62552","43081","34446","25101","168867","Shipped","2021-09-15 03:00:13","2021-09-14 11:55:00",NULL,NULL,"12.989999771118164"
"62911","43312","34631","2721","169851","Shipped","2021-11-19 03:05:44","2021-11-21 15:07:00",NULL,NULL,"12.989999771118164"
"63135","43470","34757","26590","170465","Shipped","2022-04-14 06:06:59","2022-04-13 22:33:00",NULL,NULL,"12.989999771118164"
"65687","45228","36147","26677","177370","Shipped","2022-03-02 01:48:49","2022-02-28 19:55:00",NULL,NULL,"12.989999771118164"
"65938","45388","36288","15337","178052","Shipped","2021-04-24 22:20:44","2021-04-25 22:07:00",NULL,NULL,"12.989999771118164"
"66312","45634","36477","5710","179065","Shipped","2020-03-30 23:26:17","2020-04-02 23:36:00",NULL,NULL,"12.989999771118164"
"66321","45641","36483","25278","179090","Shipped","2022-04-08 13:35:06","2022-04-06 05:53:00",NULL,NULL,"12.989999771118164"
"67289","46301","37024","4108","181704","Shipped","2021-06-03 08:55:16","2021-06-03 21:25:00",NULL,NULL,"12.989999771118164"
"69173","47630","38072","25272","186729","Shipped","2022-08-02 21:11:17","2022-08-03 14:55:00",NULL,NULL,"12.989999771118164"
"69425","47804","38222","11592","187390","Shipped","2020-09-28 22:30:43","2020-10-01 19:51:00",NULL,NULL,"12.989999771118164"
"69687","47982","38362","15823","188111","Shipped","2022-08-13 00:23:02","2022-08-13 20:56:00",NULL,NULL,"12.989999771118164"
"69985","48186","38535","15760","188927","Shipped","2022-03-10 08:55:45","2022-03-09 22:49:00",NULL,NULL,"12.989999771118164"
"71861","49498","39626","5822","193995","Shipped","2022-01-21 09:24:40","2022-01-21 21:20:00",NULL,NULL,"12.989999771118164"
"73365","50538","40448","9330","198098","Shipped","2022-04-08 22:51:00","2022-04-09 08:44:00",NULL,NULL,"12.989999771118164"
"73656","50724","40588","22760","198872","Shipped","2020-06-04 05:57:21","2020-06-05 12:01:00",NULL,NULL,"12.989999771118164"
"73822","50839","40669","9495","199320","Shipped","2019-12-04 07:40:11","2019-12-05 21:28:00",NULL,NULL,"12.989999771118164"
"73829","50846","40676","9895","199339","Shipped","2020-09-25 03:52:01","2020-09-25 11:36:00",NULL,NULL,"12.989999771118164"
"74651","51443","41160","11018","201555","Shipped","2021-10-27 02:28:51","2021-10-27 10:48:00",NULL,NULL,"12.989999771118164"
"75306","51894","41519","25815","203311","Shipped","2021-07-27 16:04:07","2021-07-25 10:28:00",NULL,NULL,"12.989999771118164"
"75971","52355","41915","25101","205150","Shipped","2022-05-08 01:35:13","2022-05-09 09:56:00",NULL,NULL,"12.989999771118164"
"76218","52526","42031","15879","205821","Shipped","2020-07-17 02:12:04","2020-07-19 14:45:00",NULL,NULL,"12.989999771118164"
"76556","52770","42221","17195","206720","Shipped","2022-07-17 08:46:49","2022-07-17 14:57:00",NULL,NULL,"12.989999771118164"
"76963","53067","42456","25272","207827","Shipped","2020-06-04 06:04:11","2020-06-06 08:52:00",NULL,NULL,"12.989999771118164"
"76972","53073","42460","13860","207849","Shipped","2022-05-02 02:32:14","2022-05-02 12:12:00",NULL,NULL,"12.989999771118164"
"77451","53401","42735","6074","209081","Shipped","2021-08-31 02:47:25","2021-08-31 11:30:00",NULL,NULL,"12.989999771118164"
"78853","54372","43515","11018","212872","Shipped","2022-04-19 02:26:02","2022-04-15 16:33:00",NULL,NULL,"12.989999771118164"
"80223","55331","44244","28917","216614","Shipped","2022-02-16 11:55:26","2022-02-15 23:00:00",NULL,NULL,"12.989999771118164"
"80349","55416","44312","8879","216965","Shipped","2022-08-21 14:31:38","2022-08-24 08:36:00",NULL,NULL,"12.989999771118164"
"80470","55499","44372","6394","217298","Shipped","2022-07-13 04:12:44","2022-07-15 08:15:00",NULL,NULL,"12.989999771118164"
"80717","55667","44496","109","217989","Shipped","2021-09-25 15:21:41","2021-09-25 20:49:00",NULL,NULL,"12.989999771118164"
"80846","55754","44566","11369","218347","Shipped","2022-07-31 09:11:17","2022-08-02 01:24:00",NULL,NULL,"12.989999771118164"
"81057","55907","44698","9096","218909","Shipped","2022-08-14 16:17:44","2022-08-15 19:28:00",NULL,NULL,"12.989999771118164"
"81825","56454","45123","28931","220968","Shipped","2022-03-27 02:29:32","2022-03-28 20:44:00",NULL,NULL,"12.989999771118164"
"83202","57454","45929","15889","224713","Shipped","2022-04-14 16:08:03","2022-04-15 19:48:00",NULL,NULL,"12.989999771118164"
"83463","57635","46075","26272","225410","Shipped","2021-04-17 15:39:27","2021-04-19 08:15:00",NULL,NULL,"12.989999771118164"
"83664","57782","46195","626","225956","Shipped","2022-03-02 16:20:04","2022-03-03 11:41:00",NULL,NULL,"12.989999771118164"
"84275","58226","46560","5910","227620","Shipped","2022-05-09 06:07:51","2022-05-12 02:54:00",NULL,NULL,"12.989999771118164"
"84724","58530","46816","2502","228831","Shipped","2020-11-08 15:01:35","2020-11-11 04:11:00",NULL,NULL,"12.989999771118164"
"86125","59511","47613","26590","232653","Shipped","2021-07-08 14:37:07","2021-07-10 17:01:00",NULL,NULL,"12.989999771118164"
"86178","59553","47643","9186","232792","Shipped","2022-09-05 06:46:45","2022-09-06 15:24:00",NULL,NULL,"12.989999771118164"
"89085","61573","49294","4026","240667","Shipped","2021-12-09 16:59:56","2021-12-11 09:21:00",NULL,NULL,"12.989999771118164"
"89259","61698","49398","15346","241130","Shipped","2021-03-31 00:44:29","2021-04-02 01:58:00",NULL,NULL,"12.989999771118164"
"89575","61920","49569","15760","241970","Shipped","2022-06-24 16:44:13","2022-06-26 21:54:00",NULL,NULL,"12.989999771118164"
"90566","62595","50112","13934","244668","Shipped","2022-05-18 05:29:57","2022-05-14 19:10:00",NULL,NULL,"12.989999771118164"
"91131","62972","50418","5933","246177","Shipped","2022-09-02 07:50:12","2022-09-03 12:40:00",NULL,NULL,"12.989999771118164"
"91194","63013","50452","13620","246350","Shipped","2022-02-02 23:53:55","2022-02-05 11:09:00",NULL,NULL,"12.989999771118164"
"91468","63201","50607","9495","247082","Shipped","2022-01-04 04:18:32","2022-01-04 14:35:00",NULL,NULL,"12.989999771118164"
"92328","63789","51067","15370","249372","Shipped","2021-04-16 04:37:16","2021-04-17 09:40:00",NULL,NULL,"12.989999771118164"
"92405","63843","51106","10962","249589","Shipped","2021-06-14 00:39:04","2021-06-11 09:04:00",NULL,NULL,"12.989999771118164"
"92760","64092","51297","13968","250538","Shipped","2022-05-22 02:55:06","2022-05-25 00:24:00",NULL,NULL,"12.989999771118164"
"93929","64896","51932","5889","253701","Shipped","2020-08-18 04:03:03","2020-08-21 05:37:00",NULL,NULL,"12.989999771118164"
"94948","65609","52488","28581","256478","Shipped","2020-12-16 04:21:30","2020-12-16 16:57:00",NULL,NULL,"12.989999771118164"
"95227","65817","52649","25101","257222","Shipped","2021-12-20 09:57:05","2021-12-19 07:05:00",NULL,NULL,"12.989999771118164"
"95570","66061","52829","10143","258159","Shipped","2020-09-12 06:41:06","2020-09-13 17:49:00",NULL,NULL,"12.989999771118164"
"96143","66450","53124","28858","259702","Shipped","2022-08-24 02:55:47","2022-08-23 13:00:00",NULL,NULL,"12.989999771118164"
"97310","67256","53734","9186","262854","Shipped","2021-04-28 00:14:20","2021-04-28 23:15:00",NULL,NULL,"12.989999771118164"
"97603","67455","53906","15370","263664","Shipped","2022-04-27 11:33:56","2022-04-27 13:31:00",NULL,NULL,"12.989999771118164"
"97797","67589","54013","18356","264189","Shipped","2022-07-23 14:44:22","2022-07-24 04:30:00",NULL,NULL,"12.989999771118164"
"98741","68224","54542","2502","266734","Shipped","2020-09-17 12:53:07","2020-09-20 07:56:00",NULL,NULL,"12.989999771118164"
"100086","69174","55308","6166","270327","Shipped","2021-06-15 06:58:30","2021-06-16 21:51:00",NULL,NULL,"12.989999771118164"
"100191","69243","55371","9895","270598","Shipped","2022-08-30 08:10:29","2022-08-30 00:27:00",NULL,NULL,"12.989999771118164"
"100400","69387","55481","15406","271160","Shipped","2021-09-09 00:02:27","2021-09-06 03:23:00",NULL,NULL,"12.989999771118164"
"100430","69404","55502","24847","271239","Shipped","2022-02-06 03:41:38","2022-02-06 07:43:00",NULL,NULL,"12.989999771118164"
"100443","69410","55506","28858","271271","Shipped","2022-09-04 09:09:26","2022-09-05 15:35:00",NULL,NULL,"12.989999771118164"
"103031","71187","56910","15760","278283","Shipped","2021-06-19 05:37:50","2021-06-16 11:01:00",NULL,NULL,"12.989999771118164"
"103315","71390","57071","2721","279073","Shipped","2019-10-25 16:06:32","2019-10-28 05:35:00",NULL,NULL,"12.989999771118164"
"105491","72888","58302","10236","284933","Shipped","2020-06-17 22:36:17","2020-06-19 00:34:00",NULL,NULL,"12.989999771118164"
"105631","72986","58380","11592","285317","Shipped","2019-09-04 13:48:49","2019-09-03 08:56:00",NULL,NULL,"12.989999771118164"
"106035","73279","58617","9378","286415","Shipped","2022-09-07 10:10:22.783431","2022-09-07 13:01:54.783431",NULL,NULL,"12.989999771118164"
"106264","73434","58738","25211","287027","Shipped","2021-06-18 02:56:12","2021-06-15 08:35:00",NULL,NULL,"12.989999771118164"
"106637","73686","58930","11369","288033","Shipped","2021-11-11 05:25:52","2021-11-11 02:21:00",NULL,NULL,"12.989999771118164"
"107669","74385","59468","9354","290822","Shipped","2020-01-11 01:54:32","2020-01-12 14:31:00",NULL,NULL,"12.989999771118164"
"107677","74393","59474","5931","290844","Shipped","2022-07-09 01:23:51","2022-07-11 20:49:00",NULL,NULL,"12.989999771118164"
"108159","74720","59750","14093","292181","Shipped","2022-05-30 05:34:43","2022-05-30 09:41:00",NULL,NULL,"12.989999771118164"
"109625","75728","60540","1560","296115","Shipped","2022-03-02 15:54:08","2022-03-03 05:19:00",NULL,NULL,"12.989999771118164"
"110374","76240","60970","28919","298090","Shipped","2022-01-16 11:09:02","2022-01-17 08:00:00",NULL,NULL,"12.989999771118164"
"110461","76300","61021","9330","298325","Shipped","2021-12-20 03:38:15","2021-12-22 22:28:00",NULL,NULL,"12.989999771118164"
"112103","77431","61946","11589","302783","Shipped","2021-11-03 03:00:14","2021-11-03 21:56:00",NULL,NULL,"12.989999771118164"
"112958","78023","62415","15337","305108","Shipped","2021-07-28 17:14:03","2021-07-29 15:55:00",NULL,NULL,"12.989999771118164"
"114619","79167","63322","5724","309567","Shipped","2022-08-22 03:00:05","2022-08-23 05:38:00",NULL,NULL,"12.989999771118164"
"116287","80298","64274","9316","314071","Shipped","2022-07-21 15:28:54","2022-07-21 21:15:00",NULL,NULL,"12.989999771118164"
"116696","80563","64503","25815","315176","Shipped","2021-11-01 02:12:09","2021-11-03 01:07:00",NULL,NULL,"12.989999771118164"
"117116","80856","64733","28919","316265","Shipped","2022-01-14 09:06:19","2022-01-14 23:49:00",NULL,NULL,"12.989999771118164"
"117160","80883","64756","17195","316384","Shipped","2021-05-17 16:15:48","2021-05-19 08:23:00",NULL,NULL,"12.989999771118164"
"117657","81221","65053","13620","317715","Shipped","2022-07-27 10:32:35","2022-07-28 18:09:00",NULL,NULL,"12.989999771118164"
"117708","81254","65079","9321","317851","Shipped","2022-05-13 12:38:47","2022-05-14 00:55:00",NULL,NULL,"12.989999771118164"
"119756","82678","66183","10236","323311","Shipped","2022-09-02 03:14:37.447529","2022-09-03 05:05:19.447529",NULL,NULL,"12.989999771118164"
"119848","82736","66231","5713","323574","Shipped","2022-05-19 05:44:28","2022-05-21 17:26:00",NULL,NULL,"12.989999771118164"
"120817","83383","66765","25211","326216","Shipped","2022-05-28 02:50:21","2022-05-29 21:15:00",NULL,NULL,"12.989999771118164"
"121798","84036","67280","15760","328860","Shipped","2021-10-12 11:52:31","2021-10-13 16:46:00",NULL,NULL,"12.989999771118164"
"122575","84567","67690","27383","330960","Shipped","2022-08-19 23:23:56","2022-08-21 05:15:00",NULL,NULL,"12.989999771118164"
"123476","85197","68186","24504","333384","Shipped","2022-08-09 08:24:58","2022-08-11 06:18:00",NULL,NULL,"12.989999771118164"
"123510","85215","68198","626","333472","Shipped","2022-05-26 15:34:45","2022-05-28 07:46:00",NULL,NULL,"12.989999771118164"
"124006","85548","68449","26590","334784","Shipped","2022-08-10 05:47:38","2022-08-08 02:51:00",NULL,NULL,"12.989999771118164"
"124062","85587","68492","25211","334931","Shipped","2022-07-22 00:17:24","2022-07-20 01:48:00",NULL,NULL,"12.989999771118164"
"124555","85924","68771","26677","336241","Shipped","2022-05-27 06:28:22","2022-05-25 04:58:00",NULL,NULL,"12.989999771118164"
"124711","86043","68862","9244","336678","Shipped","2022-03-26 05:56:42","2022-03-26 13:36:00",NULL,NULL,"12.989999771118164"
"125453","86545","69258","9096","338709","Shipped","2020-12-27 16:02:06","2020-12-30 01:32:00",NULL,NULL,"12.989999771118164"
"125758","86745","69406","16243","339504","Shipped","2022-05-30 22:46:08","2022-05-31 19:31:00",NULL,NULL,"12.989999771118164"
"125942","86863","69512","24930","340021","Shipped","2022-06-29 22:57:25","2022-06-30 03:58:00",NULL,NULL,"12.989999771118164"
"126244","87075","69688","2721","340855","Shipped","2022-05-11 00:01:49","2022-05-12 13:00:00",NULL,NULL,"12.989999771118164"
"127253","87758","70261","25101","343553","Shipped","2022-05-12 11:30:31","2022-05-12 22:09:00",NULL,NULL,"12.989999771118164"
"129244","89133","71408","6074","348989","Shipped","2022-08-05 02:12:39","2022-08-06 02:20:00",NULL,NULL,"12.989999771118164"
"130573","90067","72139","15337","352540","Shipped","2022-07-21 12:28:48","2022-07-22 23:27:00",NULL,NULL,"12.989999771118164"
"130742","90189","72226","8907","353015","Shipped","2022-09-01 22:34:02","2022-09-02 03:06:00",NULL,NULL,"12.989999771118164"
"131102","90430","72428","15705","353979","Shipped","2021-06-06 07:22:16","2021-06-06 11:00:00",NULL,NULL,"12.989999771118164"
"131388","90631","72614","5057","354751","Shipped","2021-12-15 07:04:24","2021-12-14 02:53:00",NULL,NULL,"12.989999771118164"
"131505","90708","72672","25101","355061","Shipped","2022-05-28 05:57:01","2022-05-29 18:35:00",NULL,NULL,"12.989999771118164"
"133083","91829","73550","15760","359366","Shipped","2022-05-09 22:49:20","2022-05-11 13:08:00",NULL,NULL,"12.989999771118164"
"134181","92585","74170","9096","362319","Shipped","2022-08-06 23:01:12","2022-08-07 06:42:00",NULL,NULL,"12.989999771118164"
"134363","92707","74270","15823","362814","Shipped","2022-03-30 01:07:33","2022-03-30 05:58:00",NULL,NULL,"12.989999771118164"
"134440","92758","74319","6074","363022","Shipped","2022-09-04 04:01:52.355881","2022-09-06 04:26:54.355881",NULL,NULL,"12.989999771118164"
"134822","93012","74509","15648","364077","Shipped","2022-01-24 22:32:56","2022-01-25 03:46:00",NULL,NULL,"12.989999771118164"
"135226","93300","74745","15889","365162","Shipped","2022-08-08 08:34:36","2022-08-10 14:50:00",NULL,NULL,"12.989999771118164"
"135785","93703","75079","14093","366671","Shipped","2022-05-12 07:27:52","2022-05-11 02:33:00",NULL,NULL,"12.989999771118164"
"136017","93861","75220","626","367305","Shipped","2019-09-27 08:29:15","2019-09-27 12:55:00",NULL,NULL,"12.989999771118164"
"136319","94075","75399","13660","368106","Shipped","2022-09-02 01:23:46.915091","2022-09-03 03:17:22.915091",NULL,NULL,"12.989999771118164"
"137310","94744","75948","18264","370762","Shipped","2021-12-11 06:23:21","2021-12-12 07:41:00",NULL,NULL,"12.989999771118164"
"137992","95224","76337","18090","372596","Shipped","2021-04-13 08:35:44","2021-04-14 07:15:00",NULL,NULL,"12.989999771118164"
"138671","95689","76717","9495","374450","Shipped","2021-04-23 10:42:48","2021-04-24 00:40:00",NULL,NULL,"12.989999771118164"
"139452","96210","77163","9888","376578","Shipped","2020-01-28 10:15:16","2020-01-30 23:07:00",NULL,NULL,"12.989999771118164"
"139898","96507","77384","14284","377757","Shipped","2020-04-26 03:40:13","2020-04-22 19:05:00",NULL,NULL,"12.989999771118164"
"140219","96734","77567","15244","378617","Shipped","2020-11-14 16:00:06","2020-11-15 12:47:00",NULL,NULL,"12.989999771118164"
"141531","97622","78284","9985","382153","Shipped","2022-05-03 23:31:25","2022-05-04 11:59:00",NULL,NULL,"12.989999771118164"
"141592","97663","78312","14189","382318","Shipped","2022-05-11 21:59:55","2022-05-14 00:38:00",NULL,NULL,"12.989999771118164"
"142224","98109","78664","11372","384016","Shipped","2022-03-02 17:38:10","2022-03-03 09:42:00",NULL,NULL,"12.989999771118164"
"142737","98485","78957","17195","385391","Shipped","2019-04-25 00:00:05","2019-04-22 04:13:00",NULL,NULL,"12.989999771118164"
"143810","99228","79555","25211","388277","Shipped","2020-02-23 09:24:43","2020-02-21 06:36:00",NULL,NULL,"12.989999771118164"
"145230","100202","80347","9787","392146","Shipped","2022-07-17 00:50:04","2022-07-17 19:49:00",NULL,NULL,"12.989999771118164"
"146208","100883","80937","24690","394800","Shipped","2022-05-12 04:29:15","2022-05-15 01:26:00",NULL,NULL,"12.989999771118164"
"147474","101759","81620","9378","398198","Shipped","2022-05-09 03:25:15","2022-05-11 05:08:00",NULL,NULL,"12.989999771118164"
"147575","101837","81683","6172","398466","Shipped","2022-04-29 06:28:33","2022-04-29 02:15:00",NULL,NULL,"12.989999771118164"
"147826","102008","81815","15705","399150","Shipped","2020-08-17 08:02:06","2020-08-19 16:32:00",NULL,NULL,"12.989999771118164"
"149057","102863","82507","9083","402511","Shipped","2022-02-26 00:08:36","2022-02-27 06:16:00",NULL,NULL,"12.989999771118164"
"150218","103656","83144","5911","405707","Shipped","2022-06-30 08:04:26","2022-06-28 04:23:00",NULL,NULL,"12.989999771118164"
"152511","105229","84430","28919","411879","Shipped","2022-02-11 16:19:17","2022-02-10 13:33:00",NULL,NULL,"12.989999771118164"
"152513","105231","84432","14093","411883","Shipped","2022-09-03 15:40:01.733109","2022-09-05 10:12:24.733109",NULL,NULL,"12.989999771118164"
"152755","105397","84558","10838","412518","Shipped","2022-08-31 05:41:32","2022-08-31 23:25:00",NULL,NULL,"12.989999771118164"
"153216","105699","84795","10653","413778","Shipped","2022-08-06 07:05:39","2022-08-07 14:19:00",NULL,NULL,"12.989999771118164"
"153367","105806","84875","9741","414189","Shipped","2020-07-16 02:27:48","2020-07-15 08:10:00",NULL,NULL,"12.989999771118164"
"153982","106247","85225","18264","415815","Shipped","2022-09-07 10:13:27.425657","2022-09-04 17:43:46.425657",NULL,NULL,"12.989999771118164"
"154754","106780","85677","11589","417884","Shipped","2021-12-09 15:53:22","2021-12-10 20:43:00",NULL,NULL,"12.989999771118164"
"156996","108291","86848","137","423894","Shipped","2022-08-29 12:45:07","2022-08-31 18:43:00",NULL,NULL,"12.989999771118164"
"160340","110619","88697","14189","432923","Shipped","2021-12-19 21:39:05","2021-12-20 20:20:00",NULL,NULL,"12.989999771118164"
"161301","111264","89204","626","435503","Shipped","2022-08-29 14:28:17","2022-08-31 03:17:00",NULL,NULL,"12.989999771118164"
"161874","111651","89518","15337","437088","Shipped","2021-09-13 02:53:16","2021-09-10 20:07:00",NULL,NULL,"12.989999771118164"
"162619","112166","89923","5057","439112","Shipped","2022-08-26 03:44:35","2022-08-28 11:33:00",NULL,NULL,"12.989999771118164"
"163937","113085","90686","2502","442700","Shipped","2019-10-15 03:44:57","2019-10-16 20:03:00",NULL,NULL,"12.989999771118164"
"165043","113823","91259","8879","445726","Shipped","2021-12-17 15:21:37","2021-12-20 04:03:00",NULL,NULL,"12.989999771118164"
"166211","114631","91898","25083","448906","Shipped","2022-04-07 10:20:16","2022-04-08 09:01:00",NULL,NULL,"12.989999771118164"
"166610","114893","92106","109","449984","Shipped","2022-09-04 07:06:49.156032","2022-09-05 03:20:52.156032",NULL,NULL,"12.989999771118164"
"168594","116267","93223","109","455289","Shipped","2022-07-01 05:44:30","2022-06-29 11:54:00",NULL,NULL,"12.989999771118164"
"168639","116295","93242","16243","455411","Shipped","2022-05-30 06:42:16","2022-05-27 09:52:00",NULL,NULL,"12.989999771118164"
"168988","116552","93438","9275","456344","Shipped","2022-08-27 03:53:12","2022-08-28 12:20:00",NULL,NULL,"12.989999771118164"
"170585","117618","94326","25101","460685","Shipped","2022-08-13 05:44:29","2022-08-14 14:06:00",NULL,NULL,"12.989999771118164"
"170980","117880","94531","28931","461788","Shipped","2021-09-05 21:49:23","2021-09-07 01:03:00",NULL,NULL,"12.989999771118164"
"171838","118487","95000","7105","464096","Shipped","2022-08-15 11:51:00","2022-08-13 05:43:00",NULL,NULL,"12.989999771118164"
"171872","118511","95012","14093","464190","Shipped","2021-06-16 13:21:33","2021-06-19 00:11:00",NULL,NULL,"12.989999771118164"
"172132","118694","95157","5057","464904","Shipped","2022-06-20 05:12:54","2022-06-21 09:04:00",NULL,NULL,"12.989999771118164"
"172147","118706","95164","24590","464947","Shipped","2022-09-02 03:13:14","2022-09-02 21:08:00",NULL,NULL,"12.989999771118164"
"172577","119010","95402","9354","466094","Shipped","2021-04-27 01:13:19","2021-04-25 11:36:00",NULL,NULL,"12.989999771118164"
"173100","119382","95702","28581","467532","Shipped","2022-03-03 06:34:19","2022-03-05 03:18:00",NULL,NULL,"12.989999771118164"
"173651","119775","96045","9186","468954","Shipped","2022-03-16 03:14:10","2022-03-13 12:48:00",NULL,NULL,"12.989999771118164"
"173735","119828","96087","5882","469170","Shipped","2022-09-05 15:05:06.672261","2022-09-07 11:12:40.672261",NULL,NULL,"12.989999771118164"
"173819","119887","96138","28917","469389","Shipped","2022-06-01 22:51:21","2022-05-31 17:24:00",NULL,NULL,"12.989999771118164"
"173887","119935","96171","28919","469574","Shipped","2022-09-08 14:44:10","2022-09-05 23:17:00",NULL,NULL,"12.989999771118164"
"174028","120027","96247","14189","469950","Shipped","2020-11-17 16:13:57","2020-11-18 10:13:00",NULL,NULL,"12.989999771118164"
"174413","120289","96460","6074","470986","Shipped","2020-11-25 02:56:34","2020-11-21 22:08:00",NULL,NULL,"12.989999771118164"
"174487","120345","96498","11369","471185","Shipped","2022-01-10 03:51:54","2022-01-09 21:40:00",NULL,NULL,"12.989999771118164"
"174603","120425","96556","5713","471495","Shipped","2022-06-16 02:50:46","2022-06-16 17:39:00",NULL,NULL,"12.989999771118164"
"174700","120495","96620","9186","471757","Shipped","2022-08-15 02:37:10","2022-08-16 08:49:00",NULL,NULL,"12.989999771118164"
"175260","120862","96896","9737","473302","Shipped","2021-11-22 23:33:42","2021-11-25 01:35:00",NULL,NULL,"12.989999771118164"
"177926","122720","98435","15889","480517","Shipped","2022-06-13 06:05:28","2022-06-10 16:57:00",NULL,NULL,"12.989999771118164"
"177969","122749","98459","15648","480628","Shipped","2022-05-23 23:50:49","2022-05-24 17:47:00",NULL,NULL,"12.989999771118164"
"178253","122945","98609","28371","481384","Shipped","2021-11-28 11:37:28","2021-11-29 10:09:00",NULL,NULL,"12.989999771118164"
"179113","123535","99095","9359","483698","Shipped","2022-08-08 08:48:17","2022-08-09 17:01:00",NULL,NULL,"12.989999771118164"
"127","95","75","24847","347","Complete","2022-06-09 11:54:30","2022-06-10 12:16:00","2022-06-11 10:49:00",NULL,"12.989999771118164"
"948","667","557","26776","2551","Complete","2020-07-24 04:18:54","2020-07-24 03:18:00","2020-07-25 21:10:00",NULL,"12.989999771118164"
"1503","1045","870","28493","4074","Complete","2022-01-25 08:41:02","2022-01-24 05:19:00","2022-01-25 21:20:00",NULL,"12.989999771118164"
"3718","2520","2038","9737","10057","Complete","2019-12-16 09:18:05","2019-12-18 02:25:00","2019-12-18 05:16:00",NULL,"12.989999771118164"
"6193","4224","3425","10044","16754","Complete","2022-06-11 11:28:57","2022-06-09 20:41:00","2022-06-14 18:33:00",NULL,"12.989999771118164"
"6727","4582","3718","10236","18224","Complete","2022-07-19 00:44:31","2022-07-17 14:08:00","2022-07-19 00:27:00",NULL,"12.989999771118164"
"7222","4934","4001","5882","19567","Complete","2022-03-24 14:33:25","2022-03-26 14:24:00","2022-03-30 13:58:00",NULL,"12.989999771118164"
"7331","5010","4064","13670","19865","Complete","2021-10-10 05:17:46","2021-10-08 01:36:00","2021-10-11 13:10:00",NULL,"12.989999771118164"
"7538","5161","4186","11369","20433","Complete","2020-06-13 00:27:46","2020-06-14 03:17:00","2020-06-17 13:04:00",NULL,"12.989999771118164"
"8178","5601","4533","9378","22178","Complete","2022-06-07 15:27:37","2022-06-09 17:15:00","2022-06-09 21:52:00",NULL,"12.989999771118164"
"8507","5830","4716","16243","23080","Complete","2022-04-20 22:52:03","2022-04-21 01:32:00","2022-04-25 10:17:00",NULL,"12.989999771118164"
"10761","7399","6020","24690","29162","Complete","2020-12-03 23:53:42","2020-12-04 09:52:00","2020-12-04 21:29:00",NULL,"12.989999771118164"
"11096","7632","6195","11369","30069","Complete","2022-09-04 09:14:30.255021","2022-09-05 05:27:31.255021","2022-09-06 10:49:31.255021",NULL,"12.989999771118164"
"11277","7753","6289","25815","30550","Complete","2021-08-19 03:07:41","2021-08-17 20:40:00","2021-08-21 12:17:00",NULL,"12.989999771118164"
"11454","7879","6386","16243","31034","Complete","2022-03-31 16:33:07","2022-03-31 00:26:00","2022-04-02 08:17:00",NULL,"12.989999771118164"
"14204","9774","7883","26590","38491","Complete","2021-11-06 22:04:37","2021-11-07 21:15:00","2021-11-10 15:20:00",NULL,"12.989999771118164"
"14828","10203","8208","18090","40164","Complete","2020-09-17 10:31:44","2020-09-15 12:47:00","2020-09-18 06:41:00",NULL,"12.989999771118164"
"18311","12586","10092","4108","49591","Complete","2022-03-31 10:33:42","2022-03-31 11:29:00","2022-03-31 17:01:00",NULL,"12.989999771118164"
"19302","13265","10638","13620","52230","Complete","2021-03-19 07:20:16","2021-03-20 20:23:00","2021-03-23 10:57:00",NULL,"12.989999771118164"
"19430","13356","10716","9359","52572","Complete","2022-07-20 15:52:35","2022-07-22 02:43:00","2022-07-22 13:58:00",NULL,"12.989999771118164"
"20409","14032","11244","8885","55245","Complete","2021-11-07 03:07:18","2021-11-09 02:37:00","2021-11-10 18:37:00",NULL,"12.989999771118164"
"20466","14075","11277","9378","55396","Complete","2022-08-14 07:00:47","2022-08-14 21:46:00","2022-08-19 02:45:00",NULL,"12.989999771118164"
"22327","15357","12272","9179","60336","Complete","2022-04-21 03:30:37","2022-04-22 21:51:00","2022-04-25 23:38:00",NULL,"12.989999771118164"
"22582","15531","12417","4026","61035","Complete","2021-08-23 03:13:57","2021-08-19 13:19:00","2021-08-21 22:04:00",NULL,"12.989999771118164"
"22625","15560","12437","9737","61150","Complete","2021-04-07 02:37:12","2021-04-08 21:09:00","2021-04-13 18:13:00",NULL,"12.989999771118164"
"107210","74072","59221","100","289580","Complete","2021-01-12 01:02:38","2021-01-13 14:16:00","2021-01-16 22:31:00",NULL,"38.9900016784668"
"110365","76235","60964","13744","298068","Complete","2020-01-24 08:44:40","2020-01-24 17:07:00","2020-01-25 03:07:00",NULL,"38.9900016784668"
"110375","76241","60970","26891","298093","Complete","2021-10-03 14:32:31","2021-10-03 18:47:00","2021-10-06 22:32:00",NULL,"38.9900016784668"
"116694","80561","64501","22974","315171","Complete","2021-04-30 09:47:33","2021-05-01 03:20:00","2021-05-05 07:15:00",NULL,"38.9900016784668"
"119494","82485","66038","3513","322621","Complete","2021-02-09 11:45:59","2021-02-10 14:14:00","2021-02-12 14:59:00",NULL,"38.9900016784668"
"125340","86467","69195","18604","338400","Complete","2021-08-13 06:33:06","2021-08-14 10:49:00","2021-08-15 11:20:00",NULL,"38.9900016784668"
"127009","87596","70134","13118","342935","Complete","2021-08-26 06:48:21","2021-08-23 21:11:00","2021-08-23 22:36:00",NULL,"38.9900016784668"
"129404","89242","71489","3296","349411","Complete","2022-06-20 14:49:05","2022-06-22 13:43:00","2022-06-26 15:33:00",NULL,"38.9900016784668"
"130889","90288","72308","12766","353408","Complete","2021-11-21 12:47:19","2021-11-23 18:28:00","2021-11-27 18:59:00",NULL,"38.9900016784668"
"134016","92461","74064","26891","361856","Complete","2022-07-10 23:58:48","2022-07-09 15:10:00","2022-07-12 14:36:00",NULL,"38.9900016784668"
"135431","93453","74877","13089","365715","Complete","2022-05-20 00:42:48","2022-05-18 14:07:00","2022-05-20 21:11:00",NULL,"38.9900016784668"
"135894","93775","75151","3951","366956","Complete","2022-07-07 16:36:58","2022-07-08 23:40:00","2022-07-11 19:42:00",NULL,"38.9900016784668"
"138324","95455","76530","3526","373513","Complete","2021-03-05 03:08:43","2021-03-03 13:41:00","2021-03-05 15:02:00",NULL,"38.9900016784668"
"140226","96737","77569","13744","378636","Complete","2021-07-25 07:26:13","2021-07-26 12:32:00","2021-07-27 08:38:00",NULL,"38.9900016784668"
"143179","98790","79212","27445","386597","Complete","2019-11-28 07:40:23","2019-11-26 00:17:00","2019-11-26 16:33:00",NULL,"38.9900016784668"
"143338","98906","79303","4002","387014","Complete","2021-03-24 11:36:50","2021-03-25 10:52:00","2021-03-28 02:11:00",NULL,"38.9900016784668"
"143476","99003","79383","17999","387378","Complete","2021-08-23 04:43:37","2021-08-21 14:24:00","2021-08-23 16:40:00",NULL,"38.9900016784668"
"144236","99513","79788","17999","389445","Complete","2022-01-22 09:51:41","2022-01-22 15:41:00","2022-01-24 14:52:00",NULL,"38.9900016784668"
"148570","102510","82232","26682","401192","Complete","2022-02-20 10:34:25","2022-02-22 18:00:00","2022-02-23 02:09:00",NULL,"38.9900016784668"
"160785","110914","88925","18696","434124","Complete","2021-10-10 04:37:35","2021-10-12 08:59:00","2021-10-15 19:14:00",NULL,"38.9900016784668"
"161188","111180","89139","13118","435197","Complete","2020-09-18 06:33:49","2020-09-19 07:58:00","2020-09-23 08:50:00",NULL,"38.9900016784668"
"164912","113735","91185","12826","445375","Complete","2022-07-17 10:18:18","2022-07-20 05:52:00","2022-07-24 03:06:00",NULL,"38.9900016784668"
"166332","114710","91962","13478","449237","Complete","2020-05-09 23:31:30","2020-05-09 14:04:00","2020-05-11 14:26:00",NULL,"38.9900016784668"
"167612","115587","92646","16289","452654","Complete","2021-01-01 10:40:19","2021-01-04 05:42:00","2021-01-05 02:38:00",NULL,"38.9900016784668"
"168160","115971","92972","6995","454121","Complete","2021-08-03 12:16:50","2021-08-05 21:13:00","2021-08-06 04:53:00",NULL,"38.9900016784668"
"179322","123681","99217","12766","484263","Complete","2021-01-02 04:48:11","2021-01-01 01:14:00","2021-01-03 10:29:00",NULL,"38.9900016784668"
"179339","123695","99229","942","484310","Complete","2022-04-27 05:47:21","2022-04-29 01:24:00","2022-04-30 19:07:00",NULL,"38.9900016784668"
"3011","2050","1651","22974","8147","Returned","2022-08-26 02:08:18","2022-08-26 17:18:00","2022-08-31 13:33:00","2022-09-01 14:03:00","38.9900016784668"
"42112","28970","23106","4002","113685","Returned","2022-02-22 17:46:58","2022-02-24 19:00:00","2022-02-27 10:22:00","2022-02-28 17:17:00","38.9900016784668"
"45550","31362","25036","22261","122994","Returned","2022-03-14 18:34:50","2022-03-15 04:04:00","2022-03-18 03:21:00","2022-03-18 10:21:00","38.9900016784668"
"55808","38463","30742","6995","150604","Returned","2021-04-25 06:06:12","2021-04-26 20:25:00","2021-04-27 18:15:00","2021-04-29 16:31:00","38.9900016784668"
"56436","38902","31097","100","152322","Returned","2021-06-28 23:38:36","2021-06-25 06:08:00","2021-06-29 08:47:00","2021-06-29 17:18:00","38.9900016784668"
"59395","40926","32688","8037","160311","Returned","2022-07-30 15:05:52","2022-07-30 20:11:00","2022-08-03 10:57:00","2022-08-05 23:55:00","38.9900016784668"
"67072","46139","36896","6788","181110","Returned","2021-05-28 17:05:15","2021-05-29 20:55:00","2021-06-02 05:47:00","2021-06-02 18:34:00","38.9900016784668"
"71651","49346","39493","11207","193438","Returned","2020-06-14 05:30:43","2020-06-14 16:09:00","2020-06-16 08:21:00","2020-06-17 20:57:00","38.9900016784668"
"73378","50548","40455","26731","198134","Returned","2022-05-26 23:48:30","2022-05-29 12:03:00","2022-05-31 04:43:00","2022-06-02 09:28:00","38.9900016784668"
"88527","61182","48998","398","239164","Returned","2020-05-31 10:48:02","2020-06-01 01:23:00","2020-06-03 15:08:00","2020-06-06 14:09:00","38.9900016784668"
"90882","62801","50283","26731","245504","Returned","2022-04-14 11:27:55","2022-04-15 20:49:00","2022-04-17 16:12:00","2022-04-18 20:53:00","38.9900016784668"
"96001","66352","53054","12788","259328","Returned","2021-10-18 03:59:48","2021-10-18 10:05:00","2021-10-21 13:28:00","2021-10-23 19:14:00","38.9900016784668"
"96439","66647","53284","2373","260500","Returned","2022-06-10 05:52:59","2022-06-07 16:05:00","2022-06-11 04:50:00","2022-06-11 07:32:00","38.9900016784668"
"96902","66957","53513","22981","261740","Returned","2022-04-17 10:08:44","2022-04-19 14:48:00","2022-04-21 06:25:00","2022-04-22 12:38:00","38.9900016784668"
"98084","67780","54158","3296","264966","Returned","2020-09-16 04:10:17","2020-09-13 09:30:00","2020-09-16 01:39:00","2020-09-17 07:15:00","38.9900016784668"
"110294","76193","60929","26985","297885","Returned","2022-08-31 08:00:27","2022-08-31 01:11:00","2022-09-02 10:36:00","2022-09-03 01:32:00","38.9900016784668"
"114253","78912","63120","4002","308582","Returned","2022-08-30 10:15:01","2022-09-01 15:46:00","2022-09-04 08:32:00","2022-09-05 03:25:00","38.9900016784668"
"120802","83375","66755","3493","326178","Returned","2022-03-26 16:28:45","2022-03-28 03:45:00","2022-04-02 00:42:00","2022-04-04 00:07:00","38.9900016784668"
"124870","86147","68936","3951","337122","Returned","2022-09-04 07:58:08.669584","2022-09-05 05:37:31.669584","2022-09-09 03:43:31.669584","2022-09-09 14:35:31.669584","38.9900016784668"
"141983","97932","78530","18604","383359","Returned","2022-02-21 23:28:30","2022-02-23 08:20:00","2022-02-26 11:49:00","2022-02-28 04:48:00","38.9900016784668"
"147793","101986","81797","16289","399053","Returned","2022-08-10 11:03:35","2022-08-10 06:45:00","2022-08-10 17:02:00","2022-08-11 16:03:00","38.9900016784668"
"157169","108411","86937","6788","424372","Returned","2022-08-07 04:14:36","2022-08-08 21:30:00","2022-08-09 03:46:00","2022-08-10 11:04:00","38.9900016784668"
"157585","108683","87156","13089","425483","Returned","2021-11-01 10:04:21","2021-11-01 10:27:00","2021-11-03 07:33:00","2021-11-04 00:27:00","38.9900016784668"
"164501","113467","90981","21885","444245","Returned","2021-06-19 08:28:20","2021-06-20 13:50:00","2021-06-24 10:03:00","2021-06-27 06:46:00","38.9900016784668"
"175906","121319","97296","11207","475055","Returned","2021-09-17 07:54:24","2021-09-20 00:25:00","2021-09-21 05:39:00","2021-09-22 04:41:00","38.9900016784668"
"1174","814","683","942","3173","Cancelled","2022-04-16 15:31:49",NULL,NULL,NULL,"38.9900016784668"
"1636","1136","927","13744","4429","Cancelled","2022-07-21 23:28:16",NULL,NULL,NULL,"38.9900016784668"
"12755","8809","7111","12820","34563","Cancelled","2022-02-07 07:29:43",NULL,NULL,NULL,"38.9900016784668"
"12980","8957","7227","18696","35164","Cancelled","2021-09-11 01:36:31",NULL,NULL,NULL,"38.9900016784668"
"20989","14433","11549","12797","56802","Cancelled","2022-02-14 14:13:38",NULL,NULL,NULL,"38.9900016784668"
"24136","16601","13269","8037","65246","Cancelled","2021-03-24 04:24:34",NULL,NULL,NULL,"38.9900016784668"
"25707","17715","14142","3254","69479","Cancelled","2021-05-31 12:21:29",NULL,NULL,NULL,"38.9900016784668"
"31575","21724","17385","13089","85344","Cancelled","2022-08-19 08:36:12",NULL,NULL,NULL,"38.9900016784668"
"34189","23543","18788","6999","92372","Cancelled","2022-05-25 14:12:26",NULL,NULL,NULL,"38.9900016784668"
"34324","23628","18850","26731","92725","Cancelled","2021-10-28 10:54:41",NULL,NULL,NULL,"38.9900016784668"
"39081","26910","21495","12826","105512","Cancelled","2020-06-27 15:55:28",NULL,NULL,NULL,"38.9900016784668"
"41457","28512","22745","13089","111903","Cancelled","2021-06-19 13:47:46",NULL,NULL,NULL,"38.9900016784668"
"43036","29612","23623","4002","116213","Cancelled","2022-07-06 08:53:39",NULL,NULL,NULL,"38.9900016784668"
"44077","30323","24187","12820","119049","Cancelled","2022-04-19 16:43:58",NULL,NULL,NULL,"38.9900016784668"
"44766","30809","24589","22974","120909","Cancelled","2022-03-26 08:09:38",NULL,NULL,NULL,"38.9900016784668"
"48992","33749","26945","17999","132216","Cancelled","2022-06-18 10:03:29",NULL,NULL,NULL,"38.9900016784668"
"51075","35208","28104","28495","137872","Cancelled","2020-06-04 13:54:36",NULL,NULL,NULL,"38.9900016784668"
"51345","35390","28264","6995","138579","Cancelled","2022-08-05 15:13:07",NULL,NULL,NULL,"38.9900016784668"
"54890","37840","30226","13744","148122","Cancelled","2022-01-25 04:01:05",NULL,NULL,NULL,"38.9900016784668"
"55673","38375","30666","11207","150217","Cancelled","2022-03-05 11:49:25",NULL,NULL,NULL,"38.9900016784668"
"56783","39138","31289","3254","153264","Cancelled","2021-12-27 08:41:30",NULL,NULL,NULL,"38.9900016784668"
"60541","41694","33331","6788","163449","Cancelled","2022-09-05 02:54:35.691207",NULL,NULL,NULL,"38.9900016784668"
"61949","42662","34106","22682","167232","Cancelled","2021-12-29 03:52:48",NULL,NULL,NULL,"38.9900016784668"
"63976","44038","35223","12826","172718","Cancelled","2020-02-15 01:45:39",NULL,NULL,NULL,"38.9900016784668"
"64102","44115","35284","6995","173049","Cancelled","2022-02-08 14:42:19",NULL,NULL,NULL,"38.9900016784668"
"80615","55599","44444","3354","217709","Cancelled","2022-04-16 00:55:17",NULL,NULL,NULL,"38.9900016784668"
"82952","57271","45785","22261","224027","Cancelled","2022-03-23 09:48:39",NULL,NULL,NULL,"38.9900016784668"
"83440","57622","46066","12797","225349","Cancelled","2022-09-06 18:10:05.549264",NULL,NULL,NULL,"38.9900016784668"
"90277","62403","49955","1688","243882","Cancelled","2022-08-13 06:31:40",NULL,NULL,NULL,"38.9900016784668"
"91673","63344","50718","18696","247630","Cancelled","2020-10-21 15:10:37",NULL,NULL,NULL,"38.9900016784668"
"96570","66734","53345","26985","260841","Cancelled","2021-09-28 08:29:11",NULL,NULL,NULL,"38.9900016784668"
"102173","70601","56447","6788","275963","Cancelled","2022-04-06 03:48:08",NULL,NULL,NULL,"38.9900016784668"
"108149","74712","59743","12826","292156","Cancelled","2022-08-16 15:41:14",NULL,NULL,NULL,"38.9900016784668"
"109044","75327","60222","6995","294557","Cancelled","2021-03-14 08:35:36",NULL,NULL,NULL,"38.9900016784668"
"111986","77352","61888","942","302461","Cancelled","2022-06-15 07:53:34",NULL,NULL,NULL,"38.9900016784668"
"115783","79955","63990","26682","312698","Cancelled","2022-06-06 03:42:55",NULL,NULL,NULL,"38.9900016784668"
"116829","80658","64576","26891","315514","Cancelled","2022-06-28 12:28:28",NULL,NULL,NULL,"38.9900016784668"
"117305","80971","64844","11207","316775","Cancelled","2021-09-01 15:35:37",NULL,NULL,NULL,"38.9900016784668"
"124449","85852","68718","21958","335959","Cancelled","2020-05-29 05:16:36",NULL,NULL,NULL,"38.9900016784668"
"124904","86168","68947","398","337217","Cancelled","2022-08-10 02:14:07",NULL,NULL,NULL,"38.9900016784668"
"128856","88873","71187","26891","347920","Cancelled","2022-05-28 00:11:50",NULL,NULL,NULL,"38.9900016784668"
"130401","89940","72048","12766","352082","Cancelled","2021-02-13 11:49:21",NULL,NULL,NULL,"38.9900016784668"
"136345","94095","75420","6788","368177","Cancelled","2020-05-15 02:03:56",NULL,NULL,NULL,"38.9900016784668"
"139520","96252","77195","22981","376755","Cancelled","2022-02-20 11:10:50",NULL,NULL,NULL,"38.9900016784668"
"143371","98933","79322","398","387099","Cancelled","2022-05-07 12:32:19",NULL,NULL,NULL,"38.9900016784668"
"146290","100937","80991","3254","395034","Cancelled","2021-07-11 01:35:31",NULL,NULL,NULL,"38.9900016784668"
"148016","102143","81928","3493","399654","Cancelled","2020-12-28 04:19:56",NULL,NULL,NULL,"38.9900016784668"
"152667","105342","84512","12826","412290","Cancelled","2022-03-14 02:22:20",NULL,NULL,NULL,"38.9900016784668"
"157173","108414","86938","1688","424383","Cancelled","2021-06-29 04:58:27",NULL,NULL,NULL,"38.9900016784668"
"160866","110963","88963","1688","434334","Cancelled","2021-12-14 03:48:11",NULL,NULL,NULL,"38.9900016784668"
"167717","115657","92703","22682","452921","Cancelled","2020-11-17 12:05:48",NULL,NULL,NULL,"38.9900016784668"
"174618","120436","96564","398","471535","Cancelled","2021-02-09 06:37:31",NULL,NULL,NULL,"38.9900016784668"
"80","63","49","13478","219","Processing","2022-09-06 22:20:50.044702",NULL,NULL,NULL,"38.9900016784668"
"3185","2160","1736","13089","8615","Processing","2021-04-06 01:23:46",NULL,NULL,NULL,"38.9900016784668"
"5104","3485","2855","3254","13815","Processing","2022-03-22 23:37:58",NULL,NULL,NULL,"38.9900016784668"
"6910","4712","3827","3526","18712","Processing","2021-08-19 07:06:40",NULL,NULL,NULL,"38.9900016784668"
"7083","4825","3911","27445","19183","Processing","2021-10-03 03:49:36",NULL,NULL,NULL,"38.9900016784668"
"9745","6706","5432","21885","26446","Processing","2022-09-01 09:08:52",NULL,NULL,NULL,"38.9900016784668"
"12264","8457","6830","12820","33232","Processing","2022-01-18 20:49:07",NULL,NULL,NULL,"38.9900016784668"
"17151","11811","9495","3493","46439","Processing","2022-06-18 02:42:37",NULL,NULL,NULL,"38.9900016784668"
"26786","18457","14737","3296","72399","Processing","2021-12-04 00:48:10",NULL,NULL,NULL,"38.9900016784668"
"27909","19239","15385","13118","75454","Processing","2022-05-12 23:29:43",NULL,NULL,NULL,"38.9900016784668"
"30372","20918","16745","4002","82127","Processing","2021-01-16 23:12:20",NULL,NULL,NULL,"38.9900016784668"
"33389","22988","18341","21885","90206","Processing","2021-06-10 03:11:40",NULL,NULL,NULL,"38.9900016784668"
"38330","26392","21088","12895","103467","Processing","2021-05-23 01:54:15",NULL,NULL,NULL,"38.9900016784668"
"43663","30035","23946","28495","117922","Processing","2021-12-11 05:10:31",NULL,NULL,NULL,"38.9900016784668"
"49848","34331","27405","942","134565","Processing","2022-04-15 14:29:20",NULL,NULL,NULL,"38.9900016784668"
"51731","35651","28487","3526","139634","Processing","2022-08-14 05:45:29",NULL,NULL,NULL,"38.9900016784668"
"53408","36814","29414","3526","144122","Processing","2021-03-05 16:28:49",NULL,NULL,NULL,"38.9900016784668"
"53475","36852","29444","11207","144302","Processing","2022-08-14 03:00:02",NULL,NULL,NULL,"38.9900016784668"
"60442","41629","33270","3951","163188","Processing","2019-11-17 07:37:10",NULL,NULL,NULL,"38.9900016784668"
"61679","42478","33962","26985","166502","Processing","2022-06-02 14:28:38",NULL,NULL,NULL,"38.9900016784668"
"64663","44511","35611","13478","174587","Processing","2022-06-16 16:52:00",NULL,NULL,NULL,"38.9900016784668"
"76805","52957","42364","16289","207405","Processing","2022-03-02 08:22:15",NULL,NULL,NULL,"38.9900016784668"
"86184","59556","47643","12797","232806","Processing","2022-09-05 05:55:40",NULL,NULL,NULL,"38.9900016784668"
"86648","59869","47901","2373","234064","Processing","2022-08-19 02:31:53",NULL,NULL,NULL,"38.9900016784668"
"87569","60511","48450","26731","236566","Processing","2021-10-09 06:26:57",NULL,NULL,NULL,"38.9900016784668"
"88483","61151","48973","18696","239039","Processing","2021-09-05 03:55:06",NULL,NULL,NULL,"38.9900016784668"
"90307","62422","49977","942","243959","Processing","2022-06-30 04:34:43",NULL,NULL,NULL,"38.9900016784668"
"94132","65035","52030","12797","254242","Processing","2022-08-28 14:33:08",NULL,NULL,NULL,"38.9900016784668"
"97700","67523","53961","12797","263924","Processing","2020-11-23 01:44:23",NULL,NULL,NULL,"38.9900016784668"
"98398","67992","54347","398","265809","Processing","2022-06-21 13:40:06",NULL,NULL,NULL,"38.9900016784668"
"99362","68660","54889","7213","268393","Processing","2021-10-26 06:27:22",NULL,NULL,NULL,"38.9900016784668"
"102161","70595","56441","3254","275928","Processing","2020-08-26 13:57:00",NULL,NULL,NULL,"38.9900016784668"
"103666","71643","57283","4002","280036","Processing","2021-08-28 08:30:13",NULL,NULL,NULL,"38.9900016784668"
"105816","73121","58480","3917","285830","Processing","2022-02-25 03:31:51",NULL,NULL,NULL,"38.9900016784668"
"109184","75422","60304","2373","294922","Processing","2021-12-31 11:53:02",NULL,NULL,NULL,"38.9900016784668"
"109652","75744","60555","2373","296191","Processing","2022-01-08 02:16:32",NULL,NULL,NULL,"38.9900016784668"
"117538","81138","64987","3254","317389","Processing","2022-06-20 10:34:40",NULL,NULL,NULL,"38.9900016784668"
"118669","81919","65586","13089","320427","Processing","2022-07-29 02:25:02",NULL,NULL,NULL,"38.9900016784668"
"119600","82560","66100","12788","322907","Processing","2022-04-05 10:20:07",NULL,NULL,NULL,"38.9900016784668"
"122020","84174","67377","26985","329448","Processing","2021-04-26 23:25:04",NULL,NULL,NULL,"38.9900016784668"
"127269","87769","70273","12895","343595","Processing","2022-01-11 10:53:03",NULL,NULL,NULL,"38.9900016784668"
"128395","88555","70933","16289","346688","Processing","2020-12-27 14:38:08",NULL,NULL,NULL,"38.9900016784668"
"130034","89691","71841","2373","351102","Processing","2021-10-04 05:46:58",NULL,NULL,NULL,"38.9900016784668"
"132315","91280","73091","26682","357273","Processing","2021-07-24 23:36:17",NULL,NULL,NULL,"38.9900016784668"
"132832","91638","73399","11207","358691","Processing","2020-09-23 13:56:39",NULL,NULL,NULL,"38.9900016784668"
"133528","92120","73781","2373","360563","Processing","2021-05-28 08:25:16",NULL,NULL,NULL,"38.9900016784668"
"135871","93758","75132","6999","366898","Processing","2022-02-05 16:21:27",NULL,NULL,NULL,"38.9900016784668"
"137925","95181","76297","942","372416","Processing","2022-02-23 23:30:55",NULL,NULL,NULL,"38.9900016784668"
"139714","96383","77287","2373","377259","Processing","2019-11-08 15:02:59",NULL,NULL,NULL,"38.9900016784668"
"141351","97497","78193","4002","381671","Processing","2021-12-29 13:57:27",NULL,NULL,NULL,"38.9900016784668"
"142217","98104","78660","398","383994","Processing","2021-10-02 00:13:05",NULL,NULL,NULL,"38.9900016784668"
"142363","98211","78749","942","384392","Processing","2021-11-19 12:51:12",NULL,NULL,NULL,"38.9900016784668"
"143026","98689","79120","398","386176","Processing","2022-08-11 13:16:02",NULL,NULL,NULL,"38.9900016784668"
"148203","102270","82042","3493","400163","Processing","2021-05-05 02:23:50",NULL,NULL,NULL,"38.9900016784668"
"161085","111111","89078","3254","434910","Processing","2021-11-23 20:59:22",NULL,NULL,NULL,"38.9900016784668"
"161211","111196","89152","6995","435264","Processing","2021-11-29 08:05:52",NULL,NULL,NULL,"38.9900016784668"
"163861","113031","90641","13089","442478","Processing","2021-04-02 15:47:04",NULL,NULL,NULL,"38.9900016784668"
"163906","113064","90669","13744","442601","Processing","2022-08-30 14:49:33",NULL,NULL,NULL,"38.9900016784668"
"169051","116594","93479","12895","456521","Processing","2020-05-24 13:19:39",NULL,NULL,NULL,"38.9900016784668"
"171205","118029","94649","13089","462380","Processing","2020-07-20 00:24:24",NULL,NULL,NULL,"38.9900016784668"
"177045","122102","97914","1688","478166","Processing","2021-11-29 09:54:39",NULL,NULL,NULL,"38.9900016784668"
"179017","123470","99041","3513","483448","Processing","2021-02-21 16:41:25",NULL,NULL,NULL,"38.9900016784668"
"180186","124267","99665","26891","486583","Processing","2022-09-06 03:39:16",NULL,NULL,NULL,"38.9900016784668"
"19620","13484","10817","10615","53094","Shipped","2020-07-10 02:42:31","2020-07-11 12:56:00",NULL,NULL,"40.9900016784668"
"20405","14029","11243","18544","55234","Shipped","2022-07-12 13:13:19","2022-07-08 21:30:00",NULL,NULL,"40.9900016784668"
"21229","14594","11659","18544","57417","Shipped","2022-06-19 09:40:08","2022-06-18 23:37:00",NULL,NULL,"40.9900016784668"
"25314","17444","13928","22082","68404","Shipped","2022-09-03 06:42:16.484981","2022-09-04 11:17:56.484981",NULL,NULL,"40.9900016784668"
"25922","17864","14280","22082","70049","Shipped","2020-07-20 21:39:17","2020-07-22 03:03:00",NULL,NULL,"40.9900016784668"
"29600","20383","16284","18369","80016","Shipped","2022-02-21 13:20:39","2022-02-22 12:20:00",NULL,NULL,"40.9900016784668"
"34179","23536","18785","13145","92345","Shipped","2021-11-26 16:28:09","2021-11-27 02:48:00",NULL,NULL,"40.9900016784668"
"37653","25929","20712","12959","101665","Shipped","2021-08-25 00:16:14","2021-08-26 11:53:00",NULL,NULL,"40.9900016784668"
"40099","27602","22045","12959","108236","Shipped","2021-04-22 10:08:27","2021-04-23 10:02:00",NULL,NULL,"40.9900016784668"
"61138","42097","33647","19385","165055","Shipped","2022-06-14 03:40:34","2022-06-14 16:23:00",NULL,NULL,"40.9900016784668"
"65088","44809","35834","13217","175756","Shipped","2022-06-14 14:26:28","2022-06-15 00:39:00",NULL,NULL,"40.9900016784668"
"75606","52102","41720","26311","204131","Shipped","2021-03-22 02:11:47","2021-03-22 11:17:00",NULL,NULL,"40.9900016784668"
"85691","59220","47359","18369","231473","Shipped","2022-05-09 12:16:51","2022-05-10 22:39:00",NULL,NULL,"40.9900016784668"
"87320","60336","48294","7403","235899","Shipped","2022-08-07 05:08:52","2022-08-06 05:28:00",NULL,NULL,"40.9900016784668"
"93029","64282","51444","10615","251265","Shipped","2021-10-19 17:57:39","2021-10-20 15:09:00",NULL,NULL,"40.9900016784668"
"93375","64527","51634","18544","252181","Shipped","2022-04-20 09:30:55","2022-04-21 02:36:00",NULL,NULL,"40.9900016784668"
"97723","67535","53972","13217","263990","Shipped","2021-08-09 04:44:36","2021-08-10 16:06:00",NULL,NULL,"40.9900016784668"
"105064","72608","58052","17635","283797","Shipped","2021-11-25 09:50:55","2021-11-26 19:22:00",NULL,NULL,"40.9900016784668"
"105415","72837","58259","18544","284719","Shipped","2022-02-03 21:52:20","2022-02-05 13:13:00",NULL,NULL,"40.9900016784668"
"106803","73795","59009","26311","288478","Shipped","2021-01-24 03:05:20","2021-01-22 16:11:00",NULL,NULL,"40.9900016784668"
"114041","78771","63001","22263","308002","Shipped","2022-03-18 12:40:29","2022-03-20 15:10:00",NULL,NULL,"40.9900016784668"
"125696","86704","69376","10615","339348","Shipped","2021-04-26 02:20:52","2021-04-28 04:08:00",NULL,NULL,"40.9900016784668"
"135566","93553","74959","22263","366081","Shipped","2022-05-13 14:28:28","2022-05-12 00:19:00",NULL,NULL,"40.9900016784668"
"135859","93752","75126","18369","366867","Shipped","2022-05-16 21:47:39","2022-05-17 08:20:00",NULL,NULL,"40.9900016784668"
"143668","99134","79484","19385","387899","Shipped","2022-04-16 16:19:19","2022-04-18 11:29:00",NULL,NULL,"40.9900016784668"
"147545","101813","81664","18544","398382","Shipped","2022-04-17 04:51:44","2022-04-18 06:03:00",NULL,NULL,"40.9900016784668"
"151331","104409","83769","26311","408694","Shipped","2020-11-06 06:12:56","2020-11-08 15:17:00",NULL,NULL,"40.9900016784668"
"163562","112824","90464","18544","441670","Shipped","2020-11-18 03:00:54","2020-11-20 06:06:00",NULL,NULL,"40.9900016784668"
"165671","114261","91606","12959","447449","Shipped","2022-02-17 09:06:12","2022-02-18 01:09:00",NULL,NULL,"40.9900016784668"
"166521","114836","92062","19385","449748","Shipped","2021-09-24 12:45:27","2021-09-23 08:32:00",NULL,NULL,"40.9900016784668"
"179045","123492","99056","18544","483522","Shipped","2022-07-25 01:11:03","2022-07-26 22:53:00",NULL,NULL,"40.9900016784668"
"4577","3138","2550","12959","12404","Complete","2022-01-28 11:38:09","2022-01-30 15:11:00","2022-02-02 09:13:00",NULL,"40.9900016784668"
"6215","4240","3438","10615","16810","Complete","2022-08-22 04:00:30","2022-08-23 21:20:00","2022-08-28 06:51:00",NULL,"40.9900016784668"
"15199","10443","8414","22082","41167","Complete","2020-09-15 00:16:19","2020-09-16 12:25:00","2020-09-20 14:58:00",NULL,"40.9900016784668"
"21418","14734","11773","7403","57897","Complete","2022-04-27 04:21:27","2022-04-28 23:36:00","2022-05-01 13:48:00",NULL,"40.9900016784668"
"51143","35259","28146","5596","138042","Complete","2022-04-03 23:23:16","2022-04-04 00:41:00","2022-04-04 18:52:00",NULL,"40.9900016784668"
"54750","37745","30160","26311","147754","Complete","2019-10-28 01:48:33","2019-10-29 09:37:00","2019-10-30 13:19:00",NULL,"40.9900016784668"
"56430","38900","31096","26311","152302","Complete","2021-11-26 23:08:25","2021-11-25 04:53:00","2021-11-28 19:54:00",NULL,"40.9900016784668"
"56887","39207","31342","13217","153541","Complete","2022-07-13 08:07:49","2022-07-14 05:43:00","2022-07-15 03:04:00",NULL,"40.9900016784668"
"65312","44973","35953","18369","176358","Complete","2022-09-01 12:00:16","2022-09-01 21:50:00","2022-09-01 22:40:00",NULL,"40.9900016784668"
"69579","47914","38308","18369","187814","Complete","2022-08-22 13:16:21","2022-08-24 13:58:00","2022-08-29 07:56:00",NULL,"40.9900016784668"
"74215","51127","40923","17635","200396","Complete","2021-03-20 08:24:30","2021-03-20 22:55:00","2021-03-24 17:40:00",NULL,"40.9900016784668"
"80270","55359","44268","18369","216750","Complete","2022-09-04 06:56:54.319223","2022-09-04 23:42:31.319223","2022-09-09 12:18:31.319223",NULL,"40.9900016784668"
"112686","77832","62251","19385","304359","Complete","2022-01-01 12:34:55","2022-01-02 13:42:00","2022-01-05 12:06:00",NULL,"40.9900016784668"
"161897","111667","89529","18544","437150","Complete","2019-11-15 00:56:32","2019-11-16 08:02:00","2019-11-16 12:55:00",NULL,"40.9900016784668"
"163581","112837","90475","12959","441721","Complete","2022-04-30 22:53:47","2022-05-02 03:19:00","2022-05-04 10:08:00",NULL,"40.9900016784668"
"170388","117481","94222","12475","460149","Complete","2021-10-18 10:53:23","2021-10-18 03:31:00","2021-10-20 08:02:00",NULL,"40.9900016784668"
"172035","118625","95106","7403","464640","Complete","2021-08-10 12:23:36","2021-08-12 13:05:00","2021-08-16 04:40:00",NULL,"40.9900016784668"
"1115","773","654","22263","3005","Returned","2022-06-28 00:21:53","2022-06-29 07:22:00","2022-07-02 08:49:00","2022-07-03 15:39:00","40.9900016784668"
"84756","58554","46831","26311","228921","Returned","2020-12-22 06:43:48","2020-12-21 02:24:00","2020-12-21 15:05:00","2020-12-24 02:12:00","40.9900016784668"
"115093","79487","63604","26311","310861","Returned","2020-05-04 01:18:58","2020-05-06 09:56:00","2020-05-10 16:54:00","2020-05-13 11:28:00","40.9900016784668"
"126447","87223","69806","17635","341403","Returned","2022-03-30 00:09:58","2022-03-30 00:58:00","2022-04-03 22:05:00","2022-04-05 12:51:00","40.9900016784668"
"144984","100039","80220","12959","391474","Returned","2022-06-12 17:44:50","2022-06-11 18:01:00","2022-06-13 10:58:00","2022-06-14 12:25:00","40.9900016784668"
"180289","124323","99709","19385","486861","Returned","2022-05-27 03:11:24","2022-05-27 21:02:00","2022-05-30 22:20:00","2022-06-01 01:01:00","40.9900016784668"
"13614","9376","7557","7403","36897","Cancelled","2022-05-30 02:10:35",NULL,NULL,NULL,"40.9900016784668"
"55606","38330","30633","18369","150041","Cancelled","2021-10-16 04:22:29",NULL,NULL,NULL,"40.9900016784668"
"94917","65585","52466","18544","256400","Cancelled","2022-01-31 01:42:39",NULL,NULL,NULL,"40.9900016784668"
"135324","93375","74804","18544","365432","Cancelled","2022-05-07 04:22:35",NULL,NULL,NULL,"40.9900016784668"
"169053","116595","93479","13145","456525","Cancelled","2019-11-09 16:20:57",NULL,NULL,NULL,"40.9900016784668"
"169803","117096","93891","17635","458544","Cancelled","2021-10-18 02:35:08",NULL,NULL,NULL,"40.9900016784668"
"3621","2453","1981","13217","9792","Processing","2022-03-27 12:56:52",NULL,NULL,NULL,"40.9900016784668"
"7067","4812","3900","13145","19134","Processing","2020-03-14 21:36:18",NULL,NULL,NULL,"40.9900016784668"
"7522","5148","4176","13217","20385","Processing","2019-02-23 18:52:54",NULL,NULL,NULL,"40.9900016784668"
"8268","5667","4585","12959","22424","Processing","2021-11-15 07:56:08",NULL,NULL,NULL,"40.9900016784668"
"16218","11148","8962","22082","43893","Processing","2020-07-22 22:32:31",NULL,NULL,NULL,"40.9900016784668"
"19050","13097","10501","10615","51558","Processing","2021-09-06 08:54:07",NULL,NULL,NULL,"40.9900016784668"
"56322","38826","31042","5596","152004","Processing","2022-08-19 02:33:36",NULL,NULL,NULL,"40.9900016784668"
"72760","50117","40106","13145","196466","Processing","2022-09-03 01:29:03",NULL,NULL,NULL,"40.9900016784668"
"73663","50728","40592","5596","198890","Processing","2022-04-05 01:21:10",NULL,NULL,NULL,"40.9900016784668"
"97186","67161","53664","18544","262520","Processing","2022-07-24 03:34:31",NULL,NULL,NULL,"40.9900016784668"
"128323","88504","70892","13145","346492","Processing","2022-08-30 20:38:25",NULL,NULL,NULL,"40.9900016784668"
"128764","88805","71133","7403","347680","Processing","2022-07-14 04:29:50",NULL,NULL,NULL,"40.9900016784668"
"131662","90822","72745","17635","355490","Processing","2021-10-21 07:55:07",NULL,NULL,NULL,"40.9900016784668"
"138107","95305","76395","18369","372922","Processing","2020-06-26 12:31:50",NULL,NULL,NULL,"40.9900016784668"
"150585","103910","83363","19385","406694","Processing","2021-08-15 00:54:42",NULL,NULL,NULL,"40.9900016784668"
"151618","104600","83923","7403","409484","Processing","2022-01-22 11:38:50",NULL,NULL,NULL,"40.9900016784668"
"170221","117371","94120","18544","459690","Processing","2021-05-05 10:57:52",NULL,NULL,NULL,"40.9900016784668"
"176896","121998","97840","7403","477753","Processing","2020-10-12 16:09:07",NULL,NULL,NULL,"40.9900016784668"
"1359","942","791","21696","3695","Shipped","2021-06-05 08:20:41","2021-06-07 10:51:00",NULL,NULL,"42.9900016784668"
"6717","4575","3711","3615","18195","Shipped","2022-03-20 06:04:24","2022-03-21 02:47:00",NULL,NULL,"42.9900016784668"
"7854","5378","4353","20660","21304","Shipped","2020-12-22 15:37:39","2020-12-19 18:08:00",NULL,NULL,"42.9900016784668"
"8139","5579","4516","18963","22078","Shipped","2022-07-08 23:12:39","2022-07-10 21:24:00",NULL,NULL,"42.9900016784668"
"8162","5592","4524","18963","22136","Shipped","2022-04-12 06:42:04","2022-04-15 04:03:00",NULL,NULL,"42.9900016784668"
"12075","8335","6733","1083","32727","Shipped","2021-11-02 05:52:22","2021-11-03 12:23:00",NULL,NULL,"42.9900016784668"
"13976","9622","7769","16473","37879","Shipped","2022-09-03 16:14:50","2022-09-01 10:59:00",NULL,NULL,"42.9900016784668"
"15601","10702","8604","1165","42255","Shipped","2022-02-06 12:01:31","2022-02-08 22:53:00",NULL,NULL,"42.9900016784668"
"15837","10869","8733","13380","42880","Shipped","2022-09-05 01:46:02.142287","2022-09-06 23:53:38.142287",NULL,NULL,"42.9900016784668"
"18268","12552","10073","23270","49480","Shipped","2022-03-26 03:16:48","2022-03-27 10:02:00",NULL,NULL,"42.9900016784668"
"19429","13355","10715","23308","52569","Shipped","2020-12-27 05:09:05","2020-12-29 13:54:00",NULL,NULL,"42.9900016784668"
"19456","13376","10728","5311","52646","Shipped","2021-04-27 03:31:32","2021-04-26 04:39:00",NULL,NULL,"42.9900016784668"
"22135","15218","12156","3604","59826","Shipped","2020-12-09 14:33:11","2020-12-11 09:29:00",NULL,NULL,"42.9900016784668"
"24422","16803","13428","23192","66012","Shipped","2021-06-05 03:22:12","2021-06-07 04:25:00",NULL,NULL,"42.9900016784668"
"28664","19736","15781","20780","77476","Shipped","2021-10-18 11:10:13","2021-10-15 12:06:00",NULL,NULL,"42.9900016784668"
"29483","20300","16218","20702","79695","Shipped","2022-05-31 12:01:14","2022-06-03 06:43:00",NULL,NULL,"42.9900016784668"
"33589","23120","18460","1394","90736","Shipped","2022-05-24 03:59:05","2022-05-24 14:42:00",NULL,NULL,"42.9900016784668"
"34452","23717","18929","4582","93069","Shipped","2020-08-23 09:46:52","2020-08-24 01:53:00",NULL,NULL,"42.9900016784668"
"35006","24095","19241","15348","94571","Shipped","2021-10-13 10:07:13","2021-10-09 18:44:00",NULL,NULL,"42.9900016784668"
"36129","24877","19887","20627","97566","Shipped","2022-04-13 12:17:32","2022-04-13 16:33:00",NULL,NULL,"42.9900016784668"
"37888","26085","20843","23391","102288","Shipped","2022-05-12 01:51:57","2022-05-10 09:38:00",NULL,NULL,"42.9900016784668"
"39763","27379","21859","20702","107336","Shipped","2019-04-04 05:38:02","2019-04-06 21:53:00",NULL,NULL,"42.9900016784668"
"42285","29090","23196","5163","114171","Shipped","2021-12-15 13:15:52","2021-12-16 17:34:00",NULL,NULL,"42.9900016784668"
"43412","29865","23816","813","117219","Shipped","2022-02-10 00:36:49","2022-02-10 15:44:00",NULL,NULL,"42.9900016784668"
"45615","31409","25067","3615","123169","Shipped","2022-07-07 04:49:12","2022-07-09 14:37:00",NULL,NULL,"42.9900016784668"
"49836","34325","27400","5316","134533","Shipped","2022-06-10 17:09:17","2022-06-10 23:29:00",NULL,NULL,"42.9900016784668"
"49969","34410","27480","5316","134892","Shipped","2022-05-17 21:51:12","2022-05-18 00:51:00",NULL,NULL,"42.9900016784668"
"50081","34485","27537","18963","135200","Shipped","2022-01-16 15:21:54","2022-01-17 20:39:00",NULL,NULL,"42.9900016784668"
"50569","34839","27801","21275","136498","Shipped","2022-07-15 23:11:10","2022-07-19 00:15:00",NULL,NULL,"42.9900016784668"
"50640","34889","27838","4291","136685","Shipped","2022-02-04 14:08:02","2022-02-06 18:09:00",NULL,NULL,"42.9900016784668"
"51095","35225","28118","15076","137923","Shipped","2022-07-10 13:52:28","2022-07-12 01:18:00",NULL,NULL,"42.9900016784668"
"52262","36014","28765","20627","141035","Shipped","2021-09-23 12:52:46","2021-09-21 22:49:00",NULL,NULL,"42.9900016784668"
"52800","36396","29080","1083","142480","Shipped","2022-06-22 10:54:58","2022-06-23 09:03:00",NULL,NULL,"42.9900016784668"
"55011","37927","30294","1083","148439","Shipped","2022-08-11 22:13:59","2022-08-12 02:52:00",NULL,NULL,"42.9900016784668"
"55868","38508","30770","5530","150767","Shipped","2022-08-13 10:45:42","2022-08-14 08:33:00",NULL,NULL,"42.9900016784668"
"59155","40770","32560","17065","159646","Shipped","2021-09-12 07:58:04","2021-09-14 09:28:00",NULL,NULL,"42.9900016784668"
"59946","41300","32989","22368","161833","Shipped","2021-12-23 06:12:18","2021-12-19 21:05:00",NULL,NULL,"42.9900016784668"
"60227","41479","33144","23308","162598","Shipped","2021-02-24 04:35:51","2021-02-25 02:07:00",NULL,NULL,"42.9900016784668"
"62880","43290","34614","21696","169760","Shipped","2022-06-17 00:42:28","2022-06-19 13:33:00",NULL,NULL,"42.9900016784668"
"62998","43369","34671","22093","170085","Shipped","2021-05-14 16:45:03","2021-05-14 05:05:00",NULL,NULL,"42.9900016784668"
"63128","43466","34752","4627","170446","Shipped","2021-06-23 06:31:25","2021-06-24 13:00:00",NULL,NULL,"42.9900016784668"
"63327","43600","34862","23191","170996","Shipped","2022-03-25 23:25:15","2022-03-26 17:16:00",NULL,NULL,"42.9900016784668"
"65756","45271","36189","18963","177557","Shipped","2022-03-25 16:52:55","2022-03-21 21:46:00",NULL,NULL,"42.9900016784668"
"67885","46717","37378","23191","183292","Shipped","2020-01-22 16:40:12","2020-01-22 14:55:00",NULL,NULL,"42.9900016784668"
"68242","46965","37571","15536","184250","Shipped","2022-05-01 16:28:54","2022-05-02 19:53:00",NULL,NULL,"42.9900016784668"
"69093","47566","38035","15479","186515","Shipped","2022-09-01 04:29:32","2022-08-30 08:19:00",NULL,NULL,"42.9900016784668"
"69221","47661","38101","18963","186849","Shipped","2022-05-21 11:59:29","2022-05-20 11:30:00",NULL,NULL,"42.9900016784668"
"69906","48126","38486","5316","188713","Shipped","2020-08-03 23:00:05","2020-08-05 10:58:00",NULL,NULL,"42.9900016784668"
"71315","49104","39294","17065","192540","Shipped","2020-10-13 09:57:15","2020-10-10 17:11:00",NULL,NULL,"42.9900016784668"
"72249","49758","39824","16635","195048","Shipped","2022-08-26 01:49:45","2022-08-28 02:19:00",NULL,NULL,"42.9900016784668"
"74644","51437","41156","21275","201535","Shipped","2020-12-20 03:16:12","2020-12-20 21:39:00",NULL,NULL,"42.9900016784668"
"74890","51603","41294","27464","202196","Shipped","2021-01-28 00:51:51","2021-01-29 06:52:00",NULL,NULL,"42.9900016784668"
"77893","53702","42963","13388","210288","Shipped","2022-04-23 06:28:31","2022-04-23 06:22:00",NULL,NULL,"42.9900016784668"
"78103","53860","43082","22409","210856","Shipped","2021-05-02 16:43:06","2021-05-01 05:52:00",NULL,NULL,"42.9900016784668"
"79571","54875","43889","20913","214855","Shipped","2019-07-09 10:34:41","2019-07-10 09:22:00",NULL,NULL,"42.9900016784668"
"82272","56778","45405","4351","222163","Shipped","2022-03-10 13:47:37","2022-03-09 12:37:00",NULL,NULL,"42.9900016784668"
"82324","56817","45437","22368","222307","Shipped","2021-11-12 16:28:05","2021-11-15 07:04:00",NULL,NULL,"42.9900016784668"
"85481","59068","47225","24318","230896","Shipped","2021-10-02 07:26:58","2021-10-03 17:55:00",NULL,NULL,"42.9900016784668"
"85550","59118","47261","20627","231082","Shipped","2022-06-22 15:18:35","2022-06-20 22:22:00",NULL,NULL,"42.9900016784668"
"85579","59136","47282","16214","231160","Shipped","2020-11-11 00:14:10","2020-11-11 17:25:00",NULL,NULL,"42.9900016784668"
"85724","59244","47382","5191","231554","Shipped","2022-07-18 12:11:32","2022-07-18 09:43:00",NULL,NULL,"42.9900016784668"
"86390","59692","47759","16635","233365","Shipped","2020-03-30 03:14:07","2020-03-30 22:06:00",NULL,NULL,"42.9900016784668"
"86596","59829","47872","5575","233919","Shipped","2022-05-20 15:02:41","2022-05-18 01:12:00",NULL,NULL,"42.9900016784668"
"87251","60294","48254","22080","235710","Shipped","2021-08-17 05:51:10","2021-08-18 13:47:00",NULL,NULL,"42.9900016784668"
"88391","61086","48913","27464","238793","Shipped","2022-06-20 08:58:49","2022-06-21 17:09:00",NULL,NULL,"42.9900016784668"
"88713","61324","49108","20694","239673","Shipped","2020-01-19 02:55:04","2020-01-21 18:35:00",NULL,NULL,"42.9900016784668"
"88774","61365","49140","986","239849","Shipped","2020-06-30 14:26:23","2020-07-02 04:09:00",NULL,NULL,"42.9900016784668"
"90910","62823","50299","24275","245576","Shipped","2022-06-26 03:29:36","2022-06-26 04:10:00",NULL,NULL,"42.9900016784668"
"91614","63305","50688","23400","247470","Shipped","2022-03-16 12:06:55","2022-03-16 19:05:00",NULL,NULL,"42.9900016784668"
"91892","63493","50838","21696","248211","Shipped","2019-09-21 03:53:44","2019-09-21 08:03:00",NULL,NULL,"42.9900016784668"
"92594","63977","51213","20913","250087","Shipped","2022-09-03 06:40:53","2022-09-02 22:22:00",NULL,NULL,"42.9900016784668"
"92701","64049","51268","5256","250379","Shipped","2021-12-13 14:48:16","2021-12-15 23:04:00",NULL,NULL,"42.9900016784668"
"93039","64291","51450","875","251291","Shipped","2022-02-25 06:37:18","2022-02-28 02:48:00",NULL,NULL,"42.9900016784668"
"94293","65143","52116","10357","254696","Shipped","2022-05-12 04:32:58","2022-05-13 05:10:00",NULL,NULL,"42.9900016784668"
"94699","65418","52337","4627","255818","Shipped","2021-10-16 05:02:45","2021-10-15 23:53:00",NULL,NULL,"42.9900016784668"
"94749","65455","52370","20604","255951","Shipped","2021-02-19 09:28:55","2021-02-21 12:28:00",NULL,NULL,"42.9900016784668"
"95735","66171","52915","1394","258615","Shipped","2020-12-16 14:47:16","2020-12-16 00:45:00",NULL,NULL,"42.9900016784668"
"97289","67240","53726","23195","262798","Shipped","2021-12-22 00:11:49","2021-12-20 13:01:00",NULL,NULL,"42.9900016784668"
"98436","68013","54364","13380","265917","Shipped","2020-08-30 06:38:40","2020-08-29 13:23:00",NULL,NULL,"42.9900016784668"
"98444","68019","54371","13388","265936","Shipped","2022-05-15 05:50:53","2022-05-17 12:05:00",NULL,NULL,"42.9900016784668"
"100381","69372","55468","16635","271111","Shipped","2021-04-06 02:49:05","2021-04-07 04:06:00",NULL,NULL,"42.9900016784668"
"100816","69674","55714","22368","272285","Shipped","2022-04-22 09:58:48","2022-04-25 08:22:00",NULL,NULL,"42.9900016784668"
"100848","69696","55732","24275","272373","Shipped","2021-01-01 10:37:05","2021-01-02 20:38:00",NULL,NULL,"42.9900016784668"
"102338","70714","56541","4351","276429","Shipped","2021-11-02 11:56:21","2021-11-04 07:52:00",NULL,NULL,"42.9900016784668"
"102434","70775","56587","1394","276698","Shipped","2021-07-25 17:03:02","2021-07-28 04:17:00",NULL,NULL,"42.9900016784668"
"103516","71537","57196","5530","279611","Shipped","2021-12-04 10:07:45","2021-12-04 15:45:00",NULL,NULL,"42.9900016784668"
"103600","71598","57241","20702","279850","Shipped","2022-01-24 13:33:36","2022-01-23 12:23:00",NULL,NULL,"42.9900016784668"
"104341","72095","57638","23169","281854","Shipped","2020-11-26 09:06:03","2020-11-28 02:45:00",NULL,NULL,"42.9900016784668"
"108548","74993","59970","4621","293224","Shipped","2022-05-29 12:48:55","2022-05-25 22:49:00",NULL,NULL,"42.9900016784668"
"113266","78241","62577","20702","305927","Shipped","2022-05-03 02:50:26","2022-05-05 00:42:00",NULL,NULL,"42.9900016784668"
"114285","78934","63138","19365","308668","Shipped","2020-03-03 09:47:10","2020-03-03 03:39:00",NULL,NULL,"42.9900016784668"
"116039","80132","64142","23391","313393","Shipped","2020-10-21 00:09:45","2020-10-22 01:29:00",NULL,NULL,"42.9900016784668"
"116347","80341","64306","18082","314231","Shipped","2022-04-18 01:44:31","2022-04-18 18:39:00",NULL,NULL,"42.9900016784668"
"116887","80697","64612","5518","315664","Shipped","2021-04-19 02:43:07","2021-04-20 14:30:00",NULL,NULL,"42.9900016784668"
"117688","81239","65068","15348","317798","Shipped","2022-09-02 06:09:26","2022-08-31 23:49:00",NULL,NULL,"42.9900016784668"
"118592","81861","65543","4514","320215","Shipped","2022-05-11 04:51:36","2022-05-11 08:13:00",NULL,NULL,"42.9900016784668"
"119246","82315","65903","21327","321963","Shipped","2022-06-09 06:47:42","2022-06-06 05:43:00",NULL,NULL,"42.9900016784668"
"120656","83269","66679","16635","325784","Shipped","2021-12-06 08:22:25","2021-12-05 09:19:00",NULL,NULL,"42.9900016784668"
"122419","84456","67600","15348","330538","Shipped","2022-04-20 14:10:56","2022-04-22 21:46:00",NULL,NULL,"42.9900016784668"
"123050","84887","67936","20702","332266","Shipped","2021-11-21 03:37:58","2021-11-22 15:39:00",NULL,NULL,"42.9900016784668"
"123549","85235","68214","12540","333573","Shipped","2022-06-27 04:39:55","2022-06-25 10:50:00",NULL,NULL,"42.9900016784668"
"124371","85799","68668","23308","335744","Shipped","2022-08-20 10:47:54","2022-08-20 23:11:00",NULL,NULL,"42.9900016784668"
"125971","86883","69530","22093","340106","Shipped","2022-07-13 10:32:36","2022-07-13 20:23:00",NULL,NULL,"42.9900016784668"
"129695","89450","71656","1165","350161","Shipped","2022-08-17 14:53:13","2022-08-19 10:03:00",NULL,NULL,"42.9900016784668"
"131022","90381","72391","3721","353764","Shipped","2022-01-26 08:05:36","2022-01-22 14:38:00",NULL,NULL,"42.9900016784668"
"132009","91066","72947","20702","356424","Shipped","2022-09-03 10:25:40.79932","2022-09-06 00:23:18.79932",NULL,NULL,"42.9900016784668"
"133291","91971","73665","5311","359909","Shipped","2021-03-01 11:37:30","2021-03-02 16:19:00",NULL,NULL,"42.9900016784668"
"134512","92807","74352","17065","363230","Shipped","2021-03-26 11:07:20","2021-03-28 07:11:00",NULL,NULL,"42.9900016784668"
"136730","94349","75618","23192","369210","Shipped","2021-01-07 04:16:53","2021-01-07 08:10:00",NULL,NULL,"42.9900016784668"
"141396","97531","78218","20694","381798","Shipped","2022-06-30 22:19:08","2022-07-02 19:54:00",NULL,NULL,"42.9900016784668"
"141677","97725","78354","22093","382545","Shipped","2022-08-06 09:44:15","2022-08-07 07:29:00",NULL,NULL,"42.9900016784668"
"141750","97778","78402","16214","382741","Shipped","2022-07-21 17:26:23","2022-07-23 15:37:00",NULL,NULL,"42.9900016784668"
"142949","98632","79072","20660","385962","Shipped","2020-02-24 04:39:12","2020-02-26 02:46:00",NULL,NULL,"42.9900016784668"
"143470","99000","79381","21327","387360","Shipped","2022-09-02 00:44:40","2022-09-01 03:46:00",NULL,NULL,"42.9900016784668"
"144266","99538","79809","20660","389526","Shipped","2022-08-26 06:06:20","2022-08-26 16:02:00",NULL,NULL,"42.9900016784668"
"144594","99765","79991","5191","390393","Shipped","2020-12-01 03:26:49","2020-12-03 15:47:00",NULL,NULL,"42.9900016784668"
"144873","99963","80160","22080","391168","Shipped","2021-08-20 23:42:09","2021-08-21 10:45:00",NULL,NULL,"42.9900016784668"
"146412","101022","81046","20702","395354","Shipped","2021-09-30 16:41:10","2021-09-30 09:19:00",NULL,NULL,"42.9900016784668"
"147576","101837","81683","12540","398468","Shipped","2022-04-28 04:27:55","2022-04-29 02:15:00",NULL,NULL,"42.9900016784668"
"150051","103545","83051","15076","405236","Shipped","2022-08-06 23:17:35","2022-08-08 13:17:00",NULL,NULL,"42.9900016784668"
"153438","105855","84908","4933","414383","Shipped","2021-12-19 13:07:55","2021-12-20 11:59:00",NULL,NULL,"42.9900016784668"
"154192","106390","85334","22368","416371","Shipped","2022-04-12 01:32:58","2022-04-13 23:09:00",NULL,NULL,"42.9900016784668"
"154194","106392","85336","17065","416376","Shipped","2020-07-15 10:49:56","2020-07-16 08:05:00",NULL,NULL,"42.9900016784668"
"154682","106729","85629","4291","417694","Shipped","2022-08-13 15:31:47","2022-08-14 17:32:00",NULL,NULL,"42.9900016784668"
"154688","106733","85636","15288","417713","Shipped","2022-07-04 11:23:16","2022-07-06 17:56:00",NULL,NULL,"42.9900016784668"
"156992","108288","86846","875","423882","Shipped","2021-08-05 13:48:39","2021-08-05 19:17:00",NULL,NULL,"42.9900016784668"
"156997","108291","86848","5518","423896","Shipped","2022-08-31 09:56:08","2022-08-31 18:43:00",NULL,NULL,"42.9900016784668"
"157438","108588","87079","4627","425094","Shipped","2021-03-07 23:37:19","2021-03-10 09:18:00",NULL,NULL,"42.9900016784668"
"157705","108769","87229","17065","425809","Shipped","2022-03-24 10:33:38","2022-03-24 02:51:00",NULL,NULL,"42.9900016784668"
"158704","109467","87783","23270","428493","Shipped","2021-10-16 07:43:16","2021-10-16 19:53:00",NULL,NULL,"42.9900016784668"
"161098","111119","89087","5163","434950","Shipped","2020-12-17 02:06:17","2020-12-19 19:05:00",NULL,NULL,"42.9900016784668"
"161522","111418","89333","16214","436120","Shipped","2021-06-23 09:48:33","2021-06-24 09:54:00",NULL,NULL,"42.9900016784668"
"162137","111820","89643","16409","437800","Shipped","2022-07-25 02:19:35","2022-07-26 20:36:00",NULL,NULL,"42.9900016784668"
"163460","112748","90412","21327","441382","Shipped","2021-09-25 23:57:15","2021-09-25 11:09:00",NULL,NULL,"42.9900016784668"
"163552","112817","90462","23169","441639","Shipped","2021-10-10 23:25:49","2021-10-12 02:12:00",NULL,NULL,"42.9900016784668"
"164040","113152","90740","22080","442980","Shipped","2021-01-15 03:17:42","2021-01-13 00:07:00",NULL,NULL,"42.9900016784668"
"164066","113170","90755","22093","443051","Shipped","2022-09-02 10:38:29.115249","2022-09-02 18:12:16.115249",NULL,NULL,"42.9900016784668"
"164749","113637","91110","17384","444928","Shipped","2021-09-11 13:14:02","2021-09-14 01:43:00",NULL,NULL,"42.9900016784668"
"164867","113710","91161","16409","445253","Shipped","2022-02-15 00:51:54","2022-02-15 06:52:00",NULL,NULL,"42.9900016784668"
"165259","113965","91372","813","446329","Shipped","2021-07-11 11:27:30","2021-07-11 16:37:00",NULL,NULL,"42.9900016784668"
"165933","114441","91742","23308","448155","Shipped","2021-10-16 15:43:59","2021-10-16 11:49:00",NULL,NULL,"42.9900016784668"
"167645","115608","92663","22093","452739","Shipped","2020-05-13 12:13:52","2020-05-15 20:06:00",NULL,NULL,"42.9900016784668"
"167988","115852","92878","13388","453631","Shipped","2021-06-07 02:27:11","2021-06-09 19:31:00",NULL,NULL,"42.9900016784668"
"168234","116017","93006","21327","454322","Shipped","2022-01-25 12:24:34","2022-01-23 20:44:00",NULL,NULL,"42.9900016784668"
"169719","117038","93847","13388","458317","Shipped","2022-08-27 13:44:53","2022-08-29 05:54:00",NULL,NULL,"42.9900016784668"
"171415","118182","94780","16409","462945","Shipped","2022-08-03 03:07:33","2022-08-04 00:34:00",NULL,NULL,"42.9900016784668"
"172311","118816","95250","3615","465386","Shipped","2021-09-08 03:52:34","2021-09-05 11:06:00",NULL,NULL,"42.9900016784668"
"174121","120095","96307","20627","470197","Shipped","2022-07-16 07:52:41","2022-07-18 20:51:00",NULL,NULL,"42.9900016784668"
"174671","120473","96597","5529","471676","Shipped","2022-01-16 10:28:00","2022-01-13 13:02:00",NULL,NULL,"42.9900016784668"
"174952","120647","96735","813","472464","Shipped","2020-06-02 14:06:25","2020-06-03 12:55:00",NULL,NULL,"42.9900016784668"
"175118","120758","96819","4291","472922","Shipped","2022-09-03 12:43:17.119027","2022-09-03 19:38:02.119027",NULL,NULL,"42.9900016784668"
"175879","121299","97278","16635","474986","Shipped","2022-03-03 08:58:29","2022-03-04 08:43:00",NULL,NULL,"42.9900016784668"
"175916","121325","97301","15076","475080","Shipped","2022-08-06 11:52:18","2022-08-05 18:38:00",NULL,NULL,"42.9900016784668"
"177566","122467","98230","3972","479545","Shipped","2022-01-21 01:55:45","2022-01-22 10:46:00",NULL,NULL,"42.9900016784668"
"177657","122529","98276","4933","479794","Shipped","2019-12-22 14:07:13","2019-12-21 03:21:00",NULL,NULL,"42.9900016784668"
"178224","122924","98596","17065","481295","Shipped","2021-06-05 12:06:30","2021-06-07 16:00:00",NULL,NULL,"42.9900016784668"
"178515","123134","98765","5531","482093","Shipped","2020-06-12 23:27:12","2020-06-14 01:48:00",NULL,NULL,"42.9900016784668"
"178831","123351","98939","5529","482932","Shipped","2022-04-14 09:03:13","2022-04-16 14:51:00",NULL,NULL,"42.9900016784668"
"2526","1727","1397","4514","6828","Complete","2022-08-31 00:23:43.791229","2022-08-31 19:20:27.791229","2022-09-03 04:51:27.791229",NULL,"42.9900016784668"
"3031","2065","1666","20660","8196","Complete","2022-05-01 11:23:30","2022-05-03 00:56:00","2022-05-05 21:14:00",NULL,"42.9900016784668"
"6185","4222","3425","10465","16734","Complete","2020-11-16 11:11:03","2020-11-14 21:33:00","2020-11-17 15:04:00",NULL,"42.9900016784668"
"6488","4421","3587","5191","17566","Complete","2022-06-18 00:36:26","2022-06-19 15:19:00","2022-06-24 03:43:00",NULL,"42.9900016784668"
"6803","4637","3759","23192","18417","Complete","2022-09-04 08:35:25","2022-09-03 17:19:00","2022-09-08 05:45:00",NULL,"42.9900016784668"
"10117","6957","5658","23308","27436","Complete","2022-08-14 16:32:40","2022-08-13 04:42:00","2022-08-18 00:54:00",NULL,"42.9900016784668"
"10273","7070","5757","3972","27857","Complete","2021-10-26 06:58:59","2021-10-26 12:14:00","2021-10-29 18:59:00",NULL,"42.9900016784668"
"10666","7337","5971","14577","28905","Complete","2021-02-18 14:53:32","2021-02-16 23:55:00","2021-02-18 21:01:00",NULL,"42.9900016784668"
"11075","7618","6183","5132","30012","Complete","2022-05-09 01:58:20","2022-05-11 02:05:00","2022-05-15 05:14:00",NULL,"42.9900016784668"
"11257","7738","6283","5311","30496","Complete","2019-12-10 05:16:59","2019-12-13 01:06:00","2019-12-17 19:24:00",NULL,"42.9900016784668"
"13301","9174","7394","23270","36029","Complete","2022-02-05 15:44:25","2022-02-04 05:53:00","2022-02-08 21:39:00",NULL,"42.9900016784668"
"16700","11493","9246","20627","45207","Complete","2022-01-31 09:48:40","2022-02-02 11:27:00","2022-02-06 17:49:00",NULL,"42.9900016784668"
"19877","13674","10949","5530","53799","Complete","2021-07-11 13:13:07","2021-07-09 18:06:00","2021-07-12 22:05:00",NULL,"42.9900016784668"
"20858","14343","11482","16635","56455","Complete","2021-10-23 00:43:34","2021-10-25 20:14:00","2021-10-30 16:22:00",NULL,"42.9900016784668"
"23915","16453","13151","4514","64650","Complete","2022-01-02 15:11:17","2022-01-02 23:23:00","2022-01-03 03:02:00",NULL,"42.9900016784668"
"25624","17654","14097","4492","69243","Complete","2022-03-21 21:10:58","2022-03-24 08:42:00","2022-03-28 14:34:00",NULL,"42.9900016784668"
"27628","19031","15216","17945","74682","Complete","2022-08-19 08:43:48","2022-08-21 18:25:00","2022-08-24 23:07:00",NULL,"42.9900016784668"
"28493","19619","15689","23384","77025","Complete","2022-03-11 05:09:27","2022-03-13 03:49:00","2022-03-16 13:30:00",NULL,"42.9900016784668"
"29204","20104","16064","13388","78951","Complete","2022-03-17 13:19:19","2022-03-17 18:53:00","2022-03-19 08:21:00",NULL,"42.9900016784668"
"29835","20554","16432","19365","80657","Complete","2020-01-30 03:44:14","2020-01-31 07:02:00","2020-02-02 21:55:00",NULL,"42.9900016784668"
"30103","20729","16573","15479","81374","Complete","2019-12-16 09:59:49","2019-12-18 03:59:00","2019-12-21 05:30:00",NULL,"42.9900016784668"
"31820","21890","17515","23169","85997","Complete","2022-09-02 00:51:46","2022-08-31 20:47:00","2022-09-03 02:33:00",NULL,"42.9900016784668"
"32847","22612","18056","16214","88753","Complete","2021-11-29 06:28:42","2021-11-26 13:57:00","2021-11-28 19:11:00",NULL,"42.9900016784668"
"34035","23438","18698","5184","91956","Complete","2020-11-11 04:01:39","2020-11-10 07:08:00","2020-11-11 20:56:00",NULL,"42.9900016784668"
"35657","24541","19608","21327","96290","Complete","2022-08-05 02:40:36","2022-08-03 23:19:00","2022-08-05 14:39:00",NULL,"42.9900016784668"
"36968","25453","20353","22080","99819","Complete","2022-03-14 09:44:33","2022-03-15 11:22:00","2022-03-19 08:24:00",NULL,"42.9900016784668"
"38061","26201","20938","20660","102751","Complete","2022-09-03 04:05:24","2022-09-01 00:51:00","2022-09-04 20:00:00",NULL,"42.9900016784668"
"38727","26678","21325","15076","104563","Complete","2022-08-28 03:38:54","2022-08-28 15:47:00","2022-08-31 23:16:00",NULL,"42.9900016784668"
"40129","27622","22061","1394","108322","Complete","2022-09-03 01:36:55","2022-09-05 21:10:00","2022-09-09 02:28:00",NULL,"42.9900016784668"
"40393","27793","22195","21943","109038","Complete","2022-01-04 03:59:45","2022-01-05 12:24:00","2022-01-05 17:52:00",NULL,"42.9900016784668"
"41512","28551","22777","20702","112058","Complete","2021-11-12 14:12:50","2021-11-14 01:08:00","2021-11-18 06:12:00",NULL,"42.9900016784668"
"44434","30586","24415","20913","120009","Complete","2022-07-28 06:30:39","2022-07-29 09:43:00","2022-07-30 15:29:00",NULL,"42.9900016784668"
"44653","30734","24528","23169","120606","Complete","2020-06-19 22:47:11","2020-06-19 23:03:00","2020-06-20 14:19:00",NULL,"42.9900016784668"
"45960","31635","25228","22409","124093","Complete","2022-06-29 01:18:12","2022-06-30 19:52:00","2022-07-01 01:08:00",NULL,"42.9900016784668"
"46498","32011","25560","21327","125564","Complete","2022-08-30 06:38:05","2022-09-01 00:32:00","2022-09-03 21:56:00",NULL,"42.9900016784668"
"47184","32516","25965","14577","127360","Complete","2022-06-07 22:10:14","2022-06-10 15:27:00","2022-06-12 09:22:00",NULL,"42.9900016784668"
"48315","33292","26597","4005","130396","Complete","2021-03-10 00:09:27","2021-03-08 13:39:00","2021-03-13 10:16:00",NULL,"42.9900016784668"
"49055","33784","26985","23391","132387","Complete","2020-02-06 02:51:07","2020-02-08 02:54:00","2020-02-11 05:44:00",NULL,"42.9900016784668"
"51023","35175","28075","23391","137727","Complete","2020-04-03 11:41:23","2020-04-03 21:08:00","2020-04-06 14:08:00",NULL,"42.9900016784668"
"52424","36125","28856","986","141472","Complete","2022-05-08 17:28:47","2022-05-09 17:31:00","2022-05-12 08:18:00",NULL,"42.9900016784668"
"52531","36202","28919","14577","141762","Complete","2021-09-15 22:11:14","2021-09-14 13:25:00","2021-09-16 14:08:00",NULL,"42.9900016784668"
"52890","36458","29136","5530","142715","Complete","2020-08-06 09:49:19","2020-08-04 09:13:00","2020-08-08 00:51:00",NULL,"42.9900016784668"
"57273","39478","31548","16635","154587","Complete","2020-12-11 11:40:40","2020-12-11 13:10:00","2020-12-12 04:13:00",NULL,"42.9900016784668"
"57980","39956","31932","875","156468","Complete","2022-06-30 07:41:22","2022-06-30 19:28:00","2022-07-04 10:39:00",NULL,"42.9900016784668"
"57982","39957","31933","4035","156475","Complete","2020-11-15 07:27:44","2020-11-13 13:58:00","2020-11-16 02:54:00",NULL,"42.9900016784668"
"58490","40318","32192","5311","157859","Complete","2022-06-23 14:05:59","2022-06-21 20:16:00","2022-06-23 05:54:00",NULL,"42.9900016784668"
"58919","40608","32432","23391","159021","Complete","2020-08-07 06:39:43","2020-08-10 08:25:00","2020-08-15 03:40:00",NULL,"42.9900016784668"
"59216","40804","32593","17065","159817","Complete","2021-03-10 10:48:24","2021-03-10 20:55:00","2021-03-15 18:36:00",NULL,"42.9900016784668"
"62248","42870","34272","23192","168032","Complete","2021-05-22 11:53:05","2021-05-20 02:12:00","2021-05-22 07:35:00",NULL,"42.9900016784668"
"62262","42879","34280","875","168074","Complete","2021-10-25 07:17:27","2021-10-23 16:36:00","2021-10-25 03:46:00",NULL,"42.9900016784668"
"62843","43266","34593","23195","169664","Complete","2022-06-05 20:40:53","2022-06-07 04:44:00","2022-06-08 03:28:00",NULL,"42.9900016784668"
"64268","44229","35378","1083","173502","Complete","2021-12-03 08:57:31","2021-12-05 01:13:00","2021-12-07 09:23:00",NULL,"42.9900016784668"
"66065","45469","36352","4492","178398","Complete","2021-08-15 09:01:49","2021-08-14 01:09:00","2021-08-15 16:25:00",NULL,"42.9900016784668"
"66585","45807","36631","20702","179786","Complete","2020-12-22 08:44:20","2020-12-24 10:34:00","2020-12-29 03:00:00",NULL,"42.9900016784668"
"67137","46189","36937","4307","181291","Complete","2022-06-01 13:53:54","2022-05-31 21:14:00","2022-06-04 07:50:00",NULL,"42.9900016784668"
"70569","48601","38877","21327","190509","Complete","2021-02-03 08:15:48","2021-02-02 22:27:00","2021-02-06 09:01:00",NULL,"42.9900016784668"
"73101","50358","40312","5132","197386","Complete","2022-05-29 10:26:33","2022-05-30 15:48:00","2022-06-03 22:41:00",NULL,"42.9900016784668"
"76174","52499","42012","5256","205699","Complete","2022-01-20 10:59:25","2022-01-22 06:21:00","2022-01-24 14:20:00",NULL,"42.9900016784668"
"78337","54018","43219","18082","211481","Complete","2022-01-23 16:07:34","2022-01-25 21:49:00","2022-01-29 01:48:00",NULL,"42.9900016784668"
"78479","54108","43304","20627","211854","Complete","2022-03-16 03:29:53","2022-03-16 21:19:00","2022-03-20 13:31:00",NULL,"42.9900016784668"
"79964","55141","44104","5220","215925","Complete","2021-07-24 13:16:12","2021-07-22 06:23:00","2021-07-23 05:05:00",NULL,"42.9900016784668"
"81265","56055","44801","22368","219470","Complete","2022-04-12 04:26:40","2022-04-14 13:46:00","2022-04-17 12:28:00",NULL,"42.9900016784668"
"81345","56110","44845","20780","219681","Complete","2022-09-03 02:57:18.834199","2022-09-05 09:47:46.834199","2022-09-08 06:25:46.834199",NULL,"42.9900016784668"
"83250","57490","45959","22080","224848","Complete","2022-08-29 05:57:39","2022-09-01 01:40:00","2022-09-02 08:00:00",NULL,"42.9900016784668"
"85554","59121","47267","16214","231094","Complete","2022-02-18 08:58:58","2022-02-18 13:52:00","2022-02-18 22:17:00",NULL,"42.9900016784668"
"87717","60621","48539","5256","236963","Complete","2022-05-29 10:38:54","2022-05-26 22:37:00","2022-05-31 04:45:00",NULL,"42.9900016784668"
"88162","60931","48778","4035","238167","Complete","2022-02-10 07:18:27","2022-02-10 01:48:00","2022-02-10 15:22:00",NULL,"42.9900016784668"
"90619","62627","50138","1083","244816","Complete","2020-08-26 15:12:14","2020-08-28 21:50:00","2020-08-31 16:50:00",NULL,"42.9900016784668"
"91284","63074","50495","12540","246595","Complete","2022-08-22 07:33:04","2022-08-24 12:45:00","2022-08-27 20:13:00",NULL,"42.9900016784668"
"124905","86168","68947","4621","337221","Cancelled","2022-08-08 00:57:48",NULL,NULL,NULL,"42.9900016784668"
"97631","67475","53927","4035","263730","Complete","2020-08-31 10:43:10","2020-09-01 01:11:00","2020-09-01 13:29:00",NULL,"42.9900016784668"
"130069","89713","71855","5575","351192","Cancelled","2022-01-12 06:53:43",NULL,NULL,NULL,"42.9900016784668"
"98555","68094","54428","4514","266236","Complete","2020-03-13 14:36:06","2020-03-15 11:41:00","2020-03-15 22:34:00",NULL,"42.9900016784668"
"99054","68439","54720","23384","267583","Complete","2021-01-20 22:53:48","2021-01-22 07:09:00","2021-01-23 20:38:00",NULL,"42.9900016784668"
"103588","71588","57234","20913","279815","Complete","2022-08-21 09:14:59","2022-08-24 10:03:00","2022-08-28 07:46:00",NULL,"42.9900016784668"
"105401","72829","58256","10357","284684","Complete","2021-11-05 10:42:04","2021-11-07 00:23:00","2021-11-09 13:42:00",NULL,"42.9900016784668"
"105772","73088","58456","13388","285706","Complete","2021-07-07 09:15:49","2021-07-08 15:57:00","2021-07-09 19:18:00",NULL,"42.9900016784668"
"106751","73757","58981","15348","288344","Complete","2022-05-08 02:47:23","2022-05-08 19:39:00","2022-05-11 13:52:00",NULL,"42.9900016784668"
"108899","75228","60151","4035","294168","Complete","2022-06-25 22:56:28","2022-06-26 04:08:00","2022-06-26 07:56:00",NULL,"42.9900016784668"
"108989","75287","60194","23308","294414","Complete","2022-09-03 10:39:28","2022-08-30 16:30:00","2022-09-04 01:57:00",NULL,"42.9900016784668"
"109050","75332","60224","5518","294572","Complete","2021-05-18 09:14:59","2021-05-20 22:14:00","2021-05-24 20:33:00",NULL,"42.9900016784668"
"110122","76066","60827","20913","297441","Complete","2022-05-12 16:01:36","2022-05-11 08:12:00","2022-05-12 04:25:00",NULL,"42.9900016784668"
"110713","76476","61161","20694","298992","Complete","2021-07-25 05:32:43","2021-07-26 07:26:00","2021-07-28 07:02:00",NULL,"42.9900016784668"
"111737","77184","61755","17945","301777","Complete","2020-10-20 11:43:46","2020-10-22 17:48:00","2020-10-26 23:20:00",NULL,"42.9900016784668"
"112109","77434","61948","13380","302797","Complete","2022-06-08 04:48:36","2022-06-09 01:14:00","2022-06-12 02:19:00",NULL,"42.9900016784668"
"113203","78191","62542","4621","305753","Complete","2022-07-21 03:38:24","2022-07-19 13:57:00","2022-07-22 11:04:00",NULL,"42.9900016784668"
"113353","78307","62631","3721","306161","Complete","2022-04-25 13:34:59","2022-04-25 22:29:00","2022-04-26 10:17:00",NULL,"42.9900016784668"
"114785","79282","63426","23400","310036","Complete","2021-05-22 09:40:18","2021-05-20 12:22:00","2021-05-23 00:20:00",NULL,"42.9900016784668"
"115018","79439","63560","3923","310661","Complete","2022-05-25 17:13:24","2022-05-26 16:05:00","2022-05-27 20:13:00",NULL,"42.9900016784668"
"119410","82427","65990","4582","322396","Complete","2022-04-07 15:43:12","2022-04-08 08:56:00","2022-04-12 03:04:00",NULL,"42.9900016784668"
"122943","84815","67879","22368","331974","Complete","2021-11-07 07:22:00","2021-11-04 08:45:00","2021-11-04 16:16:00",NULL,"42.9900016784668"
"123924","85490","68402","5530","334563","Complete","2021-11-21 05:09:22","2021-11-22 20:00:00","2021-11-26 10:01:00",NULL,"42.9900016784668"
"125469","86554","69263","3604","338755","Complete","2021-12-11 06:09:48","2021-12-09 19:13:00","2021-12-11 00:48:00",NULL,"42.9900016784668"
"126560","87298","69866","4351","341719","Complete","2019-12-27 17:26:20","2019-12-29 04:29:00","2020-01-02 03:25:00",NULL,"42.9900016784668"
"127659","88033","70502","16409","344664","Complete","2021-09-27 15:40:06","2021-09-28 19:10:00","2021-10-02 13:37:00",NULL,"42.9900016784668"
"129768","89501","71692","16473","350362","Complete","2022-04-20 10:10:56","2022-04-22 15:43:00","2022-04-27 10:02:00",NULL,"42.9900016784668"
"130252","89837","71960","900","351673","Complete","2022-05-27 03:37:12","2022-05-28 05:49:00","2022-06-01 11:24:00",NULL,"42.9900016784668"
"130689","90150","72196","4514","352871","Complete","2022-02-18 01:39:35","2022-02-19 14:54:00","2022-02-20 04:30:00",NULL,"42.9900016784668"
"130840","90253","72283","5518","353282","Complete","2021-09-17 00:00:49","2021-09-19 07:55:00","2021-09-20 15:30:00",NULL,"42.9900016784668"
"131436","90663","72636","986","354886","Complete","2022-08-22 02:38:57","2022-08-22 00:20:00","2022-08-24 16:46:00",NULL,"42.9900016784668"
"132019","91073","72951","16635","356446","Complete","2022-09-03 12:57:04.892177","2022-09-05 22:04:18.892177","2022-09-07 22:58:18.892177",NULL,"42.9900016784668"
"132962","91741","73486","12540","359038","Complete","2021-04-26 04:14:51","2021-04-27 23:52:00","2021-05-02 06:34:00",NULL,"42.9900016784668"
"136264","94033","75368","4291","367961","Complete","2022-04-15 08:38:06","2022-04-18 06:25:00","2022-04-18 14:19:00",NULL,"42.9900016784668"
"136809","94406","75658","5575","369426","Complete","2022-04-10 15:15:27","2022-04-08 17:57:00","2022-04-13 01:35:00",NULL,"42.9900016784668"
"136866","94451","75701","15348","369592","Complete","2021-02-10 06:26:24","2021-02-12 08:04:00","2021-02-14 07:10:00",NULL,"42.9900016784668"
"138114","95311","76400","23270","372944","Complete","2021-10-21 10:20:38","2021-10-24 07:52:00","2021-10-28 12:29:00",NULL,"42.9900016784668"
"139136","96004","76981","20660","375723","Complete","2022-01-03 07:39:06","2022-01-05 04:15:00","2022-01-07 08:04:00",NULL,"42.9900016784668"
"139692","96363","77275","3923","377202","Complete","2022-09-03 01:45:35","2022-09-04 07:28:00","2022-09-06 05:11:00",NULL,"42.9900016784668"
"141664","97715","78345","23391","382511","Complete","2022-04-28 11:54:06","2022-04-28 22:28:00","2022-05-01 01:45:00",NULL,"42.9900016784668"
"143455","98989","79371","16214","387318","Complete","2021-04-18 01:55:50","2021-04-19 08:48:00","2021-04-23 19:46:00",NULL,"42.9900016784668"
"144425","99644","79893","5530","389943","Complete","2022-06-11 02:57:45","2022-06-08 01:36:00","2022-06-12 17:14:00",NULL,"42.9900016784668"
"146597","101140","81154","21943","395861","Complete","2021-07-01 16:29:58","2021-07-02 17:21:00","2021-07-04 23:18:00",NULL,"42.9900016784668"
"148063","102174","81958","5220","399781","Complete","2022-03-28 11:36:51","2022-03-30 00:08:00","2022-04-03 16:20:00",NULL,"42.9900016784668"
"150360","103751","83230","5311","406088","Complete","2022-01-29 15:27:00","2022-01-27 22:59:00","2022-01-29 01:57:00",NULL,"42.9900016784668"
"151084","104257","83637","21943","408028","Complete","2021-11-14 00:37:29","2021-11-15 06:59:00","2021-11-16 05:42:00",NULL,"42.9900016784668"
"153827","106142","85141","27464","415391","Complete","2022-06-13 06:29:13","2022-06-15 00:16:00","2022-06-19 12:47:00",NULL,"42.9900016784668"
"154323","106477","85405","4351","416710","Complete","2020-11-26 22:50:18","2020-11-28 15:01:00","2020-11-29 19:15:00",NULL,"42.9900016784668"
"155100","107009","85856","14577","418800","Complete","2021-10-25 21:45:57","2021-10-24 07:12:00","2021-10-26 10:58:00",NULL,"42.9900016784668"
"155312","107152","85970","3972","419381","Complete","2022-03-31 04:29:17","2022-03-31 12:47:00","2022-04-02 20:00:00",NULL,"42.9900016784668"
"155473","107262","86068","5518","419810","Complete","2021-04-26 07:50:10","2021-04-24 03:14:00","2021-04-26 06:16:00",NULL,"42.9900016784668"
"156306","107821","86488","986","422040","Complete","2020-03-19 10:37:22","2020-03-20 00:20:00","2020-03-23 23:34:00",NULL,"42.9900016784668"
"160973","111042","89021","22080","434618","Complete","2021-09-26 01:35:10","2021-09-28 04:45:00","2021-09-29 08:50:00",NULL,"42.9900016784668"
"164706","113607","91090","5132","444808","Complete","2022-08-28 03:01:01","2022-08-30 18:02:00","2022-09-01 16:17:00",NULL,"42.9900016784668"
"166814","115039","92210","22080","450523","Complete","2022-06-18 00:44:54","2022-06-18 21:07:00","2022-06-20 02:29:00",NULL,"42.9900016784668"
"169273","116744","93604","23169","457114","Complete","2022-05-30 14:02:17","2022-05-30 13:42:00","2022-06-02 10:49:00",NULL,"42.9900016784668"
"170234","117379","94127","23169","459727","Complete","2022-01-13 08:48:30","2022-01-14 18:39:00","2022-01-18 16:54:00",NULL,"42.9900016784668"
"173479","119649","95935","5191","468496","Complete","2022-01-22 23:51:01","2022-01-24 05:20:00","2022-01-27 07:55:00",NULL,"42.9900016784668"
"176059","121416","97376","20604","475483","Complete","2022-08-13 00:29:40","2022-08-13 05:41:00","2022-08-16 17:19:00",NULL,"42.9900016784668"
"179541","123826","99322","24275","484860","Complete","2022-08-10 22:37:04","2022-08-11 17:32:00","2022-08-15 13:05:00",NULL,"42.9900016784668"
"179669","123914","99390","23384","485192","Complete","2020-07-11 10:30:37","2020-07-14 06:45:00","2020-07-18 05:51:00",NULL,"42.9900016784668"
"648","462","396","17384","1731","Returned","2019-12-07 07:47:38","2019-12-08 08:56:00","2019-12-09 22:11:00","2019-12-12 07:34:00","42.9900016784668"
"1183","821","689","22080","3195","Returned","2022-05-01 05:02:07","2022-05-02 07:35:00","2022-05-06 09:06:00","2022-05-07 05:26:00","42.9900016784668"
"3786","2569","2082","12540","10247","Returned","2022-04-15 01:35:25","2022-04-16 22:36:00","2022-04-18 07:41:00","2022-04-19 05:42:00","42.9900016784668"
"8883","6087","4924","16635","24090","Returned","2022-07-11 13:32:01","2022-07-08 17:48:00","2022-07-12 10:52:00","2022-07-14 06:43:00","42.9900016784668"
"8979","6154","4972","20604","24353","Returned","2019-03-01 13:05:05","2019-02-26 22:25:00","2019-03-01 00:18:00","2019-03-03 16:34:00","42.9900016784668"
"10838","7448","6061","16473","29378","Returned","2021-07-30 01:22:19","2021-07-30 00:58:00","2021-08-01 19:48:00","2021-08-04 13:53:00","42.9900016784668"
"11557","7953","6450","4035","31316","Returned","2020-08-04 08:24:53","2020-08-06 14:47:00","2020-08-09 18:04:00","2020-08-10 05:26:00","42.9900016784668"
"15849","10878","8740","4307","42915","Returned","2021-11-08 12:59:19","2021-11-08 17:44:00","2021-11-10 08:57:00","2021-11-12 05:22:00","42.9900016784668"
"33813","23289","18590","1083","91346","Returned","2022-06-25 15:38:34","2022-06-27 18:52:00","2022-07-01 08:39:00","2022-07-03 17:24:00","42.9900016784668"
"34611","23822","19022","23308","93503","Returned","2022-06-20 12:07:32","2022-06-22 13:24:00","2022-06-25 06:50:00","2022-06-25 16:49:00","42.9900016784668"
"39639","27300","21804","15288","107002","Returned","2022-09-02 11:06:58","2022-09-04 18:42:00","2022-09-08 07:47:00","2022-09-09 02:12:00","42.9900016784668"
"42058","28939","23084","3923","113533","Returned","2022-06-15 08:01:57","2022-06-15 12:24:00","2022-06-15 15:29:00","2022-06-18 14:48:00","42.9900016784668"
"44674","30749","24537","3615","120665","Returned","2020-10-11 08:12:05","2020-10-13 03:32:00","2020-10-18 03:12:00","2020-10-20 14:53:00","42.9900016784668"
"46566","32065","25601","1394","125734","Returned","2021-06-20 23:47:27","2021-06-23 21:33:00","2021-06-24 20:37:00","2021-06-27 03:06:00","42.9900016784668"
"48460","33391","26663","5311","130777","Returned","2022-08-20 06:40:12","2022-08-17 09:29:00","2022-08-19 12:52:00","2022-08-22 09:48:00","42.9900016784668"
"60393","41595","33236","18963","163051","Returned","2021-08-13 16:19:08","2021-08-14 17:15:00","2021-08-17 01:27:00","2021-08-17 21:04:00","42.9900016784668"
"76048","52406","41947","23400","205354","Returned","2022-08-11 17:20:24","2022-08-10 21:27:00","2022-08-13 21:11:00","2022-08-15 02:26:00","42.9900016784668"
"79556","54862","43872","21275","214811","Returned","2022-06-17 08:20:30","2022-06-18 06:59:00","2022-06-21 10:52:00","2022-06-23 01:37:00","42.9900016784668"
"93827","64830","51886","21275","253422","Returned","2021-08-13 23:36:00","2021-08-14 13:51:00","2021-08-16 22:32:00","2021-08-17 02:36:00","42.9900016784668"
"96217","66495","53166","12540","259905","Returned","2021-08-04 12:52:01","2021-08-05 00:52:00","2021-08-06 14:35:00","2021-08-06 15:56:00","42.9900016784668"
"99542","68791","55009","3923","268876","Returned","2021-09-01 07:51:53","2021-09-02 16:29:00","2021-09-03 18:06:00","2021-09-04 06:45:00","42.9900016784668"
"107658","74377","59461","900","290791","Returned","2022-03-01 13:28:58","2022-02-25 18:40:00","2022-02-27 02:57:00","2022-02-27 03:23:00","42.9900016784668"
"108073","74656","59694","20702","291950","Returned","2022-06-09 09:39:39","2022-06-11 19:53:00","2022-06-11 23:22:00","2022-06-12 19:09:00","42.9900016784668"
"112333","77590","62068","3721","303404","Returned","2022-03-12 03:54:13","2022-03-13 13:46:00","2022-03-16 09:05:00","2022-03-17 21:21:00","42.9900016784668"
"112670","77823","62246","24275","304320","Returned","2022-08-01 04:30:21","2022-07-31 17:10:00","2022-08-02 11:47:00","2022-08-04 12:22:00","42.9900016784668"
"113168","78168","62525","5163","305657","Returned","2022-01-06 04:49:11","2022-01-08 20:12:00","2022-01-13 03:30:00","2022-01-14 22:46:00","42.9900016784668"
"128367","88535","70915","15479","346614","Returned","2022-07-05 06:05:55","2022-07-03 15:45:00","2022-07-06 12:14:00","2022-07-08 17:12:00","42.9900016784668"
"128971","88947","71251","22368","348234","Returned","2022-01-22 06:58:08","2022-01-24 05:37:00","2022-01-28 04:06:00","2022-01-30 15:53:00","42.9900016784668"
"130607","90092","72156","15076","352633","Returned","2020-08-14 01:32:54","2020-08-15 02:23:00","2020-08-16 13:18:00","2020-08-17 03:31:00","42.9900016784668"
"134771","92971","74477","23195","363937","Returned","2021-08-19 13:14:09","2021-08-18 00:27:00","2021-08-22 03:02:00","2021-08-22 17:58:00","42.9900016784668"
"136349","94096","75421","1083","368186","Returned","2021-11-04 06:44:49","2021-11-01 23:35:00","2021-11-05 10:52:00","2021-11-08 04:54:00","42.9900016784668"
"142118","98035","78611","4035","383727","Returned","2021-11-18 15:18:38","2021-11-20 01:03:00","2021-11-22 06:17:00","2021-11-23 11:22:00","42.9900016784668"
"144398","99628","79881","23169","389876","Returned","2021-12-02 10:47:51","2021-12-05 07:47:00","2021-12-09 09:01:00","2021-12-10 12:21:00","42.9900016784668"
"147458","101746","81608","5184","398151","Returned","2022-01-19 03:38:34","2022-01-21 05:27:00","2022-01-21 13:54:00","2022-01-21 23:39:00","42.9900016784668"
"147558","101823","81671","23308","398419","Returned","2021-01-04 23:48:22","2021-01-07 23:05:00","2021-01-09 20:06:00","2021-01-12 11:13:00","42.9900016784668"
"147946","102091","81888","21275","399463","Returned","2022-05-10 10:34:00","2022-05-13 00:45:00","2022-05-14 02:19:00","2022-05-15 11:39:00","42.9900016784668"
"151217","104339","83710","16214","408399","Returned","2021-10-02 04:12:45","2021-10-03 19:47:00","2021-10-05 23:23:00","2021-10-06 10:11:00","42.9900016784668"
"152606","105297","84477","21275","412118","Returned","2022-02-24 01:02:06","2022-02-22 14:47:00","2022-02-25 16:05:00","2022-02-28 00:58:00","42.9900016784668"
"157750","108800","87261","16409","425930","Returned","2020-09-11 12:08:38","2020-09-09 19:23:00","2020-09-14 13:35:00","2020-09-15 03:16:00","42.9900016784668"
"158862","109580","87878","20702","428924","Returned","2021-09-12 00:53:20","2021-09-10 11:41:00","2021-09-13 00:59:00","2021-09-14 00:16:00","42.9900016784668"
"161381","111319","89254","15076","435722","Returned","2022-03-26 22:48:37","2022-03-29 00:09:00","2022-03-31 01:14:00","2022-03-31 23:19:00","42.9900016784668"
"172336","118833","95267","20604","465459","Returned","2022-04-02 13:48:33","2022-03-30 09:23:00","2022-04-03 09:00:00","2022-04-04 10:24:00","42.9900016784668"
"178503","123125","98759","21943","482063","Returned","2021-10-18 22:01:21","2021-10-18 03:06:00","2021-10-18 20:54:00","2021-10-21 18:40:00","42.9900016784668"
"45","35","27","4933","130","Cancelled","2022-09-03 00:36:23",NULL,NULL,NULL,"42.9900016784668"
"387","273","238","4291","1025","Cancelled","2022-04-06 02:41:49",NULL,NULL,NULL,"42.9900016784668"
"2031","1403","1129","15536","5495","Cancelled","2021-05-31 09:06:22",NULL,NULL,NULL,"42.9900016784668"
"2863","1952","1576","20660","7748","Cancelled","2021-04-16 18:14:02",NULL,NULL,NULL,"42.9900016784668"
"4966","3384","2756","875","13440","Cancelled","2022-06-02 10:59:05",NULL,NULL,NULL,"42.9900016784668"
"9935","6837","5541","5529","26960","Cancelled","2020-01-13 16:06:32",NULL,NULL,NULL,"42.9900016784668"
"19015","13074","10484","1165","51466","Cancelled","2022-05-01 03:43:22",NULL,NULL,NULL,"42.9900016784668"
"20303","13958","11191","23400","54954","Cancelled","2021-10-30 14:14:31",NULL,NULL,NULL,"42.9900016784668"
"24686","16993","13569","19365","66723","Cancelled","2020-08-20 10:14:13",NULL,NULL,NULL,"42.9900016784668"
"31196","21465","17173","24275","84319","Cancelled","2020-11-29 12:29:08",NULL,NULL,NULL,"42.9900016784668"
"31891","21947","17559","3972","86184","Cancelled","2019-04-18 14:57:41",NULL,NULL,NULL,"42.9900016784668"
"32285","22213","17761","1165","87229","Cancelled","2021-10-31 11:47:07",NULL,NULL,NULL,"42.9900016784668"
"33076","22772","18181","15076","89350","Cancelled","2022-01-22 23:39:38",NULL,NULL,NULL,"42.9900016784668"
"40863","28107","22423","4492","110332","Cancelled","2020-05-10 06:29:12",NULL,NULL,NULL,"42.9900016784668"
"40894","28127","22432","5163","110412","Cancelled","2020-10-26 11:01:12",NULL,NULL,NULL,"42.9900016784668"
"45134","31083","24812","23195","121889","Cancelled","2022-01-22 05:07:55",NULL,NULL,NULL,"42.9900016784668"
"46234","31828","25400","23192","124835","Cancelled","2022-06-30 05:42:49",NULL,NULL,NULL,"42.9900016784668"
"51601","35570","28425","21275","139283","Cancelled","2020-06-19 03:09:37",NULL,NULL,NULL,"42.9900016784668"
"55975","38583","30841","4005","151059","Cancelled","2020-10-16 02:43:44",NULL,NULL,NULL,"42.9900016784668"
"57211","39433","31521","5316","154410","Cancelled","2021-06-15 22:16:35",NULL,NULL,NULL,"42.9900016784668"
"58316","40206","32120","4582","157381","Cancelled","2022-08-15 07:55:08",NULL,NULL,NULL,"42.9900016784668"
"60350","41566","33212","5575","162928","Cancelled","2022-08-31 05:09:45",NULL,NULL,NULL,"42.9900016784668"
"61627","42437","33933","813","166364","Cancelled","2022-06-11 16:34:08",NULL,NULL,NULL,"42.9900016784668"
"62198","42836","34244","4627","167897","Cancelled","2021-10-25 03:39:10",NULL,NULL,NULL,"42.9900016784668"
"62547","43079","34445","23192","168853","Cancelled","2021-11-09 06:42:46",NULL,NULL,NULL,"42.9900016784668"
"62769","43219","34562","5531","169460","Cancelled","2021-06-15 10:45:10",NULL,NULL,NULL,"42.9900016784668"
"64070","44095","35272","20660","172968","Cancelled","2022-05-29 22:54:44",NULL,NULL,NULL,"42.9900016784668"
"69948","48154","38509","5256","188826","Cancelled","2022-08-04 09:12:30",NULL,NULL,NULL,"42.9900016784668"
"79004","54468","43586","813","213299","Cancelled","2022-08-17 03:27:04",NULL,NULL,NULL,"42.9900016784668"
"80794","55721","44544","15076","218204","Cancelled","2021-01-26 09:42:43",NULL,NULL,NULL,"42.9900016784668"
"82314","56809","45429","23384","222277","Cancelled","2021-06-26 00:31:41",NULL,NULL,NULL,"42.9900016784668"
"83646","57771","46184","23384","225902","Cancelled","2022-02-04 21:47:58",NULL,NULL,NULL,"42.9900016784668"
"85182","58867","47064","21696","230084","Cancelled","2021-12-04 13:19:34",NULL,NULL,NULL,"42.9900016784668"
"85314","58956","47131","22093","230448","Cancelled","2021-11-02 23:09:52",NULL,NULL,NULL,"42.9900016784668"
"88792","61378","49152","4492","239899","Cancelled","2020-05-24 10:49:49",NULL,NULL,NULL,"42.9900016784668"
"93481","64587","51674","22080","252473","Cancelled","2020-11-15 03:46:40",NULL,NULL,NULL,"42.9900016784668"
"101552","70172","56105","24318","274274","Cancelled","2021-12-23 07:17:21",NULL,NULL,NULL,"42.9900016784668"
"102122","70566","56416","5256","275823","Cancelled","2022-08-07 08:33:39",NULL,NULL,NULL,"42.9900016784668"
"102581","70879","56655","5529","277087","Cancelled","2021-12-20 03:40:46",NULL,NULL,NULL,"42.9900016784668"
"104005","71870","57470","10465","280946","Cancelled","2022-06-10 02:26:45",NULL,NULL,NULL,"42.9900016784668"
"106623","73677","58920","21943","287993","Cancelled","2020-08-31 06:41:25",NULL,NULL,NULL,"42.9900016784668"
"106986","73922","59113","900","288967","Cancelled","2021-12-13 05:25:28",NULL,NULL,NULL,"42.9900016784668"
"110683","76454","61145","22368","298915","Cancelled","2019-12-28 14:27:20",NULL,NULL,NULL,"42.9900016784668"
"111253","76860","61490","20627","300453","Cancelled","2022-02-04 07:59:04",NULL,NULL,NULL,"42.9900016784668"
"113673","78527","62797","5311","307011","Cancelled","2020-01-01 03:35:01",NULL,NULL,NULL,"42.9900016784668"
"115894","80035","64056","5314","312998","Cancelled","2021-06-21 00:31:47",NULL,NULL,NULL,"42.9900016784668"
"117166","80886","64758","23191","316403","Cancelled","2020-12-23 12:18:22",NULL,NULL,NULL,"42.9900016784668"
"121449","83819","67101","16214","327928","Cancelled","2022-06-01 03:28:23",NULL,NULL,NULL,"42.9900016784668"
"121480","83840","67120","22409","328008","Cancelled","2020-06-13 10:42:32",NULL,NULL,NULL,"42.9900016784668"
"122712","84659","67761","15076","331343","Cancelled","2022-05-31 15:02:09",NULL,NULL,NULL,"42.9900016784668"
"129591","89372","71593","20604","349895","Cancelled","2022-07-13 05:04:57",NULL,NULL,NULL,"42.9900016784668"
"133358","92016","73704","15536","360099","Cancelled","2021-11-11 11:57:02",NULL,NULL,NULL,"42.9900016784668"
"135640","93609","74999","1165","366287","Cancelled","2021-12-31 21:26:07",NULL,NULL,NULL,"42.9900016784668"
"137967","95208","76317","4005","372533","Cancelled","2022-03-02 09:19:42",NULL,NULL,NULL,"42.9900016784668"
"140440","96878","77681","15288","379217","Cancelled","2022-09-03 19:28:52.295221",NULL,NULL,NULL,"42.9900016784668"
"142329","98187","78732","5184","384305","Cancelled","2021-05-17 11:53:16",NULL,NULL,NULL,"42.9900016784668"
"144275","99545","79814","23400","389550","Cancelled","2022-04-05 03:29:17",NULL,NULL,NULL,"42.9900016784668"
"148080","102183","81969","23400","399834","Cancelled","2022-08-23 13:09:11",NULL,NULL,NULL,"42.9900016784668"
"148410","102409","82153","22368","400737","Cancelled","2022-06-14 15:19:41",NULL,NULL,NULL,"42.9900016784668"
"149051","102859","82503","4307","402493","Cancelled","2022-04-28 09:08:03",NULL,NULL,NULL,"42.9900016784668"
"149276","103026","82635","20702","403105","Cancelled","2022-08-22 16:05:59",NULL,NULL,NULL,"42.9900016784668"
"156003","107621","86330","900","421206","Cancelled","2021-08-09 05:06:41",NULL,NULL,NULL,"42.9900016784668"
"157137","108390","86922","15479","424280","Cancelled","2022-09-04 04:52:03.529207",NULL,NULL,NULL,"42.9900016784668"
"161693","111538","89433","12540","436588","Cancelled","2022-05-08 13:58:08",NULL,NULL,NULL,"42.9900016784668"
"163286","112627","90307","4291","440902","Cancelled","2022-03-18 15:41:44",NULL,NULL,NULL,"42.9900016784668"
"168342","116095","93083","16473","454619","Cancelled","2021-12-04 01:13:52",NULL,NULL,NULL,"42.9900016784668"
"170686","117682","94386","22368","460977","Cancelled","2020-11-01 01:20:10",NULL,NULL,NULL,"42.9900016784668"
"171230","118047","94663","16635","462449","Cancelled","2019-05-12 08:46:28",NULL,NULL,NULL,"42.9900016784668"
"171637","118345","94904","4005","463534","Cancelled","2022-09-06 01:00:32",NULL,NULL,NULL,"42.9900016784668"
"173459","119632","95917","15348","468449","Cancelled","2022-06-09 22:14:04",NULL,NULL,NULL,"42.9900016784668"
"175231","120841","96878","4291","473230","Cancelled","2022-09-04 02:22:41.693665",NULL,NULL,NULL,"42.9900016784668"
"180096","124205","99622","1394","486355","Cancelled","2021-09-25 13:53:58",NULL,NULL,NULL,"42.9900016784668"
"1243","861","718","3615","3366","Processing","2021-07-10 06:55:24",NULL,NULL,NULL,"42.9900016784668"
"1616","1124","918","24275","4380","Processing","2021-02-21 08:11:03",NULL,NULL,NULL,"42.9900016784668"
"2564","1755","1418","21696","6933","Processing","2022-04-15 21:45:09",NULL,NULL,NULL,"42.9900016784668"
"3724","2524","2040","13388","10075","Processing","2022-07-26 14:40:18",NULL,NULL,NULL,"42.9900016784668"
"5905","4018","3261","16409","15982","Processing","2022-08-05 05:39:30",NULL,NULL,NULL,"42.9900016784668"
"6745","4598","3732","986","18269","Processing","2021-10-05 21:24:04",NULL,NULL,NULL,"42.9900016784668"
"8773","6019","4870","17945","23790","Processing","2021-06-11 04:31:14",NULL,NULL,NULL,"42.9900016784668"
"12312","8489","6862","13380","33375","Processing","2020-12-17 09:32:32",NULL,NULL,NULL,"42.9900016784668"
"13659","9407","7575","1394","37016","Processing","2022-01-14 10:06:53",NULL,NULL,NULL,"42.9900016784668"
"14166","9752","7867","16214","38390","Processing","2020-05-10 09:48:13",NULL,NULL,NULL,"42.9900016784668"
"17108","11777","9473","17384","46322","Processing","2022-04-24 05:48:18",NULL,NULL,NULL,"42.9900016784668"
"19900","13692","10965","4307","53860","Processing","2021-03-13 15:06:19",NULL,NULL,NULL,"42.9900016784668"
"22025","15146","12095","986","59533","Processing","2022-03-15 15:50:41",NULL,NULL,NULL,"42.9900016784668"
"26649","18363","14669","5256","72035","Processing","2022-04-25 06:01:00",NULL,NULL,NULL,"42.9900016784668"
"26777","18450","14732","15536","72377","Processing","2020-07-22 22:55:44",NULL,NULL,NULL,"42.9900016784668"
"28761","19794","15817","900","77746","Processing","2020-09-21 16:18:04",NULL,NULL,NULL,"42.9900016784668"
"28959","19941","15928","20780","78298","Processing","2021-01-21 00:46:58",NULL,NULL,NULL,"42.9900016784668"
"30531","21034","16841","20694","82555","Processing","2022-09-01 04:42:17",NULL,NULL,NULL,"42.9900016784668"
"31323","21550","17247","813","84663","Processing","2022-07-30 06:29:03",NULL,NULL,NULL,"42.9900016784668"
"31925","21971","17573","23169","86263","Processing","2022-04-03 10:37:03",NULL,NULL,NULL,"42.9900016784668"
"37050","25509","20391","20604","100041","Processing","2021-03-28 18:42:02",NULL,NULL,NULL,"42.9900016784668"
"38466","26491","21169","23391","103839","Processing","2021-11-02 02:26:19",NULL,NULL,NULL,"42.9900016784668"
"39535","27226","21755","17065","106728","Processing","2021-12-18 04:38:39",NULL,NULL,NULL,"42.9900016784668"
"42472","29218","23293","4005","114699","Processing","2021-09-19 03:03:13",NULL,NULL,NULL,"42.9900016784668"
"42648","29346","23394","10357","115162","Processing","2022-05-09 00:37:21",NULL,NULL,NULL,"42.9900016784668"
"49722","34252","27345","16409","134222","Processing","2022-06-06 00:28:03",NULL,NULL,NULL,"42.9900016784668"
"49850","34332","27406","5518","134570","Processing","2021-06-14 14:07:34",NULL,NULL,NULL,"42.9900016784668"
"50119","34513","27552","5256","135294","Processing","2021-11-07 09:33:30",NULL,NULL,NULL,"42.9900016784668"
"53730","37024","29581","15076","145003","Processing","2022-09-05 06:47:01.899135",NULL,NULL,NULL,"42.9900016784668"
"58099","40045","31997","4514","156787","Processing","2020-03-30 04:54:21",NULL,NULL,NULL,"42.9900016784668"
"58832","40545","32377","5220","158777","Processing","2021-07-10 14:25:59",NULL,NULL,NULL,"42.9900016784668"
"59196","40794","32583","4307","159763","Processing","2021-09-11 16:49:53",NULL,NULL,NULL,"42.9900016784668"
"61038","42032","33596","22368","164780","Processing","2021-03-18 09:35:50",NULL,NULL,NULL,"42.9900016784668"
"61241","42168","33712","813","165330","Processing","2022-01-10 13:48:08",NULL,NULL,NULL,"42.9900016784668"
"64776","44588","35677","4035","174907","Processing","2022-06-13 03:06:40",NULL,NULL,NULL,"42.9900016784668"
"69007","47502","37987","15348","186285","Processing","2021-07-16 08:39:15",NULL,NULL,NULL,"42.9900016784668"
"70515","48564","38843","813","190370","Processing","2022-09-01 23:45:26.849838",NULL,NULL,NULL,"42.9900016784668"
"70539","48582","38858","23169","190429","Processing","2022-09-04 09:31:46",NULL,NULL,NULL,"42.9900016784668"
"74503","51334","41073","15288","201158","Processing","2022-02-22 17:20:35",NULL,NULL,NULL,"42.9900016784668"
"77043","53122","42503","17065","208028","Processing","2022-07-21 15:00:01",NULL,NULL,NULL,"42.9900016784668"
"77480","53422","42752","17945","209164","Processing","2022-08-31 05:34:59",NULL,NULL,NULL,"42.9900016784668"
"78480","54109","43305","16214","211858","Processing","2021-10-13 16:37:40",NULL,NULL,NULL,"42.9900016784668"
"78875","54387","43523","23384","212932","Processing","2021-03-01 13:00:34",NULL,NULL,NULL,"42.9900016784668"
"83431","57615","46060","5518","225323","Processing","2022-04-03 10:06:29",NULL,NULL,NULL,"42.9900016784668"
"84776","58566","46841","4307","228977","Processing","2022-07-16 02:19:36",NULL,NULL,NULL,"42.9900016784668"
"86406","59704","47767","22368","233409","Processing","2021-11-17 07:23:49",NULL,NULL,NULL,"42.9900016784668"
"92252","63743","51035","21696","249168","Processing","2022-05-24 10:40:06",NULL,NULL,NULL,"42.9900016784668"
"93006","64266","51434","23308","251202","Processing","2022-02-17 09:59:12",NULL,NULL,NULL,"42.9900016784668"
"93364","64518","51627","24318","252149","Processing","2021-03-30 13:52:01",NULL,NULL,NULL,"42.9900016784668"
"96058","66392","53082","3923","259477","Processing","2021-11-05 22:01:53",NULL,NULL,NULL,"42.9900016784668"
"98641","68154","54474","17384","266468","Processing","2022-08-25 15:14:53",NULL,NULL,NULL,"42.9900016784668"
"100561","69494","55584","20780","271573","Processing","2022-02-13 02:46:36",NULL,NULL,NULL,"42.9900016784668"
"100571","69499","55587","21943","271602","Processing","2021-09-26 23:17:12",NULL,NULL,NULL,"42.9900016784668"
"102562","70870","56651","23169","277037","Processing","2021-07-31 05:41:46",NULL,NULL,NULL,"42.9900016784668"
"102966","71143","56870","4582","278113","Processing","2020-10-20 11:49:59",NULL,NULL,NULL,"42.9900016784668"
"103522","71542","57199","5256","279630","Processing","2022-02-28 22:34:58",NULL,NULL,NULL,"42.9900016784668"
"106598","73661","58904","4351","287934","Processing","2022-04-15 05:32:59",NULL,NULL,NULL,"42.9900016784668"
"107275","74112","59249","17384","289759","Processing","2022-01-26 00:49:05",NULL,NULL,NULL,"42.9900016784668"
"107442","74229","59347","19365","290204","Processing","2021-10-31 15:27:10",NULL,NULL,NULL,"42.9900016784668"
"110589","76392","61096","13380","298666","Processing","2022-08-05 11:09:14",NULL,NULL,NULL,"42.9900016784668"
"111530","77048","61643","17065","301211","Processing","2020-02-21 09:54:15",NULL,NULL,NULL,"42.9900016784668"
"111583","77080","61663","4035","301356","Processing","2021-01-10 02:37:26",NULL,NULL,NULL,"42.9900016784668"
"111726","77177","61752","17065","301749","Processing","2021-11-11 08:09:18",NULL,NULL,NULL,"42.9900016784668"
"113967","78716","62957","20702","307816","Processing","2021-04-04 08:25:57",NULL,NULL,NULL,"42.9900016784668"
"114756","79265","63411","17945","309952","Processing","2020-10-31 00:11:54",NULL,NULL,NULL,"42.9900016784668"
"115928","80054","64074","20627","313086","Processing","2022-05-31 09:45:47",NULL,NULL,NULL,"42.9900016784668"
"119799","82706","66206","17945","323434","Processing","2021-05-05 06:16:57",NULL,NULL,NULL,"42.9900016784668"
"120032","82855","66331","4291","324091","Processing","2020-12-11 16:05:12",NULL,NULL,NULL,"42.9900016784668"
"121528","83867","67143","20604","328130","Processing","2022-03-14 01:02:00",NULL,NULL,NULL,"42.9900016784668"
"121582","83902","67167","813","328273","Processing","2020-12-19 21:24:31",NULL,NULL,NULL,"42.9900016784668"
"121882","84096","67322","3972","329085","Processing","2022-08-22 03:24:02",NULL,NULL,NULL,"42.9900016784668"
"122317","84380","67550","5256","330258","Processing","2021-11-08 04:15:29",NULL,NULL,NULL,"42.9900016784668"
"134519","92813","74355","23191","363248","Processing","2021-10-19 05:28:05",NULL,NULL,NULL,"42.9900016784668"
"137302","94739","75943","4621","370741","Processing","2020-05-28 12:26:11",NULL,NULL,NULL,"42.9900016784668"
"137382","94795","75984","986","370954","Processing","2022-08-25 03:12:56",NULL,NULL,NULL,"42.9900016784668"
"138909","95857","76860","23195","375102","Processing","2021-03-05 12:47:52",NULL,NULL,NULL,"42.9900016784668"
"138927","95870","76873","23308","375152","Processing","2021-11-28 23:30:37",NULL,NULL,NULL,"42.9900016784668"
"140751","97089","77859","4582","380032","Processing","2021-09-27 16:53:00",NULL,NULL,NULL,"42.9900016784668"
"143124","98752","79176","3721","386441","Processing","2020-11-22 03:55:40",NULL,NULL,NULL,"42.9900016784668"
"143278","98868","79277","14577","386858","Processing","2021-12-28 01:38:52",NULL,NULL,NULL,"42.9900016784668"
"143385","98943","79329","24275","387137","Processing","2022-06-06 13:55:38",NULL,NULL,NULL,"42.9900016784668"
"143823","99237","79569","4291","388310","Processing","2021-08-16 06:39:04",NULL,NULL,NULL,"42.9900016784668"
"151006","104203","83594","5184","407831","Processing","2022-08-12 20:56:40",NULL,NULL,NULL,"42.9900016784668"
"151768","104706","84009","5311","409878","Processing","2022-07-24 05:30:28",NULL,NULL,NULL,"42.9900016784668"
"157663","108741","87207","16214","425703","Processing","2021-08-02 03:11:48",NULL,NULL,NULL,"42.9900016784668"
"158030","109005","87419","16635","426677","Processing","2021-06-26 03:56:51",NULL,NULL,NULL,"42.9900016784668"
"158584","109389","87718","21275","428165","Processing","2021-11-03 16:42:23",NULL,NULL,NULL,"42.9900016784668"
"159697","110172","88347","3615","431187","Processing","2022-08-10 02:28:52",NULL,NULL,NULL,"42.9900016784668"
"162170","111845","89667","875","437895","Processing","2022-08-05 08:06:28",NULL,NULL,NULL,"42.9900016784668"
"164133","113214","90782","16635","443225","Processing","2020-12-11 17:24:44",NULL,NULL,NULL,"42.9900016784668"
"165280","113982","91387","15348","446382","Processing","2021-10-12 01:39:33",NULL,NULL,NULL,"42.9900016784668"
"166133","114578","91857","5530","448695","Processing","2021-07-29 00:11:38",NULL,NULL,NULL,"42.9900016784668"
"170440","117515","94250","16409","460285","Processing","2022-03-20 05:13:24",NULL,NULL,NULL,"42.9900016784668"
"170762","117730","94421","5529","461181","Processing","2021-10-01 23:59:30",NULL,NULL,NULL,"42.9900016784668"
"172302","118808","95245","4514","465361","Processing","2021-06-29 06:47:46",NULL,NULL,NULL,"42.9900016784668"
"175393","120955","96973","23391","473672","Processing","2020-05-17 14:02:16",NULL,NULL,NULL,"42.9900016784668"
"175816","121252","97241","3604","474824","Processing","2021-07-26 13:19:12",NULL,NULL,NULL,"42.9900016784668"
"176112","121455","97401","23308","475628","Processing","2021-11-03 20:49:12",NULL,NULL,NULL,"42.9900016784668"
"176180","121503","97446","4933","475817","Processing","2021-02-25 13:40:55",NULL,NULL,NULL,"42.9900016784668"
"178313","122985","98643","4933","481546","Processing","2022-05-05 17:25:44",NULL,NULL,NULL,"42.9900016784668"
"179763","123979","99444","22409","485440","Processing","2022-08-14 02:20:11",NULL,NULL,NULL,"42.9900016784668"
"180674","124602","99912","24318","487892","Processing","2022-04-25 06:48:55",NULL,NULL,NULL,"42.9900016784668"
"620","448","389","1691","1652","Shipped","2021-03-04 02:47:57","2021-03-05 00:22:00",NULL,NULL,"44.9900016784668"
"1222","849","708","4723","3306","Shipped","2019-05-21 02:57:40","2019-05-21 13:44:00",NULL,NULL,"44.9900016784668"
"2383","1634","1316","15217","6447","Shipped","2020-05-24 07:54:27","2020-05-23 08:22:00",NULL,NULL,"44.9900016784668"
"2385","1636","1316","12753","6453","Shipped","2020-11-29 06:46:46","2020-11-30 05:01:00",NULL,NULL,"44.9900016784668"
"2397","1643","1321","12753","6486","Shipped","2022-09-06 02:21:24.852876","2022-09-05 12:26:25.852876",NULL,NULL,"44.9900016784668"
"3531","2389","1925","1691","9550","Shipped","2022-07-08 09:03:59","2022-07-11 03:19:00",NULL,NULL,"44.9900016784668"
"4246","2893","2325","15217","11516","Shipped","2020-06-06 04:33:10","2020-06-07 22:33:00",NULL,NULL,"44.9900016784668"
"5292","3610","2951","5026","14324","Shipped","2022-06-15 22:19:57","2022-06-17 05:45:00",NULL,NULL,"44.9900016784668"
"6087","4152","3369","127","16463","Shipped","2021-01-12 23:33:49","2021-01-15 06:49:00",NULL,NULL,"44.9900016784668"
"7152","4880","3955","24168","19372","Shipped","2022-08-03 14:12:56","2022-08-04 14:19:00",NULL,NULL,"44.9900016784668"
"7420","5077","4119","13410","20110","Shipped","2022-08-18 00:30:05","2022-08-18 14:37:00",NULL,NULL,"44.9900016784668"
"7430","5084","4123","3595","20136","Shipped","2022-06-14 00:29:23","2022-06-16 18:22:00",NULL,NULL,"44.9900016784668"
"7454","5098","4132","15227","20200","Shipped","2020-12-22 01:16:33","2020-12-23 17:59:00",NULL,NULL,"44.9900016784668"
"8023","5500","4453","11466","21765","Shipped","2021-10-23 13:36:13","2021-10-21 04:28:00",NULL,NULL,"44.9900016784668"
"8576","5873","4751","10487","23270","Shipped","2022-09-02 14:35:27.894211","2022-09-03 20:13:53.894211",NULL,NULL,"44.9900016784668"
"10745","7390","6012","5042","29123","Shipped","2021-11-07 13:22:39","2021-11-09 00:44:00",NULL,NULL,"44.9900016784668"
"10998","7559","6138","4647","29810","Shipped","2022-03-19 14:31:04","2022-03-17 19:20:00",NULL,NULL,"44.9900016784668"
"11297","7768","6298","21736","30600","Shipped","2021-11-30 05:35:16","2021-12-02 07:10:00",NULL,NULL,"44.9900016784668"
"11365","7818","6342","6678","30788","Shipped","2020-05-05 08:38:34","2020-05-01 20:56:00",NULL,NULL,"44.9900016784668"
"11383","7830","6350","10106","30839","Shipped","2021-09-17 03:28:14","2021-09-18 06:19:00",NULL,NULL,"44.9900016784668"
"11879","8190","6624","13574","32186","Shipped","2022-02-11 10:05:04","2022-02-12 02:13:00",NULL,NULL,"44.9900016784668"
"11947","8245","6665","5026","32384","Shipped","2021-11-24 04:29:22","2021-11-24 22:56:00",NULL,NULL,"44.9900016784668"
"12100","8354","6744","22049","32791","Shipped","2022-07-05 16:28:50","2022-07-06 21:02:00",NULL,NULL,"44.9900016784668"
"12606","8698","7023","10319","34160","Shipped","2020-06-25 07:10:12","2020-06-25 23:44:00",NULL,NULL,"44.9900016784668"
"12706","8773","7086","10487","34432","Shipped","2022-08-27 10:40:15","2022-08-28 11:56:00",NULL,NULL,"44.9900016784668"
"13806","9513","7661","18148","37418","Shipped","2022-08-03 05:09:08","2022-08-03 05:36:00",NULL,NULL,"44.9900016784668"
"14018","9652","7790","1521","37988","Shipped","2019-07-22 04:20:08","2019-07-23 01:01:00",NULL,NULL,"44.9900016784668"
"14687","10109","8129","15597","39787","Shipped","2022-03-28 23:46:15","2022-03-31 07:49:00",NULL,NULL,"44.9900016784668"
"15189","10437","8404","22334","41140","Shipped","2022-01-11 22:59:20","2022-01-13 13:18:00",NULL,NULL,"44.9900016784668"
"15449","10605","8525","20569","41848","Shipped","2020-08-26 08:06:46","2020-08-28 06:24:00",NULL,NULL,"44.9900016784668"
"15501","10644","8555","3930","41991","Shipped","2021-08-20 01:12:19","2021-08-21 16:01:00",NULL,NULL,"44.9900016784668"
"15548","10673","8580","28021","42116","Shipped","2022-09-01 11:59:34","2022-08-31 09:54:00",NULL,NULL,"44.9900016784668"
"16262","11179","8986","8930","44021","Shipped","2021-11-19 08:12:20","2021-11-22 02:15:00",NULL,NULL,"44.9900016784668"
"17083","11757","9459","8407","46252","Shipped","2022-07-13 08:33:12","2022-07-15 10:21:00",NULL,NULL,"44.9900016784668"
"17592","12102","9729","5922","47647","Shipped","2022-02-01 05:36:35","2022-02-02 16:48:00",NULL,NULL,"44.9900016784668"
"18192","12506","10047","18248","49276","Shipped","2022-05-07 00:21:36","2022-05-09 16:57:00",NULL,NULL,"44.9900016784668"
"18282","12560","10078","16358","49520","Shipped","2022-03-28 06:12:51","2022-03-30 06:53:00",NULL,NULL,"44.9900016784668"
"18752","12888","10343","200","50762","Shipped","2022-09-04 01:17:19.133954","2022-09-06 23:45:21.133954",NULL,NULL,"44.9900016784668"
"18873","12971","10393","17522","51067","Shipped","2019-04-03 00:22:28","2019-04-04 02:20:00",NULL,NULL,"44.9900016784668"
"18990","13059","10471","5282","51404","Shipped","2020-08-18 13:25:42","2020-08-15 20:55:00",NULL,NULL,"44.9900016784668"
"19525","13420","10768","4647","52834","Shipped","2021-09-11 05:45:38","2021-09-09 12:27:00",NULL,NULL,"44.9900016784668"
"20038","13784","11047","18521","54227","Shipped","2021-05-15 12:13:01","2021-05-15 16:07:00",NULL,NULL,"44.9900016784668"
"21230","14594","11659","18235","57419","Shipped","2022-06-17 10:23:07","2022-06-18 23:37:00",NULL,NULL,"44.9900016784668"
"21271","14625","11689","12777","57529","Shipped","2022-08-05 05:46:09","2022-08-06 00:55:00",NULL,NULL,"44.9900016784668"
"21638","14875","11884","5785","58490","Shipped","2021-12-20 05:05:10","2021-12-21 02:13:00",NULL,NULL,"44.9900016784668"
"21650","14885","11890","18521","58522","Shipped","2019-11-21 01:37:58","2019-11-22 14:42:00",NULL,NULL,"44.9900016784668"
"22575","15527","12412","16444","61013","Shipped","2021-04-19 04:20:17","2021-04-20 09:24:00",NULL,NULL,"44.9900016784668"
"22654","15580","12456","7336","61233","Shipped","2021-07-27 15:03:58","2021-07-28 14:16:00",NULL,NULL,"44.9900016784668"
"22980","15804","12639","5515","62122","Shipped","2021-08-07 23:41:20","2021-08-10 04:25:00",NULL,NULL,"44.9900016784668"
"26594","18323","14636","2568","71880","Shipped","2021-12-18 20:29:33","2021-12-20 18:44:00",NULL,NULL,"44.9900016784668"
"26625","18348","14656","5041","71963","Shipped","2021-06-19 12:19:40","2021-06-21 11:21:00",NULL,NULL,"44.9900016784668"
"27002","18597","14854","15686","72992","Shipped","2020-11-08 22:10:11","2020-11-09 03:43:00",NULL,NULL,"44.9900016784668"
"27010","18603","14857","21736","73017","Shipped","2022-05-09 13:12:05","2022-05-10 17:14:00",NULL,NULL,"44.9900016784668"
"27847","19188","15352","4280","75280","Shipped","2022-01-21 08:55:01","2022-01-22 04:11:00",NULL,NULL,"44.9900016784668"
"27914","19243","15390","16003","75467","Shipped","2022-02-06 01:08:28","2022-02-09 01:33:00",NULL,NULL,"44.9900016784668"
"28804","19827","15843","7259","77864","Shipped","2021-08-13 11:11:08","2021-08-15 01:46:00",NULL,NULL,"44.9900016784668"
"28984","19960","15937","4931","78362","Shipped","2022-06-29 11:02:45","2022-07-01 00:49:00",NULL,NULL,"44.9900016784668"
"29012","19978","15951","1531","78438","Shipped","2020-11-06 00:58:41","2020-11-06 22:27:00",NULL,NULL,"44.9900016784668"
"29553","20347","16248","115","79893","Shipped","2022-01-20 01:07:58","2022-01-23 01:05:00",NULL,NULL,"44.9900016784668"
"31326","21552","17248","18535","84672","Shipped","2021-11-05 06:28:58","2021-11-05 19:46:00",NULL,NULL,"44.9900016784668"
"32339","22255","17794","21890","87368","Shipped","2021-06-22 13:20:32","2021-06-22 17:05:00",NULL,NULL,"44.9900016784668"
"32358","22267","17806","4647","87420","Shipped","2020-09-20 00:37:01","2020-09-17 22:06:00",NULL,NULL,"44.9900016784668"
"32616","22449","17949","18937","88141","Shipped","2022-04-12 12:56:24","2022-04-10 16:26:00",NULL,NULL,"44.9900016784668"
"32763","22556","18012","5041","88537","Shipped","2022-08-09 08:23:20","2022-08-10 17:00:00",NULL,NULL,"44.9900016784668"
"33387","22987","18340","21080","90202","Shipped","2022-09-06 07:14:53","2022-09-04 17:03:00",NULL,NULL,"44.9900016784668"
"34275","23596","18830","9651","92597","Shipped","2020-01-09 15:36:33","2020-01-12 06:34:00",NULL,NULL,"44.9900016784668"
"34627","23830","19030","26537","93546","Shipped","2020-10-23 03:50:49","2020-10-20 06:00:00",NULL,NULL,"44.9900016784668"
"34893","24019","19179","22693","94262","Shipped","2022-09-01 07:09:41.075401","2022-09-04 06:03:27.075401",NULL,NULL,"44.9900016784668"
"36046","24814","19841","17164","97346","Shipped","2022-05-05 23:22:11","2022-05-02 15:06:00",NULL,NULL,"44.9900016784668"
"36418","25079","20052","18937","98328","Shipped","2021-08-26 03:11:09","2021-08-26 14:55:00",NULL,NULL,"44.9900016784668"
"37982","26153","20901","2784","102542","Shipped","2021-05-30 04:07:53","2021-06-01 05:17:00",NULL,NULL,"44.9900016784668"
"38527","26534","21202","23155","104006","Shipped","2021-07-07 08:29:09","2021-07-10 04:21:00",NULL,NULL,"44.9900016784668"
"38801","26727","21359","18521","104762","Shipped","2021-09-16 09:36:43","2021-09-16 23:32:00",NULL,NULL,"44.9900016784668"
"39147","26954","21525","18235","105697","Shipped","2021-07-02 05:16:16","2021-07-03 21:28:00",NULL,NULL,"44.9900016784668"
"41086","28254","22538","18496","110921","Shipped","2021-10-23 11:38:17","2021-10-23 12:55:00",NULL,NULL,"44.9900016784668"
"41908","28833","23006","22009","113139","Shipped","2022-05-19 21:31:15","2022-05-22 20:26:00",NULL,NULL,"44.9900016784668"
"43852","30165","24044","5582","118430","Shipped","2022-05-17 10:57:23","2022-05-17 23:12:00",NULL,NULL,"44.9900016784668"
"43875","30184","24062","16444","118497","Shipped","2019-07-26 12:35:31","2019-07-26 22:25:00",NULL,NULL,"44.9900016784668"
"44148","30375","24234","16146","119243","Shipped","2022-04-13 09:08:51","2022-04-14 15:50:00",NULL,NULL,"44.9900016784668"
"44782","30819","24599","1792","120952","Shipped","2022-05-13 17:19:49","2022-05-14 20:39:00",NULL,NULL,"44.9900016784668"
"46493","32007","25557","10487","125550","Shipped","2021-07-19 07:26:41","2021-07-21 06:28:00",NULL,NULL,"44.9900016784668"
"47736","32890","26269","28006","128843","Shipped","2021-05-14 10:29:49","2021-05-11 21:11:00",NULL,NULL,"44.9900016784668"
"48654","33523","26778","17164","131303","Shipped","2022-05-11 17:29:51","2022-05-14 00:49:00",NULL,NULL,"44.9900016784668"
"48742","33576","26810","9775","131543","Shipped","2021-12-17 08:03:52","2021-12-17 03:38:00",NULL,NULL,"44.9900016784668"
"48783","33604","26832","9775","131652","Shipped","2022-04-11 12:13:19","2022-04-13 01:49:00",NULL,NULL,"44.9900016784668"
"48816","33624","26851","18496","131742","Shipped","2022-04-30 08:46:05","2022-04-28 12:29:00",NULL,NULL,"44.9900016784668"
"48866","33664","26887","6270","131867","Shipped","2020-10-31 00:07:03","2020-10-29 18:32:00",NULL,NULL,"44.9900016784668"
"49632","34191","27294","5026","133975","Shipped","2021-11-08 22:05:59","2021-11-09 15:57:00",NULL,NULL,"44.9900016784668"
"49794","34298","27382","16358","134416","Shipped","2022-01-07 10:31:06","2022-01-10 08:26:00",NULL,NULL,"44.9900016784668"
"50128","34520","27557","24405","135319","Shipped","2022-08-23 09:37:36","2022-08-21 15:24:00",NULL,NULL,"44.9900016784668"
"50948","35124","28030","21936","137520","Shipped","2022-09-06 01:33:47","2022-09-05 16:04:00",NULL,NULL,"44.9900016784668"
"50982","35146","28049","10400","137614","Shipped","2021-12-13 16:24:44","2021-12-12 07:20:00",NULL,NULL,"44.9900016784668"
"51441","35457","28330","5049","138848","Shipped","2020-03-21 04:22:07","2020-03-22 00:11:00",NULL,NULL,"44.9900016784668"
"52358","36084","28818","1193","141286","Shipped","2022-08-27 21:53:37","2022-08-30 02:31:00",NULL,NULL,"44.9900016784668"
"52484","36167","28893","24513","141631","Shipped","2022-08-31 06:53:25","2022-09-02 15:51:00",NULL,NULL,"44.9900016784668"
"52583","36237","28943","21691","141904","Shipped","2022-01-30 02:18:24","2022-01-29 11:35:00",NULL,NULL,"44.9900016784668"
"52642","36282","28979","11466","142056","Shipped","2022-09-05 07:00:51.603239","2022-09-06 17:51:46.603239",NULL,NULL,"44.9900016784668"
"52960","36507","29169","4977","142909","Shipped","2020-03-02 04:45:26","2020-03-03 16:32:00",NULL,NULL,"44.9900016784668"
"53490","36859","29451","20569","144342","Shipped","2021-10-20 09:50:37","2021-10-20 09:59:00",NULL,NULL,"44.9900016784668"
"54816","37788","30186","23089","147930","Shipped","2022-05-16 11:57:37","2022-05-16 15:27:00",NULL,NULL,"44.9900016784668"
"55587","38319","30623","12846","149990","Shipped","2021-04-20 09:38:20","2021-04-18 18:20:00",NULL,NULL,"44.9900016784668"
"56653","39047","31211","6270","152907","Shipped","2022-08-30 14:25:58","2022-08-27 03:26:00",NULL,NULL,"44.9900016784668"
"56806","39150","31295","4647","153324","Shipped","2022-05-19 22:13:50","2022-05-16 22:45:00",NULL,NULL,"44.9900016784668"
"57967","39946","31924","22154","156437","Shipped","2021-08-04 16:04:52","2021-08-04 21:28:00",NULL,NULL,"44.9900016784668"
"58655","40427","32293","21970","158305","Shipped","2021-12-27 06:49:45","2021-12-30 02:21:00",NULL,NULL,"44.9900016784668"
"58897","40590","32420","21936","158963","Shipped","2022-06-21 05:59:13","2022-06-23 16:48:00",NULL,NULL,"44.9900016784668"
"59105","40735","32532","2515","159503","Shipped","2021-05-15 11:44:31","2021-05-14 11:43:00",NULL,NULL,"44.9900016784668"
"59121","40746","32540","15217","159546","Shipped","2021-06-02 23:03:16","2021-06-04 22:10:00",NULL,NULL,"44.9900016784668"
"59211","40800","32587","126","159802","Shipped","2022-05-29 00:22:30","2022-05-30 21:16:00",NULL,NULL,"44.9900016784668"
"59999","41331","33017","16358","161985","Shipped","2022-06-07 17:24:46","2022-06-05 12:11:00",NULL,NULL,"44.9900016784668"
"60289","41526","33185","20719","162761","Shipped","2022-08-08 09:34:27","2022-08-08 23:44:00",NULL,NULL,"44.9900016784668"
"62873","43286","34612","1167","169743","Shipped","2021-08-20 02:37:59","2021-08-22 11:42:00",NULL,NULL,"44.9900016784668"
"63745","43889","35103","18235","172091","Shipped","2022-03-28 04:21:10","2022-03-30 15:43:00",NULL,NULL,"44.9900016784668"
"64705","44541","35638","8407","174699","Shipped","2021-04-28 12:45:05","2021-04-28 21:18:00",NULL,NULL,"44.9900016784668"
"64937","44702","35752","21834","175363","Shipped","2020-12-24 01:11:09","2020-12-23 03:24:00",NULL,NULL,"44.9900016784668"
"65610","45182","36113","18496","177171","Shipped","2021-07-27 06:45:21","2021-07-27 04:06:00",NULL,NULL,"44.9900016784668"
"66810","45963","36760","20719","180383","Shipped","2022-08-20 12:29:23","2022-08-20 15:48:00",NULL,NULL,"44.9900016784668"
"67021","46109","36873","17944","180968","Shipped","2022-08-26 06:24:41","2022-08-27 06:59:00",NULL,NULL,"44.9900016784668"
"67030","46114","36881","3519","180992","Shipped","2022-08-02 15:52:21","2022-08-02 23:27:00",NULL,NULL,"44.9900016784668"
"67031","46115","36881","4620","180995","Shipped","2022-03-20 16:43:24","2022-03-18 00:16:00",NULL,NULL,"44.9900016784668"
"68195","46930","37535","11587","184125","Shipped","2022-03-22 00:41:01","2022-03-18 17:24:00",NULL,NULL,"44.9900016784668"
"68706","47289","37824","13553","185474","Shipped","2022-04-02 17:43:00","2022-04-04 17:01:00",NULL,NULL,"44.9900016784668"
"70031","48215","38555","16369","189058","Shipped","2021-08-05 04:32:27","2021-08-02 18:59:00",NULL,NULL,"44.9900016784668"
"71689","49369","39516","1220","193535","Shipped","2022-03-20 14:45:31","2022-03-23 04:10:00",NULL,NULL,"44.9900016784668"
"73142","50384","40336","12810","197493","Shipped","2022-02-25 11:55:45","2022-02-24 17:21:00",NULL,NULL,"44.9900016784668"
"73975","50957","40772","10106","199737","Shipped","2020-06-23 00:31:19","2020-06-24 18:04:00",NULL,NULL,"44.9900016784668"
"74317","51203","40973","6270","200666","Shipped","2022-03-13 14:43:49","2022-03-12 23:55:00",NULL,NULL,"44.9900016784668"
"75093","51746","41399","4413","202749","Shipped","2022-08-31 03:12:07","2022-09-01 16:49:00",NULL,NULL,"44.9900016784668"
"75465","51997","41603","11466","203742","Shipped","2021-06-16 06:42:25","2021-06-17 17:52:00",NULL,NULL,"44.9900016784668"
"76900","53027","42430","21638","207662","Shipped","2022-05-20 18:47:57","2022-05-17 20:09:00",NULL,NULL,"44.9900016784668"
"77321","53313","42655","4723","208739","Shipped","2022-08-21 23:21:49","2022-08-24 01:51:00",NULL,NULL,"44.9900016784668"
"77676","53562","42856","23315","209674","Shipped","2022-07-29 13:36:42","2022-07-31 17:17:00",NULL,NULL,"44.9900016784668"
"78878","54390","43527","16237","212939","Shipped","2022-04-06 04:57:05","2022-04-06 08:30:00",NULL,NULL,"44.9900016784668"
"80088","55232","44176","22334","216246","Shipped","2021-07-05 05:23:14","2021-07-05 18:31:00",NULL,NULL,"44.9900016784668"
"80089","55232","44176","18212","216248","Shipped","2021-07-03 03:35:25","2021-07-05 18:31:00",NULL,NULL,"44.9900016784668"
"80138","55268","44198","13553","216380","Shipped","2021-02-08 15:40:32","2021-02-08 07:00:00",NULL,NULL,"44.9900016784668"
"80613","55598","44444","1386","217703","Shipped","2022-02-07 00:32:50","2022-02-07 11:26:00",NULL,NULL,"44.9900016784668"
"81259","56051","44799","4546","219451","Shipped","2021-09-11 06:00:01","2021-09-12 08:19:00",NULL,NULL,"44.9900016784668"
"81385","56139","44870","12846","219795","Shipped","2022-02-17 03:47:10","2022-02-18 12:22:00",NULL,NULL,"44.9900016784668"
"81661","56335","45033","4391","220529","Shipped","2022-02-10 16:14:11","2022-02-06 19:06:00",NULL,NULL,"44.9900016784668"
"81907","56508","45168","22001","221187","Shipped","2022-03-12 01:26:09","2022-03-14 13:12:00",NULL,NULL,"44.9900016784668"
"82687","57080","45629","10696","223315","Shipped","2022-03-03 16:02:17","2022-03-04 04:36:00",NULL,NULL,"44.9900016784668"
"83899","57940","46325","18496","226607","Shipped","2021-12-07 11:36:49","2021-12-09 07:19:00",NULL,NULL,"44.9900016784668"
"86296","59630","47709","24168","233101","Shipped","2022-02-08 16:06:14","2022-02-11 08:55:00",NULL,NULL,"44.9900016784668"
"86878","60039","48037","5282","234699","Shipped","2022-04-19 15:24:47","2022-04-20 00:49:00",NULL,NULL,"44.9900016784668"
"86991","60117","48109","18137","235006","Shipped","2021-01-18 13:42:38","2021-01-15 07:48:00",NULL,NULL,"44.9900016784668"
"87380","60378","48333","13247","236057","Shipped","2021-09-21 22:48:07","2021-09-22 12:19:00",NULL,NULL,"44.9900016784668"
"88806","61387","49156","17682","239938","Shipped","2022-06-16 04:42:25","2022-06-15 01:29:00",NULL,NULL,"44.9900016784668"
"89268","61703","49404","8407","241157","Shipped","2022-06-29 12:11:17","2022-07-02 13:11:00",NULL,NULL,"44.9900016784668"
"89892","62135","49736","16560","242828","Shipped","2021-09-02 08:10:14","2021-09-05 07:25:00",NULL,NULL,"44.9900016784668"
"90053","62243","49817","17164","243274","Shipped","2022-07-29 06:26:42","2022-07-31 05:24:00",NULL,NULL,"44.9900016784668"
"90787","62738","50222","22009","245261","Shipped","2020-11-15 14:20:08","2020-11-17 04:18:00",NULL,NULL,"44.9900016784668"
"91143","62981","50423","16526","246212","Shipped","2021-10-08 09:07:39","2021-10-07 20:47:00",NULL,NULL,"44.9900016784668"
"91174","63000","50438","21301","246298","Shipped","2022-01-08 03:48:44","2022-01-08 20:34:00",NULL,NULL,"44.9900016784668"
"91280","63072","50493","18148","246585","Shipped","2022-02-12 11:33:07","2022-02-12 10:44:00",NULL,NULL,"44.9900016784668"
"91441","63180","50585","12753","247005","Shipped","2021-01-22 06:58:45","2021-01-20 20:29:00",NULL,NULL,"44.9900016784668"
"91447","63186","50592","12853","247023","Shipped","2020-10-10 13:47:31","2020-10-11 19:33:00",NULL,NULL,"44.9900016784668"
"91877","63486","50834","13574","248172","Shipped","2021-11-09 09:00:26","2021-11-08 08:54:00",NULL,NULL,"44.9900016784668"
"92078","63625","50937","3930","248700","Shipped","2020-11-23 17:02:28","2020-11-24 22:15:00",NULL,NULL,"44.9900016784668"
"93352","64510","51623","17164","252115","Shipped","2022-04-06 09:09:35","2022-04-02 22:07:00",NULL,NULL,"44.9900016784668"
"93521","64617","51702","17423","252580","Shipped","2020-10-19 09:06:20","2020-10-21 05:35:00",NULL,NULL,"44.9900016784668"
"93557","64637","51717","16237","252677","Shipped","2022-08-09 12:22:32","2022-08-12 12:09:00",NULL,NULL,"44.9900016784668"
"93678","64727","51795","4413","253012","Shipped","2021-07-23 14:35:49","2021-07-21 07:42:00",NULL,NULL,"44.9900016784668"
"93744","64770","51840","20639","253192","Shipped","2022-05-03 09:52:41","2022-05-02 05:47:00",NULL,NULL,"44.9900016784668"
"93921","64892","51928","4723","253678","Shipped","2022-07-12 16:15:55","2022-07-11 19:10:00",NULL,NULL,"44.9900016784668"
"94082","65004","52011","10319","254118","Shipped","2022-01-17 13:31:53","2022-01-16 19:16:00",NULL,NULL,"44.9900016784668"
"94500","65286","52232","18248","255267","Shipped","2021-04-12 14:24:04","2021-04-13 14:22:00",NULL,NULL,"44.9900016784668"
"94891","65565","52450","16985","256321","Shipped","2022-07-04 03:33:50","2022-07-06 17:44:00",NULL,NULL,"44.9900016784668"
"95374","65918","52726","23089","257626","Shipped","2021-02-19 01:59:08","2021-02-21 05:47:00",NULL,NULL,"44.9900016784668"
"96413","66628","53268","16237","260427","Shipped","2021-06-14 02:17:27","2021-06-16 07:44:00",NULL,NULL,"44.9900016784668"
"96769","66860","53441","16986","261378","Shipped","2021-10-06 16:36:37","2021-10-06 13:07:00",NULL,NULL,"44.9900016784668"
"96786","66875","53453","18496","261423","Shipped","2022-03-14 06:09:58","2022-03-14 21:36:00",NULL,NULL,"44.9900016784668"
"96952","66995","53538","17682","261876","Shipped","2022-04-17 09:14:07","2022-04-17 23:45:00",NULL,NULL,"44.9900016784668"
"96963","67002","53542","16526","261905","Shipped","2022-08-18 15:44:17","2022-08-19 09:41:00",NULL,NULL,"44.9900016784668"
"97256","67217","53706","24168","262712","Shipped","2019-11-18 05:45:43","2019-11-17 23:10:00",NULL,NULL,"44.9900016784668"
"98231","67881","54244","12810","265371","Shipped","2022-07-30 10:45:29","2022-08-01 07:19:00",NULL,NULL,"44.9900016784668"
"98871","68317","54620","28021","267078","Shipped","2022-06-18 06:10:28","2022-06-17 00:04:00",NULL,NULL,"44.9900016784668"
"99078","68457","54735","28006","267645","Shipped","2019-10-10 08:30:48","2019-10-12 16:36:00",NULL,NULL,"44.9900016784668"
"100625","69536","55619","5100","271746","Shipped","2020-11-20 23:54:15","2020-11-23 18:25:00",NULL,NULL,"44.9900016784668"
"100676","69570","55639","5026","271895","Shipped","2020-05-18 12:31:00","2020-05-20 19:32:00",NULL,NULL,"44.9900016784668"
"101449","70097","56040","17164","273987","Shipped","2022-07-28 08:14:20","2022-07-29 22:47:00",NULL,NULL,"44.9900016784668"
"101461","70107","56045","22001","274021","Shipped","2021-03-23 01:53:52","2021-03-25 09:03:00",NULL,NULL,"44.9900016784668"
"101685","70266","56182","4773","274620","Shipped","2022-01-29 10:39:23","2022-01-29 03:23:00",NULL,NULL,"44.9900016784668"
"102179","70606","56450","5580","275982","Shipped","2021-07-31 04:45:54","2021-08-02 08:56:00",NULL,NULL,"44.9900016784668"
"102652","70920","56690","11370","277273","Shipped","2022-07-22 08:21:14","2022-07-23 02:10:00",NULL,NULL,"44.9900016784668"
"102658","70924","56694","26537","277288","Shipped","2021-07-06 09:35:12","2021-07-04 04:56:00",NULL,NULL,"44.9900016784668"
"103042","71195","56914","22154","278314","Shipped","2022-03-28 15:41:10","2022-03-29 03:48:00",NULL,NULL,"44.9900016784668"
"103754","71702","57332","16369","280278","Shipped","2020-12-12 11:17:17","2020-12-12 20:56:00",NULL,NULL,"44.9900016784668"
"104738","72373","57861","23089","282914","Shipped","2021-06-05 12:22:48","2021-06-06 00:13:00",NULL,NULL,"44.9900016784668"
"105540","72923","58330","4413","285060","Shipped","2022-09-03 02:11:50.752163","2022-09-05 10:01:46.752163",NULL,NULL,"44.9900016784668"
"105546","72928","58332","5785","285073","Shipped","2021-11-29 10:29:35","2021-11-28 13:54:00",NULL,NULL,"44.9900016784668"
"105632","72986","58380","3519","285320","Shipped","2019-09-05 16:07:33","2019-09-03 08:56:00",NULL,NULL,"44.9900016784668"
"105798","73106","58470","22036","285781","Shipped","2022-08-18 13:24:13","2022-08-20 13:24:00",NULL,NULL,"44.9900016784668"
"106162","73369","58687","4647","286757","Shipped","2020-04-08 07:24:49","2020-04-09 14:35:00",NULL,NULL,"44.9900016784668"
"106615","73673","58917","23321","287975","Shipped","2021-09-19 00:50:01","2021-09-21 03:59:00",NULL,NULL,"44.9900016784668"
"107968","74588","59626","17016","291652","Shipped","2022-05-27 02:56:18","2022-05-24 08:35:00",NULL,NULL,"44.9900016784668"
"108431","74907","59902","10487","292903","Shipped","2022-01-18 18:01:35","2022-01-16 00:58:00",NULL,NULL,"44.9900016784668"
"108523","74974","59952","4674","293152","Shipped","2021-05-21 01:51:02","2021-05-23 13:38:00",NULL,NULL,"44.9900016784668"
"109285","75494","60352","3519","295208","Shipped","2021-12-06 08:37:23","2021-12-05 01:08:00",NULL,NULL,"44.9900016784668"
"109362","75549","60396","22001","295402","Shipped","2022-07-12 10:00:12","2022-07-13 11:17:00",NULL,NULL,"44.9900016784668"
"109860","75877","60665","830","296739","Shipped","2022-02-28 03:46:48","2022-03-02 08:29:00",NULL,NULL,"44.9900016784668"
"110008","75987","60757","24017","297131","Shipped","2022-04-04 04:42:37","2022-04-05 02:37:00",NULL,NULL,"44.9900016784668"
"110712","76475","61161","20844","298990","Shipped","2021-07-28 05:37:48","2021-07-29 17:37:00",NULL,NULL,"44.9900016784668"
"110808","76549","61230","5582","299260","Shipped","2019-07-09 16:36:08","2019-07-07 01:50:00",NULL,NULL,"44.9900016784668"
"110954","76654","61317","1067","299660","Shipped","2021-12-14 17:16:52","2021-12-17 17:24:00",NULL,NULL,"44.9900016784668"
"111000","76684","61341","22136","299780","Shipped","2019-07-19 15:00:52","2019-07-21 19:16:00",NULL,NULL,"44.9900016784668"
"111158","76801","61439","28021","300207","Shipped","2022-09-01 16:19:05.173761","2022-09-02 08:07:13.173761",NULL,NULL,"44.9900016784668"
"111197","76825","61463","16985","300312","Shipped","2022-06-11 11:12:08","2022-06-09 16:52:00",NULL,NULL,"44.9900016784668"
"111556","77068","61657","17443","301285","Shipped","2022-07-07 23:20:47","2022-07-05 17:02:00",NULL,NULL,"44.9900016784668"
"111808","77237","61798","4391","301965","Shipped","2021-06-13 16:08:55","2021-06-11 18:21:00",NULL,NULL,"44.9900016784668"
"112288","77557","62039","21890","303286","Shipped","2022-05-21 08:43:43","2022-05-18 17:18:00",NULL,NULL,"44.9900016784668"
"112858","77947","62348","3519","304822","Shipped","2022-01-19 01:17:39","2022-01-22 02:48:00",NULL,NULL,"44.9900016784668"
"114374","78998","63185","27055","308915","Shipped","2022-06-24 14:38:21","2022-06-27 14:22:00",NULL,NULL,"44.9900016784668"
"115650","79869","63913","20723","312336","Shipped","2022-05-12 12:32:22","2022-05-13 15:49:00",NULL,NULL,"44.9900016784668"
"115813","79977","64006","16986","312780","Shipped","2022-05-10 22:10:51","2022-05-11 00:02:00",NULL,NULL,"44.9900016784668"
"117086","80842","64722","634","316183","Shipped","2022-06-06 22:38:54","2022-06-08 03:12:00",NULL,NULL,"44.9900016784668"
"117169","80888","64760","17944","316413","Shipped","2020-06-14 01:47:06","2020-06-15 03:22:00",NULL,NULL,"44.9900016784668"
"117741","81278","65095","15246","317944","Shipped","2020-12-11 09:31:40","2020-12-14 08:41:00",NULL,NULL,"44.9900016784668"
"117898","81379","65173","10696","318374","Shipped","2020-04-21 13:34:48","2020-04-21 22:46:00",NULL,NULL,"44.9900016784668"
"118001","81449","65223","16882","318637","Shipped","2021-07-25 02:53:59","2021-07-27 16:29:00",NULL,NULL,"44.9900016784668"
"118397","81725","65438","16882","319689","Shipped","2020-09-22 15:07:40","2020-09-24 03:01:00",NULL,NULL,"44.9900016784668"
"118550","81837","65522","16560","320095","Shipped","2021-09-11 07:34:06","2021-09-10 23:56:00",NULL,NULL,"44.9900016784668"
"119749","82673","66179","12812","323296","Shipped","2022-06-17 00:17:38","2022-06-17 10:19:00",NULL,NULL,"44.9900016784668"
"119877","82755","66245","4280","323651","Shipped","2022-07-28 04:31:13","2022-07-24 08:54:00",NULL,NULL,"44.9900016784668"
"120876","83419","66795","10106","326370","Shipped","2022-03-27 09:10:07","2022-03-25 19:45:00",NULL,NULL,"44.9900016784668"
"121647","83941","67204","10106","328451","Shipped","2022-07-16 23:50:52","2022-07-18 18:44:00",NULL,NULL,"44.9900016784668"
"122182","84288","67479","22334","329896","Shipped","2022-02-02 16:14:04","2022-01-29 22:54:00",NULL,NULL,"44.9900016784668"
"123077","84907","67948","1167","332333","Shipped","2020-11-14 22:36:34","2020-11-16 08:29:00",NULL,NULL,"44.9900016784668"
"123809","85413","68353","12777","334259","Shipped","2022-01-16 22:46:00","2022-01-19 15:54:00",NULL,NULL,"44.9900016784668"
"124923","86184","68959","5041","337268","Shipped","2022-08-17 08:44:20","2022-08-15 14:20:00",NULL,NULL,"44.9900016784668"
"125401","86508","69230","20719","338564","Shipped","2022-03-02 01:05:25","2022-03-05 03:18:00",NULL,NULL,"44.9900016784668"
"125485","86567","69272","26537","338799","Shipped","2020-03-26 03:40:55","2020-03-26 13:09:00",NULL,NULL,"44.9900016784668"
"125497","86577","69283","5026","338831","Shipped","2022-07-04 05:15:54","2022-07-02 03:32:00",NULL,NULL,"44.9900016784668"
"125639","86667","69346","2428","339200","Shipped","2020-07-03 23:57:05","2020-07-06 17:38:00",NULL,NULL,"44.9900016784668"
"126094","86974","69609","1531","340459","Shipped","2022-04-20 00:32:37","2022-04-17 07:39:00",NULL,NULL,"44.9900016784668"
"126211","87053","69671","16882","340768","Shipped","2022-08-12 09:03:22","2022-08-15 09:03:00",NULL,NULL,"44.9900016784668"
"127561","87962","70434","9775","344387","Shipped","2022-03-01 23:12:59","2022-02-27 08:26:00",NULL,NULL,"44.9900016784668"
"127610","87997","70465","12810","344528","Shipped","2022-02-13 14:40:57","2022-02-13 11:51:00",NULL,NULL,"44.9900016784668"
"128346","88519","70901","24027","346555","Shipped","2021-06-05 00:28:42","2021-06-04 00:05:00",NULL,NULL,"44.9900016784668"
"129347","89199","71459","16560","349261","Shipped","2021-12-12 15:20:58","2021-12-13 13:35:00",NULL,NULL,"44.9900016784668"
"129417","89250","71498","18235","349445","Shipped","2021-10-31 23:59:52","2021-10-30 17:30:00",NULL,NULL,"44.9900016784668"
"129657","89419","71634","22049","350061","Shipped","2022-04-08 09:16:37","2022-04-10 19:31:00",NULL,NULL,"44.9900016784668"
"129920","89605","71766","21837","350778","Shipped","2022-04-19 10:48:37","2022-04-16 21:16:00",NULL,NULL,"44.9900016784668"
"130270","89846","71966","18212","351718","Shipped","2021-12-04 02:57:52","2021-12-04 08:58:00",NULL,NULL,"44.9900016784668"
"131843","90950","72853","13574","355972","Shipped","2022-07-30 15:15:52","2022-07-30 20:18:00",NULL,NULL,"44.9900016784668"
"132952","91733","73477","555","359006","Shipped","2021-07-01 05:21:52","2021-07-04 07:37:00",NULL,NULL,"44.9900016784668"
"134171","92578","74165","21638","362289","Shipped","2022-08-08 13:03:22","2022-08-05 02:09:00",NULL,NULL,"44.9900016784668"
"134576","92848","74389","20722","363410","Shipped","2022-09-03 17:56:17","2022-09-03 14:39:00",NULL,NULL,"44.9900016784668"
"135011","93141","74622","10696","364575","Shipped","2022-09-06 00:09:50.441556","2022-09-03 05:16:02.441556",NULL,NULL,"44.9900016784668"
"135208","93284","74732","11587","365117","Shipped","2022-08-17 00:29:30","2022-08-16 20:16:00",NULL,NULL,"44.9900016784668"
"135760","93687","75068","11587","366608","Shipped","2021-12-02 15:09:04","2021-12-04 09:26:00",NULL,NULL,"44.9900016784668"
"136115","93929","75279","10400","367571","Shipped","2019-11-16 13:38:31","2019-11-18 21:47:00",NULL,NULL,"44.9900016784668"
"136856","94442","75694","12812","369560","Shipped","2021-07-23 05:39:35","2021-07-25 19:46:00",NULL,NULL,"44.9900016784668"
"136936","94506","75748","21890","369781","Shipped","2021-02-25 15:25:24","2021-02-25 16:08:00",NULL,NULL,"44.9900016784668"
"136983","94539","75772","26248","369900","Shipped","2020-02-13 10:31:34","2020-02-11 02:38:00",NULL,NULL,"44.9900016784668"
"137125","94629","75846","20844","370272","Shipped","2021-08-20 14:20:22","2021-08-21 18:02:00",NULL,NULL,"44.9900016784668"
"139133","96003","76981","22154","375715","Shipped","2021-07-20 08:01:42","2021-07-22 13:18:00",NULL,NULL,"44.9900016784668"
"139854","96475","77358","21949","377644","Shipped","2022-06-09 07:14:36","2022-06-10 13:15:00",NULL,NULL,"44.9900016784668"
"140862","97163","77923","20925","380332","Shipped","2022-03-05 10:24:11","2022-03-08 09:35:00",NULL,NULL,"44.9900016784668"
"140902","97191","77944","5515","380442","Shipped","2022-07-16 23:42:23","2022-07-16 15:00:00",NULL,NULL,"44.9900016784668"
"140993","97251","77997","21827","380679","Shipped","2021-04-04 01:15:34","2021-04-05 21:14:00",NULL,NULL,"44.9900016784668"
"142983","98658","79091","18496","386060","Shipped","2021-09-08 08:48:13","2021-09-07 23:13:00",NULL,NULL,"44.9900016784668"
"143927","99315","79634","1067","388597","Shipped","2021-10-20 05:18:04","2021-10-21 21:15:00",NULL,NULL,"44.9900016784668"
"144135","99449","79734","4674","389161","Shipped","2020-07-11 04:11:24","2020-07-13 09:31:00",NULL,NULL,"44.9900016784668"
"144416","99640","79889","6678","389920","Shipped","2022-04-19 23:46:46","2022-04-22 00:57:00",NULL,NULL,"44.9900016784668"
"145594","100460","80567","4300","393149","Shipped","2022-08-17 10:29:23","2022-08-18 21:57:00",NULL,NULL,"44.9900016784668"
"145661","100501","80611","17423","393333","Shipped","2022-05-18 06:22:57","2022-05-18 05:03:00",NULL,NULL,"44.9900016784668"
"146075","100786","80860","16986","394441","Shipped","2021-08-25 22:03:50","2021-08-24 03:33:00",NULL,NULL,"44.9900016784668"
"146906","101347","81305","18496","396686","Shipped","2022-07-10 05:58:10","2022-07-09 23:27:00",NULL,NULL,"44.9900016784668"
"147594","101849","81691","4356","398514","Shipped","2022-03-07 08:14:41","2022-03-07 11:13:00",NULL,NULL,"44.9900016784668"
"147881","102049","81850","22693","399290","Shipped","2020-12-19 22:27:00","2020-12-22 18:29:00",NULL,NULL,"44.9900016784668"
"148036","102155","81941","21011","399709","Shipped","2020-05-14 10:10:13","2020-05-16 17:00:00",NULL,NULL,"44.9900016784668"
"148095","102193","81978","12846","399872","Shipped","2022-06-09 10:23:39","2022-06-05 14:32:00",NULL,NULL,"44.9900016784668"
"148783","102665","82357","21827","401775","Shipped","2022-04-22 06:13:00","2022-04-19 00:15:00",NULL,NULL,"44.9900016784668"
"148972","102800","82462","1521","402275","Shipped","2021-10-15 07:31:08","2021-10-15 18:38:00",NULL,NULL,"44.9900016784668"
"149208","102975","82597","1193","402919","Shipped","2020-06-29 11:27:27","2020-06-29 20:25:00",NULL,NULL,"44.9900016784668"
"149244","103003","82617","5041","403018","Shipped","2022-01-06 07:17:29","2022-01-07 10:58:00",NULL,NULL,"44.9900016784668"
"150591","103914","83364","15227","406711","Shipped","2022-08-10 21:20:47","2022-08-11 00:05:00",NULL,NULL,"44.9900016784668"
"151039","104222","83608","21837","407913","Shipped","2022-05-31 11:39:20","2022-05-28 11:52:00",NULL,NULL,"44.9900016784668"
"151687","104652","83967","16560","409667","Shipped","2021-12-25 15:55:34","2021-12-28 03:41:00",NULL,NULL,"44.9900016784668"
"151859","104774","84071","7028","410134","Shipped","2022-09-04 22:22:25","2022-09-03 09:26:00",NULL,NULL,"44.9900016784668"
"152140","104974","84243","3930","410891","Shipped","2022-04-17 16:37:04","2022-04-17 15:57:00",NULL,NULL,"44.9900016784668"
"152984","105542","84677","20639","413125","Shipped","2021-01-07 12:37:28","2021-01-07 08:01:00",NULL,NULL,"44.9900016784668"
"153292","105751","84833","8930","413982","Shipped","2021-07-25 03:15:56","2021-07-25 17:06:00",NULL,NULL,"44.9900016784668"
"153859","106164","85165","18248","415472","Shipped","2020-12-10 06:33:14","2020-12-11 03:17:00",NULL,NULL,"44.9900016784668"
"154532","106628","85532","15597","417283","Shipped","2021-01-20 01:09:03","2021-01-20 03:07:00",NULL,NULL,"44.9900016784668"
"154616","106687","85589","12812","417521","Shipped","2022-09-04 02:06:45.745606","2022-09-04 22:19:56.745606",NULL,NULL,"44.9900016784668"
"155638","107367","86144","4280","420248","Shipped","2022-04-18 14:33:31","2022-04-20 05:43:00",NULL,NULL,"44.9900016784668"
"155659","107380","86157","18496","420306","Shipped","2022-04-30 04:55:04","2022-05-01 00:37:00",NULL,NULL,"44.9900016784668"
"155666","107383","86159","21895","420325","Shipped","2021-09-02 07:29:10","2021-09-03 11:42:00",NULL,NULL,"44.9900016784668"
"157150","108400","86928","5042","424317","Shipped","2022-04-11 22:35:49","2022-04-13 22:53:00",NULL,NULL,"44.9900016784668"
"157448","108593","87084","16669","425120","Shipped","2022-04-14 04:28:49","2022-04-12 09:55:00",NULL,NULL,"44.9900016784668"
"157993","108979","87395","18005","426578","Shipped","2020-06-27 10:56:15","2020-06-27 18:39:00",NULL,NULL,"44.9900016784668"
"158402","109259","87629","1070","427675","Shipped","2021-06-18 02:56:04","2021-06-19 22:32:00",NULL,NULL,"44.9900016784668"
"158423","109272","87642","24168","427732","Shipped","2021-09-27 17:48:19","2021-09-27 20:26:00",NULL,NULL,"44.9900016784668"
"159361","109935","88162","27055","430263","Shipped","2022-09-03 01:20:21.08796","2022-09-01 16:35:06.08796",NULL,NULL,"44.9900016784668"
"160707","110870","88899","10180","433911","Shipped","2022-07-09 11:01:01","2022-07-09 17:26:00",NULL,NULL,"44.9900016784668"
"160752","110894","88914","22036","434033","Shipped","2020-08-18 15:26:58","2020-08-21 00:40:00",NULL,NULL,"44.9900016784668"
"160893","110981","88978","21895","434405","Shipped","2021-06-21 00:10:57","2021-06-23 00:38:00",NULL,NULL,"44.9900016784668"
"162900","112366","90111","21837","439890","Shipped","2022-06-07 08:18:26","2022-06-08 17:50:00",NULL,NULL,"44.9900016784668"
"163254","112604","90297","8930","440819","Shipped","2021-06-12 23:56:06","2021-06-14 21:40:00",NULL,NULL,"44.9900016784668"
"163692","112918","90538","16986","442011","Shipped","2022-07-07 12:56:48","2022-07-10 14:29:00",NULL,NULL,"44.9900016784668"
"163998","113123","90714","21949","442864","Shipped","2021-07-11 10:12:00","2021-07-11 17:54:00",NULL,NULL,"44.9900016784668"
"164995","113793","91232","9855","445599","Shipped","2022-04-23 21:29:07","2022-04-23 05:48:00",NULL,NULL,"44.9900016784668"
"166542","114851","92075","3519","449802","Shipped","2022-01-10 15:36:24","2022-01-13 06:38:00",NULL,NULL,"44.9900016784668"
"167302","115375","92484","26536","451838","Shipped","2022-08-03 12:03:40","2022-08-05 12:26:00",NULL,NULL,"44.9900016784668"
"167372","115425","92520","5026","452019","Shipped","2022-03-07 09:58:14","2022-03-07 19:23:00",NULL,NULL,"44.9900016784668"
"169207","116701","93572","6678","456931","Shipped","2020-06-23 06:37:38","2020-06-25 12:11:00",NULL,NULL,"44.9900016784668"
"169896","117160","93944","17164","458791","Shipped","2022-08-24 06:44:40","2022-08-25 11:16:00",NULL,NULL,"44.9900016784668"
"171234","118050","94666","16669","462460","Shipped","2021-05-29 09:40:12","2021-05-30 19:55:00",NULL,NULL,"44.9900016784668"
"171261","118070","94683","15382","462535","Shipped","2022-04-24 05:57:05","2022-04-26 20:45:00",NULL,NULL,"44.9900016784668"
"171726","118403","94938","18137","463784","Shipped","2022-07-16 14:29:21","2022-07-16 23:44:00",NULL,NULL,"44.9900016784668"
"172225","118757","95209","10106","465151","Shipped","2021-02-15 13:01:26","2021-02-18 07:59:00",NULL,NULL,"44.9900016784668"
"172362","118852","95289","5515","465522","Shipped","2021-09-05 06:48:12","2021-09-06 18:50:00",NULL,NULL,"44.9900016784668"
"173950","119977","96205","17016","469735","Shipped","2021-11-22 00:42:16","2021-11-22 00:04:00",NULL,NULL,"44.9900016784668"
"175167","120794","96842","20723","473054","Shipped","2021-07-12 23:31:56","2021-07-14 06:01:00",NULL,NULL,"44.9900016784668"
"175240","120849","96885","200","473251","Shipped","2022-08-20 12:06:06","2022-08-22 21:31:00",NULL,NULL,"44.9900016784668"
"175619","121113","97110","10341","474281","Shipped","2022-08-25 08:05:02","2022-08-26 18:51:00",NULL,NULL,"44.9900016784668"
"176079","121431","97389","17944","475540","Shipped","2022-01-21 04:51:36","2022-01-23 10:37:00",NULL,NULL,"44.9900016784668"
"176148","121482","97426","4413","475730","Shipped","2021-07-17 11:53:25","2021-07-14 06:01:00",NULL,NULL,"44.9900016784668"
"177370","122324","98092","21827","479031","Shipped","2021-08-01 04:42:08","2021-08-03 12:25:00",NULL,NULL,"44.9900016784668"
"177651","122525","98273","27055","479779","Shipped","2022-02-13 06:16:21","2022-02-15 15:26:00",NULL,NULL,"44.9900016784668"
"177965","122747","98456","115","480617","Shipped","2022-07-12 07:14:56","2022-07-12 18:13:00",NULL,NULL,"44.9900016784668"
"178184","122896","98574","21691","481187","Shipped","2019-11-25 02:12:22","2019-11-22 08:30:00",NULL,NULL,"44.9900016784668"
"178572","123173","98799","18391","482252","Shipped","2021-10-02 13:02:28","2021-10-04 00:37:00",NULL,NULL,"44.9900016784668"
"179323","123682","99217","2428","484266","Shipped","2020-04-14 05:32:05","2020-04-15 09:26:00",NULL,NULL,"44.9900016784668"
"179440","123758","99278","12812","484583","Shipped","2022-06-25 17:36:51","2022-06-28 10:19:00",NULL,NULL,"44.9900016784668"
"179446","123763","99280","21890","484603","Shipped","2022-06-27 08:22:05","2022-06-28 07:42:00",NULL,NULL,"44.9900016784668"
"179957","124109","99548","5049","485966","Shipped","2021-10-30 01:36:17","2021-10-31 10:17:00",NULL,NULL,"44.9900016784668"
"180428","124423","99772","17016","487222","Shipped","2022-07-31 16:20:46","2022-07-28 08:47:00",NULL,NULL,"44.9900016784668"
"180766","124673","99972","2784","488155","Shipped","2022-08-17 10:11:17","2022-08-19 04:24:00",NULL,NULL,"44.9900016784668"
"1438","999","839","18521","3908","Complete","2021-05-19 09:04:11","2021-05-21 10:38:00","2021-05-25 03:10:00",NULL,"44.9900016784668"
"1999","1384","1118","15246","5415","Complete","2020-09-14 01:55:51","2020-09-16 09:46:00","2020-09-21 00:44:00",NULL,"44.9900016784668"
"2481","1694","1367","21834","6713","Complete","2022-08-20 04:01:59","2022-08-20 03:37:00","2022-08-22 08:07:00",NULL,"44.9900016784668"
"2624","1800","1456","22467","7097","Complete","2019-12-23 23:20:31","2019-12-24 18:49:00","2019-12-26 20:23:00",NULL,"44.9900016784668"
"3340","2266","1820","4546","9038","Complete","2021-08-03 14:24:38","2021-08-03 18:05:00","2021-08-08 02:34:00",NULL,"44.9900016784668"
"3431","2321","1862","17682","9276","Complete","2020-05-03 01:41:38","2020-05-04 17:59:00","2020-05-08 17:21:00",NULL,"44.9900016784668"
"3672","2488","2008","6678","9930","Complete","2022-05-28 14:35:24","2022-05-31 00:49:00","2022-06-02 23:18:00",NULL,"44.9900016784668"
"3760","2548","2066","1167","10173","Complete","2022-07-15 16:51:00","2022-07-18 17:32:00","2022-07-21 18:12:00",NULL,"44.9900016784668"
"4178","2841","2277","21895","11325","Complete","2020-04-13 16:33:40","2020-04-14 18:10:00","2020-04-18 16:00:00",NULL,"44.9900016784668"
"4559","3127","2540","13247","12358","Complete","2022-01-26 23:56:19","2022-01-28 02:55:00","2022-01-28 15:55:00",NULL,"44.9900016784668"
"6099","4161","3375","17522","16500","Complete","2022-04-27 04:45:49","2022-04-25 00:27:00","2022-04-25 15:13:00",NULL,"44.9900016784668"
"6278","4281","3482","22467","16983","Complete","2022-07-08 21:18:05","2022-07-11 03:51:00","2022-07-12 01:31:00",NULL,"44.9900016784668"
"6790","4629","3752","127","18387","Complete","2022-05-13 14:57:14","2022-05-13 17:53:00","2022-05-16 23:02:00",NULL,"44.9900016784668"
"8231","5636","4555","28006","22323","Complete","2022-05-20 12:53:09","2022-05-20 20:22:00","2022-05-21 23:54:00",NULL,"44.9900016784668"
"8822","6049","4892","28006","23932","Complete","2022-02-21 23:58:54","2022-02-23 17:11:00","2022-02-27 05:14:00",NULL,"44.9900016784668"
"9357","6424","5214","23360","25377","Complete","2022-03-12 18:22:38","2022-03-13 04:08:00","2022-03-16 01:25:00",NULL,"44.9900016784668"
"9971","6860","5563","4977","27054","Complete","2022-02-09 10:26:55","2022-02-09 16:21:00","2022-02-11 00:49:00",NULL,"44.9900016784668"
"11461","7886","6394","18235","31055","Complete","2022-09-01 08:22:01.650001","2022-09-03 19:49:36.650001","2022-09-07 12:42:36.650001",NULL,"44.9900016784668"
"11845","8161","6605","20844","32086","Complete","2022-01-18 03:48:20","2022-01-16 15:06:00","2022-01-19 20:43:00",NULL,"44.9900016784668"
"12223","8431","6807","21834","33127","Complete","2021-08-13 22:08:03","2021-08-14 09:15:00","2021-08-17 09:04:00",NULL,"44.9900016784668"
"12282","8469","6840","11587","33286","Complete","2022-03-23 03:58:00","2022-03-22 22:07:00","2022-03-24 09:01:00",NULL,"44.9900016784668"
"12530","8636","6969","4342","33951","Complete","2021-04-09 15:10:35","2021-04-10 20:19:00","2021-04-11 04:38:00",NULL,"44.9900016784668"
"12576","8675","7003","834","34081","Complete","2022-05-12 00:56:11","2022-05-14 11:38:00","2022-05-16 03:30:00",NULL,"44.9900016784668"
"12839","8863","7148","4391","34792","Complete","2021-01-20 07:29:22","2021-01-23 04:30:00","2021-01-26 12:18:00",NULL,"44.9900016784668"
"12944","8929","7205","634","35073","Complete","2022-08-28 17:58:32","2022-08-30 03:21:00","2022-08-31 04:24:00",NULL,"44.9900016784668"
"14859","10220","8222","21949","40246","Complete","2022-06-15 07:24:15","2022-06-15 06:58:00","2022-06-16 07:33:00",NULL,"44.9900016784668"
"15782","10829","8700","23321","42734","Complete","2020-07-23 14:42:53","2020-07-22 21:37:00","2020-07-25 02:22:00",NULL,"44.9900016784668"
"18432","12669","10163","26248","49912","Complete","2021-12-17 02:28:47","2021-12-17 23:04:00","2021-12-22 06:35:00",NULL,"44.9900016784668"
"18744","12883","10340","28006","50740","Complete","2021-04-03 17:14:08","2021-04-01 04:57:00","2021-04-02 19:42:00",NULL,"44.9900016784668"
"19783","13606","10899","26248","53530","Complete","2021-08-26 13:39:53","2021-08-27 22:39:00","2021-08-30 05:02:00",NULL,"44.9900016784668"
"20065","13798","11056","4354","54298","Complete","2019-12-23 06:47:35","2019-12-21 12:39:00","2019-12-26 02:49:00",NULL,"44.9900016784668"
"20859","14344","11483","20639","56458","Complete","2021-09-16 12:45:44","2021-09-19 03:29:00","2021-09-19 15:34:00",NULL,"44.9900016784668"
"21160","14546","11627","20639","57239","Complete","2022-02-03 17:34:27","2022-02-03 15:09:00","2022-02-04 12:55:00",NULL,"44.9900016784668"
"21169","14549","11628","4723","57263","Complete","2022-03-15 02:36:38","2022-03-17 04:33:00","2022-03-21 11:15:00",NULL,"44.9900016784668"
"21755","14956","11946","127","58804","Complete","2022-03-27 05:22:21","2022-03-27 09:44:00","2022-03-30 00:19:00",NULL,"44.9900016784668"
"22191","15256","12189","21895","59970","Complete","2022-05-30 16:29:38","2022-06-01 20:35:00","2022-06-02 10:17:00",NULL,"44.9900016784668"
"22256","15303","12229","634","60143","Complete","2021-06-29 00:22:34","2021-06-30 16:15:00","2021-06-30 17:12:00",NULL,"44.9900016784668"
"22836","15704","12551","26248","61725","Complete","2021-01-28 02:36:04","2021-01-30 19:09:00","2021-02-02 12:06:00",NULL,"44.9900016784668"
"22970","15798","12634","2568","62097","Complete","2022-05-01 10:37:34","2022-04-30 13:07:00","2022-04-30 23:35:00",NULL,"44.9900016784668"
"23010","15827","12655","21837","62201","Complete","2021-11-13 14:26:29","2021-11-12 11:00:00","2021-11-17 07:56:00",NULL,"44.9900016784668"
"23677","16300","13040","22693","64013","Complete","2019-11-12 08:52:40","2019-11-13 05:45:00","2019-11-16 19:36:00",NULL,"44.9900016784668"
"23736","16337","13069","4773","64169","Complete","2021-10-27 03:09:49","2021-10-25 04:19:00","2021-10-26 13:27:00",NULL,"44.9900016784668"
"24398","16787","13412","17423","65941","Complete","2021-12-02 05:27:43","2021-12-05 01:32:00","2021-12-07 02:19:00",NULL,"44.9900016784668"
"24765","17049","13617","6883","66927","Complete","2022-03-08 17:20:45","2022-03-10 01:13:00","2022-03-12 19:32:00",NULL,"44.9900016784668"
"24839","17110","13659","913","67129","Complete","2020-09-14 10:21:46","2020-09-14 03:07:00","2020-09-18 11:30:00",NULL,"44.9900016784668"
"25079","17279","13802","12812","67788","Complete","2022-03-17 11:48:39","2022-03-15 08:04:00","2022-03-17 04:17:00",NULL,"44.9900016784668"
"25165","17343","13845","20723","68019","Complete","2022-06-14 07:22:40","2022-06-14 15:04:00","2022-06-15 16:29:00",NULL,"44.9900016784668"
"25537","17593","14055","18248","69004","Complete","2022-03-21 05:35:24","2022-03-19 16:28:00","2022-03-21 22:35:00",NULL,"44.9900016784668"
"27498","18944","15153","20844","74337","Complete","2021-08-21 04:04:09","2021-08-19 17:32:00","2021-08-22 01:57:00",NULL,"44.9900016784668"
"27877","19215","15368","22003","75365","Complete","2022-09-01 08:03:57","2022-09-01 20:50:00","2022-09-06 01:47:00",NULL,"44.9900016784668"
"28369","19544","15628","4647","76692","Complete","2021-12-01 22:28:29","2021-12-03 12:52:00","2021-12-07 05:11:00",NULL,"44.9900016784668"
"29867","20575","16455","10106","80741","Complete","2019-05-27 00:32:43","2019-05-23 14:29:00","2019-05-26 02:22:00",NULL,"44.9900016784668"
"30202","20798","16639","4647","81662","Complete","2021-07-03 05:33:56","2021-07-01 08:45:00","2021-07-02 13:46:00",NULL,"44.9900016784668"
"31363","21577","17263","13410","84761","Complete","2022-05-05 08:24:27","2022-05-05 17:18:00","2022-05-07 15:40:00",NULL,"44.9900016784668"
"31528","21692","17357","23315","85212","Complete","2021-03-15 11:07:23","2021-03-18 05:14:00","2021-03-22 17:49:00",NULL,"44.9900016784668"
"32088","22081","17661","21786","86699","Complete","2021-09-03 08:51:21","2021-08-31 16:39:00","2021-09-03 22:31:00",NULL,"44.9900016784668"
"33200","22854","18240","22036","89680","Complete","2021-05-18 08:00:28","2021-05-19 12:09:00","2021-05-23 15:26:00",NULL,"44.9900016784668"
"33317","22936","18297","21301","90002","Complete","2021-10-15 16:47:40","2021-10-16 09:23:00","2021-10-21 06:55:00",NULL,"44.9900016784668"
"33710","23211","18533","22009","91083","Complete","2022-06-04 14:22:35","2022-06-03 11:13:00","2022-06-03 21:41:00",NULL,"44.9900016784668"
"33733","23228","18545","634","91141","Complete","2019-06-24 10:40:35","2019-06-24 12:31:00","2019-06-28 04:49:00",NULL,"44.9900016784668"
"34973","24074","19224","21936","94472","Complete","2022-07-19 11:40:29","2022-07-19 04:45:00","2022-07-20 16:54:00",NULL,"44.9900016784668"
"35491","24432","19526","16986","95856","Complete","2022-08-24 08:10:24","2022-08-24 01:19:00","2022-08-24 08:48:00",NULL,"44.9900016784668"
"35656","24541","19608","21786","96288","Complete","2022-08-02 05:52:23","2022-08-03 23:19:00","2022-08-05 14:39:00",NULL,"44.9900016784668"
"36162","24901","19902","16146","97653","Complete","2022-05-08 03:52:13","2022-05-06 15:57:00","2022-05-06 19:12:00",NULL,"44.9900016784668"
"36513","25136","20096","5785","98573","Complete","2021-05-06 14:25:29","2021-05-09 14:34:00","2021-05-10 07:39:00",NULL,"44.9900016784668"
"37158","25591","20448","23321","100336","Complete","2021-03-10 23:27:30","2021-03-09 22:08:00","2021-03-13 12:23:00",NULL,"44.9900016784668"
"38053","26197","20936","21895","102733","Complete","2021-04-18 10:30:50","2021-04-19 07:15:00","2021-04-20 02:03:00",NULL,"44.9900016784668"
"39308","27058","21612","5582","106131","Complete","2022-07-06 16:53:22","2022-07-07 10:15:00","2022-07-10 09:07:00",NULL,"44.9900016784668"
"40270","27720","22139","22154","108696","Complete","2022-02-01 15:48:41","2022-02-04 00:42:00","2022-02-06 23:47:00",NULL,"44.9900016784668"
"40570","27912","22274","12753","109531","Complete","2022-08-03 00:55:48","2022-08-04 00:02:00","2022-08-05 09:30:00",NULL,"44.9900016784668"
"40818","28076","22396","11587","110220","Complete","2021-11-14 22:55:05","2021-11-13 07:21:00","2021-11-16 21:46:00",NULL,"44.9900016784668"
"41130","28284","22564","13247","111037","Complete","2021-06-19 13:12:13","2021-06-19 19:32:00","2021-06-23 09:39:00",NULL,"44.9900016784668"
"41449","28509","22742","7307","111880","Complete","2020-04-19 02:25:17","2020-04-18 21:51:00","2020-04-20 10:57:00",NULL,"44.9900016784668"
"42408","29176","23268","7259","114512","Complete","2022-02-27 09:48:11","2022-02-28 20:00:00","2022-03-04 06:02:00",NULL,"44.9900016784668"
"43818","30140","24025","21827","118341","Complete","2022-02-25 10:28:40","2022-02-26 16:41:00","2022-03-02 07:13:00",NULL,"44.9900016784668"
"44693","30763","24553","5041","120719","Complete","2022-08-29 03:16:18","2022-08-29 22:14:00","2022-09-02 14:06:00",NULL,"44.9900016784668"
"44853","30867","24643","16369","121144","Complete","2019-12-30 10:09:50","2019-12-29 12:32:00","2019-12-30 09:16:00",NULL,"44.9900016784668"
"45005","30987","24738","2515","121547","Complete","2019-09-06 04:34:47","2019-09-06 13:59:00","2019-09-07 13:58:00",NULL,"44.9900016784668"
"46649","32126","25651","21936","125952","Complete","2021-09-14 11:50:02","2021-09-15 23:51:00","2021-09-20 02:13:00",NULL,"44.9900016784668"
"47021","32384","25869","3519","126918","Complete","2021-09-06 11:53:58","2021-09-04 19:20:00","2021-09-07 05:17:00",NULL,"44.9900016784668"
"48276","33264","26578","8407","130292","Complete","2022-06-21 14:20:16","2022-06-22 13:17:00","2022-06-25 13:53:00",NULL,"44.9900016784668"
"48571","33462","26728","10400","131083","Complete","2020-05-22 12:37:59","2020-05-23 13:47:00","2020-05-24 15:53:00",NULL,"44.9900016784668"
"48650","33520","26775","21691","131294","Complete","2021-05-20 06:32:41","2021-05-23 05:06:00","2021-05-26 19:39:00",NULL,"44.9900016784668"
"48818","33626","26852","115","131747","Complete","2019-05-10 16:04:22","2019-05-11 07:34:00","2019-05-15 20:55:00",NULL,"44.9900016784668"
"49581","34155","27265","4909","133840","Complete","2021-03-05 05:33:40","2021-03-06 17:00:00","2021-03-09 05:51:00",NULL,"44.9900016784668"
"49845","34330","27404","2515","134557","Complete","2022-07-01 11:42:25","2022-07-01 23:59:00","2022-07-02 04:09:00",NULL,"44.9900016784668"
"50933","35112","28020","8930","137479","Complete","2020-11-28 00:51:16","2020-11-28 22:34:00","2020-11-30 23:51:00",NULL,"44.9900016784668"
"51254","35329","28203","5100","138342","Complete","2021-10-10 14:26:26","2021-10-10 11:12:00","2021-10-13 22:30:00",NULL,"44.9900016784668"
"51694","35626","28467","20925","139536","Complete","2021-10-23 13:15:17","2021-10-21 14:31:00","2021-10-22 06:15:00",NULL,"44.9900016784668"
"51772","35675","28503","5922","139748","Complete","2021-08-07 04:27:24","2021-08-07 06:17:00","2021-08-09 08:29:00",NULL,"44.9900016784668"
"52366","36090","28824","23155","141306","Complete","2021-02-03 15:02:59","2021-02-04 07:58:00","2021-02-08 22:36:00",NULL,"44.9900016784668"
"52776","36378","29068","22003","142405","Complete","2022-06-01 11:19:58","2022-05-28 20:23:00","2022-06-02 09:29:00",NULL,"44.9900016784668"
"54072","37259","29769","24027","145927","Complete","2020-04-14 02:57:08","2020-04-14 18:19:00","2020-04-19 14:16:00",NULL,"44.9900016784668"
"55241","38078","30424","4342","149041","Complete","2022-09-04 16:21:30","2022-09-05 01:36:00","2022-09-06 05:01:00",NULL,"44.9900016784668"
"55266","38090","30434","24405","149114","Complete","2022-03-04 02:26:44","2022-03-06 06:14:00","2022-03-10 07:17:00",NULL,"44.9900016784668"
"55557","38296","30605","23360","149906","Complete","2022-08-16 16:36:23","2022-08-18 15:34:00","2022-08-20 03:29:00",NULL,"44.9900016784668"
"55915","38539","30799","22049","150900","Complete","2021-05-09 08:54:16","2021-05-09 13:26:00","2021-05-11 00:28:00",NULL,"44.9900016784668"
"57246","39458","31537","21786","154505","Complete","2022-04-22 10:20:37","2022-04-21 00:34:00","2022-04-23 04:34:00",NULL,"44.9900016784668"
"57434","39587","31630","18248","155018","Complete","2022-07-10 02:03:47","2022-07-11 22:44:00","2022-07-14 14:23:00",NULL,"44.9900016784668"
"57927","39922","31907","11370","156325","Complete","2021-06-05 11:06:54","2021-06-07 03:47:00","2021-06-08 18:22:00",NULL,"44.9900016784668"
"58226","40136","32063","10319","157132","Complete","2021-12-13 01:36:09","2021-12-11 21:29:00","2021-12-12 14:57:00",NULL,"44.9900016784668"
"58790","40521","32359","21936","158665","Complete","2021-10-28 08:25:06","2021-10-30 06:59:00","2021-10-31 19:07:00",NULL,"44.9900016784668"
"59068","40706","32514","6883","159408","Complete","2022-06-16 02:14:34","2022-06-19 00:52:00","2022-06-20 13:01:00",NULL,"44.9900016784668"
"59143","40762","32553","21736","159607","Complete","2022-07-31 09:39:41","2022-07-31 18:04:00","2022-08-04 02:12:00",NULL,"44.9900016784668"
"59305","40865","32636","24027","160065","Complete","2022-01-27 22:35:23","2022-01-26 00:58:00","2022-01-28 10:36:00",NULL,"44.9900016784668"
"59792","41191","32913","4620","161408","Complete","2021-06-10 05:34:49","2021-06-06 14:42:00","2021-06-08 10:01:00",NULL,"44.9900016784668"
"60270","41510","33171","24416","162711","Complete","2022-06-20 04:50:40","2022-06-19 06:56:00","2022-06-21 15:27:00",NULL,"44.9900016784668"
"61015","42019","33587","4647","164716","Complete","2021-12-24 05:18:44","2021-12-25 07:16:00","2021-12-29 11:24:00",NULL,"44.9900016784668"
"61302","42211","33746","15217","165488","Complete","2020-01-03 11:08:26","2019-12-30 16:33:00","2019-12-31 18:59:00",NULL,"44.9900016784668"
"62506","43046","34416","7336","168735","Complete","2022-08-21 15:52:27","2022-08-21 18:32:00","2022-08-25 15:48:00",NULL,"44.9900016784668"
"63704","43861","35080","4723","171980","Complete","2020-12-22 01:05:08","2020-12-24 05:26:00","2020-12-25 21:16:00",NULL,"44.9900016784668"
"66376","45671","36506","10341","179232","Complete","2020-10-08 02:41:25","2020-10-08 10:19:00","2020-10-10 10:35:00",NULL,"44.9900016784668"
"66645","45850","36671","24168","179944","Complete","2022-08-28 13:01:40","2022-08-31 05:54:00","2022-08-31 12:37:00",NULL,"44.9900016784668"
"66877","46007","36794","12753","180571","Complete","2022-01-06 07:26:42","2022-01-04 10:53:00","2022-01-06 10:27:00",NULL,"44.9900016784668"
"67234","46259","36991","20844","181559","Complete","2021-07-11 06:45:17","2021-07-08 00:11:00","2021-07-09 07:07:00",NULL,"44.9900016784668"
"67534","46463","37159","21301","182353","Complete","2021-02-28 02:57:49","2021-03-02 12:43:00","2021-03-06 15:43:00",NULL,"44.9900016784668"
"67774","46639","37313","21837","182994","Complete","2022-07-22 11:23:30","2022-07-24 18:40:00","2022-07-28 14:39:00",NULL,"44.9900016784668"
"68259","46978","37581","3595","184297","Complete","2022-03-15 12:34:22","2022-03-17 14:54:00","2022-03-22 08:09:00",NULL,"44.9900016784668"
"68287","46999","37597","5922","184366","Complete","2021-07-14 23:43:09","2021-07-16 15:31:00","2021-07-17 23:53:00",NULL,"44.9900016784668"
"68569","47192","37749","13574","185099","Complete","2022-08-04 08:50:18","2022-08-05 19:10:00","2022-08-07 11:01:00",NULL,"44.9900016784668"
"69000","47497","37985","23155","186268","Complete","2022-02-21 15:29:50","2022-02-22 21:11:00","2022-02-25 14:12:00",NULL,"44.9900016784668"
"69342","47748","38175","15523","187172","Complete","2022-07-21 07:09:00","2022-07-23 20:24:00","2022-07-24 02:41:00",NULL,"44.9900016784668"
"69636","47945","38328","126","187972","Complete","2021-09-24 06:37:19","2021-09-26 09:39:00","2021-10-01 08:02:00",NULL,"44.9900016784668"
"70533","48578","38856","7259","190413","Complete","2022-05-21 11:32:13","2022-05-19 13:17:00","2022-05-20 05:42:00",NULL,"44.9900016784668"
"71216","49033","39239","3595","192272","Complete","2022-07-10 01:19:04","2022-07-09 06:32:00","2022-07-11 02:08:00",NULL,"44.9900016784668"
"72126","49675","39763","21011","194716","Complete","2021-08-23 10:19:34","2021-08-25 19:54:00","2021-08-29 01:56:00",NULL,"44.9900016784668"
"74672","51457","41175","4342","201610","Complete","2021-10-10 01:38:59","2021-10-13 01:45:00","2021-10-15 06:53:00",NULL,"44.9900016784668"
"75174","51797","41435","18137","202966","Complete","2021-04-27 01:09:44","2021-04-27 09:40:00","2021-04-30 15:42:00",NULL,"44.9900016784668"
"75565","52069","41684","17423","204014","Complete","2021-06-01 14:40:04","2021-05-31 11:05:00","2021-06-05 04:48:00",NULL,"44.9900016784668"
"75909","52315","41881","20722","204975","Complete","2022-04-14 17:21:08","2022-04-11 10:25:00","2022-04-12 14:31:00",NULL,"44.9900016784668"
"77098","53160","42533","5515","208160","Complete","2021-12-29 12:34:37","2021-12-29 21:30:00","2021-12-30 14:53:00",NULL,"44.9900016784668"
"77983","53774","43014","21949","210527","Complete","2022-08-13 08:25:02","2022-08-15 14:20:00","2022-08-17 00:44:00",NULL,"44.9900016784668"
"78304","53997","43198","21837","211394","Complete","2021-11-28 00:47:58","2021-11-25 09:19:00","2021-11-27 04:55:00",NULL,"44.9900016784668"
"78521","54137","43333","21638","211976","Complete","2021-01-11 23:19:04","2021-01-14 13:55:00","2021-01-14 17:43:00",NULL,"44.9900016784668"
"78575","54171","43367","21691","212118","Complete","2022-03-18 22:55:00","2022-03-20 19:29:00","2022-03-21 08:12:00",NULL,"44.9900016784668"
"78590","54182","43378","24405","212161","Complete","2022-03-01 06:18:50","2022-03-01 08:32:00","2022-03-03 11:30:00",NULL,"44.9900016784668"
"80242","55341","44250","6883","216675","Complete","2022-09-01 07:02:54","2022-09-01 13:42:00","2022-09-03 05:45:00",NULL,"44.9900016784668"
"81654","56330","45027","21638","220512","Complete","2019-11-17 01:03:24","2019-11-18 04:05:00","2019-11-22 17:51:00",NULL,"44.9900016784668"
"82815","57172","45714","17443","223661","Complete","2021-08-26 01:39:52","2021-08-27 21:43:00","2021-08-30 11:26:00",NULL,"44.9900016784668"
"83003","57307","45809","21895","224168","Complete","2021-05-28 11:56:24","2021-05-29 14:19:00","2021-06-01 06:03:00",NULL,"44.9900016784668"
"83322","57534","45995","5582","225038","Complete","2021-12-31 09:05:13","2022-01-02 05:43:00","2022-01-02 15:11:00",NULL,"44.9900016784668"
"83691","57800","46205","1167","226032","Complete","2022-03-04 05:15:58","2022-03-04 09:35:00","2022-03-08 18:58:00",NULL,"44.9900016784668"
"83860","57914","46304","5582","226499","Complete","2021-01-21 12:17:48","2021-01-20 08:22:00","2021-01-24 09:43:00",NULL,"44.9900016784668"
"84202","58163","46503","18137","227428","Complete","2022-08-18 17:10:01","2022-08-20 20:24:00","2022-08-23 09:42:00",NULL,"44.9900016784668"
"84414","58318","46641","9651","227991","Complete","2022-04-15 00:17:42","2022-04-17 21:29:00","2022-04-20 20:59:00",NULL,"44.9900016784668"
"84531","58400","46712","16369","228310","Complete","2022-08-03 11:59:37","2022-08-04 11:49:00","2022-08-04 15:11:00",NULL,"44.9900016784668"
"84657","58483","46781","17423","228652","Complete","2021-10-23 07:27:03","2021-10-22 06:20:00","2021-10-24 22:22:00",NULL,"44.9900016784668"
"84994","58728","46953","16003","229570","Complete","2020-07-07 18:03:20","2020-07-05 21:51:00","2020-07-08 12:52:00",NULL,"44.9900016784668"
"85274","58926","47109","8930","230343","Complete","2022-05-22 12:48:12","2022-05-24 00:22:00","2022-05-24 07:06:00",NULL,"44.9900016784668"
"87555","60500","48433","16669","236530","Complete","2021-04-11 12:54:38","2021-04-12 19:32:00","2021-04-13 20:06:00",NULL,"44.9900016784668"
"87819","60688","48597","2515","237234","Complete","2021-07-27 10:37:41","2021-07-27 11:00:00","2021-07-30 17:08:00",NULL,"44.9900016784668"
"88007","60827","48691","10400","237748","Complete","2021-10-10 10:13:15","2021-10-12 17:04:00","2021-10-13 03:24:00",NULL,"44.9900016784668"
"88123","60908","48750","7336","238054","Complete","2021-03-20 22:59:01","2021-03-23 09:21:00","2021-03-28 03:14:00",NULL,"44.9900016784668"
"88661","61287","49081","15597","239529","Complete","2022-07-05 03:42:35","2022-07-06 11:15:00","2022-07-09 02:26:00",NULL,"44.9900016784668"
"88675","61297","49090","22334","239566","Complete","2022-01-09 04:19:27","2022-01-10 05:49:00","2022-01-10 12:05:00",NULL,"44.9900016784668"
"90638","62640","50147","8930","244868","Complete","2020-05-15 02:32:33","2020-05-17 12:08:00","2020-05-19 20:52:00",NULL,"44.9900016784668"
"91152","62986","50428","5042","246237","Complete","2020-11-26 08:38:23","2020-11-24 14:22:00","2020-11-26 02:17:00",NULL,"44.9900016784668"
"91964","63543","50871","12777","248402","Complete","2022-07-26 02:05:24","2022-07-25 21:21:00","2022-07-30 20:19:00",NULL,"44.9900016784668"
"92982","64249","51421","20722","251139","Complete","2021-11-18 15:29:14","2021-11-19 19:46:00","2021-11-24 18:21:00",NULL,"44.9900016784668"
"93212","64415","51539","23315","251747","Complete","2022-09-03 21:10:07","2022-09-06 16:12:00","2022-09-07 15:13:00",NULL,"44.9900016784668"
"93501","64603","51690","12810","252523","Complete","2020-08-18 05:35:47","2020-08-19 04:16:00","2020-08-19 13:44:00",NULL,"44.9900016784668"
"93555","64636","51716","23089","252671","Complete","2021-03-30 07:40:22","2021-03-26 09:50:00","2021-03-27 07:18:00",NULL,"44.9900016784668"
"93591","64662","51733","26248","252774","Complete","2022-06-08 09:55:25","2022-06-10 05:43:00","2022-06-15 03:11:00",NULL,"44.9900016784668"
"94073","64997","52007","26248","254096","Complete","2022-02-17 04:42:28","2022-02-18 09:29:00","2022-02-20 19:59:00",NULL,"44.9900016784668"
"94265","65128","52105","17668","254616","Complete","2022-04-10 14:29:49","2022-04-11 20:32:00","2022-04-14 02:48:00",NULL,"44.9900016784668"
"94352","65188","52151","4546","254862","Complete","2021-05-29 15:50:58","2021-05-30 01:33:00","2021-06-03 21:05:00",NULL,"44.9900016784668"
"94406","65223","52184","555","255017","Complete","2021-04-12 09:45:59","2021-04-10 03:08:00","2021-04-13 12:49:00",NULL,"44.9900016784668"
"96261","66521","53187","18005","260022","Complete","2021-12-12 09:56:26","2021-12-14 05:51:00","2021-12-17 06:18:00",NULL,"44.9900016784668"
"96454","66658","53289","15597","260542","Complete","2022-08-30 00:02:59","2022-08-29 15:24:00","2022-08-30 06:02:00",NULL,"44.9900016784668"
"98125","67804","54176","634","265072","Complete","2022-08-14 09:19:02","2022-08-15 08:58:00","2022-08-17 11:48:00",NULL,"44.9900016784668"
"98219","67870","54236","4674","265332","Complete","2020-02-26 11:19:32","2020-02-27 23:42:00","2020-03-02 05:19:00",NULL,"44.9900016784668"
"99862","69030","55190","9855","269736","Complete","2022-06-15 15:25:49","2022-06-15 17:35:00","2022-06-16 08:52:00",NULL,"44.9900016784668"
"100697","69586","55651","17016","271959","Complete","2021-11-16 21:24:47","2021-11-17 21:15:00","2021-11-22 06:57:00",NULL,"44.9900016784668"
"101296","69999","55965","17423","273571","Complete","2022-03-24 18:27:08","2022-03-27 01:18:00","2022-03-30 17:29:00",NULL,"44.9900016784668"
"101367","70052","56002","13574","273765","Complete","2020-11-25 13:03:14","2020-11-26 11:01:00","2020-12-01 00:53:00",NULL,"44.9900016784668"
"101819","70361","56259","17016","274979","Complete","2022-08-08 14:58:36","2022-08-09 16:09:00","2022-08-11 16:27:00",NULL,"44.9900016784668"
"102076","70538","56392","5282","275684","Complete","2022-01-02 11:23:09","2022-01-04 08:06:00","2022-01-04 20:43:00",NULL,"44.9900016784668"
"102138","70576","56425","22334","275865","Complete","2022-03-02 07:00:33","2022-03-04 00:01:00","2022-03-08 04:38:00",NULL,"44.9900016784668"
"102350","70724","56549","21936","276462","Complete","2021-12-23 05:22:23","2021-12-24 00:30:00","2021-12-25 16:09:00",NULL,"44.9900016784668"
"102662","70928","56696","17668","277296","Complete","2022-06-12 23:24:42","2022-06-15 11:57:00","2022-06-20 03:52:00",NULL,"44.9900016784668"
"103205","71311","57002","17900","278763","Complete","2022-08-14 08:09:55","2022-08-15 03:22:00","2022-08-20 02:29:00",NULL,"44.9900016784668"
"105124","72647","58092","18235","283956","Complete","2022-04-06 10:07:52","2022-04-04 16:55:00","2022-04-05 20:35:00",NULL,"44.9900016784668"
"105653","73005","58393","4931","285379","Complete","2022-08-07 00:30:25","2022-08-09 08:17:00","2022-08-12 03:10:00",NULL,"44.9900016784668"
"105695","73033","58412","16444","285499","Complete","2022-08-20 22:59:47","2022-08-21 01:06:00","2022-08-21 15:13:00",NULL,"44.9900016784668"
"105891","73177","58539","1220","286033","Complete","2022-08-12 07:07:58","2022-08-10 19:34:00","2022-08-12 06:33:00",NULL,"44.9900016784668"
"108082","74663","59702","22154","291972","Complete","2022-08-17 14:13:18","2022-08-17 19:08:00","2022-08-21 05:53:00",NULL,"44.9900016784668"
"108193","74744","59769","6678","292275","Complete","2021-01-27 06:12:04","2021-01-29 14:45:00","2021-01-31 04:24:00",NULL,"44.9900016784668"
"110239","76155","60898","7028","297741","Complete","2022-02-11 06:36:39","2022-02-12 21:35:00","2022-02-15 13:12:00",NULL,"44.9900016784668"
"110766","76518","61202","913","299143","Complete","2022-07-16 08:46:33","2022-07-16 14:39:00","2022-07-21 02:14:00",NULL,"44.9900016784668"
"111030","76706","61359","20925","299863","Complete","2020-04-04 09:36:33","2020-04-06 23:25:00","2020-04-09 05:44:00",NULL,"44.9900016784668"
"111375","76938","61560","23089","300792","Complete","2022-06-25 08:34:48","2022-06-24 03:56:00","2022-06-28 07:01:00",NULL,"44.9900016784668"
"111395","76953","61575","21011","300854","Complete","2022-01-29 09:52:42","2022-02-01 11:20:00","2022-02-03 06:04:00",NULL,"44.9900016784668"
"111439","76983","61599","5922","300967","Complete","2021-01-23 10:15:01","2021-01-24 18:56:00","2021-01-27 17:16:00",NULL,"44.9900016784668"
"112511","77709","62162","22314","303887","Complete","2020-02-20 05:31:29","2020-02-21 11:11:00","2020-02-22 13:50:00",NULL,"44.9900016784668"
"113765","78590","62847","4316","307259","Complete","2021-12-08 06:40:51","2021-12-10 19:24:00","2021-12-12 00:20:00",NULL,"44.9900016784668"
"113860","78649","62894","15227","307525","Complete","2021-12-10 22:15:51","2021-12-12 13:35:00","2021-12-14 18:42:00",NULL,"44.9900016784668"
"113880","78659","62904","4793","307576","Complete","2020-06-26 07:07:14","2020-06-28 11:40:00","2020-07-01 12:08:00",NULL,"44.9900016784668"
"114910","79368","63490","2784","310359","Complete","2022-03-08 03:36:50","2022-03-05 23:01:00","2022-03-07 01:30:00",NULL,"44.9900016784668"
"115238","79588","63673","13553","311249","Complete","2021-09-29 12:05:39","2021-10-02 03:14:00","2021-10-02 18:05:00",NULL,"44.9900016784668"
"116259","80277","64262","27055","313993","Complete","2022-07-12 00:31:48","2022-07-14 12:24:00","2022-07-17 06:02:00",NULL,"44.9900016784668"
"117486","81099","64953","15388","317251","Complete","2022-01-14 12:55:57","2022-01-17 10:30:00","2022-01-19 14:44:00",NULL,"44.9900016784668"
"117728","81271","65092","127","317908","Complete","2022-09-05 21:57:27","2022-09-02 11:34:00","2022-09-07 11:03:00",NULL,"44.9900016784668"
"117817","81329","65129","1521","318151","Complete","2022-04-17 22:27:00","2022-04-18 20:55:00","2022-04-23 15:50:00",NULL,"44.9900016784668"
"118326","81683","65408","17682","319502","Complete","2022-08-13 12:25:10","2022-08-13 11:16:00","2022-08-14 07:50:00",NULL,"44.9900016784668"
"119268","82331","65918","18235","322019","Complete","2021-09-15 22:09:49","2021-09-15 23:03:00","2021-09-19 17:57:00",NULL,"44.9900016784668"
"119755","82677","66183","12812","323309","Complete","2022-09-03 05:47:15.447529","2022-09-05 07:50:19.447529","2022-09-07 22:27:19.447529",NULL,"44.9900016784668"
"120241","82992","66443","23315","324642","Complete","2021-09-07 02:58:31","2021-09-07 14:49:00","2021-09-12 08:32:00",NULL,"44.9900016784668"
"121841","84069","67305","18391","328976","Complete","2020-12-05 10:35:28","2020-12-08 00:00:00","2020-12-09 02:45:00",NULL,"44.9900016784668"
"122895","84785","67852","22314","331842","Complete","2022-06-21 08:59:41","2022-06-21 21:41:00","2022-06-22 09:18:00",NULL,"44.9900016784668"
"123108","84930","67963","23315","332411","Complete","2019-12-07 01:27:04","2019-12-09 21:04:00","2019-12-11 22:15:00",NULL,"44.9900016784668"
"123195","84993","68009","4354","332632","Complete","2021-04-27 02:25:18","2021-04-27 19:05:00","2021-04-29 15:13:00",NULL,"44.9900016784668"
"123465","85190","68178","4391","333355","Complete","2021-11-01 10:21:06","2021-10-29 20:31:00","2021-10-30 05:23:00",NULL,"44.9900016784668"
"123780","85394","68341","2515","334182","Complete","2021-11-27 23:02:12","2021-11-30 15:19:00","2021-12-02 17:05:00",NULL,"44.9900016784668"
"123946","85504","68414","21895","334621","Complete","2022-08-17 09:08:49","2022-08-17 16:05:00","2022-08-19 18:19:00",NULL,"44.9900016784668"
"124593","85945","68787","16560","336341","Complete","2022-08-09 04:03:59","2022-08-10 15:40:00","2022-08-13 05:36:00",NULL,"44.9900016784668"
"124728","86056","68874","8407","336727","Complete","2022-06-25 16:00:34","2022-06-27 22:34:00","2022-06-29 13:31:00",NULL,"44.9900016784668"
"127058","87627","70158","13410","343065","Complete","2021-12-31 03:31:57","2021-12-31 10:26:00","2022-01-01 15:03:00",NULL,"44.9900016784668"
"128047","88313","70730","6310","345733","Complete","2021-06-27 05:06:23","2021-06-25 21:43:00","2021-06-27 03:44:00",NULL,"44.9900016784668"
"129088","89020","71320","1070","348564","Complete","2022-02-22 06:53:31","2022-02-23 04:20:00","2022-02-27 02:25:00",NULL,"44.9900016784668"
"129204","89107","71385","21011","348880","Complete","2021-03-27 12:49:53","2021-03-28 17:12:00","2021-03-31 16:52:00",NULL,"44.9900016784668"
"131579","90759","72708","22693","355258","Complete","2021-10-27 09:45:22","2021-10-28 03:13:00","2021-10-28 19:30:00",NULL,"44.9900016784668"
"131586","90763","72712","24416","355278","Complete","2022-04-14 16:05:17","2022-04-14 19:01:00","2022-04-17 23:27:00",NULL,"44.9900016784668"
"131761","90890","72802","20925","355754","Complete","2022-01-13 22:12:24","2022-01-15 17:33:00","2022-01-18 12:25:00",NULL,"44.9900016784668"
"132043","91092","72961","16669","356511","Complete","2022-06-03 17:56:04","2022-06-03 22:38:00","2022-06-07 11:19:00",NULL,"44.9900016784668"
"132149","91165","73008","22467","356815","Complete","2021-03-26 03:37:26","2021-03-28 03:02:00","2021-03-31 09:48:00",NULL,"44.9900016784668"
"132907","91695","73447","830","358894","Complete","2021-02-09 14:03:10","2021-02-11 23:37:00","2021-02-12 04:02:00",NULL,"44.9900016784668"
"133708","92259","73893","17622","361046","Complete","2022-01-23 23:51:40","2022-01-26 23:04:00","2022-01-27 07:56:00",NULL,"44.9900016784668"
"133726","92270","73904","23360","361100","Complete","2022-06-26 06:06:27","2022-06-25 07:12:00","2022-06-26 20:47:00",NULL,"44.9900016784668"
"135371","93409","74833","7259","365558","Complete","2022-03-28 12:52:04","2022-03-26 15:50:00","2022-03-28 03:21:00",NULL,"44.9900016784668"
"135580","93563","74965","26536","366117","Complete","2021-09-26 11:58:39","2021-09-26 20:50:00","2021-09-29 04:49:00",NULL,"44.9900016784668"
"135601","93575","74976","4280","366175","Complete","2019-10-05 05:25:57","2019-10-05 08:19:00","2019-10-08 16:18:00",NULL,"44.9900016784668"
"136057","93889","75250","15246","367408","Complete","2020-04-05 11:05:17","2020-04-07 06:06:00","2020-04-12 00:27:00",NULL,"44.9900016784668"
"136278","94045","75379","17668","368000","Complete","2021-11-08 02:11:53","2021-11-10 16:18:00","2021-11-13 20:57:00",NULL,"44.9900016784668"
"136379","94115","75439","8407","368265","Complete","2020-11-07 22:28:23","2020-11-10 05:11:00","2020-11-12 12:28:00",NULL,"44.9900016784668"
"136527","94217","75518","12810","368652","Complete","2021-12-26 03:13:58","2021-12-28 01:39:00","2021-12-29 14:39:00",NULL,"44.9900016784668"
"136828","94422","75670","16526","369477","Complete","2021-07-21 08:09:13","2021-07-21 21:09:00","2021-07-24 04:02:00",NULL,"44.9900016784668"
"137062","94589","75816","26537","370102","Complete","2022-04-11 04:35:23","2022-04-12 13:29:00","2022-04-13 20:45:00",NULL,"44.9900016784668"
"137274","94722","75931","18148","370673","Complete","2022-05-19 02:25:08","2022-05-16 01:32:00","2022-05-18 09:14:00",NULL,"44.9900016784668"
"139069","95962","76948","16560","375542","Complete","2021-02-06 01:10:48","2021-02-04 16:54:00","2021-02-09 02:11:00",NULL,"44.9900016784668"
"139612","96309","77245","2568","376995","Complete","2022-07-12 02:32:13","2022-07-12 23:19:00","2022-07-15 15:14:00",NULL,"44.9900016784668"
"140127","96668","77525","21301","378366","Complete","2022-06-14 16:57:09","2022-06-15 21:20:00","2022-06-19 18:46:00",NULL,"44.9900016784668"
"140680","97042","77823","4977","379847","Complete","2021-07-08 14:01:35","2021-07-10 05:50:00","2021-07-10 09:57:00",NULL,"44.9900016784668"
"141473","97589","78268","21736","382005","Complete","2022-06-28 00:50:10","2022-06-26 11:04:00","2022-06-27 03:03:00",NULL,"44.9900016784668"
"141655","97708","78338","4342","382491","Complete","2021-02-19 23:07:15","2021-02-21 23:06:00","2021-02-24 12:48:00",NULL,"44.9900016784668"
"143388","98944","79329","17668","387144","Complete","2022-02-11 12:15:41","2022-02-07 14:53:00","2022-02-12 14:18:00",NULL,"44.9900016784668"
"143777","99204","79535","3595","388183","Complete","2022-08-24 02:16:23","2022-08-26 21:04:00","2022-08-27 02:08:00",NULL,"44.9900016784668"
"144537","99721","79956","4931","390244","Complete","2021-05-24 23:19:34","2021-05-26 18:10:00","2021-05-28 03:59:00",NULL,"44.9900016784668"
"144867","99959","80157","18937","391152","Complete","2022-01-20 00:34:26","2022-01-20 04:13:00","2022-01-24 22:05:00",NULL,"44.9900016784668"
"145588","100456","80566","4391","393129","Complete","2022-05-25 11:39:00","2022-05-27 16:16:00","2022-05-31 14:27:00",NULL,"44.9900016784668"
"145904","100680","80774","10400","393988","Complete","2020-03-11 15:34:32","2020-03-13 07:58:00","2020-03-17 09:03:00",NULL,"44.9900016784668"
"146001","100741","80827","913","394234","Complete","2019-08-30 15:22:57","2019-09-01 21:35:00","2019-09-02 10:06:00",NULL,"44.9900016784668"
"146971","101400","81340","21936","396859","Complete","2021-03-11 05:11:50","2021-03-13 07:56:00","2021-03-15 00:42:00",NULL,"44.9900016784668"
"147379","101686","81555","20569","397932","Complete","2022-09-05 11:53:23.817934","2022-09-07 17:28:05.817934","2022-09-09 02:49:05.817934",NULL,"44.9900016784668"
"148105","102199","81984","21890","399901","Complete","2019-12-07 11:59:41","2019-12-09 09:06:00","2019-12-12 17:23:00",NULL,"44.9900016784668"
"148246","102305","82064","24168","400282","Complete","2022-04-13 08:50:33","2022-04-15 13:29:00","2022-04-17 22:40:00",NULL,"44.9900016784668"
"148910","102755","82426","4354","402106","Complete","2019-04-17 15:19:45","2019-04-18 16:44:00","2019-04-19 00:47:00",NULL,"44.9900016784668"
"148953","102788","82455","18137","402226","Complete","2021-11-27 02:40:38","2021-11-24 22:51:00","2021-11-26 10:19:00",NULL,"44.9900016784668"
"149394","103108","82702","21827","403413","Complete","2022-07-22 08:01:59","2022-07-24 18:03:00","2022-07-28 06:09:00",NULL,"44.9900016784668"
"150454","103820","83295","20925","406353","Complete","2021-12-25 07:47:28","2021-12-26 21:13:00","2021-12-30 19:42:00",NULL,"44.9900016784668"
"151206","104330","83702","6883","408367","Complete","2021-07-23 11:14:57","2021-07-25 23:00:00","2021-07-26 07:21:00",NULL,"44.9900016784668"
"151645","104621","83939","18391","409559","Complete","2022-04-24 09:35:29","2022-04-25 14:50:00","2022-04-26 14:39:00",NULL,"44.9900016784668"
"151815","104743","84047","20723","410012","Complete","2022-02-27 17:14:08","2022-02-24 19:53:00","2022-02-28 00:12:00",NULL,"44.9900016784668"
"152297","105081","84323","22467","411306","Complete","2021-09-27 11:56:59","2021-09-27 09:29:00","2021-09-29 00:30:00",NULL,"44.9900016784668"
"154872","106862","85743","16003","418199","Complete","2022-04-05 16:19:48","2022-04-06 20:26:00","2022-04-09 22:58:00",NULL,"44.9900016784668"
"157440","108589","87080","18212","425099","Complete","2022-08-06 08:14:03","2022-08-06 01:31:00","2022-08-08 02:08:00",NULL,"44.9900016784668"
"157926","108932","87372","3519","426397","Complete","2022-04-11 01:50:16","2022-04-13 23:15:00","2022-04-14 14:13:00",NULL,"44.9900016784668"
"158155","109088","87486","22693","427003","Complete","2022-07-21 13:13:17","2022-07-19 18:21:00","2022-07-22 16:42:00",NULL,"44.9900016784668"
"158333","109215","87592","13574","427481","Complete","2021-09-22 13:52:16","2021-09-22 21:36:00","2021-09-23 02:29:00",NULL,"44.9900016784668"
"159056","109717","87987","2568","429438","Complete","2021-08-21 07:07:45","2021-08-20 12:44:00","2021-08-23 11:08:00",NULL,"44.9900016784668"
"159067","109726","87994","18937","429469","Complete","2022-08-03 00:10:44","2022-08-01 18:25:00","2022-08-05 08:11:00",NULL,"44.9900016784668"
"159077","109731","88000","11466","429497","Complete","2021-07-21 08:44:29","2021-07-23 15:12:00","2021-07-27 16:04:00",NULL,"44.9900016784668"
"161370","111310","89248","21786","435695","Complete","2022-02-07 02:22:41","2022-02-09 17:10:00","2022-02-14 08:50:00",NULL,"44.9900016784668"
"161436","111355","89282","21895","435883","Complete","2022-02-20 07:29:22","2022-02-20 22:35:00","2022-02-24 17:28:00",NULL,"44.9900016784668"
"162754","112261","90013","15217","439492","Complete","2022-03-11 01:32:27","2022-03-09 12:01:00","2022-03-09 19:59:00",NULL,"44.9900016784668"
"163068","112477","90196","21301","440336","Complete","2022-08-24 13:25:31","2022-08-22 21:26:00","2022-08-25 12:38:00",NULL,"44.9900016784668"
"164976","113779","91219","1386","445550","Complete","2022-05-25 13:04:29","2022-05-27 03:24:00","2022-05-28 14:16:00",NULL,"44.9900016784668"
"165115","113869","91294","18212","445919","Complete","2022-09-05 02:44:25","2022-09-03 17:15:00","2022-09-06 06:21:00",NULL,"44.9900016784668"
"165271","113975","91381","10341","446361","Complete","2021-12-10 16:09:33","2021-12-09 22:23:00","2021-12-10 20:50:00",NULL,"44.9900016784668"
"167558","115549","92609","5515","452511","Complete","2020-09-12 12:18:45","2020-09-14 22:45:00","2020-09-17 03:54:00",NULL,"44.9900016784668"
"168306","116066","93059","18137","454524","Complete","2021-11-22 09:41:23","2021-11-23 01:15:00","2021-11-28 01:04:00",NULL,"44.9900016784668"
"168353","116102","93089","20719","454647","Complete","2022-03-06 14:22:12","2022-03-07 15:23:00","2022-03-08 01:58:00",NULL,"44.9900016784668"
"169836","117122","93907","21691","458634","Complete","2021-08-08 05:32:02","2021-08-09 18:15:00","2021-08-10 17:09:00",NULL,"44.9900016784668"
"170107","117295","94061","7307","459375","Complete","2021-06-15 11:42:35","2021-06-18 02:22:00","2021-06-18 08:14:00",NULL,"44.9900016784668"
"170223","117373","94123","15686","459696","Complete","2022-09-03 06:04:48","2022-09-05 10:13:00","2022-09-06 17:57:00",NULL,"44.9900016784668"
"171042","117921","94566","21949","461950","Complete","2021-10-02 01:52:50","2021-10-01 18:08:00","2021-10-03 10:36:00",NULL,"44.9900016784668"
"171447","118209","94804","24416","463027","Complete","2022-01-22 15:29:13","2022-01-23 18:35:00","2022-01-26 02:55:00",NULL,"44.9900016784668"
"172130","118693","95157","3519","464898","Complete","2021-09-29 05:09:44","2021-09-30 15:12:00","2021-10-03 18:19:00",NULL,"44.9900016784668"
"174720","120503","96625","15246","471814","Complete","2022-06-15 23:05:02","2022-06-15 05:00:00","2022-06-15 19:16:00",NULL,"44.9900016784668"
"176033","121398","97365","4342","475409","Complete","2022-06-16 12:38:46","2022-06-19 03:50:00","2022-06-21 17:13:00",NULL,"44.9900016784668"
"176045","121405","97369","17944","475443","Complete","2022-04-28 03:52:49","2022-05-01 00:59:00","2022-05-01 03:36:00",NULL,"44.9900016784668"
"176175","121500","97443","22009","475800","Complete","2020-07-03 04:51:54","2020-07-05 10:17:00","2020-07-09 10:19:00",NULL,"44.9900016784668"
"176253","121549","97480","16986","476012","Complete","2022-01-16 21:34:40","2022-01-19 13:22:00","2022-01-22 09:22:00",NULL,"44.9900016784668"
"176656","121823","97702","16146","477111","Complete","2022-08-15 12:59:56","2022-08-17 11:57:00","2022-08-19 12:03:00",NULL,"44.9900016784668"
"177208","122204","97984","26536","478603","Complete","2022-07-16 23:40:24","2022-07-16 14:56:00","2022-07-20 04:37:00",NULL,"44.9900016784668"
"180411","124412","99765","21736","487182","Complete","2022-03-13 04:18:45","2022-03-14 13:01:00","2022-03-18 11:01:00",NULL,"44.9900016784668"
"320","231","198","4311","844","Returned","2022-04-07 23:55:06","2022-04-09 12:36:00","2022-04-12 11:58:00","2022-04-13 16:43:00","44.9900016784668"
"1530","1062","878","3519","4148","Returned","2022-06-26 06:10:39","2022-06-26 22:32:00","2022-06-27 03:32:00","2022-06-28 16:13:00","44.9900016784668"
"3467","2347","1889","16669","9375","Returned","2019-12-19 14:37:50","2019-12-17 22:50:00","2019-12-18 01:50:00","2019-12-19 23:58:00","44.9900016784668"
"4443","3037","2446","23089","12050","Returned","2022-04-04 13:09:06","2022-04-07 07:15:00","2022-04-07 09:22:00","2022-04-09 12:10:00","44.9900016784668"
"5765","3921","3183","22049","15610","Returned","2020-02-08 11:48:39","2020-02-11 02:37:00","2020-02-13 00:27:00","2020-02-15 21:18:00","44.9900016784668"
"15954","10952","8803","15597","43182","Returned","2020-09-06 22:55:44","2020-09-07 14:25:00","2020-09-08 06:04:00","2020-09-08 09:47:00","44.9900016784668"
"16730","11514","9268","13553","45292","Returned","2020-10-16 21:37:34","2020-10-18 17:20:00","2020-10-22 19:32:00","2020-10-23 02:11:00","44.9900016784668"
"18296","12572","10084","17443","49557","Returned","2022-09-01 08:46:28","2022-09-03 18:29:00","2022-09-06 00:18:00","2022-09-07 18:17:00","44.9900016784668"
"19736","13574","10880","4300","53404","Returned","2022-08-28 15:42:01","2022-08-29 01:26:00","2022-08-29 22:44:00","2022-08-31 07:00:00","44.9900016784668"
"20449","14061","11270","22009","55346","Returned","2021-02-22 08:34:23","2021-02-23 23:56:00","2021-02-28 14:09:00","2021-03-01 07:19:00","44.9900016784668"
"21847","15018","11996","16358","59040","Returned","2022-08-31 09:15:27","2022-09-01 13:33:00","2022-09-04 19:30:00","2022-09-05 03:15:00","44.9900016784668"
"24602","16930","13520","6270","66484","Returned","2020-12-20 02:00:03","2020-12-22 11:55:00","2020-12-26 20:40:00","2020-12-27 00:21:00","44.9900016784668"
"26979","18585","14844","20719","72922","Returned","2021-10-09 21:50:19","2021-10-06 23:58:00","2021-10-07 09:12:00","2021-10-09 12:50:00","44.9900016784668"
"27759","19127","15295","1193","75045","Returned","2022-06-10 23:32:12","2022-06-10 17:33:00","2022-06-14 09:36:00","2022-06-17 06:20:00","44.9900016784668"
"28289","19496","15595","2784","76472","Returned","2021-05-16 07:29:08","2021-05-18 01:41:00","2021-05-19 07:01:00","2021-05-21 06:32:00","44.9900016784668"
"28489","19615","15685","21691","77013","Returned","2021-03-28 15:49:34","2021-03-31 11:19:00","2021-03-31 16:36:00","2021-04-03 00:32:00","44.9900016784668"
"33361","22970","18330","24513","90134","Returned","2020-12-21 04:34:35","2020-12-23 02:04:00","2020-12-24 15:40:00","2020-12-24 23:26:00","44.9900016784668"
"33398","22994","18344","200","90230","Returned","2021-10-09 22:30:57","2021-10-11 04:13:00","2021-10-12 18:35:00","2021-10-15 15:45:00","44.9900016784668"
"35680","24553","19623","23155","96353","Returned","2022-04-14 02:06:30","2022-04-11 20:58:00","2022-04-16 05:20:00","2022-04-19 04:17:00","44.9900016784668"
"38143","26263","20980","26536","102980","Returned","2022-08-14 13:00:14","2022-08-15 12:11:00","2022-08-16 02:28:00","2022-08-18 05:36:00","44.9900016784668"
"41282","28392","22649","4300","111451","Returned","2021-09-02 11:57:42","2021-08-30 12:12:00","2021-09-04 05:37:00","2021-09-04 18:47:00","44.9900016784668"
"43052","29621","23629","26248","116251","Returned","2022-06-02 14:55:51","2022-06-01 04:45:00","2022-06-02 02:52:00","2022-06-03 14:09:00","44.9900016784668"
"43500","29924","23865","23315","117469","Returned","2021-08-21 06:41:12","2021-08-22 17:10:00","2021-08-23 20:11:00","2021-08-25 20:49:00","44.9900016784668"
"43678","30046","23958","16003","117963","Returned","2019-08-01 05:22:17","2019-08-03 18:02:00","2019-08-05 22:16:00","2019-08-06 11:41:00","44.9900016784668"
"44400","30562","24392","16003","119920","Returned","2021-02-15 00:33:48","2021-02-15 09:13:00","2021-02-16 07:07:00","2021-02-17 11:42:00","44.9900016784668"
"44830","30849","24628","18496","121083","Returned","2020-09-03 09:22:02","2020-09-01 07:03:00","2020-09-01 18:49:00","2020-09-02 03:05:00","44.9900016784668"
"45777","31518","25156","5049","123607","Returned","2021-10-20 10:22:01","2021-10-18 17:18:00","2021-10-21 06:04:00","2021-10-22 23:47:00","44.9900016784668"
"46477","31993","25545","4909","125510","Returned","2022-07-28 04:22:12","2022-07-29 03:46:00","2022-08-01 00:35:00","2022-08-03 08:34:00","44.9900016784668"
"47541","32760","26159","16560","128314","Returned","2022-08-24 10:11:07","2022-08-21 08:22:00","2022-08-25 08:24:00","2022-08-27 05:28:00","44.9900016784668"
"49265","33923","27092","126","132969","Returned","2022-03-04 07:45:49","2022-03-06 22:08:00","2022-03-07 05:16:00","2022-03-08 22:12:00","44.9900016784668"
"51037","35182","28082","20569","137765","Returned","2020-05-25 14:22:51","2020-05-28 06:34:00","2020-06-01 01:13:00","2020-06-02 05:15:00","44.9900016784668"
"51733","35652","28488","18137","139638","Returned","2022-05-01 15:44:13","2022-04-29 18:38:00","2022-04-30 12:56:00","2022-05-01 14:36:00","44.9900016784668"
"56793","39145","31294","200","153290","Returned","2021-09-02 00:17:14","2021-09-02 08:56:00","2021-09-05 09:01:00","2021-09-07 18:23:00","44.9900016784668"
"57015","39296","31411","13553","153879","Returned","2021-06-23 10:58:37","2021-06-26 09:35:00","2021-06-29 09:35:00","2021-06-29 16:49:00","44.9900016784668"
"57122","39369","31472","21834","154176","Returned","2022-08-17 08:57:25","2022-08-19 06:18:00","2022-08-20 13:07:00","2022-08-22 17:29:00","44.9900016784668"
"61304","42212","33747","4280","165492","Returned","2021-09-05 15:07:34","2021-09-08 12:07:00","2021-09-13 03:02:00","2021-09-14 07:21:00","44.9900016784668"
"61650","42459","33950","4354","166423","Returned","2020-02-21 02:03:37","2020-02-21 21:21:00","2020-02-26 19:15:00","2020-02-28 02:07:00","44.9900016784668"
"65570","45158","36093","5515","177069","Returned","2022-09-03 23:21:54.583581","2022-09-03 13:32:54.583581","2022-09-05 09:49:54.583581","2022-09-05 18:26:54.583581","44.9900016784668"
"71485","49225","39396","21936","193006","Returned","2022-07-24 21:56:27","2022-07-25 06:09:00","2022-07-29 02:01:00","2022-07-29 19:14:00","44.9900016784668"
"71755","49420","39562","9855","193719","Returned","2022-04-21 09:38:23","2022-04-24 09:21:00","2022-04-24 10:39:00","2022-04-26 23:24:00","44.9900016784668"
"75769","52216","41813","7259","204578","Returned","2021-08-09 02:03:09","2021-08-10 04:58:00","2021-08-14 01:29:00","2021-08-16 14:24:00","44.9900016784668"
"78610","54195","43387","22136","212216","Returned","2021-04-29 11:19:11","2021-04-30 05:31:00","2021-05-04 15:34:00","2021-05-04 17:38:00","44.9900016784668"
"80034","55189","44143","2784","216103","Returned","2022-05-16 04:30:25","2022-05-15 11:50:00","2022-05-17 15:43:00","2022-05-19 21:41:00","44.9900016784668"
"81893","56501","45164","13410","221149","Returned","2021-03-29 11:37:35","2021-04-01 02:04:00","2021-04-04 22:15:00","2021-04-05 02:04:00","44.9900016784668"
"82293","56794","45417","22136","222223","Returned","2019-07-11 14:10:07","2019-07-12 21:19:00","2019-07-15 05:41:00","2019-07-15 16:28:00","44.9900016784668"
"84569","58425","46732","9651","228414","Returned","2022-07-09 08:35:47","2022-07-11 20:13:00","2022-07-13 15:19:00","2022-07-15 07:16:00","44.9900016784668"
"84795","58580","46850","17164","229029","Returned","2022-03-27 14:34:55","2022-03-26 16:10:00","2022-03-28 08:06:00","2022-03-31 07:41:00","44.9900016784668"
"90218","62359","49921","22334","243728","Returned","2022-08-08 12:16:07","2022-08-07 14:22:00","2022-08-10 14:26:00","2022-08-10 16:53:00","44.9900016784668"
"90696","62678","50180","2515","245022","Returned","2022-05-05 02:55:05","2022-05-03 09:30:00","2022-05-04 21:17:00","2022-05-06 01:52:00","44.9900016784668"
"91218","63026","50457","555","246416","Returned","2022-09-02 10:36:59","2022-09-04 12:13:00","2022-09-07 17:43:00","2022-09-08 00:09:00","44.9900016784668"
"94210","65086","52069","11370","254458","Returned","2022-03-29 03:44:21","2022-03-30 11:49:00","2022-03-31 04:03:00","2022-04-02 04:41:00","44.9900016784668"
"95283","65856","52679","6678","257374","Returned","2020-03-10 06:03:51","2020-03-11 22:40:00","2020-03-14 03:14:00","2020-03-15 04:14:00","44.9900016784668"
"96188","66475","53149","12777","259826","Returned","2021-08-15 10:44:53","2021-08-16 09:09:00","2021-08-19 14:47:00","2021-08-19 15:49:00","44.9900016784668"
"97302","67252","53733","13410","262836","Returned","2022-09-06 03:14:25","2022-09-05 13:00:00","2022-09-09 19:21:00","2022-09-10 14:56:00","44.9900016784668"
"97455","67353","53819","10487","263243","Returned","2022-04-20 07:00:04","2022-04-20 19:27:00","2022-04-24 04:20:00","2022-04-25 18:44:00","44.9900016784668"
"100462","69421","55519","20719","271322","Returned","2021-02-01 08:19:05","2021-02-02 06:37:00","2021-02-04 13:03:00","2021-02-07 01:13:00","44.9900016784668"
"102214","70631","56473","21638","276074","Returned","2022-01-05 03:32:16","2022-01-01 20:25:00","2022-01-04 16:52:00","2022-01-06 15:38:00","44.9900016784668"
"109037","75321","60217","28006","294541","Returned","2021-10-14 02:34:02","2021-10-14 14:55:00","2021-10-16 06:19:00","2021-10-18 09:21:00","44.9900016784668"
"109417","75583","60420","18005","295551","Returned","2022-04-15 04:11:26","2022-04-16 18:22:00","2022-04-16 19:36:00","2022-04-18 09:43:00","44.9900016784668"
"110836","76566","61241","16560","299338","Returned","2022-03-27 11:40:34","2022-03-29 07:36:00","2022-04-02 05:56:00","2022-04-03 07:10:00","44.9900016784668"
"111695","77156","61735","22693","301663","Returned","2022-03-15 12:13:46","2022-03-16 19:05:00","2022-03-17 21:58:00","2022-03-19 02:35:00","44.9900016784668"
"112116","77441","61951","7307","302821","Returned","2022-05-11 06:46:08","2022-05-13 23:31:00","2022-05-14 23:57:00","2022-05-15 17:07:00","44.9900016784668"
"114115","78823","63050","16669","308202","Returned","2021-06-06 10:15:40","2021-06-08 04:28:00","2021-06-10 08:26:00","2021-06-11 05:53:00","44.9900016784668"
"114570","79127","63290","11370","309439","Returned","2021-06-12 22:24:14","2021-06-14 01:41:00","2021-06-16 05:56:00","2021-06-16 12:13:00","44.9900016784668"
"115673","79882","63927","22136","312395","Returned","2021-02-21 08:20:49","2021-02-22 18:56:00","2021-02-27 00:19:00","2021-02-27 21:29:00","44.9900016784668"
"124651","85998","68830","5282","336512","Returned","2022-07-13 11:33:03","2022-07-14 12:01:00","2022-07-15 21:06:00","2022-07-17 19:40:00","44.9900016784668"
"125865","86810","69462","26537","339801","Returned","2022-07-14 11:31:39","2022-07-15 20:07:00","2022-07-20 09:44:00","2022-07-22 01:53:00","44.9900016784668"
"129107","89035","71329","4356","348617","Returned","2020-01-11 05:34:57","2020-01-12 03:59:00","2020-01-14 08:33:00","2020-01-16 19:31:00","44.9900016784668"
"130337","89898","72016","21936","351908","Returned","2022-07-28 03:58:49","2022-07-31 02:47:00","2022-08-02 11:15:00","2022-08-02 16:47:00","44.9900016784668"
"132588","91457","73244","10400","358026","Returned","2021-12-01 12:04:58","2021-12-02 04:13:00","2021-12-02 13:26:00","2021-12-05 00:53:00","44.9900016784668"
"133578","92159","73810","20722","360701","Returned","2021-08-06 14:19:25","2021-08-07 11:40:00","2021-08-08 09:59:00","2021-08-10 04:50:00","44.9900016784668"
"138534","95594","76646","16526","374083","Returned","2020-06-23 02:55:31","2020-06-25 11:17:00","2020-06-25 21:46:00","2020-06-26 19:33:00","44.9900016784668"
"140518","96932","77738","21691","379426","Returned","2022-01-15 01:49:27","2022-01-14 03:44:00","2022-01-18 18:44:00","2022-01-19 21:55:00","44.9900016784668"
"140935","97211","77965","23315","380532","Returned","2021-10-03 02:36:28","2021-10-05 20:06:00","2021-10-09 09:33:00","2021-10-12 06:30:00","44.9900016784668"
"141680","97728","78357","13553","382551","Returned","2022-07-13 11:49:40","2022-07-15 11:12:00","2022-07-18 18:29:00","2022-07-19 05:07:00","44.9900016784668"
"143423","98968","79351","5785","387238","Returned","2022-08-11 06:08:04","2022-08-12 12:56:00","2022-08-12 22:02:00","2022-08-14 14:18:00","44.9900016784668"
"143797","99218","79545","913","388235","Returned","2020-12-13 09:00:33","2020-12-11 15:10:00","2020-12-16 05:42:00","2020-12-17 09:17:00","44.9900016784668"
"144042","99392","79688","634","388920","Returned","2022-09-04 19:10:16.449054","2022-09-05 16:17:16.449054","2022-09-10 08:15:16.449054","2022-09-12 03:38:16.449054","44.9900016784668"
"145315","100258","80397","4723","392379","Returned","2021-05-18 01:53:12","2021-05-16 12:08:00","2021-05-20 04:03:00","2021-05-21 20:07:00","44.9900016784668"
"145360","100286","80419","21837","392500","Returned","2022-03-21 01:32:29","2022-03-23 15:48:00","2022-03-25 20:31:00","2022-03-28 11:06:00","44.9900016784668"
"146893","101339","81298","18212","396652","Returned","2020-01-23 08:26:29","2020-01-23 09:18:00","2020-01-27 06:02:00","2020-01-27 11:43:00","44.9900016784668"
"147636","101884","81715","2515","398622","Returned","2022-05-22 08:45:21","2022-05-20 00:40:00","2022-05-22 17:03:00","2022-05-24 05:18:00","44.9900016784668"
"150851","104099","83511","24513","407419","Returned","2022-04-20 01:59:10","2022-04-22 20:42:00","2022-04-25 00:06:00","2022-04-27 16:17:00","44.9900016784668"
"151476","104505","83850","7028","409097","Returned","2020-10-03 07:08:58","2020-10-05 21:21:00","2020-10-09 12:48:00","2020-10-11 13:53:00","44.9900016784668"
"151897","104802","84100","7259","410235","Returned","2022-02-22 01:36:09","2022-02-21 11:08:00","2022-02-25 13:35:00","2022-02-26 09:10:00","44.9900016784668"
"152597","105292","84474","21936","412096","Returned","2022-07-02 23:18:33","2022-07-01 10:07:00","2022-07-05 20:35:00","2022-07-07 10:33:00","44.9900016784668"
"153431","105852","84908","10400","414365","Returned","2021-11-18 12:21:35","2021-11-21 08:35:00","2021-11-23 10:01:00","2021-11-23 18:30:00","44.9900016784668"
"159433","109983","88204","18535","430463","Returned","2022-06-22 09:25:08","2022-06-24 02:08:00","2022-06-25 23:41:00","2022-06-27 09:59:00","44.9900016784668"
"160940","111020","89006","12777","434540","Returned","2021-09-29 12:23:56","2021-10-02 12:18:00","2021-10-06 23:37:00","2021-10-09 08:57:00","44.9900016784668"
"161674","111524","89424","12777","436539","Returned","2020-01-30 14:56:15","2020-02-01 03:50:00","2020-02-04 03:00:00","2020-02-06 02:50:00","44.9900016784668"
"165396","114072","91454","17900","446703","Returned","2022-02-28 06:42:38","2022-02-28 21:38:00","2022-03-04 01:07:00","2022-03-05 07:50:00","44.9900016784668"
"167143","115264","92387","22467","451411","Returned","2021-04-18 08:23:45","2021-04-20 19:41:00","2021-04-21 02:56:00","2021-04-21 07:35:00","44.9900016784668"
"167973","115840","92869","15246","453592","Returned","2022-08-29 12:15:49","2022-08-30 17:57:00","2022-09-03 21:20:00","2022-09-06 14:41:00","44.9900016784668"
"172264","118783","95231","17016","465257","Returned","2020-02-08 08:46:32","2020-02-10 22:11:00","2020-02-12 16:39:00","2020-02-13 19:04:00","44.9900016784668"
"173666","119782","96049","4280","468996","Returned","2022-03-18 15:13:27","2022-03-19 13:23:00","2022-03-21 21:00:00","2022-03-23 00:30:00","44.9900016784668"
"173742","119833","96093","1070","469186","Returned","2020-03-19 12:10:48","2020-03-21 21:22:00","2020-03-25 06:57:00","2020-03-26 18:00:00","44.9900016784668"
"176308","121591","97512","23315","476163","Returned","2022-02-06 03:31:35","2022-02-05 06:01:00","2022-02-07 17:47:00","2022-02-09 05:01:00","44.9900016784668"
"103911","71813","57424","21936","280696","Cancelled","2022-08-28 21:27:56",NULL,NULL,NULL,"44.9900016784668"
"179057","123500","99065","26594","483554","Returned","2022-04-21 03:34:55","2022-04-22 13:10:00","2022-04-25 23:59:00","2022-04-27 04:32:00","44.9900016784668"
"105208","72706","58140","21890","284162","Cancelled","2022-07-06 01:38:41",NULL,NULL,NULL,"44.9900016784668"
"179471","123779","99293","2428","484670","Returned","2022-01-18 23:36:07","2022-01-19 01:41:00","2022-01-23 14:03:00","2022-01-25 04:10:00","44.9900016784668"
"2895","1978","1593","18937","7835","Cancelled","2022-06-04 09:34:00",NULL,NULL,NULL,"44.9900016784668"
"2918","1995","1609","4413","7898","Cancelled","2022-07-16 11:23:57",NULL,NULL,NULL,"44.9900016784668"
"3428","2319","1860","12810","9270","Cancelled","2022-04-25 13:07:28",NULL,NULL,NULL,"44.9900016784668"
"3850","2618","2117","115","10423","Cancelled","2022-05-23 03:08:10",NULL,NULL,NULL,"44.9900016784668"
"4207","2862","2297","17443","11410","Cancelled","2022-07-03 15:21:52",NULL,NULL,NULL,"44.9900016784668"
"4978","3393","2764","555","13475","Cancelled","2021-05-11 13:36:29",NULL,NULL,NULL,"44.9900016784668"
"5690","3876","3158","17443","15407","Cancelled","2022-08-15 23:19:49",NULL,NULL,NULL,"44.9900016784668"
"6671","4549","3691","22693","18070","Cancelled","2021-03-05 22:36:53",NULL,NULL,NULL,"44.9900016784668"
"7447","5094","4130","5026","20180","Cancelled","2020-06-25 00:29:46",NULL,NULL,NULL,"44.9900016784668"
"7527","5152","4180","1167","20398","Cancelled","2020-09-18 15:58:35",NULL,NULL,NULL,"44.9900016784668"
"10297","7087","5775","18937","27918","Cancelled","2021-01-24 15:14:45",NULL,NULL,NULL,"44.9900016784668"
"10357","7125","5804","115","28077","Cancelled","2022-05-21 22:30:15",NULL,NULL,NULL,"44.9900016784668"
"11123","7650","6208","3595","30144","Cancelled","2021-05-18 07:34:01",NULL,NULL,NULL,"44.9900016784668"
"12114","8363","6752","13410","32825","Cancelled","2021-12-18 07:28:28",NULL,NULL,NULL,"44.9900016784668"
"12757","8811","7112","21827","34569","Cancelled","2021-06-04 21:48:20",NULL,NULL,NULL,"44.9900016784668"
"14020","9654","7792","3519","37994","Cancelled","2020-08-27 13:15:22",NULL,NULL,NULL,"44.9900016784668"
"15280","10497","8450","24513","41383","Cancelled","2022-03-14 07:01:28",NULL,NULL,NULL,"44.9900016784668"
"17344","11933","9588","18937","46980","Cancelled","2022-03-21 13:55:11",NULL,NULL,NULL,"44.9900016784668"
"17821","12253","9857","20844","48276","Cancelled","2022-03-12 12:33:23",NULL,NULL,NULL,"44.9900016784668"
"20010","13767","11036","20722","54155","Cancelled","2021-11-09 00:51:17",NULL,NULL,NULL,"44.9900016784668"
"22885","15737","12584","22136","61866","Cancelled","2022-03-20 17:07:53",NULL,NULL,NULL,"44.9900016784668"
"22986","15810","12642","21736","62138","Cancelled","2021-05-04 10:03:57",NULL,NULL,NULL,"44.9900016784668"
"23094","15889","12703","18137","62419","Cancelled","2022-07-13 02:50:45",NULL,NULL,NULL,"44.9900016784668"
"25448","17533","14004","20719","68766","Cancelled","2022-05-26 13:15:25",NULL,NULL,NULL,"44.9900016784668"
"25517","17582","14048","17522","68952","Cancelled","2021-04-12 23:50:18",NULL,NULL,NULL,"44.9900016784668"
"25805","17785","14212","4620","69738","Cancelled","2021-09-24 08:55:46",NULL,NULL,NULL,"44.9900016784668"
"27121","18684","14931","17522","73329","Cancelled","2022-06-19 14:21:57",NULL,NULL,NULL,"44.9900016784668"
"28810","19830","15845","16669","77885","Cancelled","2021-02-06 14:09:07",NULL,NULL,NULL,"44.9900016784668"
"31356","21571","17260","17668","84745","Cancelled","2022-03-12 15:13:28",NULL,NULL,NULL,"44.9900016784668"
"35750","24605","19667","20639","96535","Cancelled","2020-05-23 04:37:45",NULL,NULL,NULL,"44.9900016784668"
"38904","26791","21399","5785","105028","Cancelled","2021-09-26 16:32:25",NULL,NULL,NULL,"44.9900016784668"
"40619","27942","22301","18212","109669","Cancelled","2022-06-05 16:24:27",NULL,NULL,NULL,"44.9900016784668"
"41525","28560","22782","17443","112090","Cancelled","2022-07-07 15:29:47",NULL,NULL,NULL,"44.9900016784668"
"41964","28874","23033","7028","113289","Cancelled","2022-04-05 09:02:07",NULL,NULL,NULL,"44.9900016784668"
"46049","31702","25286","12777","124341","Cancelled","2022-07-20 23:49:17",NULL,NULL,NULL,"44.9900016784668"
"46165","31778","25360","16146","124652","Cancelled","2022-07-05 06:57:12",NULL,NULL,NULL,"44.9900016784668"
"47519","32740","26141","10341","128260","Cancelled","2022-07-07 06:47:32",NULL,NULL,NULL,"44.9900016784668"
"49860","34341","27414","22467","134595","Cancelled","2022-01-17 02:45:52",NULL,NULL,NULL,"44.9900016784668"
"50307","34655","27664","5580","135804","Cancelled","2022-04-10 09:00:35",NULL,NULL,NULL,"44.9900016784668"
"50357","34687","27691","18137","135935","Cancelled","2022-08-09 03:54:05",NULL,NULL,NULL,"44.9900016784668"
"50996","35155","28056","21890","137653","Cancelled","2022-04-07 02:41:14",NULL,NULL,NULL,"44.9900016784668"
"51754","35664","28496","15382","139698","Cancelled","2022-03-03 02:33:41",NULL,NULL,NULL,"44.9900016784668"
"51780","35682","28508","10180","139768","Cancelled","2022-08-18 04:25:17",NULL,NULL,NULL,"44.9900016784668"
"52188","35963","28731","24416","140845","Cancelled","2022-08-04 14:47:32",NULL,NULL,NULL,"44.9900016784668"
"54474","37546","29995","17682","146986","Cancelled","2022-07-03 00:27:58",NULL,NULL,NULL,"44.9900016784668"
"54502","37568","30014","18496","147062","Cancelled","2021-06-07 13:29:48",NULL,NULL,NULL,"44.9900016784668"
"54554","37610","30051","2784","147200","Cancelled","2022-02-13 08:27:09",NULL,NULL,NULL,"44.9900016784668"
"58754","40494","32340","4909","158578","Cancelled","2021-09-13 13:24:25",NULL,NULL,NULL,"44.9900016784668"
"58889","40584","32413","15246","158941","Cancelled","2022-08-06 15:25:43",NULL,NULL,NULL,"44.9900016784668"
"59052","40694","32506","24168","159367","Cancelled","2021-10-15 15:37:23",NULL,NULL,NULL,"44.9900016784668"
"60238","41488","33151","18005","162630","Cancelled","2022-01-16 13:53:33",NULL,NULL,NULL,"44.9900016784668"
"61851","42589","34055","10180","166981","Cancelled","2022-08-09 10:45:51",NULL,NULL,NULL,"44.9900016784668"
"61945","42660","34104","20844","167224","Cancelled","2021-10-06 08:27:11",NULL,NULL,NULL,"44.9900016784668"
"65234","44914","35916","830","176149","Cancelled","2020-10-26 17:20:07",NULL,NULL,NULL,"44.9900016784668"
"65519","45122","36065","15382","176928","Cancelled","2021-03-24 01:51:58",NULL,NULL,NULL,"44.9900016784668"
"66687","45880","36692","22049","180058","Cancelled","2022-02-16 08:10:20",NULL,NULL,NULL,"44.9900016784668"
"66986","46081","36851","18148","180875","Cancelled","2020-01-17 13:26:22",NULL,NULL,NULL,"44.9900016784668"
"68157","46905","37517","16444","184019","Cancelled","2022-04-05 23:34:47",NULL,NULL,NULL,"44.9900016784668"
"69254","47684","38120","20723","186938","Cancelled","2021-02-01 23:57:31",NULL,NULL,NULL,"44.9900016784668"
"69660","47962","38346","10341","188034","Cancelled","2020-10-31 12:21:35",NULL,NULL,NULL,"44.9900016784668"
"73136","50382","40335","5026","197476","Cancelled","2022-09-02 08:10:22",NULL,NULL,NULL,"44.9900016784668"
"73346","50524","40437","9855","198053","Cancelled","2022-08-21 08:07:36",NULL,NULL,NULL,"44.9900016784668"
"73706","50760","40615","20639","199010","Cancelled","2021-11-06 21:51:32",NULL,NULL,NULL,"44.9900016784668"
"74246","51148","40939","13410","200480","Cancelled","2021-10-19 15:20:28",NULL,NULL,NULL,"44.9900016784668"
"74587","51402","41125","26594","201379","Cancelled","2022-03-31 15:08:23",NULL,NULL,NULL,"44.9900016784668"
"77650","53542","42835","5041","209611","Cancelled","2022-08-20 09:51:00",NULL,NULL,NULL,"44.9900016784668"
"77856","53679","42948","16358","210187","Cancelled","2021-10-12 07:51:07",NULL,NULL,NULL,"44.9900016784668"
"78744","54292","43459","830","212587","Cancelled","2020-10-02 04:01:53",NULL,NULL,NULL,"44.9900016784668"
"80144","55274","44205","4311","216398","Cancelled","2020-05-22 10:19:47",NULL,NULL,NULL,"44.9900016784668"
"84213","58172","46513","4316","227459","Cancelled","2022-03-09 12:58:51",NULL,NULL,NULL,"44.9900016784668"
"84715","58524","46811","21970","228806","Cancelled","2021-04-29 06:54:26",NULL,NULL,NULL,"44.9900016784668"
"84716","58524","46811","28006","228808","Cancelled","2021-04-27 10:14:50",NULL,NULL,NULL,"44.9900016784668"
"85623","59169","47310","17164","231287","Cancelled","2020-05-31 13:05:34",NULL,NULL,NULL,"44.9900016784668"
"90051","62241","49815","19170","243270","Cancelled","2020-03-08 04:44:39",NULL,NULL,NULL,"44.9900016784668"
"90835","62770","50250","913","245381","Cancelled","2021-07-11 12:57:13",NULL,NULL,NULL,"44.9900016784668"
"91731","63386","50748","18535","247778","Cancelled","2020-09-02 07:41:31",NULL,NULL,NULL,"44.9900016784668"
"93914","64890","51928","5049","253660","Cancelled","2022-07-10 17:26:26",NULL,NULL,NULL,"44.9900016784668"
"95828","66236","52967","20723","258871","Cancelled","2022-08-17 03:48:32",NULL,NULL,NULL,"44.9900016784668"
"96215","66494","53166","10180","259898","Cancelled","2019-12-09 09:55:22",NULL,NULL,NULL,"44.9900016784668"
"99287","68608","54850","4280","268202","Cancelled","2022-01-27 13:53:17",NULL,NULL,NULL,"44.9900016784668"
"99782","68970","55143","5922","269515","Cancelled","2022-03-09 15:14:31",NULL,NULL,NULL,"44.9900016784668"
"102955","71137","56863","20639","278080","Cancelled","2019-08-21 08:31:57",NULL,NULL,NULL,"44.9900016784668"
"103526","71545","57202","1691","279640","Cancelled","2021-12-17 23:57:25",NULL,NULL,NULL,"44.9900016784668"
"104224","72018","57578","16882","281535","Cancelled","2022-03-15 08:55:51",NULL,NULL,NULL,"44.9900016784668"
"105506","72900","58311","20844","284973","Cancelled","2021-10-01 21:16:16",NULL,NULL,NULL,"44.9900016784668"
"106641","73687","58930","5922","288044","Cancelled","2022-07-16 03:26:52",NULL,NULL,NULL,"44.9900016784668"
"107724","74423","59495","4647","290970","Cancelled","2022-07-29 17:45:00",NULL,NULL,NULL,"44.9900016784668"
"114106","78818","63046","1067","308175","Cancelled","2022-06-07 09:28:42",NULL,NULL,NULL,"44.9900016784668"
"114312","78958","63156","200","308739","Cancelled","2021-09-11 23:20:16",NULL,NULL,NULL,"44.9900016784668"
"114668","79199","63350","12810","309706","Cancelled","2021-01-25 03:12:28",NULL,NULL,NULL,"44.9900016784668"
"115702","79900","63940","1070","312475","Cancelled","2022-08-22 12:02:04",NULL,NULL,NULL,"44.9900016784668"
"116380","80366","64330","16882","314321","Cancelled","2022-06-14 04:39:55",NULL,NULL,NULL,"44.9900016784668"
"117733","81274","65094","6883","317924","Cancelled","2022-09-02 16:40:14.861546",NULL,NULL,NULL,"44.9900016784668"
"120119","82911","66384","22334","324311","Cancelled","2022-05-08 00:47:32",NULL,NULL,NULL,"44.9900016784668"
"121054","83539","66892","7028","326852","Cancelled","2021-12-26 10:30:47",NULL,NULL,NULL,"44.9900016784668"
"121870","84087","67313","13553","329048","Cancelled","2021-06-20 07:07:11",NULL,NULL,NULL,"44.9900016784668"
"121962","84140","67355","21895","329296","Cancelled","2022-02-22 14:23:16",NULL,NULL,NULL,"44.9900016784668"
"123963","85514","68424","23643","334667","Cancelled","2022-08-23 07:21:37",NULL,NULL,NULL,"44.9900016784668"
"124100","85612","68512","7028","335030","Cancelled","2022-02-27 12:12:12",NULL,NULL,NULL,"44.9900016784668"
"126374","87173","69754","830","341203","Cancelled","2022-08-08 16:59:49",NULL,NULL,NULL,"44.9900016784668"
"127645","88021","70493","5049","344622","Cancelled","2020-12-15 15:01:41",NULL,NULL,NULL,"44.9900016784668"
"128508","88627","70989","16358","346997","Cancelled","2022-08-10 08:21:46",NULL,NULL,NULL,"44.9900016784668"
"128637","88720","71061","4311","347341","Cancelled","2022-05-20 06:21:50",NULL,NULL,NULL,"44.9900016784668"
"131409","90645","72624","6310","354809","Cancelled","2022-07-09 12:55:53",NULL,NULL,NULL,"44.9900016784668"
"132541","91426","73219","17423","357891","Cancelled","2022-08-25 09:01:22",NULL,NULL,NULL,"44.9900016784668"
"133222","91927","73633","15686","359731","Cancelled","2020-08-27 20:17:52",NULL,NULL,NULL,"44.9900016784668"
"135653","93619","75002","17682","366322","Cancelled","2019-12-02 15:06:07",NULL,NULL,NULL,"44.9900016784668"
"138522","95584","76636","6883","374045","Cancelled","2020-04-30 06:17:23",NULL,NULL,NULL,"44.9900016784668"
"139148","96014","76987","17622","375759","Cancelled","2022-08-19 12:07:38",NULL,NULL,NULL,"44.9900016784668"
"139152","96017","76989","22049","375771","Cancelled","2021-05-28 01:36:14",NULL,NULL,NULL,"44.9900016784668"
"140687","97048","77829","11370","379866","Cancelled","2021-06-26 09:59:46",NULL,NULL,NULL,"44.9900016784668"
"142225","98110","78664","12777","384018","Cancelled","2021-10-12 16:05:48",NULL,NULL,NULL,"44.9900016784668"
"142275","98148","78702","4316","384149","Cancelled","2019-10-07 00:51:07",NULL,NULL,NULL,"44.9900016784668"
"143154","98775","79201","23089","386525","Cancelled","2022-06-18 06:53:57",NULL,NULL,NULL,"44.9900016784668"
"145820","100622","80725","15686","393754","Cancelled","2021-09-16 02:01:26",NULL,NULL,NULL,"44.9900016784668"
"146530","101100","81115","16526","395678","Cancelled","2021-11-03 06:41:51",NULL,NULL,NULL,"44.9900016784668"
"148117","102208","81991","1167","399936","Cancelled","2022-09-02 06:37:20",NULL,NULL,NULL,"44.9900016784668"
"149660","103294","82857","20569","404147","Cancelled","2022-09-03 11:32:03",NULL,NULL,NULL,"44.9900016784668"
"149804","103386","82927","16985","404535","Cancelled","2022-04-05 10:39:11",NULL,NULL,NULL,"44.9900016784668"
"149855","103421","82954","21949","404682","Cancelled","2022-08-30 04:09:31",NULL,NULL,NULL,"44.9900016784668"
"150412","103789","83261","22693","406236","Cancelled","2020-08-14 16:29:28",NULL,NULL,NULL,"44.9900016784668"
"152014","104887","84167","1792","410543","Cancelled","2022-09-01 18:16:11",NULL,NULL,NULL,"44.9900016784668"
"153554","105937","84977","20925","414672","Cancelled","2022-06-22 04:28:28",NULL,NULL,NULL,"44.9900016784668"
"153794","106114","85122","22467","415304","Cancelled","2021-01-21 01:15:58",NULL,NULL,NULL,"44.9900016784668"
"154121","106343","85298","11370","416186","Cancelled","2020-01-31 09:40:19",NULL,NULL,NULL,"44.9900016784668"
"155090","107003","85851","5049","418776","Cancelled","2022-09-03 11:00:21.524247",NULL,NULL,NULL,"44.9900016784668"
"156700","108091","86695","9855","423081","Cancelled","2020-04-08 02:41:06",NULL,NULL,NULL,"44.9900016784668"
"156701","108091","86695","10696","423084","Cancelled","2020-04-10 02:26:49",NULL,NULL,NULL,"44.9900016784668"
"158666","109443","87768","8407","428384","Cancelled","2021-11-06 07:19:50",NULL,NULL,NULL,"44.9900016784668"
"158744","109492","87807","22003","428606","Cancelled","2022-09-04 06:32:52.584926",NULL,NULL,NULL,"44.9900016784668"
"159437","109987","88209","15523","430476","Cancelled","2022-07-20 11:55:28",NULL,NULL,NULL,"44.9900016784668"
"160274","110569","88663","24168","432754","Cancelled","2022-07-27 10:40:41",NULL,NULL,NULL,"44.9900016784668"
"161057","111092","89066","200","434841","Cancelled","2021-08-16 11:29:51",NULL,NULL,NULL,"44.9900016784668"
"161254","111231","89179","12753","435375","Cancelled","2022-04-03 17:17:41",NULL,NULL,NULL,"44.9900016784668"
"162200","111867","89685","26594","437979","Cancelled","2022-08-27 16:36:05",NULL,NULL,NULL,"44.9900016784668"
"163138","112519","90228","28021","440518","Cancelled","2022-02-12 23:02:54",NULL,NULL,NULL,"44.9900016784668"
"163661","112892","90514","22001","441933","Cancelled","2021-10-16 00:13:02",NULL,NULL,NULL,"44.9900016784668"
"164110","113198","90773","15227","443164","Cancelled","2022-04-30 15:18:39",NULL,NULL,NULL,"44.9900016784668"
"164153","113228","90793","4793","443281","Cancelled","2019-10-06 01:26:39",NULL,NULL,NULL,"44.9900016784668"
"164498","113466","90980","5922","444236","Cancelled","2021-10-06 21:54:19",NULL,NULL,NULL,"44.9900016784668"
"166964","115143","92288","17668","450934","Cancelled","2022-08-26 02:02:52",NULL,NULL,NULL,"44.9900016784668"
"168473","116186","93154","6883","454965","Cancelled","2022-05-07 07:22:39",NULL,NULL,NULL,"44.9900016784668"
"168713","116351","93279","7259","455606","Cancelled","2022-03-04 20:40:15",NULL,NULL,NULL,"44.9900016784668"
"169001","116560","93443","21691","456380","Cancelled","2021-01-28 00:02:25",NULL,NULL,NULL,"44.9900016784668"
"169783","117086","93882","4931","458492","Cancelled","2022-06-26 13:36:33",NULL,NULL,NULL,"44.9900016784668"
"169792","117091","93886","16146","458515","Cancelled","2021-07-01 07:56:05",NULL,NULL,NULL,"44.9900016784668"
"170167","117338","94094","13553","459546","Cancelled","2019-09-25 13:39:56",NULL,NULL,NULL,"44.9900016784668"
"170217","117368","94118","1691","459679","Cancelled","2022-03-02 01:03:47",NULL,NULL,NULL,"44.9900016784668"
"171018","117909","94555","10341","461883","Cancelled","2021-04-30 07:14:45",NULL,NULL,NULL,"44.9900016784668"
"173126","119400","95721","5049","467599","Cancelled","2022-05-18 09:55:23",NULL,NULL,NULL,"44.9900016784668"
"173400","119596","95885","26536","468295","Cancelled","2021-02-06 01:04:21",NULL,NULL,NULL,"44.9900016784668"
"175197","120819","96861","17944","473137","Cancelled","2021-11-09 06:42:43",NULL,NULL,NULL,"44.9900016784668"
"179031","123480","99047","15227","483483","Cancelled","2022-08-22 12:53:40",NULL,NULL,NULL,"44.9900016784668"
"179617","123880","99363","7307","485064","Cancelled","2019-08-22 02:56:57",NULL,NULL,NULL,"44.9900016784668"
"180578","124532","99862","17944","487637","Cancelled","2021-02-02 12:48:37",NULL,NULL,NULL,"44.9900016784668"
"14","11","8","21895","41","Processing","2021-01-20 08:19:03",NULL,NULL,NULL,"44.9900016784668"
"982","689","577","15382","2639","Processing","2022-08-15 01:41:30",NULL,NULL,NULL,"44.9900016784668"
"2984","2037","1645","4300","8073","Processing","2022-02-10 03:24:26",NULL,NULL,NULL,"44.9900016784668"
"3417","2310","1856","20569","9239","Processing","2022-05-17 03:23:49",NULL,NULL,NULL,"44.9900016784668"
"3838","2607","2110","22314","10389","Processing","2022-01-10 14:32:38",NULL,NULL,NULL,"44.9900016784668"
"4663","3193","2604","27055","12636","Processing","2022-09-02 01:05:46",NULL,NULL,NULL,"44.9900016784668"
"5841","3974","3225","21301","15810","Processing","2020-04-17 17:04:18",NULL,NULL,NULL,"44.9900016784668"
"5959","4056","3292","18521","16125","Processing","2022-01-14 15:01:45",NULL,NULL,NULL,"44.9900016784668"
"6225","4247","3444","1220","16840","Processing","2022-01-04 15:11:26",NULL,NULL,NULL,"44.9900016784668"
"8869","6080","4915","16003","24054","Processing","2020-02-02 01:28:13",NULL,NULL,NULL,"44.9900016784668"
"8874","6082","4918","17522","24068","Processing","2021-03-26 11:36:23",NULL,NULL,NULL,"44.9900016784668"
"10415","7162","5834","16369","28234","Processing","2021-09-24 03:29:51",NULL,NULL,NULL,"44.9900016784668"
"10569","7269","5920","4723","28648","Processing","2022-04-07 01:33:07",NULL,NULL,NULL,"44.9900016784668"
"14161","9747","7863","4311","38375","Processing","2022-08-02 13:26:49",NULL,NULL,NULL,"44.9900016784668"
"14179","9762","7876","1220","38427","Processing","2022-07-08 22:50:14",NULL,NULL,NULL,"44.9900016784668"
"14659","10091","8116","21301","39707","Processing","2021-09-22 17:02:41",NULL,NULL,NULL,"44.9900016784668"
"15964","10961","8807","17622","43207","Processing","2022-08-17 03:33:34",NULL,NULL,NULL,"44.9900016784668"
"16354","11242","9034","4546","44264","Processing","2022-06-02 00:18:36",NULL,NULL,NULL,"44.9900016784668"
"19134","13155","10547","18521","51774","Processing","2022-08-28 14:11:38",NULL,NULL,NULL,"44.9900016784668"
"19734","13573","10879","1691","53398","Processing","2020-06-10 02:23:54",NULL,NULL,NULL,"44.9900016784668"
"22329","15359","12273","21895","60341","Processing","2022-06-02 05:39:47",NULL,NULL,NULL,"44.9900016784668"
"22556","15512","12395","20925","60967","Processing","2022-08-20 07:28:36",NULL,NULL,NULL,"44.9900016784668"
"24070","16557","13235","18248","65074","Processing","2022-08-31 22:42:39",NULL,NULL,NULL,"44.9900016784668"
"24237","16671","13330","16526","65507","Processing","2022-06-22 11:46:13",NULL,NULL,NULL,"44.9900016784668"
"24716","17016","13585","5282","66802","Processing","2022-08-09 08:34:11",NULL,NULL,NULL,"44.9900016784668"
"24818","17092","13651","23155","67071","Processing","2022-07-30 03:50:35",NULL,NULL,NULL,"44.9900016784668"
"26371","18171","14521","5026","71272","Processing","2022-01-17 11:58:40",NULL,NULL,NULL,"44.9900016784668"
"28195","19433","15543","1386","76215","Processing","2021-10-23 04:49:14",NULL,NULL,NULL,"44.9900016784668"
"28562","19665","15723","23315","77205","Processing","2021-08-15 09:59:29",NULL,NULL,NULL,"44.9900016784668"
"29959","20641","16506","17443","80990","Processing","2021-06-15 07:12:19",NULL,NULL,NULL,"44.9900016784668"
"30194","20791","16629","4356","81641","Processing","2021-12-17 16:10:58",NULL,NULL,NULL,"44.9900016784668"
"31246","21496","17206","7028","84445","Processing","2020-12-27 05:30:51",NULL,NULL,NULL,"44.9900016784668"
"32787","22576","18028","20844","88600","Processing","2020-10-14 09:18:24",NULL,NULL,NULL,"44.9900016784668"
"33780","23265","18571","17016","91259","Processing","2021-08-22 09:00:55",NULL,NULL,NULL,"44.9900016784668"
"34760","23923","19101","1531","93896","Processing","2021-12-16 05:38:47",NULL,NULL,NULL,"44.9900016784668"
"35532","24458","19546","24017","95967","Processing","2020-12-08 04:25:54",NULL,NULL,NULL,"44.9900016784668"
"36229","24945","19938","1070","97823","Processing","2020-11-14 11:57:10",NULL,NULL,NULL,"44.9900016784668"
"36786","25317","20235","24416","99299","Processing","2021-11-07 05:07:38",NULL,NULL,NULL,"44.9900016784668"
"37095","25546","20417","9651","100168","Processing","2020-02-21 13:51:19",NULL,NULL,NULL,"44.9900016784668"
"37640","25920","20706","21837","101634","Processing","2021-06-02 00:08:28",NULL,NULL,NULL,"44.9900016784668"
"38910","26796","21406","834","105041","Processing","2022-08-22 06:06:12",NULL,NULL,NULL,"44.9900016784668"
"39827","27421","21897","16560","107513","Processing","2021-04-13 14:47:36",NULL,NULL,NULL,"44.9900016784668"
"41270","28385","22646","22693","111424","Processing","2021-08-04 23:30:59",NULL,NULL,NULL,"44.9900016784668"
"41697","28677","22870","834","112556","Processing","2021-12-23 18:02:05",NULL,NULL,NULL,"44.9900016784668"
"42344","29131","23232","10106","114330","Processing","2021-08-22 14:57:12",NULL,NULL,NULL,"44.9900016784668"
"43564","29970","23895","6678","117651","Processing","2022-02-20 10:04:13",NULL,NULL,NULL,"44.9900016784668"
"45763","31509","25147","4300","123571","Processing","2022-06-27 23:32:07",NULL,NULL,NULL,"44.9900016784668"
"47642","32829","26213","5282","128588","Processing","2022-09-02 15:15:36.941861",NULL,NULL,NULL,"44.9900016784668"
"49161","33855","27038","5580","132684","Processing","2021-11-09 15:06:54",NULL,NULL,NULL,"44.9900016784668"
"49947","34396","27470","24416","134840","Processing","2022-09-01 10:57:23",NULL,NULL,NULL,"44.9900016784668"
"51222","35308","28184","6310","138254","Processing","2021-05-11 09:28:31",NULL,NULL,NULL,"44.9900016784668"
"53462","36844","29436","16986","144271","Processing","2021-03-01 14:58:36",NULL,NULL,NULL,"44.9900016784668"
"53809","37081","29620","20639","145228","Processing","2022-07-03 05:11:14",NULL,NULL,NULL,"44.9900016784668"
"54312","37425","29905","17016","146566","Processing","2022-07-29 01:07:25",NULL,NULL,NULL,"44.9900016784668"
"55956","38572","30830","20719","151007","Processing","2021-04-06 11:30:36",NULL,NULL,NULL,"44.9900016784668"
"56735","39109","31272","15246","153132","Processing","2022-06-30 10:23:32",NULL,NULL,NULL,"44.9900016784668"
"57782","39820","31830","23089","155923","Processing","2021-06-14 14:15:39",NULL,NULL,NULL,"44.9900016784668"
"60963","41986","33558","4620","164581","Processing","2022-09-04 01:03:39",NULL,NULL,NULL,"44.9900016784668"
"60986","42003","33572","15227","164638","Processing","2022-06-14 07:16:21",NULL,NULL,NULL,"44.9900016784668"
"61257","42180","33724","7307","165370","Processing","2022-07-21 12:49:55",NULL,NULL,NULL,"44.9900016784668"
"61940","42656","34102","17682","167210","Processing","2021-09-14 23:37:29",NULL,NULL,NULL,"44.9900016784668"
"62311","42915","34306","4300","168206","Processing","2019-12-01 23:30:56",NULL,NULL,NULL,"44.9900016784668"
"62764","43217","34560","4793","169446","Processing","2021-11-14 15:23:30",NULL,NULL,NULL,"44.9900016784668"
"63095","43439","34728","23360","170353","Processing","2022-05-18 03:32:15",NULL,NULL,NULL,"44.9900016784668"
"63532","43746","34982","20844","171520","Processing","2021-09-17 07:09:05",NULL,NULL,NULL,"44.9900016784668"
"65022","44760","35796","13247","175580","Processing","2022-08-31 02:08:33",NULL,NULL,NULL,"44.9900016784668"
"66596","45814","36638","24416","179813","Processing","2021-07-09 00:24:59",NULL,NULL,NULL,"44.9900016784668"
"67996","46784","37424","4931","183587","Processing","2022-04-02 23:34:06",NULL,NULL,NULL,"44.9900016784668"
"68431","47096","37675","5049","184742","Processing","2022-07-07 14:46:11",NULL,NULL,NULL,"44.9900016784668"
"68702","47286","37821","21691","185465","Processing","2020-10-24 09:03:45",NULL,NULL,NULL,"44.9900016784668"
"68744","47314","37841","17423","185583","Processing","2022-05-09 06:38:50",NULL,NULL,NULL,"44.9900016784668"
"69022","47512","37995","1531","186327","Processing","2020-11-04 22:16:23",NULL,NULL,NULL,"44.9900016784668"
"69237","47669","38106","4391","186894","Processing","2022-02-19 13:23:50",NULL,NULL,NULL,"44.9900016784668"
"69894","48118","38482","17944","188680","Processing","2019-06-17 08:03:33",NULL,NULL,NULL,"44.9900016784668"
"70960","48853","39086","4674","191572","Processing","2022-07-31 15:39:43",NULL,NULL,NULL,"44.9900016784668"
"71336","49120","39311","12777","192598","Processing","2022-08-11 13:34:10",NULL,NULL,NULL,"44.9900016784668"
"72683","50064","40071","21011","196268","Processing","2022-06-20 14:02:57",NULL,NULL,NULL,"44.9900016784668"
"73579","50675","40547","634","198674","Processing","2021-10-09 09:17:29",NULL,NULL,NULL,"44.9900016784668"
"75071","51730","41388","24017","202689","Processing","2022-02-22 01:29:12",NULL,NULL,NULL,"44.9900016784668"
"76800","52954","42363","18148","207392","Processing","2022-05-27 06:05:28",NULL,NULL,NULL,"44.9900016784668"
"79546","54858","43868","17622","214785","Processing","2022-06-23 03:14:08",NULL,NULL,NULL,"44.9900016784668"
"81887","56495","45158","24405","221135","Processing","2022-03-24 15:40:51",NULL,NULL,NULL,"44.9900016784668"
"82051","56614","45260","10400","221564","Processing","2021-06-13 12:31:19",NULL,NULL,NULL,"44.9900016784668"
"82372","56850","45463","11466","222436","Processing","2020-12-28 10:43:22",NULL,NULL,NULL,"44.9900016784668"
"82748","57121","45671","22314","223482","Processing","2021-11-24 03:23:52",NULL,NULL,NULL,"44.9900016784668"
"84318","58251","46579","23321","227730","Processing","2020-05-30 15:10:33",NULL,NULL,NULL,"44.9900016784668"
"84582","58435","46741","12812","228451","Processing","2020-11-17 12:05:43",NULL,NULL,NULL,"44.9900016784668"
"85574","59132","47278","28006","231145","Processing","2022-05-25 04:49:06",NULL,NULL,NULL,"44.9900016784668"
"85891","59355","47486","1521","232005","Processing","2022-09-04 10:12:25.674513",NULL,NULL,NULL,"44.9900016784668"
"86528","59778","47823","634","233737","Processing","2022-09-07 01:53:14.657663",NULL,NULL,NULL,"44.9900016784668"
"88217","60968","48810","10341","238313","Processing","2022-08-27 14:20:50",NULL,NULL,NULL,"44.9900016784668"
"89300","61725","49421","21080","241244","Processing","2020-07-05 10:05:15",NULL,NULL,NULL,"44.9900016784668"
"89571","61916","49564","15246","241959","Processing","2020-12-06 16:31:42",NULL,NULL,NULL,"44.9900016784668"
"89987","62199","49789","5049","243084","Processing","2022-02-11 06:43:37",NULL,NULL,NULL,"44.9900016784668"
"90891","62806","50288","21301","245528","Processing","2020-05-13 14:13:43",NULL,NULL,NULL,"44.9900016784668"
"91068","62931","50394","13553","246002","Processing","2022-01-29 06:09:42",NULL,NULL,NULL,"44.9900016784668"
"91232","63038","50462","21786","246451","Processing","2022-08-20 15:03:20",NULL,NULL,NULL,"44.9900016784668"
"91378","63143","50554","22049","246836","Processing","2021-10-18 14:03:17",NULL,NULL,NULL,"44.9900016784668"
"91677","63348","50721","5922","247640","Processing","2020-11-05 18:34:55",NULL,NULL,NULL,"44.9900016784668"
"91695","63360","50732","200","247686","Processing","2022-04-04 07:37:19",NULL,NULL,NULL,"44.9900016784668"
"92939","64217","51398","18521","251027","Processing","2021-08-07 11:36:22",NULL,NULL,NULL,"44.9900016784668"
"93214","64417","51541","22001","251754","Processing","2021-12-15 04:24:18",NULL,NULL,NULL,"44.9900016784668"
"93431","64558","51657","19170","252331","Processing","2020-05-25 05:08:20",NULL,NULL,NULL,"44.9900016784668"
"93650","64710","51779","22154","252939","Processing","2021-05-21 02:44:28",NULL,NULL,NULL,"44.9900016784668"
"94020","64954","51979","4413","253946","Processing","2021-04-30 21:39:40",NULL,NULL,NULL,"44.9900016784668"
"94201","65080","52064","18535","254436","Processing","2019-11-23 01:14:00",NULL,NULL,NULL,"44.9900016784668"
"94497","65283","52230","13553","255261","Processing","2021-03-30 09:20:18",NULL,NULL,NULL,"44.9900016784668"
"95016","65658","52534","10487","256664","Processing","2021-09-26 06:37:52",NULL,NULL,NULL,"44.9900016784668"
"95581","66067","52840","24416","258190","Processing","2021-07-24 12:14:46",NULL,NULL,NULL,"44.9900016784668"
"95914","66290","53007","5582","259100","Processing","2022-02-06 03:09:59",NULL,NULL,NULL,"44.9900016784668"
"96552","66721","53335","6270","260791","Processing","2021-01-11 14:13:23",NULL,NULL,NULL,"44.9900016784668"
"97109","67103","53617","21736","262309","Processing","2020-05-16 01:40:35",NULL,NULL,NULL,"44.9900016784668"
"98174","67835","54201","126","265204","Processing","2020-04-15 04:52:04",NULL,NULL,NULL,"44.9900016784668"
"98273","67913","54270","13410","265483","Processing","2019-09-28 02:58:50",NULL,NULL,NULL,"44.9900016784668"
"98539","68080","54413","4909","266195","Processing","2022-09-03 14:33:20.17237",NULL,NULL,NULL,"44.9900016784668"
"98787","68259","54570","22693","266858","Processing","2020-09-30 22:26:06",NULL,NULL,NULL,"44.9900016784668"
"98961","68377","54672","17944","267325","Processing","2022-06-11 06:08:05",NULL,NULL,NULL,"44.9900016784668"
"100184","69240","55368","21786","270580","Processing","2021-12-12 15:29:02",NULL,NULL,NULL,"44.9900016784668"
"100433","69405","55503","1193","271247","Processing","2020-05-30 00:21:08",NULL,NULL,NULL,"44.9900016784668"
"102465","70799","56602","20844","276784","Processing","2022-08-14 23:23:42",NULL,NULL,NULL,"44.9900016784668"
"102515","70836","56632","12810","276916","Processing","2021-07-25 14:48:09",NULL,NULL,NULL,"44.9900016784668"
"103951","71835","57442","1531","280802","Processing","2022-09-07 10:17:34.100346",NULL,NULL,NULL,"44.9900016784668"
"103972","71848","57453","24405","280861","Processing","2019-10-09 11:51:56",NULL,NULL,NULL,"44.9900016784668"
"104032","71892","57487","4909","281013","Processing","2021-12-24 23:49:22",NULL,NULL,NULL,"44.9900016784668"
"104254","72038","57591","18496","281611","Processing","2021-04-26 22:51:17",NULL,NULL,NULL,"44.9900016784668"
"104592","72271","57781","23155","282521","Processing","2021-11-20 15:14:19",NULL,NULL,NULL,"44.9900016784668"
"104664","72324","57823","16146","282714","Processing","2021-10-21 05:18:20",NULL,NULL,NULL,"44.9900016784668"
"105004","72559","58011","16003","283641","Processing","2019-04-11 05:55:14",NULL,NULL,NULL,"44.9900016784668"
"105013","72568","58021","4356","283665","Processing","2022-04-26 04:22:03",NULL,NULL,NULL,"44.9900016784668"
"106276","73440","58742","12777","287062","Processing","2021-11-13 13:59:10",NULL,NULL,NULL,"44.9900016784668"
"107590","74331","59421","11587","290611","Processing","2021-01-02 00:03:10",NULL,NULL,NULL,"44.9900016784668"
"107591","74331","59421","15388","290613","Processing","2021-01-01 23:30:08",NULL,NULL,NULL,"44.9900016784668"
"108250","74783","59801","17900","292428","Processing","2022-01-24 01:03:40",NULL,NULL,NULL,"44.9900016784668"
"109102","75367","60256","20569","294708","Processing","2020-10-27 03:25:43",NULL,NULL,NULL,"44.9900016784668"
"110580","76384","61089","7336","298645","Processing","2022-02-22 06:48:09",NULL,NULL,NULL,"44.9900016784668"
"110833","76564","61240","21970","299330","Processing","2022-03-07 09:25:33",NULL,NULL,NULL,"44.9900016784668"
"112064","77404","61928","126","302677","Processing","2020-05-30 07:03:37",NULL,NULL,NULL,"44.9900016784668"
"112072","77410","61933","4413","302701","Processing","2022-06-08 03:49:56",NULL,NULL,NULL,"44.9900016784668"
"113933","78696","62937","16369","307726","Processing","2021-09-27 06:48:52",NULL,NULL,NULL,"44.9900016784668"
"114885","79354","63477","11587","310297","Processing","2021-11-13 06:57:19",NULL,NULL,NULL,"44.9900016784668"
"115211","79566","63664","21936","311175","Processing","2021-11-24 14:16:00",NULL,NULL,NULL,"44.9900016784668"
"116679","80552","64495","17522","315130","Processing","2022-09-03 13:39:46.203464",NULL,NULL,NULL,"44.9900016784668"
"117173","80889","64760","20925","316421","Processing","2020-10-18 00:51:09",NULL,NULL,NULL,"44.9900016784668"
"118753","81981","65631","16560","320661","Processing","2022-08-16 16:13:08",NULL,NULL,NULL,"44.9900016784668"
"119735","82662","66173","26248","323262","Processing","2022-06-18 14:10:34",NULL,NULL,NULL,"44.9900016784668"
"119786","82698","66199","13574","323397","Processing","2022-09-05 04:20:22",NULL,NULL,NULL,"44.9900016784668"
"122350","84405","67566","13247","330344","Processing","2021-01-26 07:19:19",NULL,NULL,NULL,"44.9900016784668"
"125541","86606","69297","22036","338947","Processing","2020-01-08 09:45:05",NULL,NULL,NULL,"44.9900016784668"
"125983","86892","69538","18535","340140","Processing","2021-03-03 18:12:44",NULL,NULL,NULL,"44.9900016784668"
"126017","86914","69560","21080","340238","Processing","2020-03-06 05:46:27",NULL,NULL,NULL,"44.9900016784668"
"128192","88408","70806","16003","346133","Processing","2022-03-03 15:57:33",NULL,NULL,NULL,"44.9900016784668"
"128228","88437","70833","22003","346229","Processing","2022-08-17 14:33:33",NULL,NULL,NULL,"44.9900016784668"
"128445","88591","70962","23360","346823","Processing","2020-04-16 09:52:49",NULL,NULL,NULL,"44.9900016784668"
"128766","88805","71133","5580","347685","Processing","2022-07-13 04:14:54",NULL,NULL,NULL,"44.9900016784668"
"128874","88884","71202","26536","347962","Processing","2021-10-11 04:00:13",NULL,NULL,NULL,"44.9900016784668"
"129051","88995","71300","4280","348458","Processing","2021-08-19 06:39:19",NULL,NULL,NULL,"44.9900016784668"
"129641","89408","71623","127","350018","Processing","2020-12-15 23:59:45",NULL,NULL,NULL,"44.9900016784668"
"130073","89714","71855","9775","351204","Processing","2022-02-05 07:46:13",NULL,NULL,NULL,"44.9900016784668"
"130793","90220","72257","21736","353157","Processing","2022-05-27 04:11:50",NULL,NULL,NULL,"44.9900016784668"
"131814","90924","72835","10487","355891","Processing","2021-12-07 10:22:07",NULL,NULL,NULL,"44.9900016784668"
"131900","90990","72884","18005","356125","Processing","2022-05-13 14:14:12",NULL,NULL,NULL,"44.9900016784668"
"132084","91122","72981","16444","356627","Processing","2022-07-19 21:55:42",NULL,NULL,NULL,"44.9900016784668"
"132203","91202","73034","6883","356965","Processing","2022-09-03 17:05:52",NULL,NULL,NULL,"44.9900016784668"
"132280","91253","73069","5282","357180","Processing","2022-06-19 10:49:41",NULL,NULL,NULL,"44.9900016784668"
"133236","91937","73636","20925","359766","Processing","2020-11-18 06:06:24",NULL,NULL,NULL,"44.9900016784668"
"134194","92592","74176","20719","362360","Processing","2021-07-14 21:59:09",NULL,NULL,NULL,"44.9900016784668"
"134658","92901","74430","15686","363635","Processing","2022-08-15 00:19:13",NULL,NULL,NULL,"44.9900016784668"
"135662","93625","75009","17522","366348","Processing","2022-07-10 01:26:01",NULL,NULL,NULL,"44.9900016784668"
"137423","94820","76006","22009","371061","Processing","2021-04-11 09:41:15",NULL,NULL,NULL,"44.9900016784668"
"137997","95229","76341","18937","372609","Processing","2022-07-15 01:13:55",NULL,NULL,NULL,"44.9900016784668"
"138056","95270","76377","16985","372774","Processing","2019-03-04 23:20:16",NULL,NULL,NULL,"44.9900016784668"
"138508","95575","76629","20925","374007","Processing","2022-08-15 07:09:11",NULL,NULL,NULL,"44.9900016784668"
"138558","95614","76662","4356","374151","Processing","2020-03-28 13:45:42",NULL,NULL,NULL,"44.9900016784668"
"139339","96131","77089","1193","376269","Processing","2021-12-29 09:11:12",NULL,NULL,NULL,"44.9900016784668"
"141102","97320","78044","21834","380978","Processing","2022-09-06 01:33:37.684872",NULL,NULL,NULL,"44.9900016784668"
"141273","97438","78137","21638","381461","Processing","2022-03-04 11:27:56",NULL,NULL,NULL,"44.9900016784668"
"141657","97710","78340","21837","382496","Processing","2022-04-05 14:04:11",NULL,NULL,NULL,"44.9900016784668"
"142337","98192","78736","22467","384327","Processing","2022-04-30 05:38:27",NULL,NULL,NULL,"44.9900016784668"
"142641","98419","78913","21080","385131","Processing","2022-06-05 13:01:53",NULL,NULL,NULL,"44.9900016784668"
"143277","98867","79275","15217","386854","Processing","2022-05-05 21:55:28",NULL,NULL,NULL,"44.9900016784668"
"144207","99496","79774","18391","389363","Processing","2019-09-09 04:17:55",NULL,NULL,NULL,"44.9900016784668"
"144910","99986","80180","1067","391266","Processing","2022-01-02 07:03:18",NULL,NULL,NULL,"44.9900016784668"
"146022","100754","80834","18248","394294","Processing","2020-01-31 13:01:47",NULL,NULL,NULL,"44.9900016784668"
"148313","102351","82098","17900","400476","Processing","2022-01-24 21:47:38",NULL,NULL,NULL,"44.9900016784668"
"148702","102608","82311","7336","401554","Processing","2020-09-16 02:26:44",NULL,NULL,NULL,"44.9900016784668"
"149132","102918","82553","16985","402715","Processing","2022-07-07 23:29:52",NULL,NULL,NULL,"44.9900016784668"
"149677","103303","82866","20719","404196","Processing","2020-04-27 23:08:14",NULL,NULL,NULL,"44.9900016784668"
"152720","105375","84542","5582","412425","Processing","2022-03-12 01:28:17",NULL,NULL,NULL,"44.9900016784668"
"153576","105955","84996","16882","414733","Processing","2022-07-19 23:13:07",NULL,NULL,NULL,"44.9900016784668"
"154670","106720","85619","21936","417657","Processing","2021-05-10 11:06:11",NULL,NULL,NULL,"44.9900016784668"
"155949","107578","86297","4620","421060","Processing","2022-08-14 00:44:05",NULL,NULL,NULL,"44.9900016784668"
"157674","108746","87211","555","425729","Processing","2021-04-16 00:11:34",NULL,NULL,NULL,"44.9900016784668"
"158898","109608","87903","24416","429018","Processing","2020-01-18 11:49:54",NULL,NULL,NULL,"44.9900016784668"
"158924","109625","87918","1386","429085","Processing","2022-04-30 08:57:04",NULL,NULL,NULL,"44.9900016784668"
"158991","109674","87955","4311","429267","Processing","2021-09-09 14:37:38",NULL,NULL,NULL,"44.9900016784668"
"160822","110936","88946","2515","434222","Processing","2021-12-07 05:36:15",NULL,NULL,NULL,"44.9900016784668"
"161357","111302","89242","834","435656","Processing","2022-06-23 10:51:53",NULL,NULL,NULL,"44.9900016784668"
"161504","111403","89322","20925","436065","Processing","2022-09-04 11:57:33",NULL,NULL,NULL,"44.9900016784668"
"162208","111872","89692","16444","438002","Processing","2022-03-31 22:43:30",NULL,NULL,NULL,"44.9900016784668"
"162311","111945","89754","18005","438273","Processing","2020-05-08 12:55:57",NULL,NULL,NULL,"44.9900016784668"
"163873","113040","90651","4723","442514","Processing","2021-09-21 15:36:16",NULL,NULL,NULL,"44.9900016784668"
"164132","113214","90782","18521","443223","Processing","2020-12-10 15:07:45",NULL,NULL,NULL,"44.9900016784668"
"164739","113632","91107","21970","444904","Processing","2021-10-29 15:12:31",NULL,NULL,NULL,"44.9900016784668"
"164810","113674","91132","9775","445092","Processing","2022-08-17 01:00:14",NULL,NULL,NULL,"44.9900016784668"
"168550","116237","93197","15227","455172","Processing","2022-08-29 04:05:11",NULL,NULL,NULL,"44.9900016784668"
"168973","116540","93432","1531","456301","Processing","2020-06-25 15:12:49",NULL,NULL,NULL,"44.9900016784668"
"171855","118499","95006","2515","464144","Processing","2021-01-12 12:22:51",NULL,NULL,NULL,"44.9900016784668"
"172595","119023","95409","5515","466148","Processing","2020-03-13 05:11:54",NULL,NULL,NULL,"44.9900016784668"
"173437","119620","95907","9775","468392","Processing","2021-10-27 01:26:56",NULL,NULL,NULL,"44.9900016784668"
"174437","120304","96468","3519","471047","Processing","2020-09-24 07:24:25",NULL,NULL,NULL,"44.9900016784668"
"175297","120887","96915","16003","473402","Processing","2021-05-22 01:21:14",NULL,NULL,NULL,"44.9900016784668"
"175999","121381","97350","12777","475313","Processing","2022-08-06 23:49:57",NULL,NULL,NULL,"44.9900016784668"
"176057","121414","97375","21011","475477","Processing","2022-05-31 23:07:35",NULL,NULL,NULL,"44.9900016784668"
"177069","122119","97928","20639","478229","Processing","2019-12-10 02:12:57",NULL,NULL,NULL,"44.9900016784668"
"177374","122328","98098","18521","479044","Processing","2022-09-01 17:24:04.920541",NULL,NULL,NULL,"44.9900016784668"
"177734","122579","98315","4723","480012","Processing","2021-03-15 00:10:11",NULL,NULL,NULL,"44.9900016784668"
"178437","123077","98728","5041","481877","Processing","2020-11-10 00:53:22",NULL,NULL,NULL,"44.9900016784668"
"179466","123776","99289","4977","484656","Processing","2022-09-01 12:56:03",NULL,NULL,NULL,"44.9900016784668"
"179801","123998","99453","18937","485542","Processing","2020-07-28 08:33:07",NULL,NULL,NULL,"44.9900016784668"
"1781","1245","1001","3752","4821","Shipped","2020-10-16 12:13:45","2020-10-14 12:27:00",NULL,NULL,"46.9900016784668"
"1951","1354","1093","3374","5287","Shipped","2022-08-31 21:11:55","2022-09-02 16:49:00",NULL,NULL,"46.9900016784668"
"6631","4519","3665","3507","17955","Shipped","2021-07-12 05:37:23","2021-07-09 18:50:00",NULL,NULL,"46.9900016784668"
"7414","5071","4112","4856","20094","Shipped","2021-08-16 02:39:13","2021-08-16 23:57:00",NULL,NULL,"46.9900016784668"
"17120","11787","9477","21778","46353","Shipped","2020-09-11 08:13:03","2020-09-13 18:46:00",NULL,NULL,"46.9900016784668"
"18667","12833","10301","1713","50534","Shipped","2022-07-12 23:02:55","2022-07-15 11:07:00",NULL,NULL,"46.9900016784668"
"18841","12948","10384","3820","50991","Shipped","2019-03-07 00:00:49","2019-03-06 03:44:00",NULL,NULL,"46.9900016784668"
"20350","13991","11216","21934","55085","Shipped","2020-07-18 14:48:36","2020-07-16 02:48:00",NULL,NULL,"46.9900016784668"
"24092","16569","13245","26493","65127","Shipped","2020-06-13 06:34:05","2020-06-12 12:13:00",NULL,NULL,"46.9900016784668"
"24714","17015","13585","15281","66796","Shipped","2022-02-01 07:36:22","2022-01-30 08:58:00",NULL,NULL,"46.9900016784668"
"24951","17188","13735","3238","67446","Shipped","2022-09-03 01:38:29","2022-09-03 13:01:00",NULL,NULL,"46.9900016784668"
"25972","17896","14303","5392","70177","Shipped","2022-08-31 17:55:57","2022-09-02 06:29:00",NULL,NULL,"46.9900016784668"
"28248","19466","15572","3486","76365","Shipped","2022-06-21 14:42:11","2022-06-18 11:30:00",NULL,NULL,"46.9900016784668"
"28456","19596","15664","3669","76921","Shipped","2021-09-08 13:01:11","2021-09-06 14:19:00",NULL,NULL,"46.9900016784668"
"32415","22309","17832","1092","87580","Shipped","2022-08-21 11:59:22","2022-08-24 11:31:00",NULL,NULL,"46.9900016784668"
"38629","26607","21263","5090","104290","Shipped","2019-12-14 07:59:38","2019-12-17 06:59:00",NULL,NULL,"46.9900016784668"
"40967","28172","22464","16308","110603","Shipped","2020-11-20 02:01:47","2020-11-21 18:48:00",NULL,NULL,"46.9900016784668"
"43347","29818","23774","16864","117052","Shipped","2022-01-27 01:23:32","2022-01-28 00:13:00",NULL,NULL,"46.9900016784668"
"45609","31403","25065","19029","123151","Shipped","2019-11-10 00:50:26","2019-11-10 06:35:00",NULL,NULL,"46.9900016784668"
"46003","31664","25251","1511","124213","Shipped","2022-08-19 15:35:08","2022-08-20 21:30:00",NULL,NULL,"46.9900016784668"
"46080","31725","25310","1713","124425","Shipped","2022-07-02 16:38:13","2022-06-29 22:53:00",NULL,NULL,"46.9900016784668"
"46943","32330","25823","19029","126720","Shipped","2022-07-26 08:14:28","2022-07-29 06:21:00",NULL,NULL,"46.9900016784668"
"47352","32623","26050","3486","127815","Shipped","2020-09-11 06:34:10","2020-09-12 00:17:00",NULL,NULL,"46.9900016784668"
"48785","33605","26832","3193","131658","Shipped","2022-09-04 14:02:02","2022-09-01 08:40:00",NULL,NULL,"46.9900016784668"
"50685","34924","27864","10356","136797","Shipped","2022-03-28 03:56:27","2022-03-28 19:13:00",NULL,NULL,"46.9900016784668"
"56908","39222","31351","22993","153595","Shipped","2020-02-12 12:35:52","2020-02-12 02:43:00",NULL,NULL,"46.9900016784668"
"57373","39548","31603","4011","154853","Shipped","2021-02-26 00:18:07","2021-02-28 05:03:00",NULL,NULL,"46.9900016784668"
"57603","39698","31717","3577","155460","Shipped","2022-06-25 16:52:42","2022-06-26 14:31:00",NULL,NULL,"46.9900016784668"
"58257","40161","32084","26493","157214","Shipped","2020-12-21 05:58:49","2020-12-23 09:27:00",NULL,NULL,"46.9900016784668"
"60664","41779","33396","12815","163785","Shipped","2021-01-23 13:55:40","2021-01-23 02:57:00",NULL,NULL,"46.9900016784668"
"64951","44710","35758","3374","175400","Shipped","2022-08-01 10:44:28","2022-08-02 16:25:00",NULL,NULL,"46.9900016784668"
"68283","46995","37595","421","184356","Shipped","2021-10-10 12:22:45","2021-10-12 23:49:00",NULL,NULL,"46.9900016784668"
"70425","48499","38789","12815","190136","Shipped","2021-07-13 05:38:33","2021-07-13 23:43:00",NULL,NULL,"46.9900016784668"
"70545","48585","38861","3788","190443","Shipped","2022-09-01 09:52:22.335338","2022-09-03 03:16:08.335338",NULL,NULL,"46.9900016784668"
"73453","50594","40486","5090","198332","Shipped","2021-03-21 13:09:30","2021-03-21 20:46:00",NULL,NULL,"46.9900016784668"
"74049","51010","40819","3337","199942","Shipped","2021-11-23 17:02:05","2021-11-23 09:05:00",NULL,NULL,"46.9900016784668"
"76404","52664","42138","3234","206315","Shipped","2020-02-27 05:28:41","2020-02-27 20:48:00",NULL,NULL,"46.9900016784668"
"76647","52833","42273","16308","206969","Shipped","2022-05-29 08:04:02","2022-05-31 07:26:00",NULL,NULL,"46.9900016784668"
"83280","57507","45975","22993","224927","Shipped","2022-07-13 09:20:50","2022-07-12 11:25:00",NULL,NULL,"46.9900016784668"
"83318","57532","45993","3507","225027","Shipped","2021-07-25 23:12:16","2021-07-26 08:03:00",NULL,NULL,"46.9900016784668"
"84867","58628","46882","16864","229239","Shipped","2022-04-06 07:03:20","2022-04-07 17:42:00",NULL,NULL,"46.9900016784668"
"93457","64572","51667","3372","252406","Shipped","2022-07-02 05:49:57","2022-07-01 07:56:00",NULL,NULL,"46.9900016784668"
"96753","66852","53432","26493","261331","Shipped","2022-09-05 06:00:11","2022-09-02 22:39:00",NULL,NULL,"46.9900016784668"
"97101","67100","53613","3427","262286","Shipped","2022-06-28 02:00:34","2022-06-27 21:03:00",NULL,NULL,"46.9900016784668"
"101061","69841","55852","21778","272939","Shipped","2021-06-01 12:07:14","2021-05-31 00:00:00",NULL,NULL,"46.9900016784668"
"103047","71199","56916","3729","278327","Shipped","2022-07-30 08:16:09","2022-07-31 08:57:00",NULL,NULL,"46.9900016784668"
"105387","72824","58252","26555","284649","Shipped","2022-05-16 02:01:14","2022-05-17 20:32:00",NULL,NULL,"46.9900016784668"
"105921","73198","58551","26555","286111","Shipped","2020-12-23 00:40:48","2020-12-25 20:15:00",NULL,NULL,"46.9900016784668"
"108010","74615","59652","3486","291771","Shipped","2020-09-26 04:29:24","2020-09-26 15:19:00",NULL,NULL,"46.9900016784668"
"108764","75135","60078","16489","293797","Shipped","2022-07-25 16:06:24","2022-07-27 00:25:00",NULL,NULL,"46.9900016784668"
"116310","80315","64289","21778","314135","Shipped","2021-11-21 10:20:36","2021-11-21 12:43:00",NULL,NULL,"46.9900016784668"
"116518","80458","64411","3196","314694","Shipped","2020-08-24 14:33:22","2020-08-27 01:20:00",NULL,NULL,"46.9900016784668"
"120248","82994","66444","421","324665","Shipped","2022-04-22 15:32:07","2022-04-19 00:09:00",NULL,NULL,"46.9900016784668"
"121112","83576","66918","3455","327024","Shipped","2021-03-14 15:04:00","2021-03-14 07:03:00",NULL,NULL,"46.9900016784668"
"121524","83865","67141","19654","328121","Shipped","2022-04-13 07:09:33","2022-04-16 08:00:00",NULL,NULL,"46.9900016784668"
"124864","86143","68932","21934","337107","Shipped","2021-03-06 03:17:33","2021-03-08 06:30:00",NULL,NULL,"46.9900016784668"
"125079","86287","69044","4011","337694","Shipped","2022-04-18 13:26:29","2022-04-17 03:27:00",NULL,NULL,"46.9900016784668"
"125811","86773","69433","3788","339655","Shipped","2022-05-30 03:50:29","2022-05-27 08:51:00",NULL,NULL,"46.9900016784668"
"128092","88344","70755","5392","345860","Shipped","2021-02-02 21:15:23","2021-02-04 13:45:00",NULL,NULL,"46.9900016784668"
"130780","90213","72245","21911","353115","Shipped","2021-12-08 22:29:48","2021-12-09 08:16:00",NULL,NULL,"46.9900016784668"
"133405","92047","73726","16489","360218","Shipped","2021-01-04 10:41:44","2021-01-03 07:18:00",NULL,NULL,"46.9900016784668"
"133486","92097","73766","3820","360443","Shipped","2021-10-28 00:28:58","2021-10-28 11:57:00",NULL,NULL,"46.9900016784668"
"133640","92208","73853","12815","360864","Shipped","2022-07-13 13:16:44","2022-07-12 02:40:00",NULL,NULL,"46.9900016784668"
"134115","92538","74133","3669","362129","Shipped","2022-03-05 11:45:21","2022-03-02 07:25:00",NULL,NULL,"46.9900016784668"
"136277","94044","75379","16489","367997","Shipped","2022-01-31 02:00:54","2022-02-02 07:42:00",NULL,NULL,"46.9900016784668"
"137906","95167","76282","3448","372364","Shipped","2020-05-14 11:51:00","2020-05-16 06:06:00",NULL,NULL,"46.9900016784668"
"140586","96983","77784","3337","379602","Shipped","2021-08-03 16:33:54","2021-08-05 12:20:00",NULL,NULL,"46.9900016784668"
"142597","98384","78891","3337","385015","Shipped","2022-02-02 15:17:06","2022-02-04 12:56:00",NULL,NULL,"46.9900016784668"
"143336","98905","79303","3729","387010","Shipped","2022-01-01 09:57:51","2021-12-29 17:35:00",NULL,NULL,"46.9900016784668"
"144066","99407","79702","21911","388981","Shipped","2022-05-27 04:26:28","2022-05-25 07:49:00",NULL,NULL,"46.9900016784668"
"149921","103462","82988","21778","404868","Shipped","2020-05-17 16:50:27","2020-05-15 18:00:00",NULL,NULL,"46.9900016784668"
"153640","105999","85028","1511","414905","Shipped","2019-12-21 11:30:12","2019-12-18 11:25:00",NULL,NULL,"46.9900016784668"
"155749","107444","86205","3695","420542","Shipped","2021-11-11 01:12:41","2021-11-13 05:57:00",NULL,NULL,"46.9900016784668"
"157553","108663","87138","3196","425397","Shipped","2022-01-22 07:12:31","2022-01-23 15:43:00",NULL,NULL,"46.9900016784668"
"157696","108763","87226","19029","425786","Shipped","2022-05-20 00:43:45","2022-05-20 04:10:00",NULL,NULL,"46.9900016784668"
"160080","110434","88566","16489","432213","Shipped","2021-09-13 14:05:35","2021-09-15 10:55:00",NULL,NULL,"46.9900016784668"
"160286","110579","88667","15281","432787","Shipped","2022-01-28 02:46:33","2022-01-28 18:53:00",NULL,NULL,"46.9900016784668"
"160751","110894","88914","16308","434029","Shipped","2020-08-18 16:03:47","2020-08-21 00:40:00",NULL,NULL,"46.9900016784668"
"160936","111017","89003","21911","434529","Shipped","2019-02-03 18:11:12","2019-02-02 11:26:00",NULL,NULL,"46.9900016784668"
"164816","113678","91134","3788","445111","Shipped","2022-08-09 05:14:03","2022-08-11 07:07:00",NULL,NULL,"46.9900016784668"
"167243","115333","92446","10659","451675","Shipped","2022-06-29 13:55:39","2022-06-28 20:56:00",NULL,NULL,"46.9900016784668"
"168425","116152","93129","26493","454840","Shipped","2021-08-29 10:35:08","2021-08-30 20:18:00",NULL,NULL,"46.9900016784668"
"169662","116996","93811","3196","458158","Shipped","2022-02-25 03:21:47","2022-02-26 12:41:00",NULL,NULL,"46.9900016784668"
"172256","118776","95226","12815","465235","Shipped","2022-05-21 23:45:47","2022-05-24 10:42:00",NULL,NULL,"46.9900016784668"
"172576","119010","95402","421","466091","Shipped","2021-04-24 02:57:59","2021-04-25 11:36:00",NULL,NULL,"46.9900016784668"
"172603","119028","95412","16308","466172","Shipped","2022-02-18 10:46:57","2022-02-14 20:09:00",NULL,NULL,"46.9900016784668"
"178504","123126","98760","1511","482065","Shipped","2020-12-07 12:02:17","2020-12-08 18:47:00",NULL,NULL,"46.9900016784668"
"3868","2632","2126","4856","10471","Complete","2020-11-17 12:03:38","2020-11-17 16:10:00","2020-11-19 11:30:00",NULL,"46.9900016784668"
"6433","4388","3557","5392","17410","Complete","2022-04-22 05:42:04","2022-04-23 06:26:00","2022-04-25 18:27:00",NULL,"46.9900016784668"
"7643","5237","4240","10356","20725","Complete","2021-11-26 10:02:42","2021-11-27 09:37:00","2021-12-01 22:02:00",NULL,"46.9900016784668"
"10755","7396","6017","19029","29147","Complete","2022-08-25 16:10:34","2022-08-28 06:58:00","2022-08-29 15:45:00",NULL,"46.9900016784668"
"10804","7424","6039","22993","29281","Complete","2020-09-09 06:08:58","2020-09-06 20:13:00","2020-09-07 04:09:00",NULL,"46.9900016784668"
"11513","7927","6427","4011","31198","Complete","2019-12-01 14:28:45","2019-12-04 15:22:00","2019-12-07 08:37:00",NULL,"46.9900016784668"
"15993","10984","8823","1713","43288","Complete","2021-07-22 07:35:58","2021-07-22 06:08:00","2021-07-23 12:47:00",NULL,"46.9900016784668"
"19992","13757","11026","3196","54108","Complete","2022-08-10 15:33:08","2022-08-10 10:22:00","2022-08-14 05:13:00",NULL,"46.9900016784668"
"20761","14277","11424","3234","56197","Complete","2022-01-28 09:48:23","2022-01-28 13:13:00","2022-01-29 10:28:00",NULL,"46.9900016784668"
"21406","14725","11769","12815","57866","Complete","2022-07-18 08:24:32","2022-07-20 19:20:00","2022-07-25 10:15:00",NULL,"46.9900016784668"
"23510","16177","12936","16489","63538","Complete","2022-09-02 06:17:37.497001","2022-09-03 15:03:28.497001","2022-09-06 20:08:28.497001",NULL,"46.9900016784668"
"23569","16220","12973","3820","63708","Complete","2022-07-25 04:36:41","2022-07-26 17:45:00","2022-07-28 02:28:00",NULL,"46.9900016784668"
"26234","18069","14435","21911","70899","Complete","2020-09-28 07:29:12","2020-09-29 20:33:00","2020-09-30 06:50:00",NULL,"46.9900016784668"
"26999","18595","14852","421","72983","Complete","2022-08-25 02:35:58","2022-08-23 09:20:00","2022-08-25 04:24:00",NULL,"46.9900016784668"
"32946","22683","18115","3196","89008","Complete","2021-12-20 15:02:11","2021-12-19 23:07:00","2021-12-21 06:18:00",NULL,"46.9900016784668"
"34497","23751","18956","3380","93195","Complete","2022-02-12 15:16:25","2022-02-13 11:47:00","2022-02-17 21:47:00",NULL,"46.9900016784668"
"34612","23823","19022","26493","93505","Complete","2022-06-02 09:41:55","2022-06-03 19:39:00","2022-06-05 16:50:00",NULL,"46.9900016784668"
"37199","25617","20467","4856","100441","Complete","2022-08-18 06:14:54","2022-08-19 15:32:00","2022-08-22 23:24:00",NULL,"46.9900016784668"
"38848","26756","21376","3380","104881","Complete","2022-03-12 13:44:18","2022-03-13 18:17:00","2022-03-13 21:55:00",NULL,"46.9900016784668"
"39328","27072","21626","4856","106186","Complete","2021-01-04 08:02:24","2021-01-04 03:38:00","2021-01-08 09:41:00",NULL,"46.9900016784668"
"43103","29651","23650","3234","116394","Complete","2021-01-12 14:36:33","2021-01-11 06:25:00","2021-01-12 04:29:00",NULL,"46.9900016784668"
"44990","30977","24729","3486","121507","Complete","2022-09-07 06:31:08.627594","2022-09-05 18:38:54.627594","2022-09-08 23:46:54.627594",NULL,"46.9900016784668"
"46663","32137","25662","3196","125989","Complete","2022-08-29 10:44:38","2022-08-30 10:46:00","2022-08-30 11:09:00",NULL,"46.9900016784668"
"51685","35619","28458","3589","139512","Complete","2022-08-31 15:59:53","2022-09-03 06:29:00","2022-09-04 22:13:00",NULL,"46.9900016784668"
"52790","36388","29076","3788","142451","Complete","2021-04-10 23:42:19","2021-04-08 07:15:00","2021-04-12 19:06:00",NULL,"46.9900016784668"
"53277","36721","29347","3193","143761","Complete","2022-07-05 12:14:21","2022-07-07 02:49:00","2022-07-12 01:38:00",NULL,"46.9900016784668"
"57929","39922","31907","3589","156329","Complete","2021-06-07 11:11:52","2021-06-07 03:47:00","2021-06-08 18:22:00",NULL,"46.9900016784668"
"60077","41383","33054","26493","162201","Complete","2021-01-03 21:38:54","2021-01-04 23:43:00","2021-01-08 23:41:00",NULL,"46.9900016784668"
"63309","43587","34848","3752","170947","Complete","2021-12-07 00:18:20","2021-12-07 14:00:00","2021-12-09 11:41:00",NULL,"46.9900016784668"
"67084","46150","36904","3695","181145","Complete","2022-05-26 02:10:21","2022-05-26 23:26:00","2022-05-30 23:45:00",NULL,"46.9900016784668"
"72419","49879","39925","5090","195527","Complete","2022-03-03 15:28:28","2022-03-03 07:17:00","2022-03-05 03:31:00",NULL,"46.9900016784668"
"78327","54011","43209","3196","211457","Complete","2020-08-09 01:33:35","2020-08-06 00:45:00","2020-08-06 10:05:00",NULL,"46.9900016784668"
"81908","56509","45169","4011","221190","Complete","2022-07-09 02:57:15","2022-07-06 17:18:00","2022-07-11 02:56:00",NULL,"46.9900016784668"
"83142","57406","45887","3448","224557","Complete","2022-02-08 15:20:31","2022-02-09 05:19:00","2022-02-12 18:24:00",NULL,"46.9900016784668"
"85537","59108","47252","16308","231046","Complete","2021-11-08 14:26:24","2021-11-05 23:40:00","2021-11-10 08:06:00",NULL,"46.9900016784668"
"89701","62007","49633","15281","242316","Complete","2022-06-28 00:01:42","2022-06-27 08:30:00","2022-06-29 01:46:00",NULL,"46.9900016784668"
"90698","62680","50181","3427","245027","Complete","2020-04-10 04:32:30","2020-04-13 04:28:00","2020-04-17 09:45:00",NULL,"46.9900016784668"
"90994","62884","50345","19029","245803","Complete","2022-04-05 10:16:53","2022-04-06 08:31:00","2022-04-10 17:20:00",NULL,"46.9900016784668"
"96792","66878","53454","19654","261439","Complete","2021-03-22 02:13:20","2021-03-20 03:20:00","2021-03-22 20:26:00",NULL,"46.9900016784668"
"102139","70577","56426","3486","275867","Complete","2022-08-19 16:51:50","2022-08-19 21:30:00","2022-08-20 01:17:00",NULL,"46.9900016784668"
"103764","71710","57338","4593","280301","Complete","2021-04-05 05:48:11","2021-04-06 08:39:00","2021-04-11 01:36:00",NULL,"46.9900016784668"
"104264","72043","57595","3372","281637","Complete","2021-11-09 13:06:06","2021-11-11 19:50:00","2021-11-14 04:50:00",NULL,"46.9900016784668"
"107065","73976","59151","10659","289173","Complete","2021-06-17 22:13:30","2021-06-17 07:33:00","2021-06-17 23:57:00",NULL,"46.9900016784668"
"111625","77105","61683","3695","301469","Complete","2022-09-05 06:28:56","2022-09-05 17:11:00","2022-09-06 00:59:00",NULL,"46.9900016784668"
"113620","78493","62772","3669","306872","Complete","2022-02-28 20:35:44","2022-03-01 06:45:00","2022-03-04 04:52:00",NULL,"46.9900016784668"
"122776","84699","67788","3337","331511","Complete","2022-08-28 23:47:13","2022-08-26 16:19:00","2022-08-29 11:23:00",NULL,"46.9900016784668"
"125746","86735","69398","16308","339473","Complete","2022-03-28 16:25:56","2022-03-31 13:25:00","2022-04-03 00:45:00",NULL,"46.9900016784668"
"126183","87035","69658","5090","340688","Complete","2022-09-02 06:47:37.744154","2022-09-02 11:22:50.744154","2022-09-04 17:49:50.744154",NULL,"46.9900016784668"
"129876","89577","71747","3695","350657","Complete","2022-04-20 00:43:15","2022-04-21 02:39:00","2022-04-25 21:22:00",NULL,"46.9900016784668"
"131138","90456","72457","247","354081","Complete","2022-05-21 11:57:08","2022-05-21 09:11:00","2022-05-24 13:38:00",NULL,"46.9900016784668"
"133082","91828","73550","3752","359364","Complete","2021-12-01 22:53:08","2021-12-03 07:23:00","2021-12-03 09:16:00",NULL,"46.9900016784668"
"135163","93252","74705","16308","364998","Complete","2022-08-16 12:09:26","2022-08-17 14:14:00","2022-08-20 13:51:00",NULL,"46.9900016784668"
"141602","97670","78316","26555","382343","Complete","2022-04-20 03:40:41","2022-04-20 15:51:00","2022-04-25 07:38:00",NULL,"46.9900016784668"
"145468","100364","80478","3729","392799","Complete","2021-05-16 22:35:39","2021-05-19 02:52:00","2021-05-22 13:58:00",NULL,"46.9900016784668"
"145573","100444","80552","19029","393088","Complete","2022-05-16 00:15:02","2022-05-18 05:49:00","2022-05-23 04:49:00",NULL,"46.9900016784668"
"148233","102296","82057","10659","400244","Complete","2022-01-21 12:28:31","2022-01-22 09:31:00","2022-01-25 09:04:00",NULL,"46.9900016784668"
"151510","104528","83872","26555","409194","Complete","2022-04-25 11:03:07","2022-04-26 10:14:00","2022-04-27 04:53:00",NULL,"46.9900016784668"
"156823","108167","86759","19654","423430","Complete","2021-10-10 00:42:39","2021-10-11 05:26:00","2021-10-15 18:17:00",NULL,"46.9900016784668"
"160331","110611","88690","26493","432902","Complete","2022-05-21 03:27:08","2022-05-23 07:02:00","2022-05-27 17:58:00",NULL,"46.9900016784668"
"163820","113003","90618","21911","442358","Complete","2022-03-30 02:05:46","2022-03-29 05:08:00","2022-04-02 18:13:00",NULL,"46.9900016784668"
"168847","116446","93357","4011","455962","Complete","2021-08-16 10:24:57","2021-08-13 20:19:00","2021-08-16 07:26:00",NULL,"46.9900016784668"
"169636","116978","93794","5090","458088","Complete","2022-02-12 13:59:59","2022-02-14 15:59:00","2022-02-18 21:26:00",NULL,"46.9900016784668"
"178304","122978","98635","1698","481521","Complete","2022-08-18 07:11:12","2022-08-16 12:52:00","2022-08-21 07:21:00",NULL,"40.61000061035156"
"105523","72913","58323","1698","285014","Returned","2021-06-12 00:30:28","2021-06-13 20:45:00","2021-06-16 22:43:00","2021-06-18 03:33:00","40.61000061035156"
"10564","7266","5918","10802","28638","Shipped","2022-01-31 16:10:46","2022-02-01 18:50:00",NULL,NULL,"52.61000061035156"
"59897","41262","32960","10802","161687","Shipped","2021-06-13 09:48:36","2021-06-11 13:59:00",NULL,NULL,"52.61000061035156"
"111523","77046","61642","10802","301191","Shipped","2020-07-27 08:01:36","2020-07-26 22:10:00",NULL,NULL,"52.61000061035156"
"114200","78877","63095","10802","308439","Shipped","2022-08-28 17:08:05","2022-08-30 13:47:00",NULL,NULL,"52.61000061035156"
"42395","29168","23264","10802","114474","Complete","2020-10-31 10:48:00","2020-11-03 08:54:00","2020-11-07 16:13:00",NULL,"52.61000061035156"
"169022","116577","93462","10802","456439","Complete","2019-12-04 06:59:58","2019-12-06 02:26:00","2019-12-10 20:04:00",NULL,"52.61000061035156"
"143041","98698","79129","10802","386218","Cancelled","2022-05-18 13:30:10",NULL,NULL,NULL,"52.61000061035156"
"165799","114348","91665","10802","447795","Cancelled","2021-07-23 09:21:18",NULL,NULL,NULL,"52.61000061035156"
"41189","28327","22599","23664","111203","Shipped","2022-07-29 07:49:35","2022-07-30 19:58:00",NULL,NULL,"109.22000122070312"
"92244","63736","51030","23664","249147","Shipped","2022-05-28 17:54:21","2022-05-31 06:09:00",NULL,NULL,"109.22000122070312"
"149260","103015","82624","23664","403062","Shipped","2020-03-23 11:36:44","2020-03-24 06:51:00",NULL,NULL,"109.22000122070312"
"1515","1053","872","23664","4107","Complete","2021-03-21 12:07:51","2021-03-21 19:30:00","2021-03-25 09:12:00",NULL,"109.22000122070312"
"85053","58775","46993","23664","229732","Complete","2022-08-10 08:07:21","2022-08-08 17:03:00","2022-08-10 08:41:00",NULL,"109.22000122070312"
"89716","62018","49645","23664","242362","Complete","2022-08-24 04:12:57","2022-08-24 11:25:00","2022-08-27 19:35:00",NULL,"109.22000122070312"
"159941","110347","88496","23664","431850","Cancelled","2021-06-05 13:40:05",NULL,NULL,NULL,"109.22000122070312"
"170137","117317","94076","23664","459465","Cancelled","2022-08-31 20:34:33",NULL,NULL,NULL,"109.22000122070312"
"103872","71786","57404","23664","280594","Processing","2022-06-04 14:27:21",NULL,NULL,NULL,"109.22000122070312"
"135666","93628","75010","23664","366357","Processing","2020-05-01 08:43:54",NULL,NULL,NULL,"109.22000122070312"
"114842","79326","63459","8611","310192","Complete","2022-07-31 02:02:15","2022-08-02 23:28:00","2022-08-03 21:47:00",NULL,"250.69000244140625"
"133976","92437","74046","8611","361752","Returned","2020-10-07 02:46:37","2020-10-09 19:14:00","2020-10-13 16:28:00","2020-10-15 16:43:00","250.69000244140625"
"119050","82180","65800","8611","321431","Cancelled","2022-08-06 12:23:20",NULL,NULL,NULL,"250.69000244140625"
"40143","27633","22071","8151","108353","Shipped","2022-01-14 02:26:38","2022-01-15 02:42:00",NULL,NULL,"97.47000122070312"
"43136","29672","23665","8122","116482","Shipped","2022-05-31 03:01:09","2022-05-31 21:09:00",NULL,NULL,"97.47000122070312"
"105922","73199","58552","8122","286114","Shipped","2022-07-09 02:09:42","2022-07-12 02:33:00",NULL,NULL,"97.47000122070312"
"119002","82153","65775","8122","321302","Shipped","2020-02-25 09:11:24","2020-02-26 14:25:00",NULL,NULL,"97.47000122070312"
"13744","9474","7621","8118","37249","Complete","2022-02-05 11:37:06","2022-02-06 11:39:00","2022-02-10 08:40:00",NULL,"97.47000122070312"
"63649","43825","35050","8151","171826","Complete","2021-03-26 10:56:03","2021-03-27 15:23:00","2021-03-30 23:22:00",NULL,"97.47000122070312"
"90321","62432","49984","8122","243997","Complete","2020-09-06 04:17:17","2020-09-06 21:21:00","2020-09-09 08:43:00",NULL,"97.47000122070312"
"99461","68731","54953","8118","268661","Complete","2020-11-13 04:03:28","2020-11-15 02:10:00","2020-11-16 06:23:00",NULL,"97.47000122070312"
"128329","88508","70895","8151","346510","Complete","2022-07-29 13:32:48","2022-08-01 06:57:00","2022-08-03 16:22:00",NULL,"97.47000122070312"
"140752","97090","77859","8118","380034","Complete","2022-05-01 14:52:47","2022-05-04 15:23:00","2022-05-05 08:33:00",NULL,"97.47000122070312"
"158162","109093","87488","8122","427023","Complete","2021-04-07 02:47:25","2021-04-08 04:04:00","2021-04-09 10:52:00",NULL,"97.47000122070312"
"76951","53057","42450","8151","207798","Returned","2021-06-24 01:14:59","2021-06-21 02:38:00","2021-06-25 02:20:00","2021-06-27 17:22:00","97.47000122070312"
"97579","67437","53891","8118","263593","Returned","2022-08-26 03:12:53","2022-08-29 01:49:00","2022-08-29 19:51:00","2022-08-31 01:10:00","97.47000122070312"
"129451","89279","71525","8151","349535","Returned","2021-07-02 16:10:09","2021-07-05 07:25:00","2021-07-09 02:42:00","2021-07-09 20:35:00","97.47000122070312"
"24109","16582","13257","8118","65171","Cancelled","2021-12-16 02:09:10",NULL,NULL,NULL,"97.47000122070312"
"40405","27802","22202","8122","109071","Cancelled","2021-08-28 11:09:03",NULL,NULL,NULL,"97.47000122070312"
"157280","108488","87003","8122","424675","Cancelled","2021-09-18 04:44:28",NULL,NULL,NULL,"97.47000122070312"
"39107","26928","21506","8122","105586","Processing","2022-05-14 10:38:38",NULL,NULL,NULL,"97.47000122070312"
"143658","99127","79475","11233","387875","Shipped","2022-08-27 07:15:10","2022-08-27 03:03:00",NULL,NULL,"101.47000122070312"
"42163","29009","23135","11233","113823","Returned","2022-07-18 23:34:19","2022-07-20 18:51:00","2022-07-21 16:56:00","2022-07-22 16:37:00","101.47000122070312"
"63373","43631","34894","11233","171115","Returned","2020-09-28 12:53:57","2020-10-01 02:14:00","2020-10-03 07:18:00","2020-10-03 11:47:00","101.47000122070312"
"163160","112537","90243","11233","440572","Returned","2022-08-28 06:25:31","2022-08-29 02:25:00","2022-08-31 07:21:00","2022-09-01 06:59:00","101.47000122070312"
"41308","28411","22661","11233","111520","Cancelled","2021-10-19 14:13:48",NULL,NULL,NULL,"101.47000122070312"
"53452","36841","29433","11233","144242","Processing","2022-02-19 03:30:41",NULL,NULL,NULL,"101.47000122070312"
"38109","26236","20962","8422","102880","Shipped","2022-04-27 08:33:30","2022-04-28 01:25:00",NULL,NULL,"113.47000122070312"
"18341","12609","10115","8422","49675","Complete","2021-07-21 00:45:57","2021-07-22 17:54:00","2021-07-26 03:15:00",NULL,"113.47000122070312"
"57438","39590","31633","23499","155027","Shipped","2022-03-26 01:32:20","2022-03-24 02:27:00",NULL,NULL,"16.43000030517578"
"123160","84965","67991","25241","332540","Shipped","2022-04-13 15:28:09","2022-04-13 04:34:00",NULL,NULL,"16.43000030517578"
"8613","5905","4781","23499","23368","Complete","2022-08-27 13:12:05","2022-08-28 13:57:00","2022-08-29 03:47:00",NULL,"16.43000030517578"
"22794","15676","12523","23499","61615","Complete","2022-04-02 04:27:12","2022-04-04 02:54:00","2022-04-07 06:01:00",NULL,"16.43000030517578"
"33063","22762","18175","23499","89315","Complete","2022-03-18 21:33:26","2022-03-20 15:33:00","2022-03-22 23:31:00",NULL,"16.43000030517578"
"47068","32424","25901","25241","127041","Complete","2021-05-21 18:24:41","2021-05-23 22:37:00","2021-05-25 15:54:00",NULL,"16.43000030517578"
"121873","84090","67315","25241","329059","Complete","2020-03-04 01:44:40","2020-03-07 01:17:00","2020-03-08 17:01:00",NULL,"16.43000030517578"
"169203","116697","93569","25241","456919","Complete","2020-08-26 09:55:35","2020-08-27 15:55:00","2020-08-30 03:46:00",NULL,"16.43000030517578"
"144204","99495","79774","23499","389355","Returned","2021-06-08 02:05:08","2021-06-09 08:25:00","2021-06-11 12:56:00","2021-06-13 02:11:00","16.43000030517578"
"47322","32601","26033","23499","127733","Cancelled","2022-08-20 15:28:25",NULL,NULL,NULL,"16.43000030517578"
"65952","45399","36293","25241","178087","Cancelled","2022-05-08 03:04:16",NULL,NULL,NULL,"16.43000030517578"
"71738","49406","39550","25241","193672","Cancelled","2021-01-24 00:01:19",NULL,NULL,NULL,"16.43000030517578"
"117529","81132","64982","25241","317364","Cancelled","2022-03-14 06:28:34",NULL,NULL,NULL,"16.43000030517578"
"97589","67443","53893","16605","263622","Shipped","2021-08-14 18:02:37","2021-08-12 21:29:00",NULL,NULL,"20.43000030517578"
"92401","63842","51105","19251","249579","Complete","2021-02-28 11:39:49","2021-03-01 21:07:00","2021-03-04 18:35:00",NULL,"20.43000030517578"
"122566","84564","67688","19251","330937","Complete","2021-10-16 07:33:04","2021-10-18 15:26:00","2021-10-19 11:33:00",NULL,"20.43000030517578"
"154826","106829","85719","19251","418069","Complete","2021-10-12 04:34:59","2021-10-12 22:43:00","2021-10-15 02:01:00",NULL,"20.43000030517578"
"180195","124271","99669","19251","486610","Complete","2022-09-03 06:27:33","2022-09-03 23:25:00","2022-09-07 05:57:00",NULL,"20.43000030517578"
"126340","87148","69735","19251","341115","Returned","2022-08-21 09:57:40","2022-08-18 10:48:00","2022-08-19 07:09:00","2022-08-21 12:10:00","20.43000030517578"
"152637","105319","84494","19251","412210","Returned","2022-09-04 10:48:25.489354","2022-09-04 22:33:26.489354","2022-09-06 05:03:26.489354","2022-09-09 04:30:26.489354","20.43000030517578"
"51945","35800","28599","19251","140223","Processing","2022-08-01 12:23:23",NULL,NULL,NULL,"20.43000030517578"
"62224","42856","34261","19251","167962","Processing","2021-03-09 17:06:41",NULL,NULL,NULL,"20.43000030517578"
"112764","77887","62303","19251","304579","Processing","2022-05-27 12:09:44",NULL,NULL,NULL,"20.43000030517578"
"50431","34737","27729","17406","136129","Shipped","2020-11-29 17:48:31","2020-11-30 15:33:00",NULL,NULL,"23.43000030517578"
"125056","86273","69032","16660","337636","Shipped","2022-08-18 10:08:05","2022-08-18 17:53:00",NULL,NULL,"23.43000030517578"
"145863","100652","80752","16660","393879","Shipped","2022-06-05 23:50:12","2022-06-08 01:19:00",NULL,NULL,"23.43000030517578"
"178575","123175","98800","17406","482259","Shipped","2022-05-29 12:07:37","2022-05-31 21:31:00",NULL,NULL,"23.43000030517578"
"111646","77121","61704","17406","301527","Complete","2022-07-26 10:51:10","2022-07-28 04:35:00","2022-08-01 11:04:00",NULL,"23.43000030517578"
"119363","82398","65968","17406","322275","Complete","2021-04-18 03:28:05","2021-04-18 05:32:00","2021-04-18 23:14:00",NULL,"23.43000030517578"
"130574","90068","72140","16660","352544","Complete","2020-06-12 01:15:05","2020-06-14 15:28:00","2020-06-15 07:28:00",NULL,"23.43000030517578"
"126607","87324","69894","17406","341841","Returned","2021-08-16 13:09:31","2021-08-18 13:46:00","2021-08-21 03:49:00","2021-08-22 08:53:00","23.43000030517578"
"151326","104407","83765","17406","408682","Returned","2019-05-15 00:10:34","2019-05-17 09:57:00","2019-05-20 15:46:00","2019-05-22 10:23:00","23.43000030517578"
"12651","8729","7049","16660","34277","Cancelled","2022-07-22 05:23:12",NULL,NULL,NULL,"23.43000030517578"
"90257","62391","49945","17406","243831","Cancelled","2020-10-20 00:07:20",NULL,NULL,NULL,"23.43000030517578"
"134879","93061","74548","16660","364231","Cancelled","2022-01-22 15:09:34",NULL,NULL,NULL,"23.43000030517578"
"174696","120491","96617","17406","471745","Processing","2022-05-27 09:26:26",NULL,NULL,NULL,"23.43000030517578"
"49070","33793","26992","25377","132424","Shipped","2020-05-22 07:03:58","2020-05-24 14:05:00",NULL,NULL,"26.43000030517578"
"54262","37394","29881","25377","146424","Shipped","2021-04-14 03:07:38","2021-04-11 17:02:00",NULL,NULL,"26.43000030517578"
"114970","79411","63526","25377","310526","Shipped","2022-08-13 05:37:33","2022-08-14 00:02:00",NULL,NULL,"26.43000030517578"
"127592","87985","70456","14506","344471","Shipped","2021-09-13 14:02:05","2021-09-11 23:08:00",NULL,NULL,"26.43000030517578"
"168314","116072","93061","25377","454544","Shipped","2022-06-05 05:29:29","2022-06-05 16:17:00",NULL,NULL,"26.43000030517578"
"64047","44083","35262","25377","172904","Complete","2020-10-08 02:02:18","2020-10-09 16:59:00","2020-10-11 06:24:00",NULL,"26.43000030517578"
"69112","47583","38046","14506","186567","Complete","2022-03-16 17:34:22","2022-03-19 07:02:00","2022-03-22 03:11:00",NULL,"26.43000030517578"
"111910","77295","61847","14506","302249","Complete","2021-10-01 13:57:46","2021-10-03 18:14:00","2021-10-06 13:46:00",NULL,"26.43000030517578"
"144118","99437","79728","25377","389116","Complete","2022-01-28 00:21:44","2022-01-25 06:57:00","2022-01-26 17:04:00",NULL,"26.43000030517578"
"152461","105194","84397","14506","411745","Complete","2022-06-10 14:01:03","2022-06-12 02:21:00","2022-06-13 00:31:00",NULL,"26.43000030517578"
"119840","82731","66227","14506","323551","Cancelled","2022-07-29 21:54:34",NULL,NULL,NULL,"26.43000030517578"
"33392","22990","18343","25377","90213","Processing","2022-08-21 02:43:04",NULL,NULL,NULL,"26.43000030517578"
"97375","67299","53775","14506","263026","Processing","2022-02-11 15:59:32",NULL,NULL,NULL,"26.43000030517578"
"24599","16927","13518","17787","66476","Shipped","2022-09-03 10:57:45.039064","2022-09-05 18:27:45.039064",NULL,NULL,"28.43000030517578"
"71084","48939","39153","17681","191907","Shipped","2021-01-01 00:19:36","2021-01-02 04:09:00",NULL,NULL,"28.43000030517578"
"89012","61522","49255","17879","240482","Shipped","2021-01-13 05:58:40","2021-01-13 14:20:00",NULL,NULL,"28.43000030517578"
"96500","66686","53310","17879","260660","Shipped","2020-11-07 00:01:15","2020-11-07 11:34:00",NULL,NULL,"28.43000030517578"
"112988","78045","62434","17787","305188","Shipped","2021-01-12 22:21:47","2021-01-13 14:01:00",NULL,NULL,"28.43000030517578"
"128141","88377","70784","19590","345999","Shipped","2022-08-01 15:17:23","2022-08-01 10:17:00",NULL,NULL,"28.43000030517578"
"141251","97422","78129","19590","381401","Shipped","2022-09-05 14:08:29.96378","2022-09-07 02:26:34.96378",NULL,NULL,"28.43000030517578"
"146624","101161","81167","19590","395936","Shipped","2022-06-20 06:47:03","2022-06-21 14:34:00",NULL,NULL,"28.43000030517578"
"176566","121766","97662","17879","476870","Shipped","2021-04-30 13:33:12","2021-05-01 18:39:00",NULL,NULL,"28.43000030517578"
"179899","124064","99507","17879","485812","Shipped","2021-01-21 13:15:26","2021-01-24 00:31:00",NULL,NULL,"28.43000030517578"
"1455","1012","847","17879","3953","Complete","2022-05-13 00:14:20","2022-05-11 15:35:00","2022-05-15 20:12:00",NULL,"28.43000030517578"
"60416","41609","33252","17879","163116","Complete","2021-02-08 01:46:07","2021-02-11 00:40:00","2021-02-11 19:26:00",NULL,"28.43000030517578"
"69440","47814","38231","17681","187437","Complete","2022-08-28 03:42:09","2022-08-30 03:20:00","2022-09-02 08:21:00",NULL,"28.43000030517578"
"101727","70291","56200","17787","274734","Complete","2021-12-31 23:22:33","2022-01-01 22:12:00","2022-01-02 12:15:00",NULL,"28.43000030517578"
"146482","101069","81091","17787","395544","Complete","2021-09-10 02:03:33","2021-09-10 09:11:00","2021-09-12 22:06:00",NULL,"28.43000030517578"
"170110","117298","94062","17787","459382","Complete","2021-07-23 23:18:13","2021-07-25 16:52:00","2021-07-28 18:54:00",NULL,"28.43000030517578"
"176581","121775","97673","17787","476909","Complete","2022-08-20 04:54:14","2022-08-20 08:22:00","2022-08-21 06:29:00",NULL,"28.43000030517578"
"55352","38151","30482","19590","149341","Returned","2021-05-24 15:09:41","2021-05-25 00:08:00","2021-05-26 18:06:00","2021-05-29 02:23:00","28.43000030517578"
"67884","46716","37377","17681","183290","Returned","2022-07-02 12:31:03","2022-07-04 19:25:00","2022-07-05 10:48:00","2022-07-05 19:44:00","28.43000030517578"
"70323","48431","38735","19590","189855","Returned","2022-08-19 01:32:46","2022-08-16 23:31:00","2022-08-18 03:00:00","2022-08-19 15:41:00","28.43000030517578"
"131347","90605","72588","17787","354627","Returned","2021-12-24 04:43:54","2021-12-26 02:47:00","2021-12-31 00:59:00","2022-01-01 18:38:00","28.43000030517578"
"62052","42737","34171","17681","167510","Cancelled","2021-09-09 21:08:15",NULL,NULL,NULL,"28.43000030517578"
"66787","45951","36751","17787","180323","Cancelled","2021-06-09 01:37:53",NULL,NULL,NULL,"28.43000030517578"
"72796","50142","40133","17879","196565","Cancelled","2020-05-11 15:03:32",NULL,NULL,NULL,"28.43000030517578"
"153269","105737","84822","17681","413924","Cancelled","2022-07-20 06:15:45",NULL,NULL,NULL,"28.43000030517578"
"158247","109150","87538","17787","427253","Cancelled","2022-01-30 22:58:16",NULL,NULL,NULL,"28.43000030517578"
"7373","5042","4086","17787","19987","Processing","2020-11-04 17:03:56",NULL,NULL,NULL,"28.43000030517578"
"10506","7224","5877","17681","28480","Processing","2020-10-20 05:34:25",NULL,NULL,NULL,"28.43000030517578"
"38371","26421","21113","17879","103591","Processing","2020-06-20 08:20:31",NULL,NULL,NULL,"28.43000030517578"
"99301","68619","54857","17681","268241","Processing","2021-03-23 21:02:44",NULL,NULL,NULL,"28.43000030517578"
"105536","72920","58329","19590","285050","Processing","2021-03-05 23:54:21",NULL,NULL,NULL,"28.43000030517578"
"159359","109934","88157","17879","430259","Processing","2021-12-17 10:23:23",NULL,NULL,NULL,"28.43000030517578"
"159692","110168","88346","17879","431172","Processing","2021-08-02 07:59:59",NULL,NULL,NULL,"28.43000030517578"
"23399","16101","12872","12008","63244","Shipped","2022-08-31 06:27:59","2022-08-31 13:46:00",NULL,NULL,"31.43000030517578"
"38639","26613","21267","12008","104318","Shipped","2021-12-18 08:00:10","2021-12-19 19:42:00",NULL,NULL,"31.43000030517578"
"48119","33143","26483","21419","129880","Shipped","2021-07-03 02:29:06","2021-07-05 21:50:00",NULL,NULL,"31.43000030517578"
"89152","61621","49330","12008","240845","Shipped","2021-10-16 06:56:46","2021-10-17 12:23:00",NULL,NULL,"31.43000030517578"
"118355","81699","65418","12008","319577","Shipped","2020-05-12 04:46:56","2020-05-10 04:29:00",NULL,NULL,"31.43000030517578"
"6268","4274","3476","21419","16959","Complete","2022-04-25 01:18:23","2022-04-24 09:03:00","2022-04-27 04:49:00",NULL,"31.43000030517578"
"21279","14631","11692","12008","57548","Complete","2021-09-14 06:26:34","2021-09-15 13:05:00","2021-09-16 05:44:00",NULL,"31.43000030517578"
"145961","100717","80806","12008","394133","Complete","2022-08-04 03:35:12","2022-08-02 18:36:00","2022-08-06 19:34:00",NULL,"31.43000030517578"
"56405","38879","31080","21419","152236","Returned","2021-02-14 08:00:50","2021-02-14 01:15:00","2021-02-15 13:35:00","2021-02-18 06:07:00","31.43000030517578"
"60560","41705","33347","21419","163501","Cancelled","2021-08-24 10:02:25",NULL,NULL,NULL,"31.43000030517578"
"79573","54877","43890","21419","214863","Cancelled","2021-09-14 22:03:16",NULL,NULL,NULL,"31.43000030517578"
"132442","91363","73165","21419","357618","Cancelled","2022-04-01 00:33:54",NULL,NULL,NULL,"31.43000030517578"
"153403","105832","84894","21419","414288","Cancelled","2021-01-25 04:52:26",NULL,NULL,NULL,"31.43000030517578"
"164392","113397","90923","12008","443950","Cancelled","2021-07-05 23:59:23",NULL,NULL,NULL,"31.43000030517578"
"66336","45648","36488","12008","179127","Processing","2020-08-07 08:12:44",NULL,NULL,NULL,"31.43000030517578"
"104449","72169","57693","12008","282144","Processing","2022-08-15 23:37:44",NULL,NULL,NULL,"31.43000030517578"
"39783","27392","21867","5390","107393","Shipped","2020-06-11 08:42:14","2020-06-09 02:08:00",NULL,NULL,"36.86000061035156"
"67024","46111","36878","5390","180977","Shipped","2022-02-14 21:45:28","2022-02-13 10:43:00",NULL,NULL,"36.86000061035156"
"177257","122241","98015","5390","478732","Shipped","2021-09-25 06:24:17","2021-09-27 12:37:00",NULL,NULL,"36.86000061035156"
"89000","61512","49248","5390","240450","Complete","2020-02-26 07:11:04","2020-02-28 23:37:00","2020-03-04 06:56:00",NULL,"36.86000061035156"
"128987","88957","71260","5390","348281","Returned","2022-03-22 03:34:31","2022-03-19 11:12:00","2022-03-20 13:29:00","2022-03-21 04:04:00","36.86000061035156"
"38111","26237","20962","5390","102887","Cancelled","2019-12-18 07:35:21",NULL,NULL,NULL,"36.86000061035156"
"21346","14680","11726","5390","57721","Processing","2021-02-20 14:28:59",NULL,NULL,NULL,"36.86000061035156"
"22987","15811","12643","5390","62140","Processing","2022-05-09 04:36:50",NULL,NULL,NULL,"36.86000061035156"
"114748","79260","63405","5390","309928","Processing","2022-06-25 04:01:09",NULL,NULL,NULL,"36.86000061035156"
"7970","5465","4422","16728","21615","Shipped","2022-04-22 03:45:45","2022-04-20 02:46:00",NULL,NULL,"38.86000061035156"
"13936","9597","7746","16728","37763","Shipped","2022-09-01 04:05:02","2022-09-03 16:38:00",NULL,NULL,"38.86000061035156"
"115042","79452","63575","16728","310726","Shipped","2022-06-23 11:50:41","2022-06-22 19:08:00",NULL,NULL,"38.86000061035156"
"139698","96369","77280","16728","377218","Shipped","2020-04-15 03:48:21","2020-04-17 21:13:00",NULL,NULL,"38.86000061035156"
"123748","85371","68320","16728","334094","Complete","2020-01-27 22:55:28","2020-01-28 15:52:00","2020-02-01 21:09:00",NULL,"38.86000061035156"
"150840","104090","83506","16728","407389","Complete","2021-12-17 11:02:25","2021-12-15 05:48:00","2021-12-17 17:50:00",NULL,"38.86000061035156"
"72474","49915","39946","16728","195694","Cancelled","2020-04-14 13:07:48",NULL,NULL,NULL,"38.86000061035156"
"173409","119601","95892","16728","468324","Cancelled","2022-08-29 18:18:04",NULL,NULL,NULL,"38.86000061035156"
"64442","44352","35477","15220","173984","Shipped","2020-10-03 00:46:01","2020-10-04 08:56:00",NULL,NULL,"44.86000061035156"
"111754","77199","61767","15220","301821","Shipped","2022-03-02 01:30:40","2022-03-02 08:26:00",NULL,NULL,"44.86000061035156"
"47954","33040","26394","15220","129436","Complete","2022-03-12 10:42:48","2022-03-12 06:59:00","2022-03-16 20:06:00",NULL,"44.86000061035156"
"102762","70996","56749","15220","277567","Complete","2020-06-26 07:43:05","2020-06-25 15:09:00","2020-06-29 19:13:00",NULL,"44.86000061035156"
"30710","21145","16934","15220","83026","Cancelled","2021-10-22 03:41:33",NULL,NULL,NULL,"44.86000061035156"
"165777","114332","91656","15220","447735","Cancelled","2022-07-20 11:32:18",NULL,NULL,NULL,"44.86000061035156"
"36683","25246","20178","15220","99022","Processing","2021-08-31 10:34:12",NULL,NULL,NULL,"44.86000061035156"
"64255","44218","35366","15220","173470","Processing","2021-08-13 14:31:19",NULL,NULL,NULL,"44.86000061035156"
"120502","83168","66594","15220","325381","Processing","2020-09-04 04:10:24",NULL,NULL,NULL,"44.86000061035156"
"164712","113613","91095","15220","444826","Processing","2022-01-12 00:06:04",NULL,NULL,NULL,"44.86000061035156"
"179721","123954","99421","15220","485327","Processing","2021-05-13 02:11:19",NULL,NULL,NULL,"44.86000061035156"
"91505","63227","50626","3714","247172","Complete","2022-09-05 15:41:16.386519","2022-09-05 11:43:22.386519","2022-09-09 07:45:22.386519",NULL,"52.86000061035156"
"102018","70499","56363","3714","275532","Complete","2022-02-01 22:33:42","2022-02-02 08:21:00","2022-02-02 18:00:00",NULL,"52.86000061035156"
"49732","34257","27351","3714","134246","Processing","2020-04-12 15:09:45",NULL,NULL,NULL,"52.86000061035156"
"128879","88886","71204","3714","347978","Processing","2021-10-17 05:59:05",NULL,NULL,NULL,"52.86000061035156"
"137996","95228","76340","28526","372607","Shipped","2022-09-03 12:22:08.51485","2022-09-03 22:48:47.51485",NULL,NULL,"73.72000122070312"
"112817","77921","62324","28526","304713","Complete","2021-03-16 13:59:55","2021-03-16 01:20:00","2021-03-20 02:25:00",NULL,"73.72000122070312"
"132471","91380","73180","28526","357700","Complete","2022-08-13 00:59:25","2022-08-12 00:14:00","2022-08-16 12:01:00",NULL,"73.72000122070312"
"155265","107118","85944","28526","419257","Processing","2022-07-01 18:37:23",NULL,NULL,NULL,"73.72000122070312"
"169465","116874","93702","28526","457622","Processing","2020-09-20 06:03:50",NULL,NULL,NULL,"73.72000122070312"
"44874","30883","24653","10308","121193","Complete","2022-08-29 00:52:54","2022-08-31 16:37:00","2022-09-03 14:54:00",NULL,"81.72000122070312"
"35501","24438","19528","10308","95881","Returned","2022-07-13 07:04:18","2022-07-15 01:25:00","2022-07-16 22:49:00","2022-07-19 21:38:00","81.72000122070312"
"42378","29155","23250","10308","114425","Processing","2022-05-04 11:57:37",NULL,NULL,NULL,"81.72000122070312"
"50609","34870","27824","10308","136598","Processing","2021-01-27 07:57:13",NULL,NULL,NULL,"81.72000122070312"
"85648","59187","47328","10308","231357","Processing","2020-05-16 01:28:49",NULL,NULL,NULL,"81.72000122070312"
"60126","41416","33084","18726","162339","Shipped","2021-05-19 22:01:51","2021-05-22 22:50:00",NULL,NULL,"85.72000122070312"
"65106","44822","35841","18726","175801","Shipped","2022-06-18 07:36:51","2022-06-18 09:19:00",NULL,NULL,"85.72000122070312"
"73465","50601","40492","18726","198367","Shipped","2021-08-09 17:36:26","2021-08-10 09:21:00",NULL,NULL,"85.72000122070312"
"148714","102617","82318","18726","401587","Shipped","2021-09-22 16:15:17","2021-09-23 17:04:00",NULL,NULL,"85.72000122070312"
"121006","83512","66874","18726","326730","Complete","2022-07-24 12:07:28","2022-07-26 16:47:00","2022-07-31 04:33:00",NULL,"85.72000122070312"
"134373","92712","74276","18726","362844","Returned","2022-07-25 06:54:32","2022-07-25 10:20:00","2022-07-28 19:24:00","2022-07-29 01:41:00","85.72000122070312"
"124109","85617","68515","18726","335053","Cancelled","2021-02-09 03:25:45",NULL,NULL,NULL,"85.72000122070312"
"21377","14700","11747","28525","57796","Shipped","2022-08-31 12:38:25","2022-08-29 00:31:00",NULL,NULL,"155.69000244140625"
"89407","61794","49474","28525","241515","Shipped","2022-07-30 07:04:23","2022-08-01 18:11:00",NULL,NULL,"155.69000244140625"
"57611","39702","31722","28525","155481","Complete","2022-02-14 05:55:24","2022-02-13 00:47:00","2022-02-15 11:17:00",NULL,"155.69000244140625"
"62948","43340","34654","28525","169954","Complete","2022-08-27 17:45:53","2022-08-30 01:45:00","2022-09-03 23:01:00",NULL,"155.69000244140625"
"66608","45823","36648","28525","179839","Complete","2022-07-27 09:54:33","2022-07-26 18:04:00","2022-07-30 01:27:00",NULL,"155.69000244140625"
"105318","72778","58205","28525","284466","Processing","2022-08-26 12:24:53",NULL,NULL,NULL,"155.69000244140625"
"13136","9071","7313","8391","35585","Shipped","2022-01-29 15:14:35","2022-01-31 18:59:00",NULL,NULL,"65.97000122070312"
"63806","43928","35136","8391","172255","Shipped","2021-03-29 00:24:32","2021-03-30 12:31:00",NULL,NULL,"65.97000122070312"
"147213","101570","81473","6358","397486","Shipped","2022-09-02 01:55:57.681895","2022-09-02 13:54:03.681895",NULL,NULL,"65.97000122070312"
"164281","113316","90858","8391","443642","Shipped","2022-01-20 10:50:43","2022-01-21 15:48:00",NULL,NULL,"65.97000122070312"
"174234","120168","96369","8391","470507","Shipped","2022-07-22 02:55:45","2022-07-22 09:05:00",NULL,NULL,"65.97000122070312"
"4796","3281","2674","6358","12999","Complete","2021-09-08 07:25:52","2021-09-09 09:21:00","2021-09-12 06:13:00",NULL,"65.97000122070312"
"7686","5269","4267","6358","20843","Complete","2022-08-19 01:24:45","2022-08-17 17:48:00","2022-08-20 16:35:00",NULL,"65.97000122070312"
"149271","103022","82631","6358","403092","Complete","2021-11-12 09:40:49","2021-11-15 05:09:00","2021-11-19 18:15:00",NULL,"65.97000122070312"
"161219","111202","89160","6358","435285","Complete","2022-06-13 03:27:07","2022-06-12 18:14:00","2022-06-14 14:05:00",NULL,"65.97000122070312"
"82282","56786","45410","6358","222194","Cancelled","2020-07-26 12:06:16",NULL,NULL,NULL,"65.97000122070312"
"108148","74712","59743","8391","292153","Cancelled","2022-08-13 15:06:57",NULL,NULL,NULL,"65.97000122070312"
"126888","87517","70062","6358","342602","Cancelled","2020-09-21 14:30:39",NULL,NULL,NULL,"65.97000122070312"
"154012","106266","85236","8391","415890","Cancelled","2021-03-08 01:23:17",NULL,NULL,NULL,"65.97000122070312"
"119456","82459","66017","7498","322514","Shipped","2022-07-19 00:20:36","2022-07-18 03:03:00",NULL,NULL,"69.97000122070312"
"8967","6148","4967","7498","24319","Cancelled","2022-02-09 13:17:50",NULL,NULL,NULL,"69.97000122070312"
"32411","22305","17830","7498","87569","Cancelled","2020-08-02 03:42:53",NULL,NULL,NULL,"69.97000122070312"
"60787","41867","33460","7498","164116","Cancelled","2022-08-18 08:56:44",NULL,NULL,NULL,"69.97000122070312"
"35930","24734","19776","16693","97022","Shipped","2021-08-23 15:21:14","2021-08-21 18:31:00",NULL,NULL,"73.97000122070312"
"160003","110386","88532","16693","432012","Shipped","2020-07-11 08:14:16","2020-07-10 12:47:00",NULL,NULL,"73.97000122070312"
"87398","60391","48343","16693","236111","Complete","2022-02-15 21:02:16","2022-02-16 03:21:00","2022-02-16 04:37:00",NULL,"73.97000122070312"
"142485","98298","78823","16693","384714","Complete","2021-09-27 11:14:54","2021-09-29 06:40:00","2021-10-02 08:56:00",NULL,"73.97000122070312"
"163417","112715","90381","16693","441262","Complete","2020-05-09 07:51:42","2020-05-12 06:44:00","2020-05-15 01:01:00",NULL,"73.97000122070312"
"107706","74410","59486","16693","290926","Cancelled","2022-03-15 07:49:03",NULL,NULL,NULL,"73.97000122070312"
"139154","96017","76989","16693","375778","Cancelled","2021-05-27 02:10:29",NULL,NULL,NULL,"73.97000122070312"
"113883","78662","62906","16693","307583","Processing","2019-02-26 00:06:31",NULL,NULL,NULL,"73.97000122070312"
"91013","62899","50360","4628","245852","Shipped","2021-06-22 06:03:38","2021-06-24 21:00:00",NULL,NULL,"77.97000122070312"
"176266","121558","97488","4628","476053","Shipped","2020-08-31 17:10:58","2020-09-03 05:44:00",NULL,NULL,"77.97000122070312"
"94632","65373","52299","4628","255622","Complete","2022-07-26 02:14:07","2022-07-28 03:18:00","2022-07-30 12:57:00",NULL,"77.97000122070312"
"130473","89994","72087","4628","352275","Complete","2019-09-23 13:14:57","2019-09-23 02:54:00","2019-09-27 11:52:00",NULL,"77.97000122070312"
"102952","71135","56860","4628","278071","Cancelled","2022-08-18 03:23:58",NULL,NULL,NULL,"77.97000122070312"
"13787","9500","7645","4628","37366","Processing","2020-02-22 09:22:29",NULL,NULL,NULL,"77.97000122070312"
"163813","112998","90613","4628","442339","Processing","2022-08-25 09:11:07",NULL,NULL,NULL,"77.97000122070312"
"30585","21064","16863","1469","82705","Shipped","2021-12-13 03:01:56","2021-12-09 10:47:00",NULL,NULL,"89.97000122070312"
"80425","55471","44355","1469","217179","Complete","2020-09-22 00:07:54","2020-09-19 16:11:00","2020-09-20 03:21:00",NULL,"89.97000122070312"
"9665","6654","5401","1469","26228","Cancelled","2022-08-01 11:42:47",NULL,NULL,NULL,"89.97000122070312"
"122702","84651","67756","1469","331315","Cancelled","2021-03-01 23:09:35",NULL,NULL,NULL,"89.97000122070312"
"119680","82619","66141","1469","323118","Processing","2021-11-01 15:11:24",NULL,NULL,NULL,"89.97000122070312"
"7886","5401","4371","14067","21391","Shipped","2021-02-06 13:58:12","2021-02-07 09:25:00",NULL,NULL,"93.97000122070312"
"62078","42751","34180","14067","167584","Shipped","2021-11-16 04:27:34","2021-11-18 00:09:00",NULL,NULL,"93.97000122070312"
"145335","100270","80406","14067","392437","Shipped","2022-09-06 06:24:00.480714","2022-09-04 20:24:35.480714",NULL,NULL,"93.97000122070312"
"47167","32503","25954","14067","127310","Complete","2022-02-25 09:24:34","2022-02-23 04:49:00","2022-02-25 06:54:00",NULL,"93.97000122070312"
"116353","80347","64312","14067","314247","Returned","2022-05-24 03:17:08","2022-05-26 05:06:00","2022-05-26 06:04:00","2022-05-28 20:35:00","93.97000122070312"
"136184","93978","75318","14067","367747","Returned","2022-09-02 04:27:41.735681","2022-09-03 17:20:20.735681","2022-09-06 04:02:20.735681","2022-09-08 20:51:20.735681","93.97000122070312"
"41718","28693","22882","14067","112615","Cancelled","2020-11-12 12:06:03",NULL,NULL,NULL,"93.97000122070312"
"54892","37842","30227","14067","148127","Processing","2022-08-16 15:20:38",NULL,NULL,NULL,"93.97000122070312"
"7838","5369","4345","24206","21264","Shipped","2019-10-31 13:45:10","2019-11-01 04:29:00",NULL,NULL,"101.97000122070312"
"48232","33228","26547","24206","130177","Shipped","2022-08-17 02:00:05","2022-08-15 09:24:00",NULL,NULL,"101.97000122070312"
"60875","41932","33515","24206","164352","Shipped","2021-04-13 15:24:54","2021-04-13 22:19:00",NULL,NULL,"101.97000122070312"
"58253","40157","32078","24206","157203","Complete","2021-07-21 07:08:33","2021-07-22 02:57:00","2021-07-24 19:15:00",NULL,"101.97000122070312"
"177315","122285","98055","24206","478881","Complete","2021-12-25 13:48:50","2021-12-27 19:26:00","2021-12-31 11:59:00",NULL,"101.97000122070312"
"73872","50882","40704","24206","199455","Returned","2021-12-03 23:21:27","2021-11-30 15:19:00","2021-12-03 11:48:00","2021-12-05 12:09:00","101.97000122070312"
"119900","82773","66258","24206","323721","Returned","2022-08-13 00:46:59","2022-08-14 20:18:00","2022-08-15 16:51:00","2022-08-17 23:50:00","101.97000122070312"
"67455","46416","37122","24206","182149","Cancelled","2022-04-24 14:25:28",NULL,NULL,NULL,"101.97000122070312"
"28144","19399","15515","24206","76075","Processing","2022-06-20 09:07:55",NULL,NULL,NULL,"101.97000122070312"
"159805","110250","88408","24206","431479","Processing","2020-10-11 11:30:59",NULL,NULL,NULL,"101.97000122070312"
"151978","104860","84149","23830","410451","Shipped","2021-07-05 09:58:53","2021-07-06 02:05:00",NULL,NULL,"109.97000122070312"
"28219","19450","15556","23830","76282","Complete","2022-07-18 02:01:17","2022-07-17 17:17:00","2022-07-21 04:03:00",NULL,"109.97000122070312"
"139699","96370","77280","23830","377220","Returned","2021-01-27 06:16:05","2021-01-26 04:16:00","2021-01-30 17:39:00","2021-01-31 05:10:00","109.97000122070312"
"18186","12501","10043","8340","49262","Shipped","2022-09-02 02:26:10","2022-08-31 20:50:00",NULL,NULL,"131.94000244140625"
"18483","12699","10189","8500","50044","Shipped","2019-12-08 13:08:26","2019-12-09 16:17:00",NULL,NULL,"131.94000244140625"
"31914","21964","17570","8685","86236","Shipped","2022-04-08 12:53:46","2022-04-10 10:48:00",NULL,NULL,"131.94000244140625"
"37551","25847","20652","8690","101396","Shipped","2022-05-07 11:03:40","2022-05-08 10:16:00",NULL,NULL,"131.94000244140625"
"51442","35458","28330","8354","138852","Shipped","2021-04-28 01:41:22","2021-04-30 17:22:00",NULL,NULL,"131.94000244140625"
"56370","38854","31064","8757","152138","Shipped","2019-06-11 00:18:31","2019-06-12 15:38:00",NULL,NULL,"131.94000244140625"
"76070","52424","41961","8690","205417","Shipped","2022-07-16 22:28:51","2022-07-14 03:07:00",NULL,NULL,"131.94000244140625"
"76235","52536","42041","8251","205868","Shipped","2021-11-19 01:36:47","2021-11-21 04:31:00",NULL,NULL,"131.94000244140625"
"86247","59597","47683","8594","232969","Shipped","2022-06-12 12:09:46","2022-06-13 09:33:00",NULL,NULL,"131.94000244140625"
"87417","60406","48357","8500","236160","Shipped","2022-06-13 04:21:04","2022-06-14 19:50:00",NULL,NULL,"131.94000244140625"
"98856","68307","54613","8354","267037","Shipped","2022-01-06 23:01:10","2022-01-10 00:52:00",NULL,NULL,"131.94000244140625"
"100106","69187","55322","8637","270379","Shipped","2021-11-29 15:10:33","2021-11-29 23:58:00",NULL,NULL,"131.94000244140625"
"101182","69920","55914","8251","273257","Shipped","2022-03-10 03:01:53","2022-03-08 16:12:00",NULL,NULL,"131.94000244140625"
"103790","71729","57358","8251","280372","Shipped","2022-07-14 01:16:13","2022-07-12 03:51:00",NULL,NULL,"131.94000244140625"
"110242","76158","60900","8354","297748","Shipped","2022-04-09 13:05:43","2022-04-07 03:29:00",NULL,NULL,"131.94000244140625"
"111856","77265","61821","8757","302097","Shipped","2022-05-24 07:05:52","2022-05-24 04:25:00",NULL,NULL,"131.94000244140625"
"115553","79805","63855","8354","312075","Shipped","2021-11-09 11:58:48","2021-11-12 02:27:00",NULL,NULL,"131.94000244140625"
"116600","80505","64452","8336","314918","Shipped","2021-12-01 01:17:07","2021-12-02 06:20:00",NULL,NULL,"131.94000244140625"
"117512","81121","64972","8500","317319","Shipped","2020-07-25 14:04:35","2020-07-26 14:41:00",NULL,NULL,"131.94000244140625"
"117623","81196","65035","8757","317621","Shipped","2022-09-03 23:28:26","2022-09-02 21:34:00",NULL,NULL,"131.94000244140625"
"174847","120578","96681","8251","472173","Shipped","2022-07-17 02:27:32","2022-07-13 22:05:00",NULL,NULL,"131.94000244140625"
"180079","124196","99615","8757","486307","Shipped","2022-06-30 22:23:54","2022-07-03 11:53:00",NULL,NULL,"131.94000244140625"
"180571","124527","99857","8500","487617","Shipped","2022-04-15 06:04:19","2022-04-18 06:33:00",NULL,NULL,"131.94000244140625"
"35398","24364","19461","8757","95617","Complete","2022-08-23 05:35:47","2022-08-24 13:02:00","2022-08-27 20:11:00",NULL,"131.94000244140625"
"37132","25573","20433","8594","100268","Complete","2022-06-27 15:14:48","2022-06-27 08:20:00","2022-07-01 12:15:00",NULL,"131.94000244140625"
"40542","27894","22264","8251","109452","Complete","2022-01-11 10:15:46","2022-01-14 07:56:00","2022-01-18 10:01:00",NULL,"131.94000244140625"
"83865","57918","46306","8336","226515","Complete","2019-11-09 16:10:31","2019-11-10 03:11:00","2019-11-10 22:51:00",NULL,"131.94000244140625"
"105813","73118","58478","8690","285824","Complete","2021-03-15 16:29:16","2021-03-16 15:33:00","2021-03-20 15:58:00",NULL,"131.94000244140625"
"109437","75597","60430","8594","295608","Complete","2020-05-02 15:47:52","2020-05-02 04:42:00","2020-05-05 05:42:00",NULL,"131.94000244140625"
"115914","80046","64065","8757","313050","Complete","2021-12-03 11:47:20","2021-12-06 07:07:00","2021-12-07 17:52:00",NULL,"131.94000244140625"
"116557","80481","64434","8336","314801","Complete","2021-01-28 10:18:44","2021-01-31 04:59:00","2021-02-01 22:15:00",NULL,"131.94000244140625"
"125274","86421","69161","8685","338234","Complete","2021-01-07 07:00:46","2021-01-07 08:41:00","2021-01-07 15:40:00",NULL,"131.94000244140625"
"133522","92119","73781","8251","360547","Complete","2022-07-16 08:32:05","2022-07-16 19:56:00","2022-07-18 18:01:00",NULL,"131.94000244140625"
"161189","111180","89139","8594","435200","Complete","2020-09-20 03:31:47","2020-09-19 07:58:00","2020-09-23 08:50:00",NULL,"131.94000244140625"
"170518","117572","94294","8685","460493","Complete","2022-09-01 07:43:52.135996","2022-09-01 19:45:52.135996","2022-09-05 17:21:52.135996",NULL,"131.94000244140625"
"11707","8057","6533","8354","31718","Returned","2022-08-08 11:50:50","2022-08-07 14:52:00","2022-08-12 12:27:00","2022-08-13 01:12:00","131.94000244140625"
"66762","45933","36735","8690","180255","Returned","2022-01-30 09:07:16","2022-01-30 16:47:00","2022-01-31 19:32:00","2022-02-01 07:10:00","131.94000244140625"
"157317","108508","87018","8637","424775","Returned","2021-11-24 02:20:59","2021-11-23 03:59:00","2021-11-24 06:23:00","2021-11-26 03:34:00","131.94000244140625"
"23633","16264","13015","8757","63890","Cancelled","2020-09-22 03:36:29",NULL,NULL,NULL,"131.94000244140625"
"24149","16609","13275","8685","65283","Cancelled","2021-12-13 23:49:20",NULL,NULL,NULL,"131.94000244140625"
"24477","16839","13456","8594","66158","Cancelled","2020-12-08 09:22:29",NULL,NULL,NULL,"131.94000244140625"
"53659","36976","29538","8685","144800","Cancelled","2022-08-11 13:45:21",NULL,NULL,NULL,"131.94000244140625"
"55864","38505","30768","8251","150756","Cancelled","2021-01-30 05:39:08",NULL,NULL,NULL,"131.94000244140625"
"81031","55888","44682","8685","218841","Cancelled","2022-07-03 05:01:02",NULL,NULL,NULL,"131.94000244140625"
"95041","65675","52546","8685","256732","Cancelled","2019-12-15 04:47:48",NULL,NULL,NULL,"131.94000244140625"
"113591","78472","62758","8757","306790","Cancelled","2022-02-25 13:52:03",NULL,NULL,NULL,"131.94000244140625"
"152466","105198","84400","8500","411758","Cancelled","2021-12-16 10:31:46",NULL,NULL,NULL,"131.94000244140625"
"156587","108008","86625","8354","422784","Cancelled","2022-07-13 08:54:56",NULL,NULL,NULL,"131.94000244140625"
"166941","115130","92277","8685","450877","Cancelled","2021-11-05 01:36:05",NULL,NULL,NULL,"131.94000244140625"
"10057","6916","5616","8500","27284","Processing","2022-03-16 03:22:44",NULL,NULL,NULL,"131.94000244140625"
"25679","17690","14124","8336","69398","Processing","2022-08-30 12:35:42",NULL,NULL,NULL,"131.94000244140625"
"27800","19154","15319","8594","75159","Processing","2022-03-18 09:52:04",NULL,NULL,NULL,"131.94000244140625"
"31983","22014","17607","8336","86422","Processing","2022-08-30 08:34:27",NULL,NULL,NULL,"131.94000244140625"
"50805","35017","27942","8251","137127","Processing","2022-07-02 07:08:41",NULL,NULL,NULL,"131.94000244140625"
"53753","37042","29592","8251","145062","Processing","2021-11-02 15:28:36",NULL,NULL,NULL,"131.94000244140625"
"57723","39781","31793","8757","155777","Processing","2020-07-11 04:18:15",NULL,NULL,NULL,"131.94000244140625"
"80883","55776","44587","8336","218445","Processing","2021-07-16 02:40:13",NULL,NULL,NULL,"131.94000244140625"
"100670","69565","55635","8251","271878","Processing","2022-07-29 23:45:13",NULL,NULL,NULL,"131.94000244140625"
"103060","71210","56925","8757","278362","Processing","2020-08-12 07:40:12",NULL,NULL,NULL,"131.94000244140625"
"120495","83165","66591","8690","325361","Processing","2022-05-31 22:25:39",NULL,NULL,NULL,"131.94000244140625"
"125489","86570","69273","8637","338811","Processing","2022-05-09 08:38:03",NULL,NULL,NULL,"131.94000244140625"
"126476","87243","69825","8336","341481","Processing","2021-10-16 01:54:27",NULL,NULL,NULL,"131.94000244140625"
"145472","100368","80483","8685","392810","Processing","2022-09-05 11:27:35.594574",NULL,NULL,NULL,"131.94000244140625"
"155680","107390","86166","8251","420362","Processing","2019-10-04 17:15:22",NULL,NULL,NULL,"131.94000244140625"
"161947","111699","89552","8757","437290","Processing","2021-03-11 03:07:24",NULL,NULL,NULL,"131.94000244140625"
"175819","121252","97241","8336","474830","Processing","2021-07-26 10:59:14",NULL,NULL,NULL,"131.94000244140625"
"125221","86384","69128","6352","338083","Shipped","2021-09-09 07:54:24","2021-09-06 15:49:00",NULL,NULL,"33.11000061035156"
"144961","100022","80208","6352","391409","Shipped","2021-10-29 12:48:07","2021-10-31 19:28:00",NULL,NULL,"33.11000061035156"
"5281","3603","2945","6352","14292","Complete","2022-05-01 10:15:59","2022-05-03 20:50:00","2022-05-07 10:26:00",NULL,"33.11000061035156"
"130767","90205","72239","6352","353084","Complete","2021-01-12 09:43:43","2021-01-15 06:53:00","2021-01-18 23:56:00",NULL,"33.11000061035156"
"142851","98559","79023","6352","385707","Complete","2022-05-28 00:58:07","2022-05-26 00:11:00","2022-05-30 12:19:00",NULL,"33.11000061035156"
"169870","117143","93929","6352","458720","Complete","2022-06-29 08:33:09","2022-06-28 18:06:00","2022-07-01 01:33:00",NULL,"33.11000061035156"
"173782","119862","96112","6352","469290","Complete","2021-09-18 07:11:04","2021-09-18 13:17:00","2021-09-22 19:42:00",NULL,"33.11000061035156"
"145979","100729","80820","6352","394178","Cancelled","2020-11-18 00:51:53",NULL,NULL,NULL,"33.11000061035156"
"71234","49047","39251","6352","192321","Processing","2022-07-10 07:00:41",NULL,NULL,NULL,"33.11000061035156"
"163516","112793","90439","6352","441530","Processing","2021-08-24 07:07:39",NULL,NULL,NULL,"33.11000061035156"
"27093","18665","14912","28484","73252","Shipped","2019-10-30 02:20:19","2019-11-01 04:06:00",NULL,NULL,"43.11000061035156"
"47993","33061","26410","28484","129544","Complete","2021-11-28 01:41:04","2021-11-29 23:17:00","2021-12-01 00:44:00",NULL,"43.11000061035156"
"27372","18853","15078","28484","73993","Returned","2022-05-17 17:28:34","2022-05-18 15:03:00","2022-05-22 16:33:00","2022-05-23 23:03:00","43.11000061035156"
"39637","27298","21803","28484","106994","Cancelled","2022-09-02 11:10:55",NULL,NULL,NULL,"43.11000061035156"
"99806","68987","55156","28484","269581","Cancelled","2022-06-04 03:36:32",NULL,NULL,NULL,"43.11000061035156"
"113469","78388","62689","28484","306469","Cancelled","2022-02-25 00:29:18",NULL,NULL,NULL,"43.11000061035156"
"137272","94720","75930","28484","370667","Cancelled","2022-06-16 12:56:49",NULL,NULL,NULL,"43.11000061035156"
"22462","15443","12340","28484","60703","Processing","2021-04-18 00:06:46",NULL,NULL,NULL,"43.11000061035156"
"45793","31525","25160","28484","123647","Processing","2021-11-05 16:00:53",NULL,NULL,NULL,"43.11000061035156"
"130934","90319","72335","28484","353529","Processing","2021-03-24 01:34:06",NULL,NULL,NULL,"43.11000061035156"
"139057","95954","76940","28484","375511","Processing","2022-07-21 12:11:45",NULL,NULL,NULL,"43.11000061035156"
"14945","10278","8261","11937","40478","Shipped","2022-08-11 02:08:58","2022-08-12 08:41:00",NULL,NULL,"53.11000061035156"
"57223","39441","31525","11937","154441","Shipped","2022-08-24 12:50:08","2022-08-27 06:09:00",NULL,NULL,"53.11000061035156"
"168428","116154","93132","8073","454848","Shipped","2022-08-12 08:59:49","2022-08-10 21:09:00",NULL,NULL,"59.11000061035156"
"146867","101318","81282","8073","396576","Complete","2022-06-11 00:39:04","2022-06-12 19:09:00","2022-06-13 22:26:00",NULL,"59.11000061035156"
"155114","107017","85859","8073","418841","Complete","2022-08-20 05:01:22","2022-08-21 20:56:00","2022-08-24 01:06:00",NULL,"59.11000061035156"
"117905","81383","65176","8073","318393","Returned","2022-03-04 12:01:45","2022-03-03 20:49:00","2022-03-05 23:55:00","2022-03-08 04:02:00","59.11000061035156"
"23099","15892","12707","8073","62432","Processing","2021-04-05 22:27:23",NULL,NULL,NULL,"59.11000061035156"
"25837","17805","14233","6854","69818","Shipped","2020-04-17 03:50:56","2020-04-16 09:11:00",NULL,NULL,"90.22000122070312"
"142029","97963","78552","6854","383491","Shipped","2022-06-30 06:09:04","2022-06-28 07:00:00",NULL,NULL,"90.22000122070312"
"35195","24221","19345","6854","95076","Complete","2022-09-01 06:30:24","2022-09-02 12:44:00","2022-09-07 08:33:00",NULL,"90.22000122070312"
"81845","56467","45134","6854","221024","Complete","2022-06-14 13:01:11","2022-06-16 11:39:00","2022-06-18 18:59:00",NULL,"90.22000122070312"
"141902","97874","78473","6854","383140","Complete","2022-04-18 22:30:25","2022-04-18 04:41:00","2022-04-20 20:36:00",NULL,"90.22000122070312"
"148799","102674","82364","6854","401816","Complete","2020-07-14 06:29:03","2020-07-15 10:20:00","2020-07-16 06:40:00",NULL,"90.22000122070312"
"64572","44445","35548","6854","174343","Cancelled","2022-07-01 14:24:24",NULL,NULL,NULL,"90.22000122070312"
"143516","99030","79407","6854","387495","Cancelled","2022-07-31 14:45:34",NULL,NULL,NULL,"90.22000122070312"
"36986","25466","20363","2670","99866","Shipped","2022-01-08 02:51:06","2022-01-08 15:48:00",NULL,NULL,"122.22000122070312"
"68010","46792","37433","2670","183626","Shipped","2019-07-26 14:39:56","2019-07-29 06:19:00",NULL,NULL,"122.22000122070312"
"107292","74121","59257","2670","289805","Shipped","2021-11-16 15:15:25","2021-11-19 02:56:00",NULL,NULL,"122.22000122070312"
"14454","9944","8011","2670","39182","Complete","2022-08-04 08:25:03","2022-08-03 08:18:00","2022-08-07 17:22:00",NULL,"122.22000122070312"
"172338","118835","95269","2670","465464","Complete","2022-04-14 15:50:53","2022-04-16 15:26:00","2022-04-17 08:26:00",NULL,"122.22000122070312"
"69972","48176","38527","2670","188893","Cancelled","2021-07-14 23:15:19",NULL,NULL,NULL,"122.22000122070312"
"77082","53148","42524","2670","208119","Processing","2021-10-24 14:35:50",NULL,NULL,NULL,"122.22000122070312"
"131525","90722","72683","2670","355119","Processing","2022-09-02 04:32:28",NULL,NULL,NULL,"122.22000122070312"
"175833","121263","97252","2670","474867","Processing","2021-12-23 07:43:11",NULL,NULL,NULL,"122.22000122070312"
"22698","15614","12474","24038","61351","Shipped","2021-01-16 23:09:37","2021-01-15 16:44:00",NULL,NULL,"148.69000244140625"
"179475","123782","99294","24038","484683","Shipped","2020-12-14 13:51:15","2020-12-14 09:06:00",NULL,NULL,"148.69000244140625"
"33277","22906","18277","24038","89883","Complete","2022-03-30 12:08:28","2022-04-02 13:39:00","2022-04-03 20:08:00",NULL,"148.69000244140625"
"150031","103531","83040","24038","405177","Processing","2022-01-20 01:21:49",NULL,NULL,NULL,"148.69000244140625"
"20692","14228","11386","21570","56012","Shipped","2022-06-04 11:08:12","2022-06-07 00:46:00",NULL,NULL,"74.47000122070312"
"69812","48060","38428","21570","188457","Shipped","2022-04-12 06:29:58","2022-04-11 12:16:00",NULL,NULL,"74.47000122070312"
"19879","13676","10952","21570","53804","Complete","2022-07-05 06:33:07","2022-07-08 07:29:00","2022-07-10 12:19:00",NULL,"74.47000122070312"
"61454","42318","33824","21570","165895","Complete","2021-09-02 16:24:43","2021-08-31 14:55:00","2021-09-03 18:34:00",NULL,"74.47000122070312"
"130434","89962","72062","21570","352169","Complete","2022-07-07 22:08:43","2022-07-08 07:12:00","2022-07-11 13:26:00",NULL,"74.47000122070312"
"101057","69838","55850","21570","272927","Cancelled","2022-06-01 22:46:52",NULL,NULL,NULL,"74.47000122070312"
"164656","113569","91065","21570","444668","Processing","2022-01-16 05:08:42",NULL,NULL,NULL,"74.47000122070312"
"6373","4352","3533","1413","17240","Shipped","2022-01-21 11:36:11","2022-01-20 03:03:00",NULL,NULL,"78.47000122070312"
"43010","29595","23607","1413","116148","Shipped","2021-10-22 14:24:06","2021-10-24 05:40:00",NULL,NULL,"78.47000122070312"
"73753","50793","40636","1413","199131","Shipped","2019-05-27 02:37:47","2019-05-27 15:51:00",NULL,NULL,"78.47000122070312"
"8222","5629","4551","1413","22302","Complete","2022-06-28 02:03:26","2022-06-27 18:36:00","2022-06-30 03:27:00",NULL,"78.47000122070312"
"48671","33530","26780","1413","131348","Complete","2020-09-14 04:19:03","2020-09-15 18:48:00","2020-09-18 11:22:00",NULL,"78.47000122070312"
"130682","90144","72193","1413","352849","Complete","2022-03-11 17:42:42","2022-03-13 01:22:00","2022-03-15 15:21:00",NULL,"78.47000122070312"
"55060","37964","30325","1413","148569","Processing","2020-02-04 03:26:40",NULL,NULL,NULL,"78.47000122070312"
"177864","122673","98395","1413","480348","Processing","2021-02-06 06:38:00",NULL,NULL,NULL,"78.47000122070312"
"12795","8834","7133","19833","34671","Shipped","2019-06-30 06:45:38","2019-06-30 16:27:00",NULL,NULL,"172.94000244140625"
"46004","31665","25252","19833","124216","Shipped","2022-07-08 15:46:00","2022-07-10 19:36:00",NULL,NULL,"172.94000244140625"
"60112","41408","33076","19833","162297","Shipped","2022-05-07 00:08:15","2022-05-07 12:04:00",NULL,NULL,"172.94000244140625"
"117011","80793","64683","19833","315991","Complete","2022-04-21 07:12:37","2022-04-23 12:56:00","2022-04-25 17:50:00",NULL,"172.94000244140625"
"13207","9117","7353","19833","35782","Returned","2020-07-12 22:38:24","2020-07-11 00:32:00","2020-07-14 04:28:00","2020-07-16 23:26:00","172.94000244140625"
"19285","13254","10629","19833","52188","Processing","2021-06-14 13:15:56",NULL,NULL,NULL,"172.94000244140625"
"125236","86396","69138","19833","338128","Processing","2021-03-29 10:35:48",NULL,NULL,NULL,"172.94000244140625"
"170184","117350","94104","19833","459594","Processing","2022-08-17 13:35:12",NULL,NULL,NULL,"172.94000244140625"
"58694","40451","32313","28406","158408","Shipped","2022-08-15 14:52:50","2022-08-17 09:03:00",NULL,NULL,"3.4600000381469727"
"63287","43575","34841","28406","170885","Shipped","2022-08-19 11:56:00","2022-08-17 13:03:00",NULL,NULL,"3.4600000381469727"
"76748","52910","42331","28406","207251","Shipped","2022-08-26 02:35:22","2022-08-28 01:40:00",NULL,NULL,"3.4600000381469727"
"13717","9452","7607","28406","37175","Complete","2021-08-01 08:09:15","2021-08-02 19:15:00","2021-08-04 06:17:00",NULL,"3.4600000381469727"
"56942","39246","31370","28406","153677","Complete","2022-02-21 23:14:58","2022-02-22 18:32:00","2022-02-23 11:36:00",NULL,"3.4600000381469727"
"138888","95843","76845","15661","375042","Shipped","2021-10-04 06:53:00","2021-10-04 10:52:00",NULL,NULL,"173.94000244140625"
"114774","79275","63420","28406","310000","Complete","2022-08-09 14:56:17","2022-08-07 21:26:00","2022-08-10 01:41:00",NULL,"3.4600000381469727"
"137728","95039","76184","28406","371874","Returned","2019-10-30 17:36:32","2019-10-31 23:58:00","2019-11-02 08:54:00","2019-11-04 05:09:00","3.4600000381469727"
"33362","22971","18330","28406","90137","Cancelled","2021-01-07 05:36:41",NULL,NULL,NULL,"3.4600000381469727"
"52083","35894","28676","6129","140568","Shipped","2022-08-26 06:41:53","2022-08-28 14:15:00",NULL,NULL,"7.670000076293945"
"161646","111503","89404","6129","436462","Shipped","2020-04-04 01:53:49","2020-04-04 23:18:00",NULL,NULL,"7.670000076293945"
"137344","94769","75967","6129","370852","Cancelled","2019-07-11 03:35:27",NULL,NULL,NULL,"7.670000076293945"
"14786","10171","8182","6129","40052","Processing","2022-04-09 06:02:17",NULL,NULL,NULL,"7.670000076293945"
"98173","67834","54201","6129","265202","Processing","2020-02-11 03:06:49",NULL,NULL,NULL,"7.670000076293945"
"7498","5132","4162","5646","20315","Shipped","2020-10-02 10:05:39","2020-10-03 08:05:00",NULL,NULL,"7.920000076293945"
"37521","25826","20632","5646","101316","Shipped","2022-06-23 21:57:57","2022-06-26 02:22:00",NULL,NULL,"7.920000076293945"
"156893","108218","86795","5646","423612","Shipped","2022-07-30 12:48:03","2022-08-01 08:05:00",NULL,NULL,"7.920000076293945"
"44837","30855","24633","5646","121103","Complete","2021-09-08 04:34:14","2021-09-10 20:23:00","2021-09-11 13:02:00",NULL,"7.920000076293945"
"2087","1438","1162","5646","5653","Processing","2022-08-15 12:10:10",NULL,NULL,NULL,"7.920000076293945"
"35537","24461","19549","10837","95982","Shipped","2019-09-19 23:50:34","2019-09-20 21:31:00",NULL,NULL,"8.84000015258789"
"43311","29790","23751","10837","116956","Shipped","2022-07-30 05:42:04","2022-07-29 21:19:00",NULL,NULL,"8.84000015258789"
"158198","109113","87509","7929","427120","Shipped","2022-05-12 11:38:52","2022-05-09 19:31:00",NULL,NULL,"8.84000015258789"
"39127","26943","21516","7929","105640","Complete","2020-09-01 05:22:50","2020-09-02 16:34:00","2020-09-05 10:09:00",NULL,"8.84000015258789"
"60996","42007","33574","7929","164662","Complete","2022-03-28 11:09:32","2022-03-29 05:23:00","2022-04-01 04:33:00",NULL,"8.84000015258789"
"56187","38730","30969","7929","151623","Returned","2022-02-25 09:22:49","2022-02-26 08:06:00","2022-03-01 14:09:00","2022-03-04 02:55:00","8.84000015258789"
"12488","8607","6946","7929","33837","Cancelled","2020-12-20 14:25:17",NULL,NULL,NULL,"8.84000015258789"
"45700","31462","25112","11053","123403","Cancelled","2022-07-14 07:50:56",NULL,NULL,NULL,"8.84000015258789"
"53512","36875","29461","11053","144400","Cancelled","2021-07-05 03:21:13",NULL,NULL,NULL,"8.84000015258789"
"102720","70969","56725","7929","277457","Cancelled","2022-07-17 12:15:26",NULL,NULL,NULL,"8.84000015258789"
"178986","123451","99025","7929","483357","Cancelled","2022-09-03 12:00:29.609627",NULL,NULL,NULL,"8.84000015258789"
"168030","115881","92900","10837","453753","Processing","2022-07-20 14:23:57",NULL,NULL,NULL,"8.84000015258789"
"39334","27076","21632","6772","106201","Shipped","2021-06-30 05:07:49","2021-06-29 07:36:00",NULL,NULL,"9.84000015258789"
"48384","33343","26632","6772","130580","Shipped","2022-07-28 01:14:35","2022-07-27 05:55:00",NULL,NULL,"9.84000015258789"
"39935","27491","21950","7695","107792","Shipped","2022-06-13 01:04:40","2022-06-12 05:33:00",NULL,NULL,"18.68000030517578"
"119619","82573","66107","7695","322960","Shipped","2022-06-12 16:48:06","2022-06-15 06:33:00",NULL,NULL,"18.68000030517578"
"107586","74329","59421","7695","290601","Complete","2020-09-01 22:04:42","2020-09-03 14:34:00","2020-09-06 19:40:00",NULL,"18.68000030517578"
"99361","68659","54888","7695","268389","Processing","2022-07-04 17:22:12",NULL,NULL,NULL,"18.68000030517578"
"67642","46544","37235","16440","182643","Shipped","2021-11-16 12:37:53","2021-11-17 10:25:00",NULL,NULL,"20.68000030517578"
"68194","46929","37534","16440","184123","Shipped","2021-11-14 10:16:47","2021-11-17 02:35:00",NULL,NULL,"20.68000030517578"
"48428","33372","26648","16440","130697","Complete","2022-08-04 01:53:43","2022-08-05 06:32:00","2022-08-07 07:09:00",NULL,"20.68000030517578"
"82575","56997","45569","16440","223003","Complete","2022-07-02 22:58:46","2022-07-01 15:50:00","2022-07-04 13:25:00",NULL,"20.68000030517578"
"106991","73925","59116","16440","288981","Returned","2022-08-26 04:08:36","2022-08-26 07:35:00","2022-08-30 07:03:00","2022-08-31 07:00:00","20.68000030517578"
"122191","84294","67482","16440","329918","Cancelled","2022-08-28 11:15:53",NULL,NULL,NULL,"20.68000030517578"
"158742","109492","87807","16440","428600","Cancelled","2022-08-31 06:55:46.584926",NULL,NULL,NULL,"20.68000030517578"
"1415","981","822","16440","3846","Processing","2022-09-04 04:53:24",NULL,NULL,NULL,"20.68000030517578"
"109151","75398","60280","16440","294830","Processing","2022-07-16 04:49:04",NULL,NULL,NULL,"20.68000030517578"
"155423","107233","86035","16440","419675","Processing","2019-10-24 16:39:27",NULL,NULL,NULL,"20.68000030517578"
"47000","32373","25854","7988","126864","Shipped","2022-02-13 03:36:12","2022-02-14 06:52:00",NULL,NULL,"21.68000030517578"
"82119","56668","45317","7988","221749","Shipped","2020-05-31 01:21:45","2020-06-01 21:46:00",NULL,NULL,"21.68000030517578"
"144435","99652","79899","7988","389972","Complete","2021-03-13 23:17:18","2021-03-16 02:15:00","2021-03-20 12:21:00",NULL,"21.68000030517578"
"65590","45168","36099","7988","177119","Cancelled","2020-02-28 02:39:22",NULL,NULL,NULL,"21.68000030517578"
"36948","25439","20340","7988","99764","Processing","2021-05-24 23:12:13",NULL,NULL,NULL,"21.68000030517578"
"109364","75551","60397","17839","295410","Shipped","2021-08-11 01:28:32","2021-08-10 05:34:00",NULL,NULL,"26.68000030517578"
"140957","97226","77974","17839","380589","Shipped","2021-12-31 14:37:37","2021-12-29 08:36:00",NULL,NULL,"26.68000030517578"
"47654","32838","26221","17839","128622","Complete","2021-12-04 11:14:34","2021-12-02 15:59:00","2021-12-05 22:17:00",NULL,"26.68000030517578"
"56857","39186","31323","17839","153463","Complete","2021-08-12 13:22:39","2021-08-08 23:17:00","2021-08-13 15:29:00",NULL,"26.68000030517578"
"52704","36328","29016","17839","142222","Returned","2020-12-05 10:42:40","2020-12-07 00:19:00","2020-12-09 02:32:00","2020-12-10 22:40:00","26.68000030517578"
"91547","63256","50649","2028","247282","Returned","2022-06-12 00:11:38","2022-06-11 18:53:00","2022-06-13 20:45:00","2022-06-15 03:54:00","26.68000030517578"
"95443","65970","52772","2028","257822","Returned","2021-09-22 11:09:25","2021-09-22 16:07:00","2021-09-26 13:44:00","2021-09-28 12:19:00","26.68000030517578"
"12695","8764","7077","17839","34404","Cancelled","2020-11-15 07:55:48",NULL,NULL,NULL,"26.68000030517578"
"138956","95889","76890","17839","375228","Cancelled","2022-03-01 22:01:57",NULL,NULL,NULL,"26.68000030517578"
"177013","122081","97903","2028","478084","Cancelled","2022-09-04 12:00:42.787541",NULL,NULL,NULL,"26.68000030517578"
"55897","38528","30791","2028","150850","Processing","2022-07-14 04:10:44",NULL,NULL,NULL,"26.68000030517578"
"148156","102234","82013","2028","400041","Processing","2021-03-12 06:57:19",NULL,NULL,NULL,"26.68000030517578"
"52745","36359","29053","6914","142331","Shipped","2021-01-13 11:51:04","2021-01-12 05:48:00",NULL,NULL,"27.68000030517578"
"88223","60971","48812","6914","238329","Shipped","2021-05-16 22:04:08","2021-05-17 14:41:00",NULL,NULL,"27.68000030517578"
"1876","1308","1051","6914","5080","Complete","2022-07-31 10:12:23","2022-07-29 13:12:00","2022-07-29 22:51:00",NULL,"27.68000030517578"
"98322","67943","54301","6914","265608","Complete","2022-02-12 13:52:44","2022-02-15 17:27:00","2022-02-16 22:38:00",NULL,"27.68000030517578"
"166142","114585","91860","6914","448719","Returned","2021-03-20 14:20:42","2021-03-21 13:38:00","2021-03-25 16:08:00","2021-03-26 06:34:00","27.68000030517578"
"117502","81111","64963","6914","317291","Cancelled","2022-08-02 03:03:11",NULL,NULL,NULL,"27.68000030517578"
"150252","103679","83165","6914","405797","Cancelled","2022-08-05 13:46:55",NULL,NULL,NULL,"27.68000030517578"
"40658","27966","22314","6914","109781","Processing","2022-09-05 01:52:30",NULL,NULL,NULL,"27.68000030517578"
"149605","103253","82813","6914","403996","Processing","2019-07-04 07:38:03",NULL,NULL,NULL,"27.68000030517578"
"99655","68874","55074","15166","269185","Shipped","2019-04-29 09:35:11","2019-04-29 17:33:00",NULL,NULL,"28.68000030517578"
"120253","82998","66448","15166","324679","Shipped","2022-07-01 15:53:37","2022-07-02 01:35:00",NULL,NULL,"28.68000030517578"
"79682","54951","43948","15166","215155","Complete","2021-11-08 12:36:48","2021-11-08 01:32:00","2021-11-11 21:17:00",NULL,"28.68000030517578"
"90933","62841","50318","10663","245635","Complete","2022-06-26 22:23:10","2022-06-28 13:29:00","2022-06-30 17:54:00",NULL,"28.68000030517578"
"56332","38831","31045","10663","152033","Returned","2019-01-21 09:21:10","2019-01-23 00:31:00","2019-01-26 09:07:00","2019-01-27 08:30:00","28.68000030517578"
"26362","18168","14521","15166","71249","Cancelled","2021-01-21 14:05:19",NULL,NULL,NULL,"28.68000030517578"
"46808","32237","25754","10663","126374","Cancelled","2022-03-12 05:35:37",NULL,NULL,NULL,"28.68000030517578"
"71461","49210","39386","15166","192943","Cancelled","2019-12-09 03:14:25",NULL,NULL,NULL,"28.68000030517578"
"107066","73977","59152","15166","289176","Cancelled","2021-02-09 21:15:19",NULL,NULL,NULL,"28.68000030517578"
"115728","79922","63960","15166","312547","Processing","2022-06-03 06:33:44",NULL,NULL,NULL,"28.68000030517578"
"151487","104514","83859","10663","409130","Processing","2021-06-23 23:08:44",NULL,NULL,NULL,"28.68000030517578"
"153473","105879","84932","15166","414471","Processing","2021-12-09 06:28:55",NULL,NULL,NULL,"28.68000030517578"
"94431","65244","52200","13681","255084","Shipped","2021-05-24 10:57:33","2021-05-27 02:31:00",NULL,NULL,"29.68000030517578"
"163975","113110","90704","13681","442802","Shipped","2022-04-16 15:46:18","2022-04-17 16:05:00",NULL,NULL,"29.68000030517578"
"167442","115467","92553","15384","452205","Shipped","2021-10-19 11:50:07","2021-10-19 13:51:00",NULL,NULL,"29.68000030517578"
"5266","3592","2937","13681","14251","Complete","2021-11-23 08:25:58","2021-11-24 04:17:00","2021-11-24 14:19:00",NULL,"29.68000030517578"
"6489","4421","3587","15384","17570","Complete","2022-06-20 00:03:20","2022-06-19 15:19:00","2022-06-24 03:43:00",NULL,"29.68000030517578"
"15355","10545","8480","15384","41595","Complete","2022-07-07 05:14:01","2022-07-09 07:41:00","2022-07-10 00:12:00",NULL,"29.68000030517578"
"27835","19179","15345","13681","75253","Complete","2021-12-23 16:45:00","2021-12-25 06:11:00","2021-12-26 20:12:00",NULL,"29.68000030517578"
"83962","57986","46369","15384","226781","Complete","2022-08-22 12:05:47","2022-08-23 03:54:00","2022-08-23 23:43:00",NULL,"29.68000030517578"
"117581","81169","65015","13681","317503","Complete","2022-01-07 15:43:31","2022-01-09 12:23:00","2022-01-12 02:07:00",NULL,"29.68000030517578"
"177940","122730","98442","15384","480552","Complete","2021-03-12 23:05:23","2021-03-09 14:43:00","2021-03-10 13:34:00",NULL,"29.68000030517578"
"112442","77665","62124","15384","303704","Returned","2021-12-17 11:52:46","2021-12-18 19:29:00","2021-12-23 12:07:00","2021-12-25 08:14:00","29.68000030517578"
"128166","88390","70795","13681","346065","Returned","2022-03-31 05:15:33","2022-03-31 21:03:00","2022-04-04 05:00:00","2022-04-06 13:50:00","29.68000030517578"
"37839","26048","20810","13681","102152","Cancelled","2022-03-14 04:15:24",NULL,NULL,NULL,"29.68000030517578"
"38112","26238","20962","15384","102889","Cancelled","2020-08-08 07:18:49",NULL,NULL,NULL,"29.68000030517578"
"144929","100001","80193","15384","391319","Cancelled","2021-05-20 16:44:20",NULL,NULL,NULL,"29.68000030517578"
"27072","18650","14898","15384","73194","Processing","2022-07-29 08:15:18",NULL,NULL,NULL,"29.68000030517578"
"32977","22707","18135","12315","89094","Complete","2022-07-12 09:05:26","2022-07-11 00:22:00","2022-07-14 07:10:00",NULL,"31.68000030517578"
"99132","68496","54767","12315","267783","Complete","2022-08-25 01:57:45","2022-08-25 12:27:00","2022-08-26 05:26:00",NULL,"31.68000030517578"
"81698","56363","45057","12315","220629","Returned","2022-07-30 00:20:25","2022-07-26 20:41:00","2022-07-27 16:09:00","2022-07-30 00:30:00","31.68000030517578"
"129050","88995","71300","12315","348455","Processing","2021-08-20 06:29:30",NULL,NULL,NULL,"31.68000030517578"
"43735","30082","23981","17702","118113","Shipped","2019-08-17 09:56:53","2019-08-19 22:18:00",NULL,NULL,"37.36000061035156"
"140958","97226","77974","17702","380591","Shipped","2021-12-29 14:10:40","2021-12-29 08:36:00",NULL,NULL,"37.36000061035156"
"142741","98486","78957","17702","385401","Shipped","2020-11-04 23:56:23","2020-11-05 20:55:00",NULL,NULL,"37.36000061035156"
"10681","7347","5978","17702","28947","Complete","2022-01-21 01:25:30","2022-01-22 11:59:00","2022-01-24 12:35:00",NULL,"37.36000061035156"
"217","157","125","17702","573","Returned","2020-12-07 05:38:10","2020-12-09 11:53:00","2020-12-11 02:38:00","2020-12-11 22:14:00","37.36000061035156"
"101267","69978","55949","17702","273489","Cancelled","2021-12-17 11:09:12",NULL,NULL,NULL,"37.36000061035156"
"111514","77037","61637","17702","301166","Cancelled","2021-11-18 03:24:59",NULL,NULL,NULL,"37.36000061035156"
"147246","101592","81486","17702","397572","Processing","2021-03-29 09:43:35",NULL,NULL,NULL,"37.36000061035156"
"46625","32107","25635","1454","125890","Shipped","2022-08-24 04:49:16","2022-08-25 10:52:00",NULL,NULL,"45.36000061035156"
"58872","40574","32402","1454","158890","Shipped","2022-04-26 23:39:28","2022-04-27 04:27:00",NULL,NULL,"45.36000061035156"
"153436","105855","84908","1454","414379","Shipped","2021-12-21 16:10:43","2021-12-20 11:59:00",NULL,NULL,"45.36000061035156"
"38996","26854","21448","1454","105271","Cancelled","2022-03-26 14:38:01",NULL,NULL,NULL,"45.36000061035156"
"119658","82603","66129","1454","323059","Processing","2022-02-03 02:04:49",NULL,NULL,NULL,"45.36000061035156"
"6950","4742","3848","3984","18826","Shipped","2022-03-19 05:49:36","2022-03-20 00:54:00",NULL,NULL,"74.72000122070312"
"79406","54758","43795","3984","214398","Shipped","2021-03-25 01:29:57","2021-03-24 05:21:00",NULL,NULL,"74.72000122070312"
"34938","24053","19204","3984","94384","Complete","2022-08-29 04:22:02","2022-09-01 01:37:00","2022-09-03 09:05:00",NULL,"74.72000122070312"
"85590","59145","47287","3984","231190","Complete","2022-05-07 23:11:00","2022-05-07 11:33:00","2022-05-10 22:57:00",NULL,"74.72000122070312"
"101246","69964","55940","3984","273428","Complete","2020-04-02 23:52:47","2020-04-01 20:59:00","2020-04-06 07:21:00",NULL,"74.72000122070312"
"15666","10744","8632","3984","42426","Cancelled","2022-07-15 05:38:20",NULL,NULL,NULL,"74.72000122070312"
"38439","26470","21150","3984","103763","Cancelled","2022-08-17 13:36:50",NULL,NULL,NULL,"74.72000122070312"
"25947","17879","14292","3984","70107","Processing","2020-08-31 09:57:54",NULL,NULL,NULL,"74.72000122070312"
"92375","63825","51093","3984","249507","Processing","2022-09-07 11:54:23.62154",NULL,NULL,NULL,"74.72000122070312"
"100419","69398","55494","14549","271209","Shipped","2022-08-21 11:01:41","2022-08-22 13:48:00",NULL,NULL,"1.9800000190734863"
"155451","107249","86050","14549","419749","Shipped","2022-03-05 05:52:57","2022-03-07 03:40:00",NULL,NULL,"1.9800000190734863"
"22599","15541","12424","14549","61081","Complete","2020-08-14 09:53:24","2020-08-17 13:17:00","2020-08-18 00:05:00",NULL,"1.9800000190734863"
"39403","27128","21673","14549","106383","Complete","2022-07-07 04:18:53","2022-07-07 04:42:00","2022-07-09 02:01:00",NULL,"1.9800000190734863"
"34946","24059","19209","19753","94406","Shipped","2022-09-04 13:26:10","2022-09-06 02:57:00",NULL,NULL,"74.97000122070312"
"56186","38729","30969","5025","151621","Shipped","2021-10-14 12:17:55","2021-10-10 12:36:00",NULL,NULL,"74.97000122070312"
"111476","77008","61618","3342","301061","Shipped","2020-09-06 05:03:38","2020-09-06 21:23:00",NULL,NULL,"74.97000122070312"
"18097","12444","10007","5025","49029","Complete","2022-04-06 02:10:25","2022-04-05 06:04:00","2022-04-06 00:03:00",NULL,"74.97000122070312"
"74523","51352","41083","5025","201213","Complete","2022-05-08 00:02:17","2022-05-08 15:10:00","2022-05-13 07:42:00",NULL,"74.97000122070312"
"77630","53524","42821","19753","209564","Complete","2022-05-28 07:28:59","2022-05-27 20:04:00","2022-05-31 04:56:00",NULL,"74.97000122070312"
"97197","67171","53669","3342","262553","Complete","2022-01-13 05:49:31","2022-01-13 06:42:00","2022-01-14 17:44:00",NULL,"74.97000122070312"
"131981","91049","72934","19753","356348","Complete","2022-05-24 11:09:04","2022-05-24 02:40:00","2022-05-25 07:30:00",NULL,"74.97000122070312"
"11563","7958","6454","3342","31331","Returned","2021-12-27 00:50:26","2021-12-29 02:46:00","2021-12-29 10:27:00","2022-01-01 01:13:00","74.97000122070312"
"132393","91329","73133","3342","357482","Cancelled","2020-08-12 03:52:18",NULL,NULL,NULL,"74.97000122070312"
"143254","98846","79258","19753","386791","Cancelled","2019-12-02 08:14:29",NULL,NULL,NULL,"74.97000122070312"
"175083","120732","96796","19753","472837","Cancelled","2019-05-23 08:50:55",NULL,NULL,NULL,"74.97000122070312"
"3201","2174","1743","5025","8656","Processing","2019-07-03 03:46:49",NULL,NULL,NULL,"74.97000122070312"
"66151","45523","36391","19753","178626","Processing","2021-01-10 11:08:59",NULL,NULL,NULL,"74.97000122070312"
"75888","52300","41872","5025","204920","Processing","2022-09-03 09:24:35",NULL,NULL,NULL,"74.97000122070312"
"76379","52644","42123","3342","206252","Processing","2021-08-17 02:13:58",NULL,NULL,NULL,"74.97000122070312"
"86912","60061","48060","3342","234793","Processing","2020-10-06 13:54:42",NULL,NULL,NULL,"74.97000122070312"
"91779","63415","50772","5274","247907","Processing","2021-09-09 10:34:21",NULL,NULL,NULL,"74.97000122070312"
"126660","87358","69919","19753","341992","Processing","2021-10-02 06:01:18",NULL,NULL,NULL,"74.97000122070312"
"158598","109398","87725","5274","428204","Processing","2020-12-02 12:44:35",NULL,NULL,NULL,"74.97000122070312"
"77527","53455","42775","15019","209287","Returned","2021-05-31 00:51:38","2021-06-01 01:50:00","2021-06-03 21:15:00","2021-06-05 11:53:00","90.97000122070312"
"132653","91507","73286","15019","358208","Returned","2022-05-08 12:58:58","2022-05-10 08:06:00","2022-05-10 21:26:00","2022-05-13 09:25:00","90.97000122070312"
"133766","92296","73929","15019","361207","Cancelled","2022-01-23 15:09:12",NULL,NULL,NULL,"90.97000122070312"
"101417","70080","56026","15019","273905","Processing","2022-06-17 04:12:46",NULL,NULL,NULL,"90.97000122070312"
"131246","90530","72528","15019","354368","Processing","2022-06-10 01:16:16",NULL,NULL,NULL,"90.97000122070312"
"108300","74820","59832","19795","292557","Shipped","2022-07-07 06:15:37","2022-07-08 04:05:00",NULL,NULL,"149.94000244140625"
"178667","123237","98850","19795","482510","Shipped","2021-10-24 04:43:02","2021-10-25 05:33:00",NULL,NULL,"149.94000244140625"
"71863","49500","39627","19795","194000","Complete","2022-03-18 12:39:16","2022-03-20 07:40:00","2022-03-21 14:00:00",NULL,"149.94000244140625"
"22782","15670","12517","19795","61584","Returned","2021-11-21 16:04:56","2021-11-17 19:24:00","2021-11-20 22:33:00","2021-11-23 11:19:00","149.94000244140625"
"175852","121276","97260","19398","474914","Processing","2022-05-30 08:31:54",NULL,NULL,NULL,"334.1300048828125"
"107049","73967","59144","19795","289130","Returned","2022-05-18 06:57:33","2022-05-18 11:56:00","2022-05-23 04:22:00","2022-05-26 02:01:00","149.94000244140625"
"97300","67251","53731","19795","262830","Processing","2022-07-30 04:28:46",NULL,NULL,NULL,"149.94000244140625"
"69986","48187","38535","15661","188929","Shipped","2022-06-24 09:43:49","2022-06-26 22:55:00",NULL,NULL,"173.94000244140625"
"166035","114505","91795","15661","448422","Shipped","2021-12-01 02:30:45","2021-12-02 21:21:00",NULL,NULL,"173.94000244140625"
"7794","5344","4328","13838","21142","Complete","2019-05-15 20:37:19","2019-05-14 01:27:00","2019-05-16 23:34:00",NULL,"173.94000244140625"
"111595","77085","61665","13838","301391","Complete","2022-08-27 09:59:59","2022-08-27 08:51:00","2022-08-30 12:52:00",NULL,"173.94000244140625"
"121220","83655","66985","15661","327318","Complete","2021-06-28 11:45:10","2021-06-28 15:38:00","2021-07-01 08:04:00",NULL,"173.94000244140625"
"132819","91629","73394","13838","358657","Complete","2021-10-07 13:51:24","2021-10-03 16:17:00","2021-10-07 00:59:00",NULL,"173.94000244140625"
"163730","112948","90566","13838","442113","Complete","2022-03-30 03:22:22","2022-04-02 02:23:00","2022-04-06 07:01:00",NULL,"173.94000244140625"
"166437","114780","92012","15661","449521","Complete","2022-02-04 15:25:29","2022-02-04 18:11:00","2022-02-06 08:56:00",NULL,"173.94000244140625"
"61393","42275","33802","13838","165734","Returned","2022-07-07 00:34:05","2022-07-05 08:09:00","2022-07-08 08:23:00","2022-07-10 16:21:00","173.94000244140625"
"2629","1803","1458","13838","7109","Cancelled","2021-06-09 08:50:07",NULL,NULL,NULL,"173.94000244140625"
"24009","16512","13204","13838","64901","Cancelled","2020-11-14 03:10:53",NULL,NULL,NULL,"173.94000244140625"
"40136","27628","22068","15661","108339","Cancelled","2022-06-21 00:25:53",NULL,NULL,NULL,"173.94000244140625"
"46298","31867","25428","13838","125013","Cancelled","2022-05-09 07:41:52",NULL,NULL,NULL,"173.94000244140625"
"82007","56582","45229","15661","221454","Cancelled","2020-06-08 05:06:11",NULL,NULL,NULL,"173.94000244140625"
"89258","61697","49398","13838","241128","Cancelled","2021-07-29 01:10:30",NULL,NULL,NULL,"173.94000244140625"
"26248","18078","14441","13838","70942","Processing","2021-07-06 23:47:17",NULL,NULL,NULL,"173.94000244140625"
"81980","56561","45217","13838","221383","Processing","2021-11-13 07:08:29",NULL,NULL,NULL,"173.94000244140625"
"98910","68342","54640","15661","267182","Processing","2020-08-10 08:57:28",NULL,NULL,NULL,"173.94000244140625"
"102567","70872","56653","13838","277048","Processing","2022-04-02 11:28:55",NULL,NULL,NULL,"173.94000244140625"
"40325","27752","22165","14582","108855","Complete","2022-03-23 07:18:17","2022-03-24 06:18:00","2022-03-29 03:33:00",NULL,"37.61000061035156"
"67208","46240","36978","14582","181487","Complete","2022-09-01 21:31:31.170108","2022-09-03 06:28:18.170108","2022-09-05 20:32:18.170108",NULL,"37.61000061035156"
"120474","83150","66576","14582","325309","Returned","2022-06-07 02:53:52","2022-06-07 18:45:00","2022-06-10 13:32:00","2022-06-13 01:33:00","37.61000061035156"
"151482","104510","83855","14582","409112","Returned","2022-08-17 16:34:27","2022-08-17 23:45:00","2022-08-18 08:53:00","2022-08-18 09:15:00","37.61000061035156"
"110690","76460","61149","20587","298932","Shipped","2021-08-10 08:21:45","2021-08-11 00:41:00",NULL,NULL,"45.61000061035156"
"114869","79342","63467","16152","310260","Shipped","2021-01-07 08:47:46","2021-01-10 00:50:00",NULL,NULL,"45.61000061035156"
"158468","109301","87665","20587","427855","Shipped","2022-03-06 04:53:24","2022-03-08 17:25:00",NULL,NULL,"45.61000061035156"
"4564","3131","2543","20564","12369","Complete","2020-08-23 08:50:48","2020-08-24 10:16:00","2020-08-26 04:00:00",NULL,"45.61000061035156"
"23245","15993","12776","20587","62825","Complete","2021-11-01 14:26:45","2021-11-03 13:09:00","2021-11-07 08:43:00",NULL,"45.61000061035156"
"70987","48872","39102","20564","191643","Complete","2022-03-31 09:11:13","2022-04-02 07:56:00","2022-04-03 08:34:00",NULL,"45.61000061035156"
"129460","89283","71528","20587","349558","Complete","2020-05-23 13:19:23","2020-05-23 22:45:00","2020-05-24 06:07:00",NULL,"45.61000061035156"
"144938","100005","80196","20587","391349","Complete","2022-05-06 06:39:53","2022-05-03 04:35:00","2022-05-04 23:20:00",NULL,"45.61000061035156"
"162021","111742","89585","20564","437488","Complete","2021-11-19 15:02:47","2021-11-21 05:13:00","2021-11-21 18:49:00",NULL,"45.61000061035156"
"35787","24628","19686","16152","96639","Returned","2022-08-12 00:23:22","2022-08-12 22:27:00","2022-08-16 05:47:00","2022-08-17 13:14:00","45.61000061035156"
"61166","42113","33665","20564","165128","Returned","2021-08-05 11:53:00","2021-08-04 20:24:00","2021-08-09 12:05:00","2021-08-10 05:47:00","45.61000061035156"
"70115","48278","38605","20564","189285","Returned","2021-09-04 14:30:40","2021-09-02 02:12:00","2021-09-02 10:50:00","2021-09-03 15:30:00","45.61000061035156"
"74746","51506","41228","20564","201808","Returned","2021-10-07 13:58:37","2021-10-07 02:25:00","2021-10-10 11:32:00","2021-10-11 18:51:00","45.61000061035156"
"109292","75498","60357","16152","295224","Returned","2021-05-14 16:01:02","2021-05-15 16:52:00","2021-05-17 21:21:00","2021-05-20 21:09:00","45.61000061035156"
"83081","57369","45856","20564","224382","Cancelled","2021-01-25 04:21:23",NULL,NULL,NULL,"45.61000061035156"
"130163","89776","71903","16152","351435","Cancelled","2021-03-05 14:46:58",NULL,NULL,NULL,"45.61000061035156"
"141237","97411","78120","20587","381360","Cancelled","2022-07-09 05:08:01",NULL,NULL,NULL,"45.61000061035156"
"79341","54711","43762","20564","214213","Processing","2022-05-24 12:24:20",NULL,NULL,NULL,"45.61000061035156"
"87087","60183","48161","16152","235262","Processing","2022-08-10 08:16:28",NULL,NULL,NULL,"45.61000061035156"
"87865","60726","48618","16152","237352","Processing","2022-08-15 13:24:01",NULL,NULL,NULL,"45.61000061035156"
"180666","124597","99907","16152","487868","Processing","2021-12-23 16:40:34",NULL,NULL,NULL,"45.61000061035156"
"43688","30053","23960","21090","117992","Shipped","2022-06-03 06:03:39","2022-06-03 23:35:00",NULL,NULL,"67.22000122070312"
"135219","93293","74739","21090","365146","Shipped","2021-08-07 04:42:14","2021-08-07 23:37:00",NULL,NULL,"67.22000122070312"
"9437","6488","5270","21090","25587","Cancelled","2022-02-07 09:27:10",NULL,NULL,NULL,"67.22000122070312"
"17544","12067","9700","21090","47524","Cancelled","2022-05-03 05:50:08",NULL,NULL,NULL,"67.22000122070312"
"129435","89264","71508","21090","349491","Cancelled","2022-02-10 06:15:48",NULL,NULL,NULL,"67.22000122070312"
"167029","115188","92324","21090","451110","Cancelled","2022-06-16 00:35:22",NULL,NULL,NULL,"67.22000122070312"
"120123","82913","66386","21090","324321","Processing","2019-09-13 10:14:50",NULL,NULL,NULL,"67.22000122070312"
"150804","104062","83481","18708","407286","Shipped","2021-06-23 13:08:23","2021-06-24 22:34:00",NULL,NULL,"111.22000122070312"
"177471","122393","98159","18708","479299","Complete","2021-10-26 16:39:38","2021-10-27 14:37:00","2021-10-29 09:43:00",NULL,"111.22000122070312"
"40295","27734","22148","18708","108765","Cancelled","2021-11-26 13:50:57",NULL,NULL,NULL,"111.22000122070312"
"62142","42798","34212","18708","167748","Cancelled","2021-08-03 00:29:22",NULL,NULL,NULL,"111.22000122070312"
"122151","84266","67463","18708","329810","Processing","2022-05-27 02:47:12",NULL,NULL,NULL,"111.22000122070312"
"6527","4443","3604","3518","17679","Shipped","2022-08-24 17:50:12","2022-08-24 03:18:00",NULL,NULL,"67.47000122070312"
"41560","28582","22798","3518","112179","Shipped","2021-07-15 00:56:53","2021-07-17 00:56:00",NULL,NULL,"67.47000122070312"
"57017","39298","31413","7368","153885","Shipped","2022-04-18 23:50:22","2022-04-20 18:10:00",NULL,NULL,"67.47000122070312"
"71708","49384","39534","3518","193594","Shipped","2019-07-26 05:44:32","2019-07-29 06:00:00",NULL,NULL,"67.47000122070312"
"114896","79359","63483","7368","310326","Shipped","2022-09-04 00:10:36","2022-09-05 13:36:00",NULL,NULL,"67.47000122070312"
"130999","90368","72383","3306","353708","Shipped","2022-01-08 04:08:35","2022-01-07 01:16:00",NULL,NULL,"67.47000122070312"
"132114","91142","72992","7368","356715","Shipped","2022-08-15 07:17:58","2022-08-17 05:53:00",NULL,NULL,"67.47000122070312"
"167814","115724","92765","3306","453183","Shipped","2022-08-25 08:22:07","2022-08-23 03:31:00",NULL,NULL,"67.47000122070312"
"177894","122697","98415","3518","480432","Shipped","2021-11-09 23:47:24","2021-11-12 21:05:00",NULL,NULL,"67.47000122070312"
"178131","122859","98544","5541","481056","Shipped","2022-01-26 22:07:48","2022-01-25 23:51:00",NULL,NULL,"67.47000122070312"
"11695","8049","6526","5541","31687","Complete","2021-12-07 09:31:07","2021-12-07 16:09:00","2021-12-11 19:18:00",NULL,"67.47000122070312"
"19069","13111","10508","7368","51605","Complete","2020-12-18 06:32:45","2020-12-20 05:44:00","2020-12-22 02:17:00",NULL,"67.47000122070312"
"36977","25460","20360","3518","99843","Complete","2021-11-12 00:17:49","2021-11-12 11:41:00","2021-11-13 06:07:00",NULL,"67.47000122070312"
"86727","59930","47946","3518","234278","Complete","2022-08-21 04:15:29","2022-08-23 08:57:00","2022-08-25 07:20:00",NULL,"67.47000122070312"
"105782","73096","58460","3518","285734","Complete","2019-11-06 11:08:38","2019-11-05 18:22:00","2019-11-06 09:59:00",NULL,"67.47000122070312"
"145609","100469","80578","5541","393191","Complete","2022-08-26 14:16:16","2022-08-28 21:40:00","2022-09-02 18:18:00",NULL,"67.47000122070312"
"156945","108256","86821","3306","423751","Complete","2021-12-19 03:28:04","2021-12-17 16:41:00","2021-12-20 21:01:00",NULL,"67.47000122070312"
"170281","117409","94156","5541","459855","Complete","2022-03-20 06:13:28","2022-03-20 07:33:00","2022-03-25 04:30:00",NULL,"67.47000122070312"
"132513","91404","73196","5541","357815","Returned","2022-08-17 06:08:24","2022-08-17 22:10:00","2022-08-21 17:51:00","2022-08-23 10:51:00","67.47000122070312"
"12196","8413","6788","3518","33053","Cancelled","2019-09-22 00:07:02",NULL,NULL,NULL,"67.47000122070312"
"48374","33336","26627","5541","130555","Cancelled","2021-07-18 13:52:18",NULL,NULL,NULL,"67.47000122070312"
"58318","40206","32120","7368","157385","Cancelled","2022-08-15 09:24:02",NULL,NULL,NULL,"67.47000122070312"
"84325","58255","46584","7368","227745","Cancelled","2021-06-30 03:09:46",NULL,NULL,NULL,"67.47000122070312"
"133880","92370","73991","3306","361509","Cancelled","2021-12-27 10:54:32",NULL,NULL,NULL,"67.47000122070312"
"24863","17126","13675","5541","67193","Processing","2021-10-19 00:06:41",NULL,NULL,NULL,"67.47000122070312"
"33487","23050","18399","3518","90475","Processing","2021-05-24 00:45:51",NULL,NULL,NULL,"67.47000122070312"
"40028","27551","22007","3306","108036","Processing","2022-05-18 15:15:30",NULL,NULL,NULL,"67.47000122070312"
"49477","34074","27201","7368","133548","Processing","2021-03-31 21:46:54",NULL,NULL,NULL,"67.47000122070312"
"88214","60965","48808","7368","238304","Processing","2022-07-26 00:57:17",NULL,NULL,NULL,"67.47000122070312"
"131551","90741","72693","3306","355183","Processing","2020-06-03 13:34:33",NULL,NULL,NULL,"67.47000122070312"
"142024","97959","78549","7368","383476","Processing","2022-05-10 22:21:26",NULL,NULL,NULL,"67.47000122070312"
"6050","4122","3344","5883","16364","Shipped","2021-05-27 07:14:19","2021-05-30 01:29:00",NULL,NULL,"71.47000122070312"
"14381","9894","7973","5883","38969","Shipped","2022-02-10 13:48:54","2022-02-10 06:23:00",NULL,NULL,"71.47000122070312"
"108496","74957","59937","10552","293073","Shipped","2022-07-01 06:54:19","2022-07-02 23:25:00",NULL,NULL,"71.47000122070312"
"9502","6536","5306","10552","25770","Complete","2021-12-06 06:45:36","2021-12-05 16:44:00","2021-12-07 16:53:00",NULL,"71.47000122070312"
"12171","8401","6781","5883","32990","Complete","2020-12-14 21:51:33","2020-12-17 02:39:00","2020-12-20 21:01:00",NULL,"71.47000122070312"
"29692","20451","16330","5883","80268","Complete","2022-06-25 14:22:28","2022-06-25 06:46:00","2022-06-26 19:55:00",NULL,"71.47000122070312"
"45967","31640","25233","10552","124112","Complete","2020-08-22 03:03:25","2020-08-24 18:35:00","2020-08-25 09:47:00",NULL,"71.47000122070312"
"61968","42676","34121","5883","167285","Complete","2022-08-21 10:31:47","2022-08-17 23:24:00","2022-08-20 09:22:00",NULL,"71.47000122070312"
"80351","55417","44312","5883","216972","Complete","2020-07-17 15:13:29","2020-07-17 18:29:00","2020-07-19 06:04:00",NULL,"71.47000122070312"
"122532","84539","67669","10552","330849","Complete","2022-07-13 07:56:42","2022-07-15 15:26:00","2022-07-20 09:33:00",NULL,"71.47000122070312"
"69233","47667","38104","5883","186884","Returned","2021-10-05 15:03:39","2021-10-01 22:43:00","2021-10-04 15:18:00","2021-10-05 23:40:00","71.47000122070312"
"78940","54427","43550","10552","213114","Cancelled","2022-05-17 20:44:57",NULL,NULL,NULL,"71.47000122070312"
"119166","82262","65864","10552","321745","Cancelled","2022-01-08 05:41:09",NULL,NULL,NULL,"71.47000122070312"
"138432","95528","76592","5883","373807","Cancelled","2022-05-12 09:31:45",NULL,NULL,NULL,"71.47000122070312"
"111103","76759","61408","10552","300056","Processing","2022-06-02 00:17:12",NULL,NULL,NULL,"71.47000122070312"
"165725","114298","91628","10552","447589","Processing","2022-02-08 14:58:38",NULL,NULL,NULL,"71.47000122070312"
"4410","3011","2427","24103","11960","Shipped","2021-10-08 14:46:20","2021-10-10 15:09:00",NULL,NULL,"75.47000122070312"
"60506","41672","33309","24103","163360","Shipped","2022-09-03 04:15:49.148269","2022-09-02 17:17:41.148269",NULL,NULL,"75.47000122070312"
"84004","58016","46389","24103","226889","Shipped","2022-02-08 08:15:09","2022-02-09 05:04:00",NULL,NULL,"75.47000122070312"
"150681","103980","83421","24103","406953","Shipped","2022-07-31 23:24:11","2022-08-03 23:12:00",NULL,NULL,"75.47000122070312"
"84409","58316","46639","24103","227977","Complete","2022-08-20 09:32:35","2022-08-21 04:02:00","2022-08-22 19:44:00",NULL,"75.47000122070312"
"140475","96899","77705","24103","379315","Complete","2022-09-01 04:33:38","2022-08-30 21:12:00","2022-09-01 00:59:00",NULL,"75.47000122070312"
"158683","109454","87777","24103","428434","Returned","2021-12-23 02:10:18","2021-12-23 04:30:00","2021-12-24 23:37:00","2021-12-27 00:12:00","75.47000122070312"
"81469","56202","44925","11182","220015","Shipped","2021-10-02 10:47:31","2021-10-02 00:22:00",NULL,NULL,"95.47000122070312"
"147138","101516","81431","11182","397291","Returned","2021-05-09 15:56:03","2021-05-09 12:53:00","2021-05-13 07:29:00","2021-05-14 17:57:00","95.47000122070312"
"10845","7451","6063","11182","29396","Cancelled","2022-08-07 04:05:18",NULL,NULL,NULL,"95.47000122070312"
"7774","5330","4315","11182","21090","Processing","2020-11-17 10:46:48",NULL,NULL,NULL,"95.47000122070312"
"51061","35199","28098","11182","137834","Processing","2019-09-03 23:13:13",NULL,NULL,NULL,"95.47000122070312"
"83430","57615","46060","11182","225321","Processing","2022-04-04 10:04:29",NULL,NULL,NULL,"95.47000122070312"
"57968","39946","31924","29023","156441","Shipped","2021-08-05 13:49:13","2021-08-04 21:28:00",NULL,NULL,"134.94000244140625"
"65851","45330","36236","14099","177815","Shipped","2021-10-05 03:08:04","2021-10-03 01:17:00",NULL,NULL,"134.94000244140625"
"33579","23110","18450","29023","90711","Complete","2021-09-03 13:26:28","2021-09-05 04:55:00","2021-09-05 07:03:00",NULL,"134.94000244140625"
"128996","88963","71264","14099","348308","Complete","2022-05-02 15:40:21","2022-05-03 18:42:00","2022-05-07 18:48:00",NULL,"134.94000244140625"
"152672","105347","84516","14099","412303","Complete","2022-01-21 15:08:35","2022-01-22 08:09:00","2022-01-22 23:59:00",NULL,"134.94000244140625"
"177088","122127","97934","29023","478280","Complete","2022-04-22 05:25:22","2022-04-21 20:32:00","2022-04-22 23:23:00",NULL,"134.94000244140625"
"686","483","413","29023","1827","Cancelled","2021-07-19 03:45:35",NULL,NULL,NULL,"134.94000244140625"
"64170","44163","35324","14099","173231","Cancelled","2021-07-08 09:32:52",NULL,NULL,NULL,"134.94000244140625"
"136690","94326","75599","29023","369104","Cancelled","2020-09-22 11:22:30",NULL,NULL,NULL,"134.94000244140625"
"53717","37016","29578","29023","144967","Processing","2022-06-07 08:23:41",NULL,NULL,NULL,"134.94000244140625"
"59553","41034","32776","29023","160742","Processing","2021-11-01 11:36:29",NULL,NULL,NULL,"134.94000244140625"
"84581","58434","46739","29023","228449","Processing","2022-08-24 02:50:34",NULL,NULL,NULL,"134.94000244140625"
"121471","83834","67115","29023","327983","Processing","2022-03-19 04:56:30",NULL,NULL,NULL,"134.94000244140625"
"20899","14375","11511","15984","56559","Shipped","2020-04-22 06:37:18","2020-04-22 02:31:00",NULL,NULL,"142.94000244140625"
"83187","57443","45920","15984","224676","Shipped","2022-09-04 06:19:20","2022-09-02 16:18:00",NULL,NULL,"142.94000244140625"
"91056","62924","50386","15984","245969","Shipped","2022-04-18 01:21:55","2022-04-15 19:32:00",NULL,NULL,"142.94000244140625"
"4159","2829","2267","14041","11271","Complete","2021-05-08 15:32:50","2021-05-08 19:12:00","2021-05-11 20:19:00",NULL,"142.94000244140625"
"19700","13548","10865","14041","53301","Complete","2022-08-01 10:26:39","2022-08-02 21:06:00","2022-08-05 22:51:00",NULL,"142.94000244140625"
"67974","46770","37413","14041","183531","Complete","2022-08-16 00:20:28","2022-08-14 11:50:00","2022-08-19 00:19:00",NULL,"142.94000244140625"
"106603","73664","58908","14041","287946","Complete","2021-12-19 02:34:54","2021-12-17 11:44:00","2021-12-19 21:06:00",NULL,"142.94000244140625"
"132235","91223","73045","15984","357051","Complete","2022-08-02 14:52:12","2022-08-02 19:58:00","2022-08-05 15:17:00",NULL,"142.94000244140625"
"153762","106091","85102","14041","415224","Complete","2022-03-17 05:15:28","2022-03-17 02:30:00","2022-03-19 05:07:00",NULL,"142.94000244140625"
"161501","111401","89320","15984","436058","Complete","2022-08-16 08:12:15","2022-08-17 04:58:00","2022-08-18 23:49:00",NULL,"142.94000244140625"
"60349","41565","33212","14041","162925","Returned","2022-08-06 02:10:56","2022-08-07 04:33:00","2022-08-08 01:15:00","2022-08-08 15:07:00","142.94000244140625"
"98532","68076","54410","15984","266175","Cancelled","2022-09-02 01:13:25",NULL,NULL,NULL,"142.94000244140625"
"24890","17143","13691","15984","67273","Processing","2020-08-30 07:44:51",NULL,NULL,NULL,"142.94000244140625"
"59980","41320","33010","14041","161934","Processing","2022-05-16 00:36:39",NULL,NULL,NULL,"142.94000244140625"
"160806","110925","88933","14041","434179","Processing","2022-08-20 09:46:24",NULL,NULL,NULL,"142.94000244140625"
"48852","33655","26880","19398","131828","Shipped","2021-04-11 05:45:47","2021-04-13 00:08:00",NULL,NULL,"334.1300048828125"
"82944","57266","45782","19398","224007","Shipped","2020-05-28 06:52:08","2020-05-29 15:42:00",NULL,NULL,"334.1300048828125"
"86764","59956","47966","19398","234382","Complete","2022-04-12 22:55:12","2022-04-12 20:35:00","2022-04-15 20:03:00",NULL,"334.1300048828125"
"95389","65931","52738","19398","257670","Complete","2022-01-29 13:29:50","2022-01-30 16:15:00","2022-01-31 11:10:00",NULL,"334.1300048828125"
"170623","117641","94353","19398","460795","Complete","2022-07-27 14:06:44","2022-07-27 22:41:00","2022-08-01 21:06:00",NULL,"334.1300048828125"
"5784","3932","3189","19398","15654","Cancelled","2021-11-26 05:32:41",NULL,NULL,NULL,"334.1300048828125"
"131929","91012","72902","19398","356202","Cancelled","2022-02-23 14:16:08",NULL,NULL,NULL,"334.1300048828125"
"159962","110359","88510","19398","431907","Cancelled","2020-09-13 13:39:46",NULL,NULL,NULL,"334.1300048828125"
"482","341","300","19398","1273","Processing","2021-10-11 04:15:34",NULL,NULL,NULL,"334.1300048828125"
"28142","19398","15514","28512","76071","Shipped","2021-12-09 06:46:40","2021-12-10 13:42:00",NULL,NULL,"17.93000030517578"
"173169","119429","95751","28512","467705","Shipped","2020-09-24 13:56:19","2020-09-26 23:56:00",NULL,NULL,"17.93000030517578"
"78050","53821","43051","28512","210711","Complete","2020-09-19 07:55:47","2020-09-20 04:54:00","2020-09-20 07:24:00",NULL,"17.93000030517578"
"136880","94464","75713","28512","369632","Cancelled","2021-05-13 07:53:54",NULL,NULL,NULL,"17.93000030517578"
"153824","106139","85139","28512","415385","Cancelled","2022-08-28 12:22:19",NULL,NULL,NULL,"17.93000030517578"
"21112","14517","11610","15818","57104","Shipped","2021-09-24 15:34:14","2021-09-27 12:04:00",NULL,NULL,"19.93000030517578"
"42400","29172","23266","15818","114492","Shipped","2021-05-04 16:25:46","2021-05-04 19:06:00",NULL,NULL,"19.93000030517578"
"69818","48065","38433","15818","188473","Shipped","2020-10-12 06:46:11","2020-10-13 19:19:00",NULL,NULL,"19.93000030517578"
"87378","60376","48330","28812","236052","Shipped","2022-06-16 11:05:45","2022-06-17 01:23:00",NULL,NULL,"19.93000030517578"
"123911","85484","68399","15818","334527","Shipped","2021-05-18 09:41:26","2021-05-20 09:39:00",NULL,NULL,"19.93000030517578"
"132005","91064","72946","15818","356411","Shipped","2022-03-19 08:56:23","2022-03-21 12:57:00",NULL,NULL,"19.93000030517578"
"135343","93388","74813","15818","365480","Shipped","2022-08-05 05:58:42","2022-08-03 23:40:00",NULL,NULL,"19.93000030517578"
"161175","111173","89134","28812","435163","Shipped","2021-11-08 13:15:16","2021-11-08 03:11:00",NULL,NULL,"19.93000030517578"
"178095","122835","98527","28812","480965","Shipped","2022-05-17 07:30:27","2022-05-19 11:55:00",NULL,NULL,"19.93000030517578"
"19663","13518","10843","28812","53204","Complete","2021-09-22 12:55:47","2021-09-23 22:24:00","2021-09-26 12:42:00",NULL,"19.93000030517578"
"42424","29184","23273","15818","114557","Complete","2021-06-16 00:13:48","2021-06-17 08:07:00","2021-06-18 11:08:00",NULL,"19.93000030517578"
"46744","32189","25710","15818","126204","Complete","2022-08-25 21:31:33","2022-08-25 04:33:00","2022-08-25 07:45:00",NULL,"19.93000030517578"
"75413","51963","41579","13931","203607","Complete","2022-03-30 04:18:39","2022-03-28 04:04:00","2022-03-29 10:14:00",NULL,"19.93000030517578"
"89725","62023","49648","28812","242388","Complete","2022-09-05 02:08:12.306098","2022-09-05 10:48:56.306098","2022-09-07 14:28:56.306098",NULL,"19.93000030517578"
"143368","98931","79321","15818","387093","Complete","2021-09-29 09:13:00","2021-09-30 18:23:00","2021-10-04 05:32:00",NULL,"19.93000030517578"
"145960","100717","80806","13931","394129","Complete","2022-08-05 02:15:09","2022-08-02 18:36:00","2022-08-06 19:34:00",NULL,"19.93000030517578"
"155102","107009","85856","15818","418806","Complete","2021-10-23 00:24:23","2021-10-24 07:12:00","2021-10-26 10:58:00",NULL,"19.93000030517578"
"159665","110149","88328","28812","431097","Complete","2022-02-21 00:46:45","2022-02-23 09:42:00","2022-02-25 09:10:00",NULL,"19.93000030517578"
"15320","10521","8466","15818","41495","Returned","2021-04-26 23:12:47","2021-04-25 23:27:00","2021-04-27 02:53:00","2021-04-30 01:39:00","19.93000030517578"
"69684","47979","38359","13931","188103","Returned","2022-05-10 23:17:25","2022-05-11 16:58:00","2022-05-13 09:10:00","2022-05-15 18:14:00","19.93000030517578"
"30598","21075","16868","15818","82738","Cancelled","2022-07-17 02:51:39",NULL,NULL,NULL,"19.93000030517578"
"57498","39627","31660","13931","155187","Cancelled","2022-04-05 08:37:10",NULL,NULL,NULL,"19.93000030517578"
"177422","122358","98133","28812","479168","Cancelled","2021-12-05 03:25:19",NULL,NULL,NULL,"19.93000030517578"
"4316","2945","2365","28812","11701","Processing","2020-12-22 22:20:39",NULL,NULL,NULL,"19.93000030517578"
"70141","48299","38619","15818","189357","Processing","2022-03-18 12:11:53",NULL,NULL,NULL,"19.93000030517578"
"124141","85639","68528","28812","335145","Processing","2022-07-22 03:57:09",NULL,NULL,NULL,"19.93000030517578"
"10061","6920","5620","1256","27294","Shipped","2021-11-25 19:04:20","2021-11-28 01:45:00",NULL,NULL,"20.93000030517578"
"66243","45592","36445","1256","178880","Complete","2021-12-07 23:11:14","2021-12-08 22:07:00","2021-12-10 01:15:00",NULL,"20.93000030517578"
"116443","80411","64370","1256","314500","Cancelled","2021-10-14 15:53:00",NULL,NULL,NULL,"20.93000030517578"
"31161","21441","17156","28420","84229","Shipped","2021-01-09 14:35:54","2021-01-11 10:10:00",NULL,NULL,"21.93000030517578"
"47259","32564","26002","28420","127566","Shipped","2021-11-16 05:39:32","2021-11-18 10:24:00",NULL,NULL,"21.93000030517578"
"53035","36564","29216","28420","143113","Shipped","2022-07-27 01:51:42","2022-07-27 00:58:00",NULL,NULL,"21.93000030517578"
"176096","121445","97396","28420","475583","Shipped","2021-08-02 15:53:23","2021-08-04 12:24:00",NULL,NULL,"21.93000030517578"
"2081","1435","1158","28420","5635","Returned","2022-05-09 09:48:48","2022-05-08 16:56:00","2022-05-13 16:11:00","2022-05-15 18:36:00","21.93000030517578"
"70502","48556","38837","28420","190334","Returned","2022-08-06 11:58:12","2022-08-09 08:59:00","2022-08-11 19:07:00","2022-08-14 06:04:00","21.93000030517578"
"107299","74127","59260","28420","289824","Processing","2019-07-12 21:51:01",NULL,NULL,NULL,"21.93000030517578"
"17518","12054","9685","9490","47461","Shipped","2022-08-08 07:32:11","2022-08-06 05:18:00",NULL,NULL,"22.93000030517578"
"30815","21215","16996","9490","83298","Shipped","2022-06-23 08:09:38","2022-06-25 01:37:00",NULL,NULL,"22.93000030517578"
"43758","30099","23998","11168","118179","Shipped","2021-09-27 10:40:10","2021-09-29 15:48:00",NULL,NULL,"22.93000030517578"
"49073","33794","26993","25267","132433","Shipped","2019-11-12 23:52:10","2019-11-13 10:20:00",NULL,NULL,"22.93000030517578"
"65227","44910","35911","11168","176128","Shipped","2022-03-03 15:58:25","2022-03-05 19:06:00",NULL,NULL,"22.93000030517578"
"130376","89923","72036","25267","352020","Shipped","2019-11-26 00:03:20","2019-11-28 08:26:00",NULL,NULL,"22.93000030517578"
"142145","98054","78624","9490","383800","Shipped","2022-08-11 10:44:53","2022-08-09 01:11:00",NULL,NULL,"22.93000030517578"
"161113","111129","89094","25267","434991","Shipped","2021-07-13 12:39:53","2021-07-14 06:43:00",NULL,NULL,"22.93000030517578"
"10","8","5","9490","31","Complete","2022-09-02 15:41:38.523437","2022-09-03 22:28:46.523437","2022-09-06 03:53:46.523437",NULL,"22.93000030517578"
"71745","49412","39556","9490","193689","Complete","2022-08-28 22:34:50","2022-08-31 06:19:00","2022-09-01 06:50:00",NULL,"22.93000030517578"
"86556","59798","47838","25267","233811","Complete","2020-08-06 02:27:18","2020-08-03 07:37:00","2020-08-06 16:20:00",NULL,"22.93000030517578"
"91763","63407","50765","9490","247860","Complete","2021-12-03 17:02:08","2021-12-03 19:20:00","2021-12-05 04:16:00",NULL,"22.93000030517578"
"146617","101155","81164","25267","395919","Returned","2019-03-28 13:31:49","2019-03-31 06:38:00","2019-04-01 21:05:00","2019-04-03 22:29:00","22.93000030517578"
"41795","28750","22931","9490","112830","Cancelled","2022-02-16 14:04:12",NULL,NULL,NULL,"22.93000030517578"
"45974","31645","25238","25267","124133","Cancelled","2021-05-03 04:04:15",NULL,NULL,NULL,"22.93000030517578"
"180456","124442","99787","9490","487303","Cancelled","2021-12-05 10:21:06",NULL,NULL,NULL,"22.93000030517578"
"10676","7343","5975","25267","28932","Processing","2022-04-09 17:44:22",NULL,NULL,NULL,"22.93000030517578"
"28992","19964","15941","11168","78381","Processing","2019-11-21 10:19:13",NULL,NULL,NULL,"22.93000030517578"
"42181","29018","23142","11168","113872","Processing","2022-01-06 15:40:58",NULL,NULL,NULL,"22.93000030517578"
"170368","117468","94207","25267","460086","Processing","2019-09-08 15:25:00",NULL,NULL,NULL,"22.93000030517578"
"175397","120956","96974","25267","473684","Processing","2022-05-04 13:12:28",NULL,NULL,NULL,"22.93000030517578"
"51438","35454","28328","18256","138841","Shipped","2022-05-19 06:51:54","2022-05-21 03:45:00",NULL,NULL,"24.93000030517578"
"45445","31294","24974","18256","122721","Complete","2022-08-15 04:25:07","2022-08-15 01:52:00","2022-08-15 23:06:00",NULL,"24.93000030517578"
"58947","40629","32447","18256","159095","Complete","2022-06-21 23:39:58","2022-06-22 05:14:00","2022-06-23 00:15:00",NULL,"24.93000030517578"
"44997","30981","24732","18256","121527","Processing","2019-08-24 11:43:31",NULL,NULL,NULL,"24.93000030517578"
"76102","52444","41975","14441","205505","Processing","2022-07-22 01:26:08",NULL,NULL,NULL,"24.93000030517578"
"106011","73263","58604","14441","286356","Processing","2022-01-18 12:19:26",NULL,NULL,NULL,"24.93000030517578"
"20531","14114","11305","17456","55575","Shipped","2021-01-05 11:38:50","2021-01-06 00:49:00",NULL,NULL,"25.93000030517578"
"41517","28556","22778","11623","112071","Shipped","2022-05-14 15:13:23","2022-05-14 07:23:00",NULL,NULL,"25.93000030517578"
"49398","34017","27159","17456","133329","Shipped","2022-04-16 09:29:58","2022-04-16 21:53:00",NULL,NULL,"25.93000030517578"
"86424","59716","47779","17456","233460","Shipped","2022-05-31 12:28:09","2022-05-31 18:02:00",NULL,NULL,"25.93000030517578"
"20217","13902","11144","17456","54711","Complete","2022-06-28 08:29:23","2022-06-28 20:29:00","2022-07-01 17:41:00",NULL,"25.93000030517578"
"38265","26340","21048","11623","103303","Complete","2019-12-19 13:34:14","2019-12-19 17:51:00","2019-12-21 10:44:00",NULL,"25.93000030517578"
"65152","44853","35862","17456","175931","Complete","2022-05-16 16:02:44","2022-05-18 03:04:00","2022-05-20 12:29:00",NULL,"25.93000030517578"
"121683","83968","67227","11623","328549","Returned","2021-11-25 11:40:58","2021-11-24 18:32:00","2021-11-27 20:59:00","2021-11-29 15:20:00","25.93000030517578"
"6265","4273","3476","17456","16951","Processing","2022-05-18 22:29:55",NULL,NULL,NULL,"25.93000030517578"
"88169","60937","48784","11623","238186","Processing","2021-02-17 22:07:51",NULL,NULL,NULL,"25.93000030517578"
"97200","67174","53672","11623","262560","Processing","2021-08-28 03:22:10",NULL,NULL,NULL,"25.93000030517578"
"19979","13747","11021","985","54071","Shipped","2022-09-04 05:53:15.345707","2022-09-04 13:20:38.345707",NULL,NULL,"27.93000030517578"
"72496","49931","39962","985","195754","Shipped","2020-05-11 10:00:30","2020-05-10 00:08:00",NULL,NULL,"27.93000030517578"
"118018","81458","65230","985","318680","Shipped","2022-08-18 03:58:41","2022-08-19 16:17:00",NULL,NULL,"27.93000030517578"
"124841","86129","68920","985","337036","Shipped","2021-02-01 04:56:43","2021-02-01 13:40:00",NULL,NULL,"27.93000030517578"
"180538","124502","99834","1226","487526","Shipped","2022-03-30 10:04:42","2022-03-29 19:05:00",NULL,NULL,"27.93000030517578"
"165522","114153","91512","985","447029","Complete","2022-04-12 22:44:09","2022-04-16 00:16:00","2022-04-19 18:41:00",NULL,"27.93000030517578"
"147749","101956","81779","985","398934","Returned","2022-09-06 05:35:07","2022-09-06 08:37:00","2022-09-08 20:52:00","2022-09-11 14:19:00","27.93000030517578"
"153189","105682","84787","985","413700","Returned","2021-07-25 08:21:37","2021-07-25 15:34:00","2021-07-26 23:47:00","2021-07-29 15:51:00","27.93000030517578"
"42470","29217","23293","1226","114693","Cancelled","2021-12-12 04:29:54",NULL,NULL,NULL,"27.93000030517578"
"17933","12331","9921","985","48577","Processing","2022-08-07 11:47:57",NULL,NULL,NULL,"27.93000030517578"
"49107","33817","27012","1226","132527","Processing","2021-10-07 09:07:26",NULL,NULL,NULL,"27.93000030517578"
"122954","84821","67884","1226","332005","Processing","2022-08-31 01:16:44.132702",NULL,NULL,NULL,"27.93000030517578"
"143537","99046","79422","985","387556","Processing","2019-04-16 21:15:29",NULL,NULL,NULL,"27.93000030517578"
"166149","114589","91864","1226","448742","Processing","2022-07-24 14:26:08",NULL,NULL,NULL,"27.93000030517578"
"11573","7963","6457","13848","31355","Shipped","2022-09-02 03:08:46.268478","2022-09-03 05:48:38.268478",NULL,NULL,"29.93000030517578"
"12508","8618","6955","13848","33893","Shipped","2022-04-07 14:15:50","2022-04-08 08:43:00",NULL,NULL,"29.93000030517578"
"24284","16703","13354","20022","65630","Shipped","2019-12-15 07:25:03","2019-12-15 17:59:00",NULL,NULL,"29.93000030517578"
"33071","22768","18179","28984","89335","Shipped","2022-09-04 08:28:42.452992","2022-09-06 22:52:00.452992",NULL,NULL,"29.93000030517578"
"55053","37958","30318","13848","148551","Shipped","2020-09-28 00:45:07","2020-09-25 18:30:00",NULL,NULL,"29.93000030517578"
"62902","43306","34627","13848","169822","Shipped","2022-01-31 01:00:40","2022-01-29 21:23:00",NULL,NULL,"29.93000030517578"
"65855","45334","36240","19916","177825","Shipped","2022-09-05 15:37:09.403564","2022-09-07 14:19:58.403564",NULL,NULL,"29.93000030517578"
"72414","49874","39923","20022","195513","Shipped","2022-07-03 06:11:41","2022-07-02 05:32:00",NULL,NULL,"29.93000030517578"
"79179","54590","43673","20022","213785","Shipped","2021-12-04 11:28:36","2021-12-06 13:33:00",NULL,NULL,"29.93000030517578"
"106449","73561","58826","14036","287525","Shipped","2020-02-11 14:05:54","2020-02-11 19:15:00",NULL,NULL,"29.93000030517578"
"110926","76636","61299","20022","299582","Shipped","2022-03-18 12:56:32","2022-03-20 06:52:00",NULL,NULL,"29.93000030517578"
"116374","80361","64323","20022","314304","Shipped","2022-01-06 11:07:21","2022-01-07 16:18:00",NULL,NULL,"29.93000030517578"
"124686","86024","68846","20022","336606","Shipped","2021-09-26 05:17:33","2021-09-27 09:21:00",NULL,NULL,"29.93000030517578"
"131464","90683","72654","19136","354954","Shipped","2021-05-03 03:47:41","2021-05-05 09:13:00",NULL,NULL,"29.93000030517578"
"140125","96667","77525","19916","378359","Shipped","2022-08-05 17:33:56","2022-08-04 06:34:00",NULL,NULL,"29.93000030517578"
"161743","111571","89453","14036","436727","Shipped","2022-08-04 10:59:38","2022-08-01 12:46:00",NULL,NULL,"29.93000030517578"
"162025","111743","89586","19916","437497","Shipped","2020-06-28 15:02:25","2020-06-29 03:36:00",NULL,NULL,"29.93000030517578"
"172771","119150","95514","20022","466628","Shipped","2022-08-09 01:21:30","2022-08-10 03:24:00",NULL,NULL,"29.93000030517578"
"5412","3692","3014","20022","14656","Complete","2019-11-23 07:25:27","2019-11-23 08:50:00","2019-11-25 02:56:00",NULL,"29.93000030517578"
"10785","7414","6030","19916","29228","Complete","2022-08-22 10:35:53","2022-08-20 17:59:00","2022-08-22 18:11:00",NULL,"29.93000030517578"
"11752","8096","6553","19916","31836","Complete","2022-05-28 04:56:27","2022-05-30 08:05:00","2022-06-02 01:35:00",NULL,"29.93000030517578"
"50658","34902","27848","28984","136732","Complete","2022-05-27 23:10:08","2022-05-26 11:55:00","2022-05-27 23:06:00",NULL,"29.93000030517578"
"54405","37487","29955","19916","146800","Complete","2022-06-26 02:14:05","2022-06-27 09:08:00","2022-07-01 07:03:00",NULL,"29.93000030517578"
"83225","57474","45944","28764","224775","Complete","2021-10-21 07:27:34","2021-10-19 22:47:00","2021-10-23 02:42:00",NULL,"29.93000030517578"
"101215","69942","55927","19136","273345","Complete","2021-09-29 16:21:05","2021-10-01 06:15:00","2021-10-05 06:57:00",NULL,"29.93000030517578"
"110796","76538","61219","19136","299226","Complete","2020-09-22 11:17:35","2020-09-24 17:16:00","2020-09-28 12:05:00",NULL,"29.93000030517578"
"119502","82492","66043","20022","322641","Complete","2020-08-16 08:43:19","2020-08-17 13:47:00","2020-08-18 00:09:00",NULL,"29.93000030517578"
"120098","82898","66367","28984","324256","Complete","2022-08-24 09:41:57","2022-08-25 21:11:00","2022-08-28 02:13:00",NULL,"29.93000030517578"
"125695","86703","69376","14036","339345","Complete","2021-03-01 04:52:46","2021-03-03 19:33:00","2021-03-04 22:57:00",NULL,"29.93000030517578"
"130619","90099","72157","20022","352668","Complete","2022-05-08 12:17:33","2022-05-06 01:30:00","2022-05-09 09:56:00",NULL,"29.93000030517578"
"139371","96153","77105","19136","376365","Complete","2022-07-17 16:52:52","2022-07-20 08:00:00","2022-07-23 13:06:00",NULL,"29.93000030517578"
"140844","97152","77918","13848","380287","Complete","2021-11-04 16:16:23","2021-11-05 15:28:00","2021-11-05 18:14:00",NULL,"29.93000030517578"
"141032","97278","78016","28764","380785","Complete","2022-01-27 17:30:48","2022-01-30 03:27:00","2022-02-01 03:44:00",NULL,"29.93000030517578"
"168413","116142","93123","19136","454807","Complete","2022-02-04 15:03:45","2022-02-07 17:59:00","2022-02-09 17:15:00",NULL,"29.93000030517578"
"175665","121150","97146","14036","474414","Complete","2022-02-14 02:13:45","2022-02-16 12:03:00","2022-02-20 06:08:00",NULL,"29.93000030517578"
"78830","54357","43504","19916","212813","Returned","2022-08-10 21:41:16","2022-08-10 15:04:00","2022-08-14 22:20:00","2022-08-16 02:01:00","29.93000030517578"
"108609","75034","59992","13848","293383","Returned","2022-06-12 10:52:49","2022-06-14 00:41:00","2022-06-18 14:18:00","2022-06-19 00:53:00","29.93000030517578"
"130651","90123","72174","28764","352760","Returned","2021-06-19 23:57:00","2021-06-20 12:34:00","2021-06-23 01:24:00","2021-06-24 05:47:00","29.93000030517578"
"38622","26603","21260","19136","104270","Cancelled","2022-08-09 08:38:02",NULL,NULL,NULL,"29.93000030517578"
"75058","51720","41377","19916","202652","Cancelled","2021-02-28 03:03:33",NULL,NULL,NULL,"29.93000030517578"
"86897","60051","48046","28984","234753","Cancelled","2022-06-18 15:22:00",NULL,NULL,NULL,"29.93000030517578"
"117333","80990","64864","28764","316843","Cancelled","2020-04-20 05:35:53",NULL,NULL,NULL,"29.93000030517578"
"145738","100558","80658","19136","393539","Cancelled","2022-04-21 02:04:42",NULL,NULL,NULL,"29.93000030517578"
"172174","118723","95182","14036","465019","Cancelled","2020-06-30 23:44:34",NULL,NULL,NULL,"29.93000030517578"
"173704","119806","96069","13848","469089","Cancelled","2022-07-06 08:39:26",NULL,NULL,NULL,"29.93000030517578"
"14416","9917","7988","28984","39078","Processing","2021-02-08 01:06:34",NULL,NULL,NULL,"29.93000030517578"
"19563","13447","10791","20022","52938","Processing","2020-01-23 07:55:01",NULL,NULL,NULL,"29.93000030517578"
"82725","57106","45654","19916","223424","Processing","2021-06-28 03:17:12",NULL,NULL,NULL,"29.93000030517578"
"153016","105566","84700","13848","413215","Processing","2020-09-15 12:46:06",NULL,NULL,NULL,"29.93000030517578"
"161857","111639","89510","20022","437041","Processing","2020-06-28 01:28:29",NULL,NULL,NULL,"29.93000030517578"
"137297","94735","75939","18230","370730","Shipped","2022-05-29 23:50:27","2022-05-30 19:00:00",NULL,NULL,"30.93000030517578"
"14796","10178","8187","18230","40081","Complete","2022-09-01 01:27:49","2022-09-01 03:18:00","2022-09-04 14:27:00",NULL,"30.93000030517578"
"37124","25567","20428","18230","100245","Complete","2020-06-05 13:23:33","2020-06-06 05:52:00","2020-06-08 02:43:00",NULL,"30.93000030517578"
"148900","102748","82421","18230","402075","Returned","2021-02-15 13:25:00","2021-02-15 03:11:00","2021-02-19 21:59:00","2021-02-21 21:54:00","30.93000030517578"
"47861","32980","26344","18230","129184","Cancelled","2022-01-07 17:35:57",NULL,NULL,NULL,"30.93000030517578"
"37771","26000","20778","18230","101968","Processing","2022-06-16 01:52:49",NULL,NULL,NULL,"30.93000030517578"
"61908","42633","34085","18230","167128","Processing","2021-10-21 21:17:01",NULL,NULL,NULL,"30.93000030517578"
"92045","63601","50919","18230","248613","Processing","2022-09-05 16:07:43.98519",NULL,NULL,NULL,"30.93000030517578"
"20078","13804","11061","3702","54338","Shipped","2021-11-09 08:11:38","2021-11-10 04:31:00",NULL,NULL,"33.86000061035156"
"52124","35924","28699","3702","140678","Shipped","2022-06-12 12:24:57","2022-06-15 03:08:00",NULL,NULL,"33.86000061035156"
"55772","38443","30723","2067","150502","Shipped","2021-09-12 22:05:06","2021-09-15 19:45:00",NULL,NULL,"33.86000061035156"
"56602","39017","31185","17256","152763","Shipped","2019-09-14 02:37:15","2019-09-10 13:43:00",NULL,NULL,"33.86000061035156"
"72752","50112","40105","3702","196445","Shipped","2020-01-31 02:49:37","2020-02-01 09:39:00",NULL,NULL,"33.86000061035156"
"102291","70684","56519","2067","276294","Shipped","2020-05-29 09:56:11","2020-05-29 02:22:00",NULL,NULL,"33.86000061035156"
"132869","91665","73420","17256","358787","Shipped","2022-08-27 21:49:51","2022-08-30 17:05:00",NULL,NULL,"33.86000061035156"
"135012","93141","74622","2067","364577","Shipped","2022-09-05 23:19:58.441556","2022-09-03 05:16:02.441556",NULL,NULL,"33.86000061035156"
"29629","20402","16297","2067","80093","Complete","2021-05-20 16:12:01","2021-05-23 14:03:00","2021-05-25 08:13:00",NULL,"33.86000061035156"
"47859","32978","26344","17256","129178","Complete","2022-01-11 17:09:31","2022-01-08 20:03:00","2022-01-13 04:03:00",NULL,"33.86000061035156"
"112885","77968","62368","2067","304900","Complete","2022-01-19 21:06:22","2022-01-21 07:04:00","2022-01-22 18:20:00",NULL,"33.86000061035156"
"127499","87921","70399","2067","344220","Complete","2022-01-16 13:50:15","2022-01-17 01:35:00","2022-01-17 20:43:00",NULL,"33.86000061035156"
"148798","102674","82364","3702","401814","Complete","2020-07-15 05:03:39","2020-07-15 10:20:00","2020-07-16 06:40:00",NULL,"33.86000061035156"
"11939","8238","6659","2067","32364","Returned","2022-06-02 02:09:31","2022-06-04 19:20:00","2022-06-04 22:23:00","2022-06-04 23:00:00","33.86000061035156"
"45761","31508","25146","3702","123564","Returned","2022-07-23 06:20:05","2022-07-21 15:13:00","2022-07-21 21:00:00","2022-07-22 23:45:00","33.86000061035156"
"48097","33127","26468","17256","129830","Returned","2021-11-24 01:44:24","2021-11-25 19:57:00","2021-11-26 23:48:00","2021-11-29 19:07:00","33.86000061035156"
"48452","33386","26661","3702","130756","Returned","2021-11-26 00:59:04","2021-11-28 15:54:00","2021-11-29 02:02:00","2021-12-01 02:36:00","33.86000061035156"
"95929","66300","53014","17256","259137","Returned","2022-08-11 00:15:25","2022-08-10 05:39:00","2022-08-13 20:44:00","2022-08-14 19:17:00","33.86000061035156"
"153698","106045","85061","17169","415053","Returned","2020-04-21 15:22:25","2020-04-24 07:32:00","2020-04-26 01:21:00","2020-04-28 23:15:00","33.86000061035156"
"15890","10911","8769","17169","43023","Cancelled","2020-12-18 05:50:51",NULL,NULL,NULL,"33.86000061035156"
"24695","17001","13575","17169","66748","Cancelled","2021-04-23 01:23:20",NULL,NULL,NULL,"33.86000061035156"
"26180","18035","14409","3702","70754","Cancelled","2021-11-08 17:12:48",NULL,NULL,NULL,"33.86000061035156"
"101271","69980","55954","17256","273501","Cancelled","2021-08-22 17:30:31",NULL,NULL,NULL,"33.86000061035156"
"153370","105808","84877","17169","414196","Cancelled","2022-09-08 15:53:45.016637",NULL,NULL,NULL,"33.86000061035156"
"27280","18789","15018","2067","73747","Processing","2022-09-01 03:29:34",NULL,NULL,NULL,"33.86000061035156"
"52469","36156","28883","2067","141592","Processing","2022-08-21 07:46:17",NULL,NULL,NULL,"33.86000061035156"
"63612","43794","35021","17256","171740","Processing","2022-07-15 10:33:23",NULL,NULL,NULL,"33.86000061035156"
"138150","95332","76417","17169","373039","Processing","2022-07-11 12:08:06",NULL,NULL,NULL,"33.86000061035156"
"177625","122508","98259","3702","479708","Processing","2022-01-10 02:52:38",NULL,NULL,NULL,"33.86000061035156"
"178780","123313","98905","17256","482804","Processing","2022-06-25 11:11:56",NULL,NULL,NULL,"33.86000061035156"
"41671","28660","22857","2062","112481","Shipped","2021-06-10 21:47:36","2021-06-12 02:19:00",NULL,NULL,"39.86000061035156"
"101128","69886","55887","2062","273114","Shipped","2022-08-23 16:05:18","2022-08-21 10:14:00",NULL,NULL,"39.86000061035156"
"141145","97348","78067","2062","381092","Complete","2022-07-10 07:38:26","2022-07-11 17:07:00","2022-07-12 18:39:00",NULL,"39.86000061035156"
"26795","18464","14743","2062","72423","Processing","2022-06-06 06:54:33",NULL,NULL,NULL,"39.86000061035156"
"127247","87754","70254","2062","343538","Processing","2021-09-29 15:02:33",NULL,NULL,NULL,"39.86000061035156"
"58989","40653","32473","5534","159202","Complete","2022-04-16 00:38:54","2022-04-17 09:50:00","2022-04-22 07:49:00",NULL,"41.86000061035156"
"71725","49396","39544","5534","193638","Complete","2020-07-31 12:07:05","2020-08-01 18:53:00","2020-08-05 02:39:00",NULL,"41.86000061035156"
"80963","55832","44638","5534","218662","Complete","2022-04-27 02:34:01","2022-04-28 16:14:00","2022-05-02 10:10:00",NULL,"41.86000061035156"
"95048","65679","52549","5534","256747","Complete","2021-02-22 12:56:51","2021-02-24 14:22:00","2021-02-27 09:29:00",NULL,"41.86000061035156"
"75113","51763","41409","5534","202808","Returned","2022-09-04 16:14:32.02698","2022-09-06 02:14:16.02698","2022-09-10 06:08:16.02698","2022-09-12 20:05:16.02698","41.86000061035156"
"5395","3682","3007","5534","14610","Processing","2022-03-19 09:05:39",NULL,NULL,NULL,"41.86000061035156"
"78493","54119","43315","5534","211895","Processing","2021-08-06 02:50:27",NULL,NULL,NULL,"41.86000061035156"
"121161","83612","66946","5534","327154","Processing","2022-09-01 08:44:25.505148",NULL,NULL,NULL,"41.86000061035156"
"136531","94220","75518","5534","368661","Processing","2022-02-20 01:18:34",NULL,NULL,NULL,"41.86000061035156"
"150709","103998","83432","5005","407023","Shipped","2022-06-16 21:58:57","2022-06-17 10:02:00",NULL,NULL,"55.86000061035156"
"176693","121849","97719","1068","477221","Shipped","2020-07-04 22:16:23","2020-07-05 18:23:00",NULL,NULL,"55.86000061035156"
"22629","15562","12438","5168","61161","Complete","2022-03-19 07:35:19","2022-03-18 03:26:00","2022-03-21 11:38:00",NULL,"55.86000061035156"
"45882","31583","25194","5168","123877","Complete","2021-12-22 03:47:35","2021-12-22 07:53:00","2021-12-26 21:45:00",NULL,"55.86000061035156"
"57663","39740","31756","5168","155623","Complete","2021-04-01 14:11:12","2021-04-02 05:27:00","2021-04-02 14:18:00",NULL,"55.86000061035156"
"76312","52597","42090","5005","206081","Complete","2020-04-30 14:21:00","2020-04-30 21:07:00","2020-05-01 14:58:00",NULL,"55.86000061035156"
"82600","57012","45579","1068","223069","Complete","2021-04-07 15:38:16","2021-04-09 13:29:00","2021-04-13 19:49:00",NULL,"55.86000061035156"
"153198","105687","84790","1068","413729","Complete","2020-04-22 06:52:19","2020-04-25 05:08:00","2020-04-26 01:12:00",NULL,"55.86000061035156"
"165361","114045","91435","5168","446612","Complete","2022-06-11 04:01:10","2022-06-11 19:46:00","2022-06-16 13:13:00",NULL,"55.86000061035156"
"168848","116446","93357","5005","455964","Complete","2021-08-13 09:37:49","2021-08-13 20:19:00","2021-08-16 07:26:00",NULL,"55.86000061035156"
"171788","118451","94975","5005","463959","Complete","2022-07-06 05:35:02","2022-07-08 23:19:00","2022-07-09 20:40:00",NULL,"55.86000061035156"
"144492","99692","79936","5005","390124","Returned","2022-05-23 00:01:40","2022-05-23 10:16:00","2022-05-24 01:10:00","2022-05-24 05:39:00","55.86000061035156"
"431","305","263","5005","1143","Cancelled","2022-07-12 14:31:33",NULL,NULL,NULL,"55.86000061035156"
"28745","19785","15813","5168","77699","Cancelled","2020-07-12 13:19:47",NULL,NULL,NULL,"55.86000061035156"
"34480","23736","18942","5005","93150","Cancelled","2020-01-31 23:30:52",NULL,NULL,NULL,"55.86000061035156"
"115666","79878","63922","5005","312377","Cancelled","2022-04-23 11:24:16",NULL,NULL,NULL,"55.86000061035156"
"145630","100482","80588","5168","393244","Processing","2022-06-17 21:12:52",NULL,NULL,NULL,"55.86000061035156"
"148549","102495","82219","8344","401133","Shipped","2021-10-10 13:06:33","2021-10-12 03:17:00",NULL,NULL,"91.72000122070312"
"44903","30905","24676","8344","121267","Complete","2021-01-24 02:49:03","2021-01-24 15:29:00","2021-01-28 09:06:00",NULL,"91.72000122070312"
"152887","105482","84623","8344","412871","Complete","2022-03-14 07:17:25","2022-03-15 19:00:00","2022-03-17 23:09:00",NULL,"91.72000122070312"
"2602","1783","1440","8344","7037","Cancelled","2022-07-31 14:56:52",NULL,NULL,NULL,"91.72000122070312"
"155734","107432","86193","8344","420501","Cancelled","2020-07-04 23:02:33",NULL,NULL,NULL,"91.72000122070312"
"61577","42406","33901","8344","166225","Processing","2020-03-24 02:37:21",NULL,NULL,NULL,"91.72000122070312"
"12495","8611","6950","22196","33855","Shipped","2022-07-21 10:33:39","2022-07-18 17:11:00",NULL,NULL,"99.72000122070312"
"45064","31027","24774","22196","121701","Shipped","2021-09-01 03:34:46","2021-09-01 20:33:00",NULL,NULL,"99.72000122070312"
"134738","92953","74470","22196","363857","Shipped","2022-04-23 15:00:23","2022-04-25 14:56:00",NULL,NULL,"99.72000122070312"
"169545","116925","93750","22196","457838","Shipped","2020-01-17 03:27:30","2020-01-15 15:51:00",NULL,NULL,"99.72000122070312"
"77192","53219","42586","22196","208415","Complete","2021-11-27 00:55:36","2021-11-24 17:07:00","2021-11-26 21:03:00",NULL,"99.72000122070312"
"167561","115551","92611","22196","452520","Complete","2022-05-26 00:05:45","2022-05-27 06:06:00","2022-05-28 19:03:00",NULL,"99.72000122070312"
"11966","8259","6677","22196","32436","Cancelled","2022-01-08 02:18:55",NULL,NULL,NULL,"99.72000122070312"
"41543","28572","22789","22196","112138","Cancelled","2020-10-06 00:08:51",NULL,NULL,NULL,"99.72000122070312"
"97692","67517","53956","22196","263903","Cancelled","2022-08-02 10:03:57",NULL,NULL,NULL,"99.72000122070312"
"1299","898","753","22196","3523","Processing","2021-11-11 04:30:53",NULL,NULL,NULL,"99.72000122070312"
"82783","57148","45692","22196","223578","Processing","2022-09-03 14:05:02.302492",NULL,NULL,NULL,"99.72000122070312"
"83972","57993","46376","22196","226806","Processing","2021-12-16 05:25:45",NULL,NULL,NULL,"99.72000122070312"
"100151","69215","55344","22196","270493","Processing","2022-07-30 11:28:39",NULL,NULL,NULL,"99.72000122070312"
"54802","37780","30178","2915","147891","Shipped","2019-10-31 05:21:24","2019-10-31 05:22:00",NULL,NULL,"83.97000122070312"
"68777","47336","37862","2915","185671","Shipped","2021-08-08 03:51:43","2021-08-08 09:16:00",NULL,NULL,"83.97000122070312"
"38651","26623","21279","2915","104350","Complete","2021-05-18 04:24:31","2021-05-18 16:42:00","2021-05-19 03:23:00",NULL,"83.97000122070312"
"50392","34711","27711","2915","136027","Returned","2022-08-26 05:51:55","2022-08-23 10:49:00","2022-08-28 02:17:00","2022-08-29 03:12:00","83.97000122070312"
"95321","65884","52695","2915","257479","Processing","2022-05-22 05:56:09",NULL,NULL,NULL,"83.97000122070312"
"162488","112069","89848","2915","438757","Processing","2021-10-26 03:43:08",NULL,NULL,NULL,"83.97000122070312"
"42297","29100","23206","8554","114203","Shipped","2021-03-05 11:41:38","2021-03-07 13:51:00",NULL,NULL,"99.97000122070312"
"58960","40636","32453","1336","159128","Shipped","2021-04-28 02:50:33","2021-04-29 02:01:00",NULL,NULL,"99.97000122070312"
"125820","86780","69438","7687","339684","Shipped","2022-09-05 15:29:54.128676","2022-09-08 06:00:45.128676",NULL,NULL,"99.97000122070312"
"141919","97885","78486","8554","383184","Shipped","2022-06-24 14:06:44","2022-06-27 05:25:00",NULL,NULL,"99.97000122070312"
"149013","102830","82483","8554","402390","Shipped","2021-05-02 00:17:17","2021-05-03 23:55:00",NULL,NULL,"99.97000122070312"
"160392","110657","88736","16853","433066","Shipped","2022-08-18 02:26:22","2022-08-18 14:31:00",NULL,NULL,"99.97000122070312"
"165873","114400","91710","7687","447997","Shipped","2022-05-30 00:19:07","2022-06-01 22:11:00",NULL,NULL,"99.97000122070312"
"171479","118233","94827","16853","463114","Shipped","2022-07-05 16:12:15","2022-07-06 04:00:00",NULL,NULL,"99.97000122070312"
"6905","4711","3826","8554","18698","Complete","2022-05-11 11:00:07","2022-05-09 15:32:00","2022-05-10 07:01:00",NULL,"99.97000122070312"
"29086","20023","15992","16853","78635","Complete","2020-02-19 16:34:58","2020-02-21 13:36:00","2020-02-22 23:47:00",NULL,"99.97000122070312"
"79217","54616","43692","16853","213891","Complete","2020-08-09 21:42:11","2020-08-10 17:46:00","2020-08-11 16:08:00",NULL,"99.97000122070312"
"95775","66198","52935","7685","258723","Complete","2022-03-02 04:52:24","2022-03-01 07:11:00","2022-03-01 22:50:00",NULL,"99.97000122070312"
"124263","85723","68601","16853","335459","Complete","2021-11-30 00:00:33","2021-12-02 22:15:00","2021-12-06 15:22:00",NULL,"99.97000122070312"
"144199","99490","79770","16853","389342","Complete","2021-06-10 02:23:34","2021-06-10 08:16:00","2021-06-14 22:06:00",NULL,"99.97000122070312"
"146349","100976","81016","16853","395195","Complete","2021-01-21 05:31:53","2021-01-19 19:47:00","2021-01-24 03:22:00",NULL,"99.97000122070312"
"129407","89245","71494","7685","349421","Returned","2020-12-29 03:19:06","2020-12-31 06:36:00","2020-12-31 21:13:00","2021-01-02 18:33:00","99.97000122070312"
"9095","6235","5046","16853","24653","Cancelled","2020-02-01 14:04:10",NULL,NULL,NULL,"99.97000122070312"
"42658","29355","23399","1336","115185","Cancelled","2020-08-04 02:38:21",NULL,NULL,NULL,"99.97000122070312"
"48399","33352","26637","16853","130617","Cancelled","2022-08-05 10:00:25",NULL,NULL,NULL,"99.97000122070312"
"129439","89268","71513","7687","349502","Cancelled","2020-10-22 10:31:12",NULL,NULL,NULL,"99.97000122070312"
"56909","39223","31353","16853","153598","Processing","2020-08-31 04:26:19",NULL,NULL,NULL,"99.97000122070312"
"65977","45418","36312","7685","178153","Processing","2022-06-12 12:01:31",NULL,NULL,NULL,"99.97000122070312"
"140987","97248","77995","1336","380666","Processing","2020-10-18 01:24:12",NULL,NULL,NULL,"99.97000122070312"
"175988","121375","97345","7687","475280","Processing","2022-09-02 08:16:09.227685",NULL,NULL,NULL,"99.97000122070312"
"55106","37989","30350","28771","148687","Shipped","2022-07-23 05:40:26","2022-07-20 19:14:00",NULL,NULL,"127.97000122070312"
"104461","72176","57698","28771","282180","Shipped","2022-08-20 23:38:00","2022-08-22 23:34:00",NULL,NULL,"127.97000122070312"
"119465","82463","66021","28771","322536","Shipped","2020-09-12 09:26:49","2020-09-15 10:20:00",NULL,NULL,"127.97000122070312"
"132890","91683","73435","28771","358843","Shipped","2021-03-31 01:44:37","2021-03-31 20:50:00",NULL,NULL,"127.97000122070312"
"126383","87178","69756","28771","341230","Complete","2022-01-02 15:57:51","2022-01-03 02:25:00","2022-01-05 08:35:00",NULL,"127.97000122070312"
"126528","87278","69852","28771","341628","Complete","2022-06-04 07:19:44","2022-06-05 18:03:00","2022-06-09 17:19:00",NULL,"127.97000122070312"
"141660","97712","78342","28771","382502","Complete","2022-06-13 07:28:37","2022-06-14 06:44:00","2022-06-17 21:32:00",NULL,"127.97000122070312"
"160987","111051","89030","28771","434655","Complete","2022-08-31 15:01:17","2022-08-29 06:49:00","2022-08-29 11:13:00",NULL,"127.97000122070312"
"98979","68393","54681","28771","267376","Returned","2021-08-31 01:37:56","2021-08-27 17:26:00","2021-08-31 15:39:00","2021-08-31 16:12:00","127.97000122070312"
"56829","39166","31309","28771","153386","Cancelled","2022-07-28 13:06:22",NULL,NULL,NULL,"127.97000122070312"
"122696","84648","67752","28771","331297","Processing","2021-12-31 10:09:39",NULL,NULL,NULL,"127.97000122070312"
"16553","11389","9161","28982","44805","Shipped","2021-10-24 17:36:41","2021-10-26 18:18:00",NULL,NULL,"135.94000244140625"
"41358","28443","22690","28982","111652","Shipped","2021-05-24 01:37:03","2021-05-23 14:02:00",NULL,NULL,"135.94000244140625"
"112863","77951","62350","28982","304840","Shipped","2021-09-01 01:42:32","2021-09-03 22:46:00",NULL,NULL,"135.94000244140625"
"131862","90965","72869","28982","356018","Shipped","2022-04-15 05:09:14","2022-04-17 18:18:00",NULL,NULL,"135.94000244140625"
"15457","10611","8533","14065","41873","Complete","2021-11-06 04:16:52","2021-11-06 13:07:00","2021-11-09 08:28:00",NULL,"135.94000244140625"
"80061","55209","44159","28982","216167","Complete","2022-03-30 03:34:02","2022-03-30 06:58:00","2022-03-31 13:25:00",NULL,"135.94000244140625"
"81387","56141","44871","28982","219799","Returned","2022-03-26 10:19:31","2022-03-28 11:15:00","2022-03-29 20:04:00","2022-03-30 00:39:00","135.94000244140625"
"13906","9582","7728","14065","37687","Cancelled","2020-12-02 05:33:27",NULL,NULL,NULL,"135.94000244140625"
"32479","22352","17869","28982","87756","Cancelled","2022-08-16 05:03:22",NULL,NULL,NULL,"135.94000244140625"
"41082","28252","22538","28982","110909","Processing","2022-06-02 10:33:23",NULL,NULL,NULL,"135.94000244140625"
"83781","57862","46265","28982","226276","Processing","2020-08-27 01:54:21",NULL,NULL,NULL,"135.94000244140625"
"103299","71377","57059","28982","279030","Processing","2022-02-09 08:52:35",NULL,NULL,NULL,"135.94000244140625"
"108339","74852","59857","28982","292663","Processing","2022-03-26 06:57:17",NULL,NULL,NULL,"135.94000244140625"
"136028","93872","75232","14065","367331","Processing","2022-07-18 14:43:41",NULL,NULL,NULL,"135.94000244140625"
"29429","20259","16193","18363","79551","Shipped","2019-08-09 15:17:22","2019-08-10 05:23:00",NULL,NULL,"159.94000244140625"
"39396","27124","21668","18363","106366","Complete","2022-01-28 04:45:04","2022-01-29 03:20:00","2022-02-01 00:36:00",NULL,"159.94000244140625"
"17069","11747","9449","12684","46219","Shipped","2022-09-03 00:35:47.124187","2022-09-03 13:06:58.124187",NULL,NULL,"3.880000114440918"
"26126","17996","14379","12684","70610","Shipped","2020-10-31 10:55:25","2020-11-02 09:25:00",NULL,NULL,"3.880000114440918"
"81358","56122","44856","12684","219719","Shipped","2022-08-17 15:40:11","2022-08-18 22:11:00",NULL,NULL,"3.880000114440918"
"105215","72710","58143","12684","284180","Shipped","2022-04-16 12:05:26","2022-04-18 01:22:00",NULL,NULL,"3.880000114440918"
"125002","86235","69001","12684","337481","Shipped","2021-02-12 16:09:17","2021-02-15 10:00:00",NULL,NULL,"3.880000114440918"
"136355","94100","75425","12684","368204","Shipped","2022-03-17 12:42:05","2022-03-16 01:02:00",NULL,NULL,"3.880000114440918"
"157881","108897","87340","12684","426281","Shipped","2022-05-25 13:26:52","2022-05-26 22:14:00",NULL,NULL,"3.880000114440918"
"170504","117562","94283","12684","460450","Complete","2022-03-05 14:52:11","2022-03-07 22:59:00","2022-03-10 23:32:00",NULL,"3.880000114440918"
"135585","93565","74967","15253","366129","Shipped","2019-11-14 01:32:08","2019-11-15 20:48:00",NULL,NULL,"4.010000228881836"
"143929","99316","79634","13614","388601","Shipped","2021-09-26 06:10:38","2021-09-24 14:56:00",NULL,NULL,"4.010000228881836"
"157768","108813","87269","15253","425975","Shipped","2021-09-28 07:14:56","2021-09-28 10:24:00",NULL,NULL,"4.010000228881836"
"59310","40869","32638","13614","160081","Complete","2022-01-04 10:50:37","2022-01-05 12:16:00","2022-01-07 00:26:00",NULL,"4.010000228881836"
"101931","70443","56315","15253","275300","Cancelled","2022-01-25 17:08:52",NULL,NULL,NULL,"4.010000228881836"
"46877","32287","25789","15253","126557","Processing","2021-12-20 05:02:03",NULL,NULL,NULL,"4.010000228881836"
"135676","93631","75011","13614","366381","Processing","2022-08-06 00:49:18",NULL,NULL,NULL,"4.010000228881836"
"33809","23287","18590","11213","91335","Shipped","2022-05-21 17:41:01","2022-05-23 23:20:00",NULL,NULL,"5.760000228881836"
"49264","33922","27091","11213","132967","Shipped","2021-12-23 23:20:35","2021-12-24 16:09:00",NULL,NULL,"5.760000228881836"
"130541","90043","72126","11213","352448","Shipped","2022-05-30 07:34:12","2022-06-01 15:47:00",NULL,NULL,"5.760000228881836"
"113072","78102","62474","11213","305409","Cancelled","2022-03-26 16:11:03",NULL,NULL,NULL,"5.760000228881836"
"143114","98743","79168","11213","386410","Processing","2021-04-17 09:31:53",NULL,NULL,NULL,"5.760000228881836"
"14976","10297","8274","24994","40564","Shipped","2022-04-24 04:56:06","2022-04-26 02:32:00",NULL,NULL,"6.760000228881836"
"32807","22585","18033","24994","88652","Shipped","2021-07-11 06:12:09","2021-07-11 21:40:00",NULL,NULL,"6.760000228881836"
"122111","84237","67433","24994","329696","Shipped","2022-08-13 15:44:43","2022-08-16 10:27:00",NULL,NULL,"6.760000228881836"
"63662","43833","35056","24994","171861","Complete","2022-09-04 18:55:21.187401","2022-09-07 07:35:27.187401","2022-09-10 02:48:27.187401",NULL,"6.760000228881836"
"119630","82584","66113","24994","322993","Complete","2021-07-31 10:35:38","2021-08-03 05:14:00","2021-08-07 14:28:00",NULL,"6.760000228881836"
"1720","1199","968","24994","4659","Processing","2022-04-12 13:44:40",NULL,NULL,NULL,"6.760000228881836"
"137347","94771","75968","12350","370860","Shipped","2022-09-03 09:31:26.651561","2022-09-04 21:51:37.651561",NULL,NULL,"7.010000228881836"
"91998","63569","50891","12350","248493","Complete","2021-02-16 10:19:21","2021-02-17 02:12:00","2021-02-20 03:45:00",NULL,"7.010000228881836"
"108748","75125","60067","6791","293759","Complete","2021-11-07 15:46:10","2021-11-07 04:19:00","2021-11-09 12:07:00",NULL,"7.010000228881836"
"113840","78636","62885","6791","307467","Returned","2021-03-15 13:27:53","2021-03-16 20:49:00","2021-03-19 17:40:00","2021-03-21 16:32:00","7.010000228881836"
"88532","61186","49000","6791","239181","Cancelled","2021-03-06 13:25:31",NULL,NULL,NULL,"7.010000228881836"
"97292","67243","53727","6791","262807","Cancelled","2022-01-16 20:41:30",NULL,NULL,NULL,"7.010000228881836"
"84839","58610","46870","12350","229157","Processing","2021-01-11 12:17:20",NULL,NULL,NULL,"7.010000228881836"
"119395","82417","65983","6791","322356","Processing","2021-10-04 13:46:50",NULL,NULL,NULL,"7.010000228881836"
"66256","45600","36452","28664","178914","Shipped","2022-05-26 23:42:52","2022-05-29 11:27:00",NULL,NULL,"10.020000457763672"
"161249","111226","89175","6000","435361","Shipped","2022-06-15 22:55:03","2022-06-17 12:48:00",NULL,NULL,"10.020000457763672"
"169453","116869","93695","28664","457594","Shipped","2022-06-22 08:05:45","2022-06-21 03:51:00",NULL,NULL,"10.020000457763672"
"26233","18069","14435","28664","70897","Complete","2020-09-27 06:49:34","2020-09-29 20:33:00","2020-09-30 06:50:00",NULL,"10.020000457763672"
"95565","66058","52828","6000","258146","Complete","2022-01-12 04:00:41","2022-01-12 18:51:00","2022-01-16 09:42:00",NULL,"10.020000457763672"
"16675","11472","9231","28664","45136","Returned","2022-01-19 15:57:53","2022-01-20 11:24:00","2022-01-22 03:07:00","2022-01-24 12:22:00","10.020000457763672"
"123342","85104","68107","6000","333020","Returned","2020-03-14 04:40:03","2020-03-14 08:38:00","2020-03-15 06:07:00","2020-03-16 23:13:00","10.020000457763672"
"173677","119791","96057","6000","469021","Returned","2022-02-14 05:58:59","2022-02-15 03:17:00","2022-02-16 21:57:00","2022-02-17 20:33:00","10.020000457763672"
"60822","41893","33483","28664","164209","Cancelled","2019-10-16 11:33:54",NULL,NULL,NULL,"10.020000457763672"
"29686","20448","16328","6651","80251","Shipped","2020-07-30 11:24:05","2020-08-01 03:32:00",NULL,NULL,"11.020000457763672"
"102414","70762","56576","6651","276643","Shipped","2021-11-05 10:28:59","2021-11-03 01:14:00",NULL,NULL,"11.020000457763672"
"76660","52842","42279","6651","207010","Cancelled","2020-05-05 04:07:40",NULL,NULL,NULL,"11.020000457763672"
"68710","47292","37826","227","185487","Shipped","2020-11-12 01:28:22","2020-11-11 09:15:00",NULL,NULL,"11.520000457763672"
"96193","66479","53152","3392","259837","Shipped","2022-08-14 14:18:11","2022-08-15 00:11:00",NULL,NULL,"11.520000457763672"
"142409","98242","78774","227","384511","Shipped","2022-02-01 07:17:37","2022-02-04 09:30:00",NULL,NULL,"11.520000457763672"
"95687","66139","52895","227","258481","Complete","2022-05-20 15:11:44","2022-05-20 21:49:00","2022-05-23 10:12:00",NULL,"11.520000457763672"
"162662","112197","89954","227","439241","Returned","2019-10-05 06:29:44","2019-10-05 23:04:00","2019-10-07 18:45:00","2019-10-09 11:50:00","11.520000457763672"
"141705","97743","78368","3392","382619","Cancelled","2021-09-05 23:26:49",NULL,NULL,NULL,"11.520000457763672"
"106845","73825","59027","3392","288584","Processing","2021-05-31 00:53:21",NULL,NULL,NULL,"11.520000457763672"
"66784","45950","36749","3875","180313","Shipped","2022-03-24 22:53:49","2022-03-26 11:13:00",NULL,NULL,"12.020000457763672"
"96372","66596","53238","3875","260318","Shipped","2022-04-19 13:26:20","2022-04-19 18:34:00",NULL,NULL,"12.020000457763672"
"118421","81742","65450","4157","319753","Shipped","2022-01-30 11:49:44","2022-01-27 16:18:00",NULL,NULL,"12.020000457763672"
"177274","122254","98026","4157","478772","Shipped","2020-08-02 17:12:55","2020-08-02 21:34:00",NULL,NULL,"12.020000457763672"
"50059","34474","27532","4157","135131","Complete","2022-07-30 08:25:10","2022-07-30 00:18:00","2022-07-31 13:18:00",NULL,"12.020000457763672"
"94786","65481","52384","3875","256044","Complete","2021-08-22 12:48:59","2021-08-23 17:36:00","2021-08-26 05:37:00",NULL,"12.020000457763672"
"129339","89193","71456","3875","349241","Complete","2020-10-14 01:51:01","2020-10-15 06:08:00","2020-10-16 19:27:00",NULL,"12.020000457763672"
"158932","109629","87922","4157","429106","Complete","2022-05-14 10:24:08","2022-05-17 06:22:00","2022-05-17 15:38:00",NULL,"12.020000457763672"
"87923","60765","48648","4157","237509","Returned","2020-12-13 09:38:55","2020-12-11 23:51:00","2020-12-16 00:37:00","2020-12-18 19:39:00","12.020000457763672"
"38903","26791","21399","4157","105026","Cancelled","2021-09-26 17:29:02",NULL,NULL,NULL,"12.020000457763672"
"56785","39138","31289","3875","153271","Cancelled","2021-12-23 10:12:53",NULL,NULL,NULL,"12.020000457763672"
"70664","48663","38928","3875","190778","Cancelled","2021-12-14 00:22:35",NULL,NULL,NULL,"12.020000457763672"
"86","66","52","4157","238","Processing","2022-08-22 12:41:12",NULL,NULL,NULL,"12.020000457763672"
"35935","24735","19778","3875","97034","Processing","2021-11-24 23:22:03",NULL,NULL,NULL,"12.020000457763672"
"154913","106885","85758","3875","418304","Processing","2019-02-07 04:20:45",NULL,NULL,NULL,"12.020000457763672"
"2399","1645","1324","14507","6492","Shipped","2022-05-26 01:22:07","2022-05-28 15:38:00",NULL,NULL,"13.020000457763672"
"19293","13259","10634","14507","52206","Shipped","2021-09-20 09:43:19","2021-09-20 19:58:00",NULL,NULL,"13.020000457763672"
"90292","62412","49967","14507","243923","Shipped","2022-08-27 14:21:31","2022-08-28 04:03:00",NULL,NULL,"13.020000457763672"
"88355","61058","48884","14507","238688","Complete","2022-07-16 14:41:32","2022-07-15 21:25:00","2022-07-19 18:31:00",NULL,"13.020000457763672"
"61326","42225","33759","14507","165543","Returned","2020-12-02 23:59:58","2020-11-30 17:52:00","2020-12-03 07:12:00","2020-12-04 15:35:00","13.020000457763672"
"50282","34635","27644","14507","135734","Cancelled","2021-10-20 11:59:56",NULL,NULL,NULL,"13.020000457763672"
"65438","45059","36012","14507","176710","Cancelled","2022-04-29 03:34:48",NULL,NULL,NULL,"13.020000457763672"
"87720","60624","48540","14507","236970","Cancelled","2022-06-17 14:18:55",NULL,NULL,NULL,"13.020000457763672"
"100773","69643","55690","14507","272166","Cancelled","2022-08-06 13:08:00",NULL,NULL,NULL,"13.020000457763672"
"59347","40894","32659","14507","160181","Processing","2021-08-13 02:32:31",NULL,NULL,NULL,"13.020000457763672"
"35604","24502","19581","6301","96154","Shipped","2022-03-25 02:06:06","2022-03-22 22:09:00",NULL,NULL,"13.520000457763672"
"135396","93425","74847","15102","365624","Shipped","2022-01-09 23:53:42","2022-01-12 17:16:00",NULL,NULL,"13.520000457763672"
"6282","4284","3483","6301","16996","Complete","2021-07-30 06:58:10","2021-08-02 00:05:00","2021-08-04 13:55:00",NULL,"13.520000457763672"
"37354","25719","20546","15102","100868","Complete","2021-10-23 17:13:02","2021-10-19 20:33:00","2021-10-23 17:24:00",NULL,"13.520000457763672"
"94871","65549","52434","6301","256269","Complete","2022-04-17 03:15:06","2022-04-18 16:39:00","2022-04-22 13:42:00",NULL,"13.520000457763672"
"172633","119053","95432","15102","466248","Complete","2020-07-28 03:46:22","2020-07-29 07:55:00","2020-07-31 06:49:00",NULL,"13.520000457763672"
"117284","80959","64833","6301","316722","Returned","2021-11-05 09:45:07","2021-11-05 19:20:00","2021-11-09 11:22:00","2021-11-09 17:23:00","13.520000457763672"
"174699","120494","96620","15102","471754","Cancelled","2022-08-14 03:59:09",NULL,NULL,NULL,"13.520000457763672"
"179439","123757","99277","15102","484581","Cancelled","2022-08-17 14:35:33",NULL,NULL,NULL,"13.520000457763672"
"90760","62723","50212","6301","245198","Processing","2022-01-08 07:00:13",NULL,NULL,NULL,"13.520000457763672"
"176166","121495","97439","15102","475776","Processing","2021-07-23 00:31:09",NULL,NULL,NULL,"13.520000457763672"
"38704","26662","21308","22425","104504","Shipped","2021-03-24 05:33:31","2021-03-25 22:47:00",NULL,NULL,"14.020000457763672"
"141451","97575","78261","22425","381942","Shipped","2020-12-18 13:50:21","2020-12-20 17:42:00",NULL,NULL,"14.020000457763672"
"162450","112041","89827","22425","438655","Shipped","2022-06-02 08:49:07","2022-06-03 03:06:00",NULL,NULL,"14.020000457763672"
"1549","1075","885","22425","4202","Complete","2022-04-01 01:01:34","2022-04-02 00:58:00","2022-04-02 20:09:00",NULL,"14.020000457763672"
"97159","67137","53640","22425","262442","Complete","2022-08-02 09:32:42","2022-08-04 11:18:00","2022-08-08 09:02:00",NULL,"14.020000457763672"
"99666","68883","55080","22425","269213","Complete","2022-09-02 16:03:09.122128","2022-09-04 10:42:18.122128","2022-09-04 22:22:18.122128",NULL,"14.020000457763672"
"80197","55313","44233","22425","216542","Returned","2021-03-29 21:49:29","2021-03-31 01:05:00","2021-04-03 20:50:00","2021-04-06 17:27:00","14.020000457763672"
"16039","11015","8838","3421","43408","Shipped","2021-05-25 00:47:50","2021-05-26 23:53:00",NULL,NULL,"15.520000457763672"
"19034","13087","10493","20443","51518","Shipped","2020-11-14 01:34:04","2020-11-12 00:51:00",NULL,NULL,"15.520000457763672"
"118955","82124","65751","3421","321178","Shipped","2021-10-05 09:38:56","2021-10-05 09:24:00",NULL,NULL,"15.520000457763672"
"121268","83690","67007","20443","327445","Shipped","2020-05-05 09:10:57","2020-05-05 12:10:00",NULL,NULL,"15.520000457763672"
"139127","96000","76978","20443","375699","Shipped","2020-08-29 01:54:11","2020-08-30 11:16:00",NULL,NULL,"15.520000457763672"
"13374","9215","7431","20443","36233","Returned","2022-07-22 20:44:46","2022-07-23 11:50:00","2022-07-27 18:32:00","2022-07-28 06:35:00","15.520000457763672"
"110476","76312","61035","20443","298369","Returned","2019-06-28 06:04:22","2019-06-30 08:47:00","2019-07-01 19:44:00","2019-07-04 11:49:00","15.520000457763672"
"74975","51660","41340","3421","202434","Cancelled","2020-07-19 15:54:44",NULL,NULL,NULL,"15.520000457763672"
"141242","97415","78125","20443","381375","Cancelled","2022-08-01 04:46:04",NULL,NULL,NULL,"15.520000457763672"
"84374","58294","46625","3421","227879","Processing","2022-05-10 22:05:58",NULL,NULL,NULL,"15.520000457763672"
"107439","74227","59346","3421","290196","Processing","2022-05-22 01:25:45",NULL,NULL,NULL,"15.520000457763672"
"170321","117437","94183","20443","459960","Processing","2022-09-04 15:49:57.024858",NULL,NULL,NULL,"15.520000457763672"
"122081","84216","67410","16348","329619","Returned","2021-06-19 01:10:26","2021-06-19 22:43:00","2021-06-21 20:18:00","2021-06-23 06:17:00","16.040000915527344"
"21531","14807","11827","16348","58206","Cancelled","2020-10-06 00:08:22",NULL,NULL,NULL,"16.040000915527344"
"161772","111588","89469","16348","436804","Cancelled","2022-01-27 22:44:44",NULL,NULL,NULL,"16.040000915527344"
"88827","61399","49163","16348","239992","Processing","2022-04-08 12:18:34",NULL,NULL,NULL,"16.040000915527344"
"99830","69007","55170","16348","269650","Processing","2022-09-02 21:25:38",NULL,NULL,NULL,"16.040000915527344"
"104014","71879","57477","16348","280969","Processing","2022-02-18 14:10:58",NULL,NULL,NULL,"16.040000915527344"
"93314","64487","51604","7848","252010","Shipped","2022-04-20 02:35:45","2022-04-18 18:38:00",NULL,NULL,"17.040000915527344"
"137701","95019","76163","7848","371803","Shipped","2021-05-28 04:28:16","2021-05-28 22:57:00",NULL,NULL,"17.040000915527344"
"154330","106481","85410","7848","416728","Complete","2020-11-08 16:33:18","2020-11-07 04:27:00","2020-11-09 15:13:00",NULL,"17.040000915527344"
"75804","52240","41830","7848","204683","Cancelled","2021-02-28 04:37:31",NULL,NULL,NULL,"17.040000915527344"
"116549","80475","64427","7848","314781","Cancelled","2020-02-29 09:09:44",NULL,NULL,NULL,"17.040000915527344"
"131057","90403","72410","7848","353850","Cancelled","2019-09-29 07:58:48",NULL,NULL,NULL,"17.040000915527344"
"121580","83902","67167","7848","328267","Processing","2020-12-16 23:15:21",NULL,NULL,NULL,"17.040000915527344"
"50674","34915","27861","3068","136773","Shipped","2022-03-09 05:13:09","2022-03-09 08:55:00",NULL,NULL,"20.040000915527344"
"105875","73165","58524","3068","285991","Shipped","2021-08-26 04:00:51","2021-08-27 14:15:00",NULL,NULL,"20.040000915527344"
"149370","103091","82695","3068","403354","Shipped","2022-08-19 05:15:25","2022-08-21 09:44:00",NULL,NULL,"20.040000915527344"
"77958","53756","43001","3068","210455","Complete","2021-08-01 01:29:07","2021-08-01 10:31:00","2021-08-03 18:02:00",NULL,"20.040000915527344"
"167160","115275","92398","3068","451460","Complete","2022-01-21 13:17:04","2022-01-20 11:05:00","2022-01-21 04:39:00",NULL,"20.040000915527344"
"25614","17646","14093","3068","69217","Processing","2022-08-23 15:15:08",NULL,NULL,NULL,"20.040000915527344"
"31313","21543","17241","291","84634","Shipped","2022-02-22 08:15:06","2022-02-22 00:13:00",NULL,NULL,"21.040000915527344"
"69600","47926","38320","291","187874","Shipped","2022-05-30 07:26:29","2022-05-29 19:37:00",NULL,NULL,"21.040000915527344"
"124392","85816","68683","291","335800","Shipped","2021-01-29 22:46:41","2021-01-27 19:41:00",NULL,NULL,"21.040000915527344"
"23194","15962","12756","291","62686","Complete","2021-11-22 01:12:26","2021-11-21 17:33:00","2021-11-23 09:36:00",NULL,"21.040000915527344"
"60582","41721","33360","291","163567","Complete","2022-07-14 08:43:59","2022-07-14 18:50:00","2022-07-18 21:00:00",NULL,"21.040000915527344"
"32852","22615","18058","291","88766","Cancelled","2022-08-25 11:51:26",NULL,NULL,NULL,"21.040000915527344"
"122852","84759","67832","291","331726","Cancelled","2022-07-29 16:45:18",NULL,NULL,NULL,"21.040000915527344"
"151550","104553","83889","28733","409299","Shipped","2022-08-21 11:53:20","2022-08-18 15:43:00",NULL,NULL,"26.040000915527344"
"67351","46344","37061","28733","181878","Complete","2021-09-13 13:02:33","2021-09-15 19:31:00","2021-09-20 06:42:00",NULL,"26.040000915527344"
"21654","14887","11892","23129","58534","Shipped","2022-08-13 09:03:59","2022-08-13 01:05:00",NULL,NULL,"30.040000915527344"
"130396","89938","72046","23129","352070","Shipped","2021-06-30 13:23:59","2021-06-29 09:29:00",NULL,NULL,"30.040000915527344"
"150304","103715","83196","23129","405940","Shipped","2022-08-09 01:01:38","2022-08-10 07:33:00",NULL,NULL,"30.040000915527344"
"152020","104893","84173","23129","410560","Shipped","2022-07-28 13:55:49","2022-07-26 02:39:00",NULL,NULL,"30.040000915527344"
"33885","23337","18632","23129","91549","Complete","2019-07-16 02:58:08","2019-07-19 03:51:00","2019-07-20 02:50:00",NULL,"30.040000915527344"
"149125","102913","82551","23129","402694","Complete","2020-06-19 08:10:39","2020-06-18 05:16:00","2020-06-21 03:50:00",NULL,"30.040000915527344"
"7899","5410","4380","23129","21423","Processing","2021-10-25 15:09:45",NULL,NULL,NULL,"30.040000915527344"
"146401","101014","81041","23129","395328","Processing","2022-02-10 11:11:03",NULL,NULL,NULL,"30.040000915527344"
"16309","11210","9012","19018","44148","Shipped","2022-04-10 00:37:08","2022-04-08 15:08:00",NULL,NULL,"31.040000915527344"
"61540","42379","33875","19018","166118","Shipped","2022-02-25 02:14:02","2022-02-25 21:59:00",NULL,NULL,"31.040000915527344"
"75351","51924","41547","19018","203435","Shipped","2019-05-05 13:07:01","2019-05-06 22:16:00",NULL,NULL,"31.040000915527344"
"140308","96787","77618","19018","378862","Shipped","2022-07-11 13:00:00","2022-07-13 06:57:00",NULL,NULL,"31.040000915527344"
"176657","121824","97702","19018","477114","Complete","2022-08-07 12:48:10","2022-08-08 22:34:00","2022-08-13 01:20:00",NULL,"31.040000915527344"
"50027","34455","27516","19018","135044","Processing","2022-09-05 02:16:47.545209",NULL,NULL,NULL,"31.040000915527344"
"95281","65854","52678","19018","257368","Processing","2022-06-01 04:08:21",NULL,NULL,NULL,"31.040000915527344"
"83370","57569","46018","7058","225165","Shipped","2022-08-26 04:21:50","2022-08-26 20:53:00",NULL,NULL,"32.08000183105469"
"6636","4522","3669","2162","17970","Complete","2022-07-11 20:37:56","2022-07-14 07:56:00","2022-07-18 00:24:00",NULL,"32.08000183105469"
"62830","43258","34590","7058","169627","Complete","2021-01-22 11:42:23","2021-01-23 15:38:00","2021-01-26 02:26:00",NULL,"32.08000183105469"
"95220","65810","52648","7058","257202","Complete","2022-08-02 18:24:54","2022-08-01 17:32:00","2022-08-01 18:28:00",NULL,"32.08000183105469"
"140847","97154","77918","7058","380297","Complete","2022-08-13 16:06:08","2022-08-13 22:12:00","2022-08-18 16:36:00",NULL,"32.08000183105469"
"35942","24741","19781","2162","97055","Cancelled","2020-02-07 07:21:24",NULL,NULL,NULL,"32.08000183105469"
"53783","37065","29602","2162","145151","Cancelled","2022-04-14 16:28:03",NULL,NULL,NULL,"32.08000183105469"
"139557","96275","77217","7058","376858","Cancelled","2021-03-05 06:05:58",NULL,NULL,NULL,"32.08000183105469"
"40946","28161","22454","2162","110551","Processing","2020-10-26 17:05:27",NULL,NULL,NULL,"32.08000183105469"
"59290","40857","32629","7058","160025","Processing","2022-02-08 01:29:35",NULL,NULL,NULL,"32.08000183105469"
"74708","51480","41194","2162","201709","Processing","2019-11-29 08:25:00",NULL,NULL,NULL,"32.08000183105469"
"161234","111214","89168","7058","435326","Processing","2022-07-15 01:59:56",NULL,NULL,NULL,"32.08000183105469"
"66903","46024","36806","2241","180641","Shipped","2022-06-13 06:17:24","2022-06-16 03:00:00",NULL,NULL,"40.08000183105469"
"79686","54955","43954","2241","215167","Shipped","2022-01-09 12:36:30","2022-01-10 20:55:00",NULL,NULL,"40.08000183105469"
"5288","3609","2949","2241","14312","Complete","2022-02-04 16:48:28","2022-02-05 00:10:00","2022-02-06 21:00:00",NULL,"40.08000183105469"
"55466","38229","30551","2241","149656","Returned","2021-04-25 09:59:07","2021-04-28 04:28:00","2021-04-29 05:34:00","2021-05-01 21:50:00","40.08000183105469"
"49234","33902","27076","2241","132881","Cancelled","2022-08-11 02:40:25",NULL,NULL,NULL,"40.08000183105469"
"34159","23527","18779","2212","92286","Shipped","2020-10-19 07:01:38","2020-10-22 03:35:00",NULL,NULL,"42.08000183105469"
"102585","70880","56656","2212","277099","Shipped","2022-08-25 16:21:26","2022-08-28 09:27:00",NULL,NULL,"42.08000183105469"
"34144","23514","18766","2212","92245","Complete","2019-12-21 20:24:59","2019-12-24 22:13:00","2019-12-28 16:56:00",NULL,"42.08000183105469"
"82733","57113","45663","2212","223442","Complete","2021-03-29 01:04:40","2021-03-28 19:47:00","2021-03-30 02:12:00",NULL,"42.08000183105469"
"140764","97099","77868","2212","380068","Complete","2019-10-13 22:49:15","2019-10-14 23:52:00","2019-10-15 14:31:00",NULL,"42.08000183105469"
"94335","65174","52141","2212","254817","Processing","2022-06-15 03:02:15",NULL,NULL,NULL,"42.08000183105469"
"127128","87674","70189","2212","343251","Processing","2022-08-09 14:39:00",NULL,NULL,NULL,"42.08000183105469"
"11815","8138","6590","5659","32010","Shipped","2022-06-27 07:21:45","2022-06-26 04:29:00",NULL,NULL,"50.08000183105469"
"30617","21088","16878","5659","82786","Shipped","2021-05-14 12:20:41","2021-05-16 19:44:00",NULL,NULL,"50.08000183105469"
"76191","52510","42020","5659","205746","Shipped","2021-06-03 02:06:38","2021-05-31 20:49:00",NULL,NULL,"50.08000183105469"
"85238","58902","47089","5659","230247","Shipped","2021-09-11 16:52:50","2021-09-13 17:58:00",NULL,NULL,"50.08000183105469"
"176252","121548","97479","5659","476010","Complete","2022-04-06 05:11:51","2022-04-05 06:28:00","2022-04-07 13:40:00",NULL,"50.08000183105469"
"100339","69343","55447","5659","270997","Cancelled","2019-07-29 16:19:05",NULL,NULL,NULL,"50.08000183105469"
"41575","28593","22806","5659","112229","Processing","2020-09-20 03:31:05",NULL,NULL,NULL,"50.08000183105469"
"20145","13849","11101","16259","54520","Shipped","2021-05-02 14:29:13","2021-05-04 05:13:00",NULL,NULL,"56.08000183105469"
"24612","16937","13524","18247","66515","Shipped","2022-08-04 01:25:49","2022-08-03 04:22:00",NULL,NULL,"56.08000183105469"
"66728","45911","36713","18247","180169","Shipped","2022-08-06 08:47:37","2022-08-07 10:58:00",NULL,NULL,"56.08000183105469"
"232","170","138","18247","611","Complete","2022-05-24 00:17:00","2022-05-24 09:37:00","2022-05-29 06:57:00",NULL,"56.08000183105469"
"88509","61171","48989","16259","239114","Complete","2021-11-17 16:32:07","2021-11-18 07:39:00","2021-11-18 14:20:00",NULL,"56.08000183105469"
"83771","57855","46257","16259","226251","Cancelled","2021-02-16 11:31:54",NULL,NULL,NULL,"56.08000183105469"
"144825","99928","80133","18247","391034","Cancelled","2021-12-15 00:50:57",NULL,NULL,NULL,"56.08000183105469"
"2091","1441","1164","16259","5661","Processing","2021-08-07 11:25:11",NULL,NULL,NULL,"56.08000183105469"
"73356","50531","40442","18247","198076","Processing","2022-08-12 13:35:00",NULL,NULL,NULL,"56.08000183105469"
"20099","13819","11076","13593","54393","Shipped","2022-08-09 01:02:53","2022-08-09 23:27:00",NULL,NULL,"60.08000183105469"
"65300","44965","35947","13593","176323","Shipped","2022-06-20 03:42:56","2022-06-22 04:00:00",NULL,NULL,"60.08000183105469"
"172278","118788","95233","13593","465296","Shipped","2020-11-23 15:28:28","2020-11-24 06:30:00",NULL,NULL,"60.08000183105469"
"118425","81744","65452","13593","319765","Cancelled","2022-08-08 11:28:18",NULL,NULL,NULL,"60.08000183105469"
"12025","8304","6710","13593","32595","Processing","2020-12-05 11:32:29",NULL,NULL,NULL,"60.08000183105469"
"116727","80585","64524","1991","315261","Shipped","2022-03-29 11:59:21","2022-03-30 01:33:00",NULL,NULL,"32.33000183105469"
"119566","82538","66083","1991","322818","Shipped","2021-06-08 12:43:07","2021-06-09 05:03:00",NULL,NULL,"32.33000183105469"
"67856","46695","37360","1991","183218","Complete","2022-09-01 16:01:54","2022-09-03 21:21:00","2022-09-08 18:13:00",NULL,"32.33000183105469"
"88092","60889","48736","1991","237965","Processing","2022-07-10 16:34:53",NULL,NULL,NULL,"32.33000183105469"
"47503","32726","26129","25376","128216","Shipped","2022-08-26 20:12:53","2022-08-27 07:57:00",NULL,NULL,"36.33000183105469"
"90911","62823","50299","25376","245578","Shipped","2022-06-29 03:06:45","2022-06-26 04:10:00",NULL,NULL,"36.33000183105469"
"39726","27351","21841","25376","107230","Complete","2020-07-04 03:06:36","2020-07-02 16:56:00","2020-07-05 13:49:00",NULL,"36.33000183105469"
"170755","117726","94418","25376","461161","Complete","2022-06-13 08:36:20","2022-06-14 17:35:00","2022-06-16 16:14:00",NULL,"36.33000183105469"
"133372","92025","73713","25376","360132","Returned","2020-09-02 05:23:19","2020-09-02 06:46:00","2020-09-03 20:44:00","2020-09-05 06:17:00","36.33000183105469"
"34461","23725","18935","25376","93097","Processing","2022-09-02 12:14:31.530924",NULL,NULL,NULL,"36.33000183105469"
"67023","46111","36878","6582","180973","Shipped","2022-02-12 21:08:14","2022-02-13 10:43:00",NULL,NULL,"52.33000183105469"
"16704","11496","9251","6582","45218","Complete","2022-04-17 08:14:33","2022-04-17 19:22:00","2022-04-19 05:17:00",NULL,"52.33000183105469"
"119386","82412","65978","6582","322330","Complete","2022-05-11 14:49:16","2022-05-14 03:38:00","2022-05-16 12:57:00",NULL,"52.33000183105469"
"29253","20139","16095","6582","79078","Cancelled","2021-03-25 12:44:42",NULL,NULL,NULL,"52.33000183105469"
"122225","84319","67503","6582","330015","Cancelled","2021-07-05 03:15:14",NULL,NULL,NULL,"52.33000183105469"
"97861","67629","54040","862","264359","Shipped","2022-05-16 02:39:12","2022-05-15 02:45:00",NULL,NULL,"58.33000183105469"
"111717","77173","61749","862","301721","Shipped","2022-05-11 03:02:31","2022-05-10 19:43:00",NULL,NULL,"58.33000183105469"
"163178","112549","90252","862","440619","Complete","2020-02-10 02:26:42","2020-02-12 08:18:00","2020-02-16 16:00:00",NULL,"58.33000183105469"
"175842","121268","97254","862","474889","Complete","2022-02-28 05:51:57","2022-03-02 03:14:00","2022-03-02 08:05:00",NULL,"58.33000183105469"
"42863","29495","23516","862","115754","Returned","2021-10-25 15:47:31","2021-10-26 01:20:00","2021-10-26 21:19:00","2021-10-27 18:48:00","58.33000183105469"
"91061","62927","50391","862","245983","Processing","2021-10-31 04:21:44",NULL,NULL,NULL,"58.33000183105469"
"123712","85346","68297","862","334000","Processing","2020-05-26 03:03:36",NULL,NULL,NULL,"58.33000183105469"
"146434","101036","81061","862","395416","Processing","2022-02-12 05:31:37",NULL,NULL,NULL,"58.33000183105469"
"80694","55649","44482","14656","217923","Shipped","2022-05-24 14:45:39","2022-05-26 09:42:00",NULL,NULL,"60.33000183105469"
"179616","123879","99363","14656","485060","Shipped","2020-04-19 05:14:14","2020-04-22 00:40:00",NULL,NULL,"60.33000183105469"
"153271","105739","84824","14656","413930","Complete","2022-09-04 07:52:28","2022-09-05 14:15:00","2022-09-08 13:45:00",NULL,"60.33000183105469"
"154010","106265","85235","14656","415885","Complete","2022-03-26 22:27:56","2022-03-25 18:08:00","2022-03-28 18:21:00",NULL,"60.33000183105469"
"180505","124478","99812","14656","487432","Complete","2022-07-01 23:46:41","2022-07-03 01:51:00","2022-07-04 23:37:00",NULL,"60.33000183105469"
"7847","5374","4351","14656","21285","Processing","2020-03-01 10:34:40",NULL,NULL,NULL,"60.33000183105469"
"51266","35336","28210","14656","138370","Processing","2021-04-02 11:32:59",NULL,NULL,NULL,"60.33000183105469"
"135911","93787","75159","27332","367005","Shipped","2021-03-20 08:28:42","2021-03-21 19:54:00",NULL,NULL,"62.33000183105469"
"144613","99777","80004","27332","390447","Complete","2019-12-05 02:09:18","2019-12-05 00:37:00","2019-12-09 16:11:00",NULL,"62.33000183105469"
"172961","119288","95613","27332","467157","Returned","2021-04-29 03:42:26","2021-04-29 11:02:00","2021-04-30 22:02:00","2021-05-02 13:56:00","62.33000183105469"
"140965","97232","77979","27332","380611","Cancelled","2022-09-02 08:27:13.951746",NULL,NULL,NULL,"62.33000183105469"
"60961","41985","33557","27332","164575","Processing","2022-02-04 09:20:27",NULL,NULL,NULL,"62.33000183105469"
"74579","51397","41119","20143","201357","Shipped","2022-03-06 14:58:16","2022-03-06 02:48:00",NULL,NULL,"84.66000366210938"
"96130","66442","53119","20143","259664","Shipped","2022-06-19 05:59:08","2022-06-18 22:56:00",NULL,NULL,"84.66000366210938"
"91375","63142","50554","20143","246829","Complete","2022-08-02 17:01:46","2022-08-01 06:22:00","2022-08-04 09:04:00",NULL,"84.66000366210938"
"86598","59831","47874","20143","233924","Returned","2022-09-02 15:25:04","2022-09-05 01:53:00","2022-09-08 17:05:00","2022-09-10 01:26:00","84.66000366210938"
"118116","81535","65295","20143","318942","Returned","2021-01-25 15:40:44","2021-01-26 20:39:00","2021-01-26 22:31:00","2021-01-29 19:10:00","84.66000366210938"
"152567","105271","84461","20143","412022","Cancelled","2021-11-28 02:21:18",NULL,NULL,NULL,"84.66000366210938"
"156177","107731","86421","20143","421683","Cancelled","2022-02-20 11:24:23",NULL,NULL,NULL,"84.66000366210938"
"162222","111880","89702","20143","438036","Cancelled","2021-08-02 04:19:21",NULL,NULL,NULL,"84.66000366210938"
"34658","23856","19053","20143","93628","Processing","2022-02-02 01:02:55",NULL,NULL,NULL,"84.66000366210938"
"5203","3546","2899","16212","14077","Shipped","2019-07-24 09:35:54","2019-07-20 21:11:00",NULL,NULL,"25.290000915527344"
"150073","103561","83061","16212","405300","Complete","2021-11-29 16:32:44","2021-11-28 20:08:00","2021-11-29 00:31:00",NULL,"25.290000915527344"
"173821","119889","96138","16212","469394","Returned","2022-09-05 22:21:55","2022-09-03 09:08:00","2022-09-05 09:03:00","2022-09-05 22:49:00","25.290000915527344"
"64671","44519","35621","16212","174607","Processing","2022-07-20 02:45:17",NULL,NULL,NULL,"25.290000915527344"
"143181","98792","79214","16212","386604","Processing","2021-07-11 15:24:32",NULL,NULL,NULL,"25.290000915527344"
"39682","27325","21821","2118","107117","Shipped","2022-08-18 23:00:27","2022-08-19 00:38:00",NULL,NULL,"26.290000915527344"
"157962","108960","87386","2118","426497","Complete","2022-06-30 14:47:26","2022-07-01 12:04:00","2022-07-02 19:04:00",NULL,"26.290000915527344"
"29673","20437","16323","2118","80214","Returned","2021-07-03 03:54:32","2021-07-03 14:26:00","2021-07-03 23:32:00","2021-07-05 18:45:00","26.290000915527344"
"64988","44735","35777","2118","175499","Cancelled","2022-04-07 01:26:02",NULL,NULL,NULL,"26.290000915527344"
"35411","24376","19471","2118","95654","Processing","2021-05-23 03:54:32",NULL,NULL,NULL,"26.290000915527344"
"113912","78682","62926","2118","307664","Processing","2022-01-24 08:54:58",NULL,NULL,NULL,"26.290000915527344"
"33990","23406","18674","13019","91834","Shipped","2021-05-07 00:19:29","2021-05-04 07:57:00",NULL,NULL,"28.290000915527344"
"49260","33919","27091","13019","132955","Shipped","2022-05-22 21:28:03","2022-05-23 02:23:00",NULL,NULL,"28.290000915527344"
"156337","107844","86504","13019","422120","Shipped","2022-03-29 03:35:23","2022-03-30 07:36:00",NULL,NULL,"28.290000915527344"
"119641","82592","66122","13019","323020","Complete","2020-12-10 08:45:48","2020-12-12 21:34:00","2020-12-13 03:43:00",NULL,"28.290000915527344"
"133170","91888","73602","13019","359592","Complete","2022-07-02 08:11:26","2022-07-04 18:56:00","2022-07-07 11:18:00",NULL,"28.290000915527344"
"37291","25677","20517","13019","100696","Cancelled","2022-03-19 05:23:58",NULL,NULL,NULL,"28.290000915527344"
"5753","3913","3180","23846","15579","Shipped","2022-05-11 16:00:57","2022-05-09 10:20:00",NULL,NULL,"36.58000183105469"
"62194","42832","34241","23846","167889","Cancelled","2020-04-21 15:24:57",NULL,NULL,NULL,"36.58000183105469"
"167483","115500","92578","23846","452312","Cancelled","2022-09-05 01:47:49.005192",NULL,NULL,NULL,"36.58000183105469"
"24105","16580","13255","23846","65161","Processing","2022-09-05 03:28:31.538481",NULL,NULL,NULL,"36.58000183105469"
"160706","110870","88899","8705","433909","Shipped","2022-07-10 12:23:07","2022-07-09 17:26:00",NULL,NULL,"42.58000183105469"
"151228","104346","83715","8705","408426","Complete","2022-03-05 01:00:26","2022-03-05 00:41:00","2022-03-08 11:23:00",NULL,"42.58000183105469"
"152088","104938","84207","8705","410752","Complete","2020-01-15 05:52:47","2020-01-15 08:20:00","2020-01-15 09:35:00",NULL,"42.58000183105469"
"43219","29729","23712","8705","116709","Cancelled","2022-05-31 08:13:22",NULL,NULL,NULL,"42.58000183105469"
"112516","77712","62164","8705","303904","Cancelled","2022-09-02 04:38:13.676837",NULL,NULL,NULL,"42.58000183105469"
"90403","62486","50023","8705","244213","Processing","2022-05-04 23:47:02",NULL,NULL,NULL,"42.58000183105469"
"102240","70645","56483","8705","276145","Processing","2021-03-12 01:37:46",NULL,NULL,NULL,"42.58000183105469"
"153904","106193","85182","24054","415596","Shipped","2020-03-28 06:17:56","2020-03-28 12:32:00",NULL,NULL,"44.58000183105469"
"17903","12314","9910","24054","48500","Returned","2019-06-08 13:03:09","2019-06-08 04:26:00","2019-06-13 03:53:00","2019-06-15 17:16:00","44.58000183105469"
"51927","35787","28586","24054","140179","Processing","2022-08-04 01:13:07",NULL,NULL,NULL,"44.58000183105469"
"75428","51975","41589","24054","203645","Processing","2022-01-13 05:39:28",NULL,NULL,NULL,"44.58000183105469"
"44366","30538","24377","28090","119831","Shipped","2021-03-26 10:24:52","2021-03-24 03:26:00",NULL,NULL,"50.58000183105469"
"60232","41484","33147","28090","162614","Shipped","2022-07-21 19:05:22","2022-07-22 10:13:00",NULL,NULL,"50.58000183105469"
"72248","49758","39824","28090","195045","Shipped","2022-08-25 01:56:47","2022-08-28 02:19:00",NULL,NULL,"50.58000183105469"
"117651","81216","65049","27048","317697","Shipped","2022-09-01 12:00:33.510902","2022-09-02 14:22:49.510902",NULL,NULL,"50.58000183105469"
"72259","49765","39828","28090","195078","Complete","2021-10-14 07:50:07","2021-10-16 21:11:00","2021-10-20 18:08:00",NULL,"50.58000183105469"
"101045","69830","55844","28090","272899","Complete","2020-07-07 23:40:36","2020-07-08 07:09:00","2020-07-09 17:37:00",NULL,"50.58000183105469"
"148647","102567","82278","28090","401401","Complete","2022-01-28 18:00:54","2022-01-26 18:38:00","2022-01-28 08:05:00",NULL,"50.58000183105469"
"75854","52278","41856","27048","204829","Returned","2022-07-04 06:08:25","2022-07-05 08:42:00","2022-07-08 23:38:00","2022-07-10 11:25:00","50.58000183105469"
"36506","25131","20090","27048","98554","Cancelled","2022-04-10 03:35:16",NULL,NULL,NULL,"50.58000183105469"
"24643","16960","13540","28090","66607","Processing","2021-10-07 17:44:16",NULL,NULL,NULL,"50.58000183105469"
"92342","63801","51078","28090","249410","Processing","2020-09-05 01:08:38",NULL,NULL,NULL,"50.58000183105469"
"31843","21909","17528","8000","86060","Shipped","2022-06-21 03:09:45","2022-06-21 07:00:00",NULL,NULL,"69.16000366210938"
"85193","58873","47069","8000","230116","Shipped","2021-12-28 13:58:53","2021-12-31 12:37:00",NULL,NULL,"69.16000366210938"
"98248","67892","54254","8000","265414","Shipped","2019-12-09 12:40:56","2019-12-08 14:12:00",NULL,NULL,"69.16000366210938"
"130410","89948","72051","8000","352105","Shipped","2022-03-21 16:52:03","2022-03-22 15:57:00",NULL,NULL,"69.16000366210938"
"51349","35392","28268","8000","138593","Complete","2022-07-13 12:01:52","2022-07-13 11:26:00","2022-07-15 19:12:00",NULL,"69.16000366210938"
"64933","44700","35750","8000","175352","Complete","2019-11-27 11:03:57","2019-11-29 18:46:00","2019-12-03 08:15:00",NULL,"69.16000366210938"
"154615","106686","85588","8000","417518","Returned","2022-07-16 15:15:59","2022-07-19 04:15:00","2022-07-20 08:05:00","2022-07-21 01:59:00","69.16000366210938"
"30019","20679","16541","8000","81154","Processing","2021-07-26 03:36:41",NULL,NULL,NULL,"69.16000366210938"
"165895","114416","91719","2654","448050","Shipped","2022-09-03 07:55:21.967619","2022-09-04 22:58:41.967619",NULL,NULL,"154.57000732421875"
"352","252","216","2654","927","Complete","2021-10-03 03:07:48","2021-10-01 07:40:00","2021-10-06 03:07:00",NULL,"154.57000732421875"
"77648","53540","42834","2654","209606","Complete","2022-08-19 17:23:41","2022-08-22 04:39:00","2022-08-23 16:40:00",NULL,"154.57000732421875"
"50298","34647","27655","2654","135779","Cancelled","2022-04-25 00:23:36",NULL,NULL,NULL,"154.57000732421875"
"115800","79968","63998","2654","312745","Cancelled","2020-10-08 17:51:40",NULL,NULL,NULL,"154.57000732421875"
"84360","58282","46612","2654","227842","Processing","2019-08-21 11:28:57",NULL,NULL,NULL,"154.57000732421875"
"31376","21589","17269","7773","84799","Shipped","2022-05-22 08:06:52","2022-05-24 08:45:00",NULL,NULL,"218.82000732421875"
"160467","110701","88770","7773","433271","Shipped","2021-12-23 10:09:38","2021-12-25 11:42:00",NULL,NULL,"218.82000732421875"
"3004","2048","1650","7773","8129","Complete","2022-07-12 03:25:50","2022-07-11 13:35:00","2022-07-14 03:26:00",NULL,"218.82000732421875"
"65194","44885","35894","7773","176043","Complete","2020-08-09 12:49:54","2020-08-12 11:21:00","2020-08-13 00:17:00",NULL,"218.82000732421875"
"73823","50840","40669","7773","199324","Complete","2019-04-21 09:11:47","2019-04-23 17:15:00","2019-04-28 12:11:00",NULL,"218.82000732421875"
"126621","87332","69899","7773","341878","Complete","2021-05-15 04:34:53","2021-05-17 04:53:00","2021-05-20 14:50:00",NULL,"218.82000732421875"
"149090","102888","82530","7773","402601","Complete","2022-02-09 06:18:40","2022-02-09 11:32:00","2022-02-09 12:58:00",NULL,"218.82000732421875"
"161099","111120","89087","7773","434952","Complete","2021-01-07 01:25:54","2021-01-09 15:03:00","2021-01-14 06:22:00",NULL,"218.82000732421875"
"127852","88174","70617","7773","345192","Returned","2022-09-01 04:06:29","2022-08-31 13:42:00","2022-09-05 12:36:00","2022-09-05 13:40:00","218.82000732421875"
"130188","89793","71917","17348","351502","Shipped","2021-06-16 10:08:38","2021-06-16 04:56:00",NULL,NULL,"40.83000183105469"
"2534","1733","1400","17348","6848","Complete","2021-08-01 14:03:27","2021-08-02 20:58:00","2021-08-03 13:41:00",NULL,"40.83000183105469"
"16254","11173","8980","17348","43998","Returned","2020-06-10 16:38:23","2020-06-11 22:54:00","2020-06-13 14:32:00","2020-06-14 22:39:00","40.83000183105469"
"82198","56724","45366","17348","221956","Returned","2022-01-13 23:48:02","2022-01-12 02:12:00","2022-01-15 00:10:00","2022-01-16 06:18:00","40.83000183105469"
"94121","65028","52027","17348","254215","Processing","2022-08-28 00:21:55",NULL,NULL,NULL,"40.83000183105469"
"96747","66847","53428","17348","261312","Processing","2022-07-04 09:51:31",NULL,NULL,NULL,"40.83000183105469"
"31559","21714","17378","22013","85303","Shipped","2022-02-27 22:23:34","2022-02-28 05:41:00",NULL,NULL,"52.83000183105469"
"87993","60816","48686","22013","237710","Complete","2022-04-28 16:36:11","2022-04-25 18:26:00","2022-04-28 08:42:00",NULL,"52.83000183105469"
"88696","61315","49103","22013","239623","Complete","2019-02-25 13:35:12","2019-02-26 16:35:00","2019-02-26 21:10:00",NULL,"52.83000183105469"
"172612","119035","95416","22013","466196","Returned","2022-08-08 12:46:02","2022-08-11 04:40:00","2022-08-13 16:12:00","2022-08-15 05:32:00","52.83000183105469"
"15979","10973","8815","22013","43246","Processing","2022-06-04 02:05:50",NULL,NULL,NULL,"52.83000183105469"
"51944","35799","28598","22496","140220","Shipped","2020-05-17 12:47:50","2020-05-20 02:08:00",NULL,NULL,"65.66000366210938"
"134510","92807","74352","22496","363225","Shipped","2021-03-28 11:29:05","2021-03-28 07:11:00",NULL,NULL,"65.66000366210938"
"178255","122945","98609","22496","481391","Shipped","2021-11-27 08:15:02","2021-11-29 10:09:00",NULL,NULL,"65.66000366210938"
"18900","12989","10412","22496","51151","Complete","2021-04-01 06:30:23","2021-04-03 00:43:00","2021-04-07 01:08:00",NULL,"65.66000366210938"
"36014","24795","19824","22496","97256","Complete","2022-03-12 06:35:05","2022-03-14 19:10:00","2022-03-19 07:44:00",NULL,"65.66000366210938"
"38366","26418","21110","22496","103575","Complete","2021-08-08 07:21:10","2021-08-09 10:44:00","2021-08-13 16:14:00",NULL,"65.66000366210938"
"119575","82543","66089","22496","322841","Complete","2021-12-05 13:10:58","2021-12-06 06:51:00","2021-12-07 00:56:00",NULL,"65.66000366210938"
"145659","100499","80609","22496","393329","Complete","2021-10-20 00:38:34","2021-10-20 08:32:00","2021-10-23 02:14:00",NULL,"65.66000366210938"
"1192","827","692","22496","3224","Returned","2020-12-11 03:03:19","2020-12-13 21:43:00","2020-12-16 02:58:00","2020-12-16 23:05:00","65.66000366210938"
"96822","66896","53468","22496","261519","Cancelled","2022-01-04 06:17:37",NULL,NULL,NULL,"65.66000366210938"
"145756","100569","80670","22496","393585","Cancelled","2021-11-21 09:41:49",NULL,NULL,NULL,"65.66000366210938"
"166655","114926","92131","22496","450103","Processing","2021-12-31 16:10:02",NULL,NULL,NULL,"65.66000366210938"
"8686","5956","4820","8814","23554","Complete","2021-04-30 09:59:59","2021-05-02 04:49:00","2021-05-07 01:04:00",NULL,"89.91000366210938"
"50702","34940","27879","8814","136844","Complete","2020-12-25 02:07:42","2020-12-26 23:57:00","2020-12-31 13:18:00",NULL,"89.91000366210938"
"66612","45826","36650","1628","179850","Complete","2021-07-07 12:10:48","2021-07-08 01:56:00","2021-07-12 17:53:00",NULL,"89.91000366210938"
"90965","62862","50331","8814","245719","Complete","2022-08-21 16:33:08","2022-08-21 19:50:00","2022-08-25 15:30:00",NULL,"89.91000366210938"
"102378","70737","56557","8814","276535","Complete","2020-09-18 03:24:17","2020-09-18 08:21:00","2020-09-21 23:45:00",NULL,"89.91000366210938"
"107814","74482","59548","8814","291222","Complete","2022-07-16 01:54:08","2022-07-17 07:32:00","2022-07-19 08:53:00",NULL,"89.91000366210938"
"73459","50599","40491","1628","198347","Returned","2021-12-22 23:35:37","2021-12-25 04:11:00","2021-12-26 16:22:00","2021-12-29 01:12:00","89.91000366210938"
"86879","60040","48038","1628","234701","Cancelled","2020-07-16 22:21:46",NULL,NULL,NULL,"89.91000366210938"
"85487","59071","47229","8814","230908","Processing","2019-11-11 08:53:28",NULL,NULL,NULL,"89.91000366210938"
"92329","63790","51068","8814","249375","Processing","2022-07-09 03:11:22",NULL,NULL,NULL,"89.91000366210938"
"20081","13805","11062","18630","54346","Shipped","2022-05-10 07:37:56","2022-05-13 09:21:00",NULL,NULL,"109.91000366210938"
"40112","27613","22053","18630","108274","Shipped","2021-07-22 17:46:15","2021-07-25 06:01:00",NULL,NULL,"109.91000366210938"
"40812","28073","22392","18630","110203","Shipped","2022-01-28 15:48:18","2022-01-31 16:14:00",NULL,NULL,"109.91000366210938"
"119198","82281","65876","18630","321834","Shipped","2022-06-19 01:17:23","2022-06-22 03:04:00",NULL,NULL,"109.91000366210938"
"115892","80033","64053","18630","312994","Complete","2022-03-04 01:23:03","2022-03-06 09:05:00","2022-03-06 15:42:00",NULL,"109.91000366210938"
"88927","61462","49208","18630","240257","Returned","2022-08-09 12:46:55","2022-08-11 15:09:00","2022-08-14 10:19:00","2022-08-15 02:27:00","109.91000366210938"
"119567","82539","66084","18630","322820","Returned","2022-07-11 16:38:03","2022-07-10 15:54:00","2022-07-11 14:49:00","2022-07-11 23:52:00","109.91000366210938"
"67591","46504","37199","18630","182509","Cancelled","2022-09-07 12:55:45.756905",NULL,NULL,NULL,"109.91000366210938"
"109014","75307","60209","18630","294479","Cancelled","2022-08-09 00:43:41",NULL,NULL,NULL,"109.91000366210938"
"119710","82641","66156","18630","323194","Cancelled","2022-06-19 13:06:33",NULL,NULL,NULL,"109.91000366210938"
"167518","115523","92590","18630","452404","Processing","2022-05-25 11:44:24",NULL,NULL,NULL,"109.91000366210938"
"32883","22638","18074","24510","88848","Shipped","2022-03-26 04:51:10","2022-03-27 06:08:00",NULL,NULL,"8.270000457763672"
"37900","26093","20849","7978","102317","Shipped","2021-12-20 09:34:32","2021-12-17 12:52:00",NULL,NULL,"8.270000457763672"
"93842","64841","51893","24510","253464","Shipped","2022-04-07 23:55:51","2022-04-10 12:01:00",NULL,NULL,"8.270000457763672"
"173943","119974","96205","24510","469719","Shipped","2022-05-19 23:17:56","2022-05-17 06:45:00",NULL,NULL,"8.270000457763672"
"80271","55360","44269","24510","216753","Complete","2019-08-05 01:34:21","2019-08-05 04:01:00","2019-08-05 09:18:00",NULL,"8.270000457763672"
"93194","64402","51527","24510","251701","Complete","2019-09-08 14:39:56","2019-09-07 22:37:00","2019-09-10 02:02:00",NULL,"8.270000457763672"
"38837","26750","21373","24510","104854","Cancelled","2021-03-08 14:13:34",NULL,NULL,NULL,"8.270000457763672"
"18443","12675","10169","24510","49938","Processing","2021-06-03 14:23:30",NULL,NULL,NULL,"8.270000457763672"
"168199","115992","92986","7978","454230","Processing","2021-09-29 05:36:20",NULL,NULL,NULL,"8.270000457763672"
"2557","1750","1415","14220","6913","Shipped","2021-06-22 00:12:55","2021-06-24 16:52:00",NULL,NULL,"8.770000457763672"
"51864","35740","28554","14220","139994","Shipped","2021-11-13 12:09:58","2021-11-10 20:00:00",NULL,NULL,"8.770000457763672"
"151351","104424","83781","14220","408754","Shipped","2022-09-06 07:32:34","2022-09-02 20:28:00",NULL,NULL,"8.770000457763672"
"133669","92230","73869","7005","360938","Complete","2022-02-04 08:03:22","2022-02-05 19:14:00","2022-02-06 17:56:00",NULL,"8.770000457763672"
"172113","118680","95148","14220","464852","Complete","2020-10-10 13:37:24","2020-10-09 20:35:00","2020-10-14 05:51:00",NULL,"8.770000457763672"
"81861","56478","45138","14220","221065","Processing","2020-06-02 15:28:52",NULL,NULL,NULL,"8.770000457763672"
"98282","67917","54272","7005","265507","Processing","2022-01-24 10:09:43",NULL,NULL,NULL,"8.770000457763672"
"169335","116784","93631","7005","457274","Processing","2020-07-30 05:48:05",NULL,NULL,NULL,"8.770000457763672"
"72418","49878","39925","7768","195524","Shipped","2022-07-25 15:15:05","2022-07-26 13:36:00",NULL,NULL,"10.270000457763672"
"52812","36403","29088","7768","142513","Complete","2021-12-06 13:14:29","2021-12-08 11:53:00","2021-12-13 08:31:00",NULL,"10.270000457763672"
"146304","100943","80994","7768","395074","Complete","2022-02-03 03:52:27","2022-02-03 20:01:00","2022-02-05 23:42:00",NULL,"10.270000457763672"
"97595","67448","53898","7768","263642","Returned","2020-01-22 01:25:25","2020-01-24 20:44:00","2020-01-29 12:50:00","2020-01-31 18:40:00","10.270000457763672"
"107401","74196","59319","7768","290090","Returned","2022-03-04 07:11:33","2022-03-06 11:29:00","2022-03-11 04:48:00","2022-03-12 18:10:00","10.270000457763672"
"20744","14263","11410","22283","56146","Shipped","2022-09-05 09:09:18.659084","2022-09-07 00:36:48.659084",NULL,NULL,"10.770000457763672"
"22622","15557","12436","22283","61143","Shipped","2021-11-12 09:55:36","2021-11-13 09:46:00",NULL,NULL,"10.770000457763672"
"32617","22449","17949","22345","88143","Shipped","2022-04-08 12:58:06","2022-04-10 16:26:00",NULL,NULL,"10.770000457763672"
"53118","36622","29266","22345","143327","Shipped","2022-07-15 12:46:19","2022-07-17 11:27:00",NULL,NULL,"10.770000457763672"
"123553","85237","68217","22283","333583","Shipped","2021-10-11 12:31:21","2021-10-12 19:53:00",NULL,NULL,"10.770000457763672"
"53457","36843","29436","22283","144255","Complete","2022-01-29 16:34:23","2022-01-27 21:53:00","2022-01-31 10:02:00",NULL,"10.770000457763672"
"176489","121717","97624","22283","476656","Complete","2022-08-16 13:49:31","2022-08-17 17:59:00","2022-08-22 02:47:00",NULL,"10.770000457763672"
"11558","7954","6451","22345","31318","Cancelled","2022-07-26 09:53:31",NULL,NULL,NULL,"10.770000457763672"
"18437","12671","10166","22345","49923","Cancelled","2021-07-03 03:38:45",NULL,NULL,NULL,"10.770000457763672"
"25463","17545","14015","22283","68806","Cancelled","2022-07-17 06:18:52",NULL,NULL,NULL,"10.770000457763672"
"56671","39057","31221","22345","152956","Cancelled","2020-09-18 01:50:41",NULL,NULL,NULL,"10.770000457763672"
"159826","110265","88422","22345","431540","Cancelled","2021-11-03 16:36:50",NULL,NULL,NULL,"10.770000457763672"
"174099","120079","96297","22283","470135","Cancelled","2021-09-01 14:25:08",NULL,NULL,NULL,"10.770000457763672"
"175979","121368","97338","22283","475252","Cancelled","2022-07-12 22:12:54",NULL,NULL,NULL,"10.770000457763672"
"116110","80178","64177","22345","313586","Processing","2022-06-26 12:18:27",NULL,NULL,NULL,"10.770000457763672"
"176547","121754","97650","22283","476823","Processing","2022-04-01 04:57:38",NULL,NULL,NULL,"10.770000457763672"
"13479","9292","7489","19975","36531","Shipped","2022-04-19 11:15:12","2022-04-22 01:02:00",NULL,NULL,"11.770000457763672"
"103277","71361","57041","19975","278966","Shipped","2022-06-28 08:38:13","2022-06-30 10:02:00",NULL,NULL,"11.770000457763672"
"66609","45823","36648","19975","179843","Complete","2022-07-30 10:44:17","2022-07-26 18:04:00","2022-07-30 01:27:00",NULL,"11.770000457763672"
"179775","123986","99449","19975","485471","Complete","2022-08-15 17:38:42","2022-08-17 17:07:00","2022-08-18 16:55:00",NULL,"11.770000457763672"
"5475","3738","3051","19975","14834","Cancelled","2020-11-01 06:19:21",NULL,NULL,NULL,"11.770000457763672"
"111822","77246","61804","19975","301999","Cancelled","2021-06-01 12:35:58",NULL,NULL,NULL,"11.770000457763672"
"167513","115520","92589","19975","452391","Cancelled","2020-07-31 09:35:20",NULL,NULL,NULL,"11.770000457763672"
"9296","6375","5166","19975","25205","Processing","2021-02-04 07:12:54",NULL,NULL,NULL,"11.770000457763672"
"77707","53579","42877","19975","209756","Processing","2022-08-13 13:40:25",NULL,NULL,NULL,"11.770000457763672"
"130613","90097","72157","19975","352650","Processing","2022-07-10 12:12:34",NULL,NULL,NULL,"11.770000457763672"
"147516","101790","81645","19975","398305","Processing","2022-05-18 07:17:57",NULL,NULL,NULL,"11.770000457763672"
"60106","41403","33073","24663","162278","Shipped","2022-02-09 18:38:39","2022-02-10 04:33:00",NULL,NULL,"12.270000457763672"
"112124","77447","61958","24663","302844","Shipped","2022-05-10 01:17:07","2022-05-11 17:31:00",NULL,NULL,"12.270000457763672"
"116717","80576","64518","5675","315236","Shipped","2022-03-18 09:31:55","2022-03-21 00:15:00",NULL,NULL,"12.270000457763672"
"132878","91673","73427","5675","358811","Shipped","2021-09-07 10:31:01","2021-09-09 22:19:00",NULL,NULL,"12.270000457763672"
"157782","108824","87282","5675","426014","Shipped","2022-06-10 03:45:15","2022-06-10 19:26:00",NULL,NULL,"12.270000457763672"
"163563","112825","90465","24663","441673","Shipped","2021-01-21 10:41:32","2021-01-22 08:48:00",NULL,NULL,"12.270000457763672"
"30941","21293","17050","5675","83647","Complete","2021-05-08 04:25:38","2021-05-08 00:56:00","2021-05-10 22:31:00",NULL,"12.270000457763672"
"68864","47398","37901","24663","185907","Complete","2020-08-29 04:11:59","2020-08-29 19:34:00","2020-08-31 17:57:00",NULL,"12.270000457763672"
"77844","53672","42945","5675","210151","Complete","2022-02-03 00:53:50","2022-02-01 07:52:00","2022-02-04 04:47:00",NULL,"12.270000457763672"
"5737","3903","3176","24663","15535","Returned","2021-12-15 01:05:35","2021-12-13 08:57:00","2021-12-15 07:56:00","2021-12-16 03:17:00","12.270000457763672"
"39026","26870","21456","5675","105351","Returned","2022-05-17 13:11:52","2022-05-16 03:39:00","2022-05-19 00:31:00","2022-05-21 15:47:00","12.270000457763672"
"140754","97092","77862","24663","380040","Returned","2022-01-25 02:58:24","2022-01-25 15:22:00","2022-01-29 06:04:00","2022-02-01 05:13:00","12.270000457763672"
"163376","112689","90359","5675","441155","Cancelled","2022-02-26 16:07:16",NULL,NULL,NULL,"12.270000457763672"
"12638","8717","7039","5675","34241","Processing","2021-12-28 17:34:06",NULL,NULL,NULL,"12.270000457763672"
"120433","83121","66547","5675","325188","Processing","2022-01-03 12:32:59",NULL,NULL,NULL,"12.270000457763672"
"128505","88625","70987","5675","346988","Processing","2022-01-03 16:21:19",NULL,NULL,NULL,"12.270000457763672"
"165738","114305","91635","5675","447626","Processing","2021-12-22 14:18:07",NULL,NULL,NULL,"12.270000457763672"
"57010","39293","31410","24661","153866","Shipped","2019-12-24 04:15:42","2019-12-25 00:56:00",NULL,NULL,"12.770000457763672"
"63476","43705","34948","24661","171375","Shipped","2022-07-13 16:24:12","2022-07-14 04:47:00",NULL,NULL,"12.770000457763672"
"144026","99381","79681","24661","388876","Complete","2022-08-19 12:09:19","2022-08-17 23:55:00","2022-08-20 18:59:00",NULL,"12.770000457763672"
"154369","106509","85437","24661","416830","Returned","2022-07-26 05:13:57","2022-07-28 01:21:00","2022-07-30 21:01:00","2022-07-31 07:46:00","12.770000457763672"
"16150","11100","8912","24661","43714","Processing","2022-08-14 11:50:25",NULL,NULL,NULL,"12.770000457763672"
"15833","10865","8729","7845","42869","Shipped","2022-06-09 04:41:23","2022-06-10 02:58:00",NULL,NULL,"13.270000457763672"
"18178","12495","10041","7845","49242","Shipped","2022-03-18 13:48:13","2022-03-21 10:29:00",NULL,NULL,"13.270000457763672"
"23419","16118","12881","5655","63302","Shipped","2021-10-03 09:38:13","2021-10-05 08:44:00",NULL,NULL,"13.270000457763672"
"37983","26153","20901","13284","102546","Shipped","2021-05-30 02:06:07","2021-06-01 05:17:00",NULL,NULL,"13.270000457763672"
"74530","51359","41089","13284","201232","Shipped","2022-08-13 00:40:48","2022-08-14 16:07:00",NULL,NULL,"13.270000457763672"
"96809","66887","53460","7845","261489","Shipped","2021-11-28 17:28:20","2021-12-01 17:03:00",NULL,NULL,"13.270000457763672"
"120197","82961","66421","7845","324520","Shipped","2020-01-03 18:30:24","2020-01-05 17:18:00",NULL,NULL,"13.270000457763672"
"124479","85874","68736","7845","336032","Shipped","2021-05-12 05:44:41","2021-05-10 23:54:00",NULL,NULL,"13.270000457763672"
"22390","15396","12302","5655","60502","Complete","2022-02-11 06:13:02","2022-02-09 18:40:00","2022-02-10 14:53:00",NULL,"13.270000457763672"
"43896","30198","24072","7845","118554","Complete","2022-02-06 13:09:57","2022-02-06 18:51:00","2022-02-08 05:27:00",NULL,"13.270000457763672"
"69585","47919","38314","5655","187831","Complete","2022-09-03 06:02:21","2022-09-06 04:57:00","2022-09-09 08:52:00",NULL,"13.270000457763672"
"119491","82482","66036","13284","322611","Complete","2022-08-28 08:44:50","2022-08-30 14:18:00","2022-09-02 16:48:00",NULL,"13.270000457763672"
"141048","97287","78020","7845","380829","Complete","2022-08-31 23:05:52.960712","2022-09-02 07:46:31.960712","2022-09-05 17:50:31.960712",NULL,"13.270000457763672"
"46305","31869","25434","13284","125035","Cancelled","2022-06-30 18:27:54",NULL,NULL,NULL,"13.270000457763672"
"79155","54577","43665","13284","213720","Cancelled","2022-07-07 08:42:23",NULL,NULL,NULL,"13.270000457763672"
"125569","86623","69308","7845","339017","Cancelled","2021-12-15 14:32:28",NULL,NULL,NULL,"13.270000457763672"
"162111","111801","89624","7845","437729","Cancelled","2022-09-05 06:12:46.50097",NULL,NULL,NULL,"13.270000457763672"
"31274","21517","17225","5655","84523","Processing","2022-09-03 02:53:17.168748",NULL,NULL,NULL,"13.270000457763672"
"154965","106920","85783","5655","418444","Processing","2022-04-23 00:29:49",NULL,NULL,NULL,"13.270000457763672"
"60027","41346","33030","213","162065","Shipped","2021-04-26 12:08:51","2021-04-26 10:56:00",NULL,NULL,"13.770000457763672"
"145508","100393","80500","213","392906","Shipped","2022-06-12 06:26:09","2022-06-09 01:20:00",NULL,NULL,"13.770000457763672"
"166263","114665","91923","213","449047","Shipped","2022-05-10 00:02:01","2022-05-10 10:38:00",NULL,NULL,"13.770000457763672"
"3176","2153","1730","213","8589","Complete","2021-01-14 12:56:00","2021-01-15 07:12:00","2021-01-18 00:38:00",NULL,"13.770000457763672"
"9592","6602","5361","213","26028","Complete","2019-09-25 23:52:53","2019-09-26 16:06:00","2019-09-29 01:26:00",NULL,"13.770000457763672"
"123004","84854","67914","213","332144","Cancelled","2021-08-30 08:33:23",NULL,NULL,NULL,"13.770000457763672"
"48469","33397","26672","6420","130802","Shipped","2020-11-22 08:09:23","2020-11-23 17:49:00",NULL,NULL,"14.270000457763672"
"49629","34189","27292","6420","133967","Shipped","2020-12-19 22:49:57","2020-12-20 14:57:00",NULL,NULL,"14.270000457763672"
"152621","105307","84487","6420","412162","Shipped","2022-07-31 10:13:56","2022-08-01 15:34:00",NULL,NULL,"14.270000457763672"
"153380","105816","84883","6420","414225","Shipped","2021-01-03 12:39:38","2021-01-01 10:26:00",NULL,NULL,"14.270000457763672"
"136774","94378","75636","6420","369328","Processing","2022-08-18 08:51:21",NULL,NULL,NULL,"14.270000457763672"
"34134","23506","18759","22339","92222","Shipped","2022-02-14 12:37:31","2022-02-11 17:57:00",NULL,NULL,"15.270000457763672"
"39136","26950","21521","25204","105667","Shipped","2022-08-07 10:32:15","2022-08-08 21:14:00",NULL,NULL,"15.270000457763672"
"66078","45475","36357","22339","178431","Shipped","2022-06-03 10:22:53","2022-06-02 12:15:00",NULL,NULL,"15.270000457763672"
"67585","46499","37189","26240","182491","Shipped","2022-05-18 10:59:13","2022-05-21 03:35:00",NULL,NULL,"15.270000457763672"
"71439","49200","39380","25204","192878","Shipped","2022-06-28 14:40:13","2022-06-27 02:55:00",NULL,NULL,"15.270000457763672"
"74840","51566","41267","25204","202055","Shipped","2021-02-24 01:01:05","2021-02-25 22:47:00",NULL,NULL,"15.270000457763672"
"76571","52780","42229","25204","206761","Shipped","2022-09-01 03:36:43","2022-09-01 22:46:00",NULL,NULL,"15.270000457763672"
"91864","63477","50824","25204","248140","Shipped","2022-08-22 11:20:35","2022-08-22 03:20:00",NULL,NULL,"15.270000457763672"
"113016","78070","62453","26240","305262","Shipped","2022-03-09 04:37:35","2022-03-10 19:53:00",NULL,NULL,"15.270000457763672"
"174309","120216","96408","24908","470712","Shipped","2021-05-10 14:42:22","2021-05-07 14:01:00",NULL,NULL,"15.270000457763672"
"31038","21355","17096","25204","83904","Complete","2022-08-15 15:13:58","2022-08-13 13:32:00","2022-08-16 07:29:00",NULL,"15.270000457763672"
"45959","31634","25228","25204","124090","Complete","2022-07-22 00:06:48","2022-07-24 12:14:00","2022-07-26 00:59:00",NULL,"15.270000457763672"
"103294","71373","57055","26240","279014","Complete","2021-10-31 22:29:17","2021-10-28 08:19:00","2021-10-29 19:56:00",NULL,"15.270000457763672"
"158366","109235","87605","22339","427570","Complete","2021-09-30 02:26:09","2021-10-02 11:20:00","2021-10-02 16:20:00",NULL,"15.270000457763672"
"168527","116224","93188","22339","455111","Complete","2022-09-04 00:46:25","2022-09-02 04:23:00","2022-09-05 16:52:00",NULL,"15.270000457763672"
"47","36","28","22339","135","Returned","2021-04-30 02:26:39","2021-05-02 07:20:00","2021-05-05 00:58:00","2021-05-05 09:24:00","15.270000457763672"
"41562","28584","22799","22339","112186","Returned","2020-12-02 22:37:46","2020-12-04 16:02:00","2020-12-05 01:37:00","2020-12-05 22:21:00","15.270000457763672"
"57487","39623","31657","22339","155159","Returned","2022-02-07 03:10:59","2022-02-08 04:27:00","2022-02-09 20:47:00","2022-02-11 14:49:00","15.270000457763672"
"65895","45360","36262","25204","177929","Returned","2021-09-30 14:21:49","2021-10-01 18:46:00","2021-10-02 02:59:00","2021-10-04 20:14:00","15.270000457763672"
"109576","75696","60507","25204","295980","Returned","2021-01-25 09:23:53","2021-01-27 18:16:00","2021-01-29 08:23:00","2021-01-29 22:24:00","15.270000457763672"
"150957","104169","83564","24908","407704","Returned","2021-12-14 05:12:32","2021-12-16 17:08:00","2021-12-16 17:58:00","2021-12-18 04:17:00","15.270000457763672"
"1784","1246","1002","24908","4828","Cancelled","2022-08-31 16:44:35",NULL,NULL,NULL,"15.270000457763672"
"79172","54586","43671","24908","213765","Cancelled","2020-05-14 05:21:32",NULL,NULL,NULL,"15.270000457763672"
"101535","70160","56091","22339","274233","Cancelled","2022-01-11 08:54:48",NULL,NULL,NULL,"15.270000457763672"
"122831","84743","67819","22339","331666","Cancelled","2020-06-03 08:32:49",NULL,NULL,NULL,"15.270000457763672"
"166066","114531","91821","26240","448504","Cancelled","2020-12-22 12:44:23",NULL,NULL,NULL,"15.270000457763672"
"172306","118812","95248","25204","465372","Cancelled","2021-08-13 08:31:17",NULL,NULL,NULL,"15.270000457763672"
"66220","45574","36434","22339","178819","Processing","2022-02-08 04:41:05",NULL,NULL,NULL,"15.270000457763672"
"72285","49782","39839","26240","195141","Processing","2022-03-23 09:09:37",NULL,NULL,NULL,"15.270000457763672"
"127800","88137","70584","24908","345047","Processing","2022-07-28 12:35:32",NULL,NULL,NULL,"15.270000457763672"
"131251","90532","72529","25204","354380","Processing","2020-12-19 01:31:51",NULL,NULL,NULL,"15.270000457763672"
"150249","103676","83163","22339","405785","Processing","2022-04-30 00:07:04",NULL,NULL,NULL,"15.270000457763672"
"157263","108477","86995","25204","424626","Processing","2022-01-31 01:51:04",NULL,NULL,NULL,"15.270000457763672"
"166409","114758","91998","22339","449447","Processing","2020-11-01 08:07:55",NULL,NULL,NULL,"15.270000457763672"
"28457","19596","15664","7982","76923","Shipped","2021-09-07 12:35:29","2021-09-06 14:19:00",NULL,NULL,"15.770000457763672"
"155401","107218","86026","7982","419613","Shipped","2021-09-01 02:57:12","2021-08-29 06:09:00",NULL,NULL,"15.770000457763672"
"10089","6940","5638","7982","27368","Complete","2021-02-22 13:02:10","2021-02-23 23:32:00","2021-02-24 12:19:00",NULL,"15.770000457763672"
"16530","11374","9147","7982","44743","Complete","2020-03-31 06:09:12","2020-04-02 10:25:00","2020-04-06 20:15:00",NULL,"15.770000457763672"
"51359","35401","28277","7982","138621","Returned","2020-08-13 01:30:04","2020-08-14 21:10:00","2020-08-15 22:18:00","2020-08-16 18:41:00","15.770000457763672"
"57645","39727","31744","7982","155573","Processing","2022-05-27 10:21:19",NULL,NULL,NULL,"15.770000457763672"
"88598","61236","49041","7982","239363","Processing","2021-06-25 01:49:27",NULL,NULL,NULL,"15.770000457763672"
"132001","91062","72944","7982","356402","Processing","2021-02-14 12:42:45",NULL,NULL,NULL,"15.770000457763672"
"170007","117232","94006","7982","459090","Processing","2020-03-06 12:10:05",NULL,NULL,NULL,"15.770000457763672"
"60647","41770","33389","2161","163739","Shipped","2021-11-16 11:21:52","2021-11-16 18:09:00",NULL,NULL,"18.540000915527344"
"107159","74039","59195","2161","289437","Shipped","2020-07-26 14:02:33","2020-07-28 09:32:00",NULL,NULL,"18.540000915527344"
"117674","81232","65063","2161","317757","Shipped","2020-06-30 15:04:55","2020-07-02 01:12:00",NULL,NULL,"18.540000915527344"
"165670","114261","91606","2161","447447","Shipped","2022-02-20 11:51:45","2022-02-18 01:09:00",NULL,NULL,"18.540000915527344"
"163941","113087","90686","2161","442712","Complete","2021-01-16 05:14:52","2021-01-17 18:28:00","2021-01-20 15:13:00",NULL,"18.540000915527344"
"29522","20328","16232","2161","79800","Cancelled","2022-01-23 12:46:29",NULL,NULL,NULL,"18.540000915527344"
"93635","64699","51767","2161","252898","Cancelled","2022-03-27 03:12:49",NULL,NULL,NULL,"18.540000915527344"
"170532","117581","94302","2161","460530","Processing","2021-01-14 06:30:52",NULL,NULL,NULL,"18.540000915527344"
"93651","64711","51780","17427","252941","Complete","2021-04-04 17:51:03","2021-04-06 08:20:00","2021-04-07 12:04:00",NULL,"19.540000915527344"
"125711","86716","69384","17427","339389","Returned","2022-07-29 02:07:55","2022-07-31 07:34:00","2022-08-05 03:43:00","2022-08-06 09:41:00","19.540000915527344"
"145723","100544","80641","17427","393498","Cancelled","2019-10-28 09:42:59",NULL,NULL,NULL,"19.540000915527344"
"110639","76424","61117","17427","298799","Processing","2022-08-16 08:40:50",NULL,NULL,NULL,"19.540000915527344"
"114334","78974","63166","17427","308800","Processing","2020-04-17 23:55:21",NULL,NULL,NULL,"19.540000915527344"
"29158","20070","16036","27076","78825","Shipped","2022-05-04 09:15:19","2022-05-01 18:06:00",NULL,NULL,"22.540000915527344"
"36803","25331","20250","27076","99343","Shipped","2022-01-02 12:07:18","2022-01-02 19:53:00",NULL,NULL,"22.540000915527344"
"48400","33353","26637","26898","130619","Shipped","2022-07-13 11:43:48","2022-07-15 19:47:00",NULL,NULL,"22.540000915527344"
"54266","37398","29886","19564","146436","Shipped","2021-01-28 04:11:03","2021-01-28 22:36:00",NULL,NULL,"22.540000915527344"
"64330","44271","35413","19564","173680","Shipped","2021-11-09 07:02:07","2021-11-09 16:24:00",NULL,NULL,"22.540000915527344"
"75883","52297","41870","26898","204907","Shipped","2020-10-21 10:53:03","2020-10-19 11:35:00",NULL,NULL,"22.540000915527344"
"88894","61444","49194","19564","240165","Shipped","2020-10-20 04:11:58","2020-10-20 23:15:00",NULL,NULL,"22.540000915527344"
"140774","97107","77873","19564","380097","Shipped","2021-12-17 10:58:58","2021-12-17 13:34:00",NULL,NULL,"22.540000915527344"
"154862","106852","85737","27076","418174","Shipped","2020-01-05 09:07:51","2020-01-06 07:17:00",NULL,NULL,"22.540000915527344"
"21113","14518","11611","26898","57106","Complete","2021-09-12 14:00:23","2021-09-12 17:23:00","2021-09-15 19:24:00",NULL,"22.540000915527344"
"46089","31729","25312","19564","124453","Complete","2022-06-08 10:03:21","2022-06-08 21:49:00","2022-06-09 00:35:00",NULL,"22.540000915527344"
"57490","39624","31657","19564","155167","Complete","2021-04-24 05:28:10","2021-04-26 16:09:00","2021-04-29 10:04:00",NULL,"22.540000915527344"
"61198","42139","33684","19564","165214","Complete","2021-08-10 02:54:55","2021-08-09 02:07:00","2021-08-10 06:16:00",NULL,"22.540000915527344"
"61536","42377","33871","27076","166108","Complete","2019-02-19 14:51:04","2019-02-20 00:15:00","2019-02-24 22:14:00",NULL,"22.540000915527344"
"98930","68352","54648","27076","267236","Complete","2022-04-14 03:05:15","2022-04-14 17:33:00","2022-04-16 11:28:00",NULL,"22.540000915527344"
"134974","93117","74606","27076","364484","Complete","2022-04-28 07:54:03","2022-04-26 19:46:00","2022-04-28 20:44:00",NULL,"22.540000915527344"
"164675","113585","91080","26898","444719","Complete","2021-12-23 15:49:35","2021-12-24 16:14:00","2021-12-25 01:00:00",NULL,"22.540000915527344"
"178226","122926","98598","26898","481300","Complete","2021-04-21 12:59:44","2021-04-24 09:58:00","2021-04-24 12:01:00",NULL,"22.540000915527344"
"69783","48044","38414","27076","188377","Returned","2022-06-07 06:47:55","2022-06-08 22:48:00","2022-06-12 06:19:00","2022-06-14 08:51:00","22.540000915527344"
"75567","52070","41686","26898","204020","Returned","2022-01-09 23:53:56","2022-01-11 07:49:00","2022-01-15 09:00:00","2022-01-17 18:00:00","22.540000915527344"
"128430","88580","70954","27076","346777","Returned","2022-08-28 13:42:43","2022-08-31 03:57:00","2022-09-02 15:13:00","2022-09-05 02:22:00","22.540000915527344"
"36019","24797","19826","19564","97270","Cancelled","2021-10-12 04:58:41",NULL,NULL,NULL,"22.540000915527344"
"143973","99344","79654","27076","388730","Cancelled","2022-03-02 10:59:42",NULL,NULL,NULL,"22.540000915527344"
"152365","105128","84355","27076","411492","Cancelled","2022-07-08 10:57:28",NULL,NULL,NULL,"22.540000915527344"
"45783","31520","25158","27076","123621","Processing","2022-02-06 05:37:00",NULL,NULL,NULL,"22.540000915527344"
"59579","41054","32798","19564","160814","Processing","2022-06-24 08:32:31",NULL,NULL,NULL,"22.540000915527344"
"138205","95366","76447","27076","373184","Processing","2022-09-05 10:01:58.62587",NULL,NULL,NULL,"22.540000915527344"
"165207","113932","91350","26898","446184","Processing","2022-01-15 15:39:13",NULL,NULL,NULL,"22.540000915527344"
"10052","6912","5612","26226","27269","Shipped","2021-02-24 22:55:12","2021-02-22 17:05:00",NULL,NULL,"28.540000915527344"
"6963","4750","3854","26226","18857","Complete","2022-07-23 13:29:56","2022-07-23 21:41:00","2022-07-26 14:57:00",NULL,"28.540000915527344"
"115827","79985","64010","26226","312817","Complete","2022-03-25 11:04:39","2022-03-25 08:41:00","2022-03-27 18:32:00",NULL,"28.540000915527344"
"171591","118314","94880","26226","463414","Cancelled","2022-05-21 16:26:36",NULL,NULL,NULL,"28.540000915527344"
"4714","3226","2633","26226","12782","Processing","2021-04-10 15:43:27",NULL,NULL,NULL,"28.540000915527344"
"73291","50483","40410","26226","197896","Processing","2022-09-02 08:21:47",NULL,NULL,NULL,"28.540000915527344"
"110243","76158","60900","2129","297751","Shipped","2022-04-06 11:43:36","2022-04-07 03:29:00",NULL,NULL,"30.540000915527344"
"139640","96329","77256","2129","377068","Shipped","2020-10-27 08:51:09","2020-10-29 00:18:00",NULL,NULL,"30.540000915527344"
"138700","95713","76734","18762","374534","Complete","2022-03-13 22:07:14","2022-03-16 19:36:00","2022-03-17 20:02:00",NULL,"30.540000915527344"
"145566","100437","80545","2129","393072","Complete","2021-01-13 07:36:30","2021-01-12 15:42:00","2021-01-17 01:29:00",NULL,"30.540000915527344"
"12646","8724","7044","2129","34264","Returned","2022-04-04 21:08:26","2022-04-05 23:52:00","2022-04-09 14:58:00","2022-04-10 17:32:00","30.540000915527344"
"77044","53123","42504","18762","208030","Cancelled","2021-07-23 04:06:20",NULL,NULL,NULL,"30.540000915527344"
"165609","114219","91572","2129","447276","Cancelled","2022-06-10 08:41:03",NULL,NULL,NULL,"30.540000915527344"
"37264","25660","20505","18762","100628","Processing","2022-02-16 16:02:05",NULL,NULL,NULL,"30.540000915527344"
"84190","58154","46495","2129","227395","Processing","2022-08-23 02:56:59",NULL,NULL,NULL,"30.540000915527344"
"124740","86062","68877","2129","336758","Processing","2022-09-03 08:26:55",NULL,NULL,NULL,"30.540000915527344"
"157078","108345","86884","2129","424118","Processing","2021-05-14 09:35:40",NULL,NULL,NULL,"30.540000915527344"
"31319","21548","17246","3846","84654","Shipped","2022-08-07 08:37:45","2022-08-06 13:25:00",NULL,NULL,"31.540000915527344"
"92851","64160","51348","3846","250782","Shipped","2021-09-21 02:25:57","2021-09-23 11:38:00",NULL,NULL,"31.540000915527344"
"140986","97247","77995","3846","380663","Shipped","2022-04-21 04:02:32","2022-04-23 01:18:00",NULL,NULL,"31.540000915527344"
"116797","80634","64562","3846","315438","Complete","2021-02-22 05:33:22","2021-02-25 07:38:00","2021-02-28 12:59:00",NULL,"31.540000915527344"
"2460","1687","1362","3846","6658","Returned","2022-02-24 07:58:59","2022-02-25 01:28:00","2022-02-26 14:53:00","2022-03-01 04:20:00","31.540000915527344"
"2907","1986","1598","18165","7866","Shipped","2020-04-08 06:06:57","2020-04-09 06:08:00",NULL,NULL,"45.08000183105469"
"8002","5490","4441","7230","21707","Shipped","2020-08-04 15:12:33","2020-08-02 19:11:00",NULL,NULL,"45.08000183105469"
"45811","31538","25168","5811","123696","Shipped","2022-09-05 01:53:05.704503","2022-09-05 15:21:05.704503",NULL,NULL,"45.08000183105469"
"57620","39708","31727","7230","155502","Shipped","2022-02-20 03:34:17","2022-02-22 04:45:00",NULL,NULL,"45.08000183105469"
"73178","50409","40350","4907","197598","Shipped","2022-08-29 13:03:59","2022-08-31 23:43:00",NULL,NULL,"45.08000183105469"
"81052","55903","44692","945","218897","Shipped","2019-07-29 12:31:54","2019-07-28 20:48:00",NULL,NULL,"45.08000183105469"
"118237","81618","65358","945","319263","Shipped","2021-06-01 00:16:48","2021-06-01 22:08:00",NULL,NULL,"45.08000183105469"
"147620","101871","81708","7230","398583","Shipped","2022-05-19 07:16:55","2022-05-20 19:39:00",NULL,NULL,"45.08000183105469"
"176982","122061","97892","4907","477988","Shipped","2021-12-20 02:19:13","2021-12-18 08:24:00",NULL,NULL,"45.08000183105469"
"50351","34683","27688","4907","135919","Complete","2022-05-04 04:41:16","2022-05-05 23:20:00","2022-05-08 18:46:00",NULL,"45.08000183105469"
"109821","75852","60647","4907","296633","Complete","2022-09-02 06:09:05","2022-09-04 01:45:00","2022-09-07 09:17:00",NULL,"45.08000183105469"
"120245","82993","66444","7230","324656","Complete","2022-06-02 16:12:12","2022-06-03 15:11:00","2022-06-06 11:43:00",NULL,"45.08000183105469"
"135702","93650","75031","18165","366446","Complete","2021-11-20 14:19:40","2021-11-21 14:33:00","2021-11-23 06:20:00",NULL,"45.08000183105469"
"18490","12704","10194","18165","50065","Returned","2021-02-27 08:19:39","2021-02-24 01:53:00","2021-02-27 22:09:00","2021-02-28 08:02:00","45.08000183105469"
"71226","49040","39243","7230","192300","Returned","2022-08-07 22:49:19","2022-08-07 17:07:00","2022-08-11 04:35:00","2022-08-11 17:33:00","45.08000183105469"
"87263","60301","48259","7230","235744","Returned","2022-07-29 01:25:03","2022-07-30 15:26:00","2022-08-02 18:35:00","2022-08-04 20:12:00","45.08000183105469"
"139689","96361","77274","945","377194","Returned","2022-08-01 12:57:29","2022-08-02 13:29:00","2022-08-04 20:25:00","2022-08-05 09:26:00","45.08000183105469"
"179129","123548","99104","4907","483735","Returned","2021-01-16 12:30:27","2021-01-13 10:09:00","2021-01-18 00:53:00","2021-01-19 23:59:00","45.08000183105469"
"179496","123799","99305","4907","484737","Returned","2022-04-20 15:40:12","2022-04-22 16:33:00","2022-04-23 05:34:00","2022-04-26 01:17:00","45.08000183105469"
"52655","36291","28985","945","142088","Cancelled","2021-04-22 23:36:20",NULL,NULL,NULL,"45.08000183105469"
"99631","68857","55061","7230","269121","Cancelled","2022-03-20 02:00:45",NULL,NULL,NULL,"45.08000183105469"
"105504","72899","58310","4907","284966","Cancelled","2022-06-14 07:59:45",NULL,NULL,NULL,"45.08000183105469"
"109628","75730","60543","18165","296123","Cancelled","2022-01-04 00:15:44",NULL,NULL,NULL,"45.08000183105469"
"8710","5972","4837","5811","23621","Processing","2021-07-23 00:45:29",NULL,NULL,NULL,"45.08000183105469"
"12661","8736","7054","945","34308","Processing","2022-04-10 02:37:04",NULL,NULL,NULL,"45.08000183105469"
"76869","53003","42409","18165","207580","Processing","2022-07-26 17:16:43",NULL,NULL,NULL,"45.08000183105469"
"97063","67074","53593","18165","262182","Processing","2021-07-13 03:00:47",NULL,NULL,NULL,"45.08000183105469"
"100266","69298","55409","7230","270791","Processing","2022-07-14 23:58:32",NULL,NULL,NULL,"45.08000183105469"
"103096","71235","56945","945","278469","Processing","2022-08-06 13:20:44",NULL,NULL,NULL,"45.08000183105469"
"117432","81062","64922","7230","317106","Processing","2020-05-17 23:19:14",NULL,NULL,NULL,"45.08000183105469"
"171925","118550","95043","5811","464332","Processing","2022-04-16 03:40:52",NULL,NULL,NULL,"45.08000183105469"
"177542","122448","98216","18165","479478","Processing","2020-12-05 00:43:34",NULL,NULL,NULL,"45.08000183105469"
"97995","67723","54108","6947","264724","Shipped","2021-12-27 17:31:52","2021-12-28 23:13:00",NULL,NULL,"57.08000183105469"
"104851","72450","57924","6947","283219","Shipped","2021-07-09 01:14:57","2021-07-11 00:00:00",NULL,NULL,"57.08000183105469"
"106545","73624","58873","6947","287789","Shipped","2022-01-14 05:35:47","2022-01-14 19:22:00",NULL,NULL,"57.08000183105469"
"84836","58607","46868","6947","229147","Cancelled","2020-03-30 16:29:30",NULL,NULL,NULL,"57.08000183105469"
"93593","64664","51734","6947","252778","Cancelled","2022-08-01 13:51:04",NULL,NULL,NULL,"57.08000183105469"
"97722","67534","53972","6947","263986","Cancelled","2022-07-21 07:56:27",NULL,NULL,NULL,"57.08000183105469"
"36676","25241","20176","6947","99005","Processing","2020-09-18 06:49:52",NULL,NULL,NULL,"57.08000183105469"
"152260","105056","84303","6947","411205","Processing","2021-11-10 07:40:08",NULL,NULL,NULL,"57.08000183105469"
"152319","105093","84331","6947","411362","Processing","2022-09-04 11:21:23",NULL,NULL,NULL,"57.08000183105469"
"42610","29321","23375","13094","115062","Shipped","2022-08-31 07:24:52","2022-08-28 21:51:00",NULL,NULL,"70.16000366210938"
"3849","2617","2117","13094","10421","Cancelled","2020-05-04 02:55:08",NULL,NULL,NULL,"70.16000366210938"
"8970","6149","4969","13094","24328","Processing","2020-12-18 07:49:40",NULL,NULL,NULL,"70.16000366210938"
"86144","59525","47623","13094","232705","Processing","2020-02-20 10:18:03",NULL,NULL,NULL,"70.16000366210938"
"7676","5262","4261","27541","20817","Shipped","2020-12-09 05:42:01","2020-12-11 19:31:00",NULL,NULL,"33.33000183105469"
"32435","22323","17846","11690","87631","Shipped","2022-01-29 11:11:58","2022-02-01 08:39:00",NULL,NULL,"33.33000183105469"
"103653","71633","57275","11690","280005","Shipped","2020-06-06 18:11:44","2020-06-09 18:19:00",NULL,NULL,"33.33000183105469"
"107761","74445","59513","27541","291076","Shipped","2022-08-08 12:20:07","2022-08-10 02:57:00",NULL,NULL,"33.33000183105469"
"144618","99781","80010","27541","390460","Shipped","2021-04-07 08:05:56","2021-04-06 08:05:00",NULL,NULL,"33.33000183105469"
"86429","59719","47782","7098","233473","Complete","2021-12-13 12:58:14","2021-12-12 08:57:00","2021-12-14 05:38:00",NULL,"33.33000183105469"
"172720","119111","95479","27541","466481","Complete","2022-09-04 22:58:35","2022-09-04 06:16:00","2022-09-04 23:17:00",NULL,"33.33000183105469"
"173094","119378","95699","7098","467519","Complete","2022-07-18 05:45:48","2022-07-18 18:13:00","2022-07-23 06:07:00",NULL,"33.33000183105469"
"177047","122103","97915","27541","478173","Complete","2022-02-18 00:29:07","2022-02-15 20:13:00","2022-02-15 23:17:00",NULL,"33.33000183105469"
"107775","74456","59525","27541","291117","Returned","2022-08-06 11:04:00","2022-08-06 20:01:00","2022-08-08 02:36:00","2022-08-10 11:58:00","33.33000183105469"
"12902","8900","7182","27541","34954","Processing","2022-08-25 09:36:37",NULL,NULL,NULL,"33.33000183105469"
"64372","44302","35439","27541","173799","Processing","2022-08-24 07:29:46",NULL,NULL,NULL,"33.33000183105469"
"122643","84612","67727","11690","331152","Processing","2020-09-29 03:24:55",NULL,NULL,NULL,"33.33000183105469"
"17048","11731","9439","27105","46166","Shipped","2020-08-27 05:07:55","2020-08-25 21:50:00",NULL,NULL,"35.33000183105469"
"30533","21035","16841","27105","82562","Shipped","2022-03-25 05:58:19","2022-03-25 07:00:00",NULL,NULL,"35.33000183105469"
"101619","70216","56142","27105","274448","Complete","2020-04-05 01:26:10","2020-04-05 14:02:00","2020-04-07 07:18:00",NULL,"35.33000183105469"
"130723","90177","72215","27105","352965","Complete","2022-06-16 05:39:05","2022-06-18 15:00:00","2022-06-23 08:18:00",NULL,"35.33000183105469"
"34545","23786","18985","27105","93323","Cancelled","2022-08-26 14:10:44",NULL,NULL,NULL,"35.33000183105469"
"46108","31743","25325","27105","124499","Cancelled","2021-03-23 00:35:21",NULL,NULL,NULL,"35.33000183105469"
"137240","94697","75907","27105","370578","Cancelled","2021-05-04 14:56:27",NULL,NULL,NULL,"35.33000183105469"
"168417","116146","93125","27105","454818","Cancelled","2020-12-15 16:03:20",NULL,NULL,NULL,"35.33000183105469"
"112948","78017","62407","27105","305077","Processing","2022-08-22 09:25:24",NULL,NULL,NULL,"35.33000183105469"
"54972","37901","30276","4997","148338","Shipped","2022-07-17 06:52:35","2022-07-15 19:32:00",NULL,NULL,"39.33000183105469"
"61408","42286","33811","4997","165775","Shipped","2020-11-10 15:14:33","2020-11-10 18:53:00",NULL,NULL,"39.33000183105469"
"86703","59914","47937","4997","234216","Shipped","2022-03-09 03:22:50","2022-03-10 19:58:00",NULL,NULL,"39.33000183105469"
"46900","32303","25800","4997","126613","Complete","2021-06-16 13:14:22","2021-06-16 20:33:00","2021-06-19 18:26:00",NULL,"39.33000183105469"
"126171","87028","69654","4997","340658","Returned","2022-04-01 07:11:59","2022-03-31 18:00:00","2022-04-04 09:37:00","2022-04-05 15:29:00","39.33000183105469"
"50913","35100","28010","4997","137421","Cancelled","2022-08-24 04:36:56",NULL,NULL,NULL,"39.33000183105469"
"65349","44998","35968","4997","176458","Cancelled","2021-11-03 06:51:49",NULL,NULL,NULL,"39.33000183105469"
"74691","51466","41181","4997","201663","Cancelled","2022-05-26 06:23:07",NULL,NULL,NULL,"39.33000183105469"
"29728","20477","16358","4997","80368","Processing","2021-11-09 18:08:04",NULL,NULL,NULL,"39.33000183105469"
"91702","63366","50736","4997","247702","Processing","2022-09-03 10:17:12",NULL,NULL,NULL,"39.33000183105469"
"122659","84625","67734","21514","331190","Complete","2022-06-21 00:57:54","2022-06-21 17:59:00","2022-06-26 06:14:00",NULL,"41.33000183105469"
"136978","94534","75768","21514","369885","Complete","2022-08-30 23:54:56.555889","2022-09-01 12:30:32.555889","2022-09-04 11:20:32.555889",NULL,"41.33000183105469"
"27076","18653","14901","21514","73205","Cancelled","2022-04-06 13:54:04",NULL,NULL,NULL,"41.33000183105469"
"96396","66612","53252","21514","260382","Processing","2020-12-13 14:22:12",NULL,NULL,NULL,"41.33000183105469"
"47782","32922","26302","11825","128971","Shipped","2022-05-24 14:21:28","2022-05-25 09:48:00",NULL,NULL,"53.33000183105469"
"55797","38457","30737","20267","150568","Shipped","2022-02-11 01:04:52","2022-02-12 21:07:00",NULL,NULL,"53.33000183105469"
"141446","97572","78258","11825","381928","Shipped","2021-02-21 23:51:30","2021-02-23 06:42:00",NULL,NULL,"53.33000183105469"
"2764","1887","1529","20267","7486","Complete","2020-09-02 04:34:17","2020-09-01 21:48:00","2020-09-03 12:02:00",NULL,"53.33000183105469"
"49054","33784","26985","20267","132384","Complete","2020-02-07 02:47:55","2020-02-08 02:54:00","2020-02-11 05:44:00",NULL,"53.33000183105469"
"105641","72994","58386","20267","285344","Complete","2022-06-15 14:00:26","2022-06-17 16:25:00","2022-06-21 11:47:00",NULL,"53.33000183105469"
"177589","122485","98244","20267","479610","Complete","2022-08-15 14:10:55","2022-08-14 04:29:00","2022-08-18 14:40:00",NULL,"53.33000183105469"
"47798","32936","26315","20267","129011","Returned","2021-12-11 09:05:50","2021-12-11 23:02:00","2021-12-15 03:36:00","2021-12-15 13:53:00","53.33000183105469"
"128210","88421","70819","20267","346181","Cancelled","2021-10-09 07:17:44",NULL,NULL,NULL,"53.33000183105469"
"130104","89734","71870","20267","351287","Cancelled","2021-06-21 06:32:50",NULL,NULL,NULL,"53.33000183105469"
"118496","81796","65495","20267","319952","Processing","2021-10-21 17:37:49",NULL,NULL,NULL,"53.33000183105469"
"142368","98216","78751","8758","384404","Shipped","2021-06-23 14:33:33","2021-06-26 00:51:00",NULL,NULL,"63.33000183105469"
"153064","105597","84726","8758","413349","Complete","2021-07-30 07:06:06","2021-07-30 23:01:00","2021-08-01 21:51:00",NULL,"63.33000183105469"
"140357","96821","77647","8758","378993","Returned","2022-04-25 08:45:51","2022-04-28 01:48:00","2022-04-30 03:32:00","2022-05-02 22:40:00","63.33000183105469"
"83845","57902","46297","20296","226455","Shipped","2022-06-28 04:48:08","2022-06-28 11:38:00",NULL,NULL,"114.91000366210938"
"150171","103624","83116","20296","405579","Shipped","2021-11-09 05:17:23","2021-11-08 11:59:00",NULL,NULL,"114.91000366210938"
"155802","107489","86238","20296","420668","Shipped","2022-08-30 11:15:19","2022-09-01 11:52:00",NULL,NULL,"114.91000366210938"
"157374","108542","87044","20296","424928","Shipped","2022-03-27 07:51:18","2022-03-30 00:55:00",NULL,NULL,"114.91000366210938"
"14892","10242","8238","20296","40333","Complete","2022-07-18 07:53:35","2022-07-17 09:43:00","2022-07-20 23:46:00",NULL,"114.91000366210938"
"56071","38650","30898","20296","151315","Complete","2022-07-17 00:46:51","2022-07-19 23:54:00","2022-07-22 06:19:00",NULL,"114.91000366210938"
"110149","76087","60845","20296","297509","Processing","2022-02-05 03:34:09",NULL,NULL,NULL,"114.91000366210938"
"116459","80419","64376","7587","314540","Shipped","2022-03-03 15:40:33","2022-03-01 18:23:00",NULL,NULL,"134.07000732421875"
"36069","24834","19854","7587","97411","Complete","2022-08-28 21:50:30","2022-08-31 15:25:00","2022-09-03 13:11:00",NULL,"134.07000732421875"
"51405","35432","28308","7587","138745","Cancelled","2022-09-03 01:42:20.641563",NULL,NULL,NULL,"134.07000732421875"
"104565","72251","57764","7587","282456","Cancelled","2022-05-20 06:31:47",NULL,NULL,NULL,"134.07000732421875"
"19761","13592","10893","24573","53471","Shipped","2021-08-06 06:07:40","2021-08-08 08:29:00",NULL,NULL,"16.790000915527344"
"105239","72729","58160","24573","284238","Shipped","2022-03-15 16:51:24","2022-03-17 14:16:00",NULL,NULL,"16.790000915527344"
"134290","92659","74232","24573","362619","Shipped","2022-09-07 14:56:18.07213","2022-09-06 22:48:52.07213",NULL,NULL,"16.790000915527344"
"166503","114827","92052","24573","449700","Shipped","2021-01-18 15:04:51","2021-01-18 03:18:00",NULL,NULL,"16.790000915527344"
"178387","123038","98690","24573","481734","Shipped","2021-02-11 04:27:51","2021-02-13 16:05:00",NULL,NULL,"16.790000915527344"
"46067","31717","25303","24573","124393","Complete","2021-07-08 12:33:58","2021-07-09 12:17:00","2021-07-10 00:16:00",NULL,"16.790000915527344"
"127716","88077","70543","24573","344818","Complete","2022-04-19 16:09:57","2022-04-16 04:36:00","2022-04-17 23:00:00",NULL,"16.790000915527344"
"173272","119506","95814","9182","467971","Complete","2021-12-11 00:06:23","2021-12-12 18:45:00","2021-12-13 19:44:00",NULL,"16.790000915527344"
"27415","18888","15110","24573","74115","Returned","2022-02-11 03:44:43","2022-02-11 13:14:00","2022-02-15 09:07:00","2022-02-17 14:03:00","16.790000915527344"
"32335","22251","17789","24573","87360","Returned","2022-08-18 15:06:16","2022-08-18 18:37:00","2022-08-23 11:40:00","2022-08-25 13:58:00","16.790000915527344"
"11019","7575","6153","24573","29864","Cancelled","2022-03-27 11:59:39",NULL,NULL,NULL,"16.790000915527344"
"53394","36803","29405","24573","144088","Cancelled","2022-07-20 15:43:03",NULL,NULL,NULL,"16.790000915527344"
"62272","42888","34285","9182","168100","Cancelled","2022-05-03 12:04:05",NULL,NULL,NULL,"16.790000915527344"
"108826","75179","60119","24573","293967","Cancelled","2022-07-01 04:04:35",NULL,NULL,NULL,"16.790000915527344"
"121416","83797","67087","9182","327830","Processing","2021-10-20 07:47:51",NULL,NULL,NULL,"16.790000915527344"
"141812","97821","78431","7532","382894","Shipped","2021-03-22 02:17:04","2021-03-21 18:43:00",NULL,NULL,"19.790000915527344"
"79017","54478","43597","7532","213333","Complete","2022-08-19 13:04:54","2022-08-20 02:48:00","2022-08-23 05:26:00",NULL,"19.790000915527344"
"86728","59931","47946","7532","234281","Complete","2022-08-06 03:30:52","2022-08-07 04:48:00","2022-08-08 12:18:00",NULL,"19.790000915527344"
"130366","89919","72031","7532","351991","Cancelled","2020-03-04 03:16:21",NULL,NULL,NULL,"19.790000915527344"
"130511","90023","72110","7532","352368","Cancelled","2020-09-12 01:19:16",NULL,NULL,NULL,"19.790000915527344"
"160977","111043","89022","7532","434627","Processing","2021-05-12 08:55:14",NULL,NULL,NULL,"19.790000915527344"
"1941","1346","1085","12509","5257","Shipped","2022-08-10 01:39:39","2022-08-10 12:34:00",NULL,NULL,"20.790000915527344"
"164939","113752","91194","12509","445443","Complete","2022-09-07 01:34:41.750584","2022-09-03 23:10:27.750584","2022-09-07 19:44:27.750584",NULL,"20.790000915527344"
"176820","121946","97799","12509","477561","Returned","2020-06-02 09:38:49","2020-06-05 03:44:00","2020-06-07 03:52:00","2020-06-09 11:49:00","20.790000915527344"
"154401","106532","85454","12509","416915","Cancelled","2022-05-15 00:02:06",NULL,NULL,NULL,"20.790000915527344"
"13518","9317","7510","10540","36630","Shipped","2019-11-25 03:44:38","2019-11-23 07:26:00",NULL,NULL,"22.790000915527344"
"38056","26199","20937","10540","102741","Shipped","2022-09-02 08:41:52.461042","2022-09-04 18:40:13.461042",NULL,NULL,"22.790000915527344"
"58962","40638","32455","2439","159135","Shipped","2020-06-23 06:46:46","2020-06-22 02:45:00",NULL,NULL,"22.790000915527344"
"83285","57511","45981","10540","224943","Shipped","2021-06-29 09:23:16","2021-06-27 09:03:00",NULL,NULL,"22.790000915527344"
"88507","61169","48987","10540","239107","Shipped","2022-08-04 02:00:36","2022-08-04 05:17:00",NULL,NULL,"22.790000915527344"
"123743","85367","68315","10540","334078","Shipped","2022-01-31 10:11:53","2022-01-30 10:00:00",NULL,NULL,"22.790000915527344"
"155809","107493","86240","2439","420685","Shipped","2020-09-16 00:30:24","2020-09-13 05:13:00",NULL,NULL,"22.790000915527344"
"163207","112567","90265","10540","440697","Shipped","2021-09-04 12:17:03","2021-09-06 05:42:00",NULL,NULL,"22.790000915527344"
"36456","25104","20071","2439","98423","Complete","2022-09-04 08:38:10","2022-09-04 21:53:00","2022-09-08 22:25:00",NULL,"22.790000915527344"
"96687","66809","53403","2439","261159","Complete","2022-09-04 01:11:53.067999","2022-09-04 17:26:35.067999","2022-09-07 17:25:35.067999",NULL,"22.790000915527344"
"143845","99254","79583","10540","388369","Complete","2021-05-23 09:08:52","2021-05-23 23:03:00","2021-05-27 18:47:00",NULL,"22.790000915527344"
"161077","111104","89072","2439","434891","Complete","2020-02-09 09:57:01","2020-02-10 08:25:00","2020-02-13 00:51:00",NULL,"22.790000915527344"
"165274","113977","91383","2439","446370","Complete","2022-03-22 06:27:14","2022-03-24 01:35:00","2022-03-28 03:57:00",NULL,"22.790000915527344"
"85854","59329","47461","2439","231904","Cancelled","2022-06-18 17:15:06",NULL,NULL,NULL,"22.790000915527344"
"130183","89790","71915","2439","351488","Cancelled","2022-04-24 01:04:57",NULL,NULL,NULL,"22.790000915527344"
"135812","93721","75100","2439","366737","Cancelled","2022-08-09 08:30:07",NULL,NULL,NULL,"22.790000915527344"
"171699","118384","94926","2439","463708","Cancelled","2022-02-20 12:52:11",NULL,NULL,NULL,"22.790000915527344"
"20341","13986","11213","2439","55059","Processing","2022-08-12 23:37:14",NULL,NULL,NULL,"22.790000915527344"
"26940","18560","14820","10540","72812","Processing","2022-09-03 15:17:33",NULL,NULL,NULL,"22.790000915527344"
"29365","20222","16168","2439","79378","Processing","2022-01-18 13:02:17",NULL,NULL,NULL,"22.790000915527344"
"96563","66729","53343","10540","260822","Processing","2021-12-09 23:14:32",NULL,NULL,NULL,"22.790000915527344"
"133744","92282","73918","10540","361141","Processing","2021-06-29 13:40:01",NULL,NULL,NULL,"22.790000915527344"
"148096","102194","81980","2439","399876","Processing","2022-06-03 22:11:23",NULL,NULL,NULL,"22.790000915527344"
"30622","21091","16879","16141","82802","Shipped","2021-09-21 14:25:03","2021-09-18 01:41:00",NULL,NULL,"23.790000915527344"
"49558","34137","27250","16141","133778","Shipped","2022-08-02 13:58:07","2022-08-02 16:50:00",NULL,NULL,"23.790000915527344"
"53909","37151","29682","16141","145496","Shipped","2019-12-15 13:23:31","2019-12-17 04:01:00",NULL,NULL,"23.790000915527344"
"104687","72337","57837","16141","282771","Shipped","2022-04-22 13:32:15","2022-04-20 21:08:00",NULL,NULL,"23.790000915527344"
"161965","111709","89559","16141","437341","Shipped","2022-05-18 11:24:53","2022-05-18 04:45:00",NULL,NULL,"23.790000915527344"
"175358","120930","96949","16141","473577","Shipped","2022-05-29 05:13:13","2022-05-30 10:30:00",NULL,NULL,"23.790000915527344"
"51796","35691","28514","16141","139809","Complete","2022-09-02 03:35:15.150578","2022-09-02 21:21:34.150578","2022-09-06 18:41:34.150578",NULL,"23.790000915527344"
"110142","76082","60840","16141","297491","Complete","2022-05-13 01:56:54","2022-05-10 12:43:00","2022-05-12 09:46:00",NULL,"23.790000915527344"
"179015","123469","99040","16141","483441","Complete","2022-09-03 11:56:19.981334","2022-09-04 02:37:00.981334","2022-09-04 23:48:00.981334",NULL,"23.790000915527344"
"161861","111643","89515","16141","437052","Processing","2019-09-09 04:11:14",NULL,NULL,NULL,"23.790000915527344"
"150704","103995","83431","2153","407010","Shipped","2022-01-08 06:28:59","2022-01-05 20:31:00",NULL,NULL,"28.790000915527344"
"14652","10086","8114","2153","39687","Complete","2021-11-14 00:52:33","2021-11-14 15:43:00","2021-11-17 01:53:00",NULL,"28.790000915527344"
"42018","28911","23064","2153","113431","Complete","2021-12-11 07:24:03","2021-12-12 21:39:00","2021-12-13 14:12:00",NULL,"28.790000915527344"
"149396","103109","82703","2153","403419","Complete","2020-07-03 05:10:57","2020-06-30 09:19:00","2020-07-05 09:08:00",NULL,"28.790000915527344"
"139846","96471","77357","2153","377619","Cancelled","2022-05-14 16:31:18",NULL,NULL,NULL,"28.790000915527344"
"178134","122861","98546","2153","481064","Cancelled","2021-09-24 14:50:46",NULL,NULL,NULL,"28.790000915527344"
"73972","50954","40771","2153","199730","Processing","2022-01-23 04:10:54",NULL,NULL,NULL,"28.790000915527344"
"122201","84299","67487","2153","329944","Processing","2022-02-23 10:54:30",NULL,NULL,NULL,"28.790000915527344"
"754","534","452","12288","2022","Shipped","2020-09-20 12:33:18","2020-09-21 17:10:00",NULL,NULL,"29.790000915527344"
"70616","48633","38902","12288","190642","Shipped","2021-08-11 23:32:54","2021-08-11 05:10:00",NULL,NULL,"29.790000915527344"
"74968","51654","41334","21408","202415","Shipped","2022-08-02 07:24:19","2022-08-04 22:22:00",NULL,NULL,"29.790000915527344"
"76853","52991","42394","21408","207540","Shipped","2022-05-07 23:22:07","2022-05-09 18:43:00",NULL,NULL,"29.790000915527344"
"173684","119794","96060","21408","469038","Shipped","2022-08-01 16:42:24","2022-07-29 18:03:00",NULL,NULL,"29.790000915527344"
"128573","88672","71028","12288","347168","Complete","2021-11-18 12:53:27","2021-11-14 22:55:00","2021-11-18 09:09:00",NULL,"29.790000915527344"
"159074","109729","87998","21408","429488","Processing","2021-08-28 23:21:42",NULL,NULL,NULL,"29.790000915527344"
"71733","49401","39547","12163","193660","Complete","2022-08-30 12:41:36","2022-08-30 21:59:00","2022-09-04 04:17:00",NULL,"31.790000915527344"
"141836","97835","78441","12163","382959","Returned","2022-06-13 06:37:59","2022-06-13 04:34:00","2022-06-16 02:53:00","2022-06-18 01:45:00","31.790000915527344"
"79881","55084","44057","12163","215703","Cancelled","2022-01-22 06:06:34",NULL,NULL,NULL,"31.790000915527344"
"158915","109617","87913","12163","429063","Cancelled","2022-08-01 14:05:01",NULL,NULL,NULL,"31.790000915527344"
"8347","5716","4619","5547","22631","Shipped","2022-08-24 13:57:27","2022-08-25 06:10:00",NULL,NULL,"33.58000183105469"
"109707","75778","60582","5547","296341","Shipped","2022-06-23 01:26:44","2022-06-25 00:28:00",NULL,NULL,"33.58000183105469"
"138503","95570","76626","5547","373997","Shipped","2021-12-24 13:04:03","2021-12-25 07:03:00",NULL,NULL,"33.58000183105469"
"35414","24378","19473","5547","95663","Complete","2022-06-14 12:18:07","2022-06-10 15:08:00","2022-06-14 18:27:00",NULL,"33.58000183105469"
"97345","67278","53755","5547","262946","Complete","2022-02-06 01:37:23","2022-02-07 10:58:00","2022-02-11 13:09:00",NULL,"33.58000183105469"
"170258","117395","94144","5547","459792","Complete","2022-05-05 08:35:25","2022-05-08 02:04:00","2022-05-09 11:02:00",NULL,"33.58000183105469"
"90163","62320","49888","5547","243587","Returned","2021-07-23 15:16:32","2021-07-25 20:27:00","2021-07-28 00:45:00","2021-07-30 22:53:00","33.58000183105469"
"142745","98488","78959","5547","385412","Cancelled","2020-06-06 05:01:43",NULL,NULL,NULL,"33.58000183105469"
"39458","27168","21710","5547","106525","Processing","2020-07-13 23:07:40",NULL,NULL,NULL,"33.58000183105469"
"152489","105215","84418","27641","411821","Shipped","2022-04-16 01:49:13","2022-04-18 04:03:00",NULL,NULL,"35.58000183105469"
"153775","106101","85114","27641","415256","Shipped","2022-08-04 23:22:08","2022-08-06 08:37:00",NULL,NULL,"35.58000183105469"
"172863","119217","95563","12999","466879","Shipped","2022-03-14 07:18:51","2022-03-16 23:53:00",NULL,NULL,"35.58000183105469"
"30858","21243","17017","12999","83418","Complete","2022-05-18 22:14:31","2022-05-19 12:27:00","2022-05-23 01:12:00",NULL,"35.58000183105469"
"40391","27791","22193","1783","109033","Complete","2021-08-21 23:41:45","2021-08-22 19:36:00","2021-08-25 08:26:00",NULL,"35.58000183105469"
"47801","32938","26316","27641","129018","Complete","2022-01-07 04:28:06","2022-01-10 02:56:00","2022-01-13 04:21:00",NULL,"35.58000183105469"
"133835","92344","73963","1783","361391","Complete","2022-04-26 05:23:31","2022-04-23 13:34:00","2022-04-25 01:43:00",NULL,"35.58000183105469"
"139807","96443","77333","12999","377517","Complete","2022-08-24 04:18:18","2022-08-27 01:52:00","2022-08-27 10:05:00",NULL,"35.58000183105469"
"148790","102670","82362","27641","401794","Complete","2021-07-20 00:53:41","2021-07-20 18:13:00","2021-07-21 16:16:00",NULL,"35.58000183105469"
"159550","110065","88265","27641","430781","Complete","2021-12-28 21:24:49","2021-12-30 07:07:00","2021-12-31 03:59:00",NULL,"35.58000183105469"
"31054","21368","17105","1783","83949","Returned","2021-10-14 00:37:19","2021-10-15 05:57:00","2021-10-17 08:11:00","2021-10-19 08:05:00","35.58000183105469"
"40303","27741","22154","27641","108785","Cancelled","2022-06-01 22:03:32",NULL,NULL,NULL,"35.58000183105469"
"136178","93974","75315","27641","367731","Cancelled","2022-06-29 13:58:46",NULL,NULL,NULL,"35.58000183105469"
"66384","45677","36511","1783","179255","Processing","2021-12-27 11:04:15",NULL,NULL,NULL,"35.58000183105469"
"98446","68021","54374","1783","265940","Processing","2022-06-12 02:35:35",NULL,NULL,NULL,"35.58000183105469"
"100117","69193","55327","1783","270404","Processing","2019-07-04 07:32:46",NULL,NULL,NULL,"35.58000183105469"
"111341","76914","61537","1783","300705","Processing","2022-02-01 06:52:36",NULL,NULL,NULL,"35.58000183105469"
"174745","120515","96632","12999","471887","Processing","2021-03-04 10:22:54",NULL,NULL,NULL,"35.58000183105469"
"24725","17024","13593","24068","66825","Shipped","2021-08-20 02:48:41","2021-08-22 00:00:00",NULL,NULL,"39.58000183105469"
"57326","39517","31576","24068","154720","Shipped","2021-05-24 01:30:52","2021-05-22 06:06:00",NULL,NULL,"39.58000183105469"
"91109","62960","50410","24068","246116","Shipped","2022-06-23 01:03:53","2022-06-21 22:19:00",NULL,NULL,"39.58000183105469"
"96715","66828","53418","24068","261232","Shipped","2022-09-01 15:14:56","2022-09-04 13:50:00",NULL,NULL,"39.58000183105469"
"108972","75274","60185","24068","294364","Shipped","2021-12-23 14:59:52","2021-12-23 03:53:00",NULL,NULL,"39.58000183105469"
"173818","119887","96138","24068","469386","Shipped","2022-05-30 22:46:19","2022-05-31 17:24:00",NULL,NULL,"39.58000183105469"
"134583","92854","74391","24068","363430","Complete","2022-03-07 23:46:43","2022-03-10 02:43:00","2022-03-14 04:49:00",NULL,"39.58000183105469"
"174322","120225","96414","24068","470743","Complete","2020-04-10 13:54:19","2020-04-12 10:33:00","2020-04-13 15:06:00",NULL,"39.58000183105469"
"89773","62057","49675","24068","242518","Processing","2021-01-18 09:49:01",NULL,NULL,NULL,"39.58000183105469"
"33587","23118","18457","24360","90729","Shipped","2021-11-27 06:20:41","2021-11-27 11:03:00",NULL,NULL,"47.58000183105469"
"43473","29905","23844","24360","117391","Shipped","2021-04-11 03:35:34","2021-04-12 20:26:00",NULL,NULL,"47.58000183105469"
"99768","68961","55136","24360","269480","Cancelled","2021-06-30 23:49:28",NULL,NULL,NULL,"47.58000183105469"
"50624","34878","27832","24360","136637","Processing","2020-03-20 19:04:29",NULL,NULL,NULL,"47.58000183105469"
"10523","7238","5887","13743","28527","Shipped","2019-04-16 10:21:41","2019-04-15 03:46:00",NULL,NULL,"59.58000183105469"
"53365","36784","29398","13743","144005","Shipped","2021-07-09 10:46:35","2021-07-11 21:41:00",NULL,NULL,"59.58000183105469"
"109836","75863","60653","13743","296674","Shipped","2022-03-12 01:54:29","2022-03-11 22:20:00",NULL,NULL,"59.58000183105469"
"111499","77026","61627","13743","301123","Shipped","2022-08-24 13:51:05","2022-08-25 21:54:00",NULL,NULL,"59.58000183105469"
"127519","87936","70412","15498","344274","Shipped","2021-12-11 04:15:27","2021-12-10 18:37:00",NULL,NULL,"59.58000183105469"
"43767","30105","24001","13743","118202","Complete","2021-12-14 11:00:01","2021-12-15 03:40:00","2021-12-15 20:59:00",NULL,"59.58000183105469"
"44751","30801","24584","15498","120867","Complete","2020-02-15 08:56:25","2020-02-15 08:39:00","2020-02-19 05:58:00",NULL,"59.58000183105469"
"79759","55008","43989","13743","215369","Complete","2022-09-09 10:17:09.259991","2022-09-07 19:09:24.259991","2022-09-08 14:29:24.259991",NULL,"59.58000183105469"
"174636","120448","96577","13743","471579","Complete","2022-06-11 02:57:15","2022-06-10 07:32:00","2022-06-12 16:50:00",NULL,"59.58000183105469"
"53592","36925","29503","13743","144618","Returned","2022-07-12 06:29:49","2022-07-13 08:24:00","2022-07-13 12:16:00","2022-07-15 19:40:00","59.58000183105469"
"62848","43270","34598","13743","169676","Cancelled","2022-02-12 00:10:49",NULL,NULL,NULL,"59.58000183105469"
"168965","116534","93425","13743","456281","Cancelled","2022-08-30 11:55:26",NULL,NULL,NULL,"59.58000183105469"
"116526","80461","64414","15498","314715","Processing","2020-03-23 06:09:02",NULL,NULL,NULL,"59.58000183105469"
"143023","98686","79117","13743","386168","Processing","2021-03-07 08:04:44",NULL,NULL,NULL,"59.58000183105469"
"63315","43592","34851","27047","170963","Complete","2021-11-12 11:39:19","2021-11-13 09:56:00","2021-11-17 08:38:00",NULL,"61.58000183105469"
"83926","57960","46348","27047","226683","Complete","2022-04-26 05:38:09","2022-04-28 20:07:00","2022-05-02 01:50:00",NULL,"61.58000183105469"
"140442","96879","77682","27047","379221","Complete","2021-04-28 01:32:40","2021-04-29 02:49:00","2021-05-03 01:53:00",NULL,"61.58000183105469"
"25850","17814","14240","27047","69852","Returned","2022-08-24 15:32:08","2022-08-23 03:04:00","2022-08-23 15:08:00","2022-08-24 01:33:00","61.58000183105469"
"18288","12565","10081","27047","49536","Cancelled","2022-07-04 14:54:42",NULL,NULL,NULL,"61.58000183105469"
"61938","42655","34101","27047","167205","Processing","2019-08-15 01:23:15",NULL,NULL,NULL,"61.58000183105469"
"174685","120484","96609","12905","471716","Shipped","2021-11-23 11:40:00","2021-11-24 02:06:00",NULL,NULL,"79.16000366210938"
"66867","46000","36789","12905","180540","Cancelled","2022-06-07 02:18:56",NULL,NULL,NULL,"79.16000366210938"
"40911","28140","22442","7517","110456","Shipped","2020-07-05 11:32:46","2020-07-04 08:52:00",NULL,NULL,"107.16000366210938"
"120492","83163","66589","7517","325355","Shipped","2021-02-21 13:01:58","2021-02-22 08:18:00",NULL,NULL,"107.16000366210938"
"120497","83167","66593","7517","325368","Shipped","2022-08-30 00:16:42","2022-08-30 02:59:00",NULL,NULL,"107.16000366210938"
"176723","121870","97735","7517","477301","Shipped","2022-02-04 09:40:16","2022-02-07 11:30:00",NULL,NULL,"107.16000366210938"
"17044","11727","9438","7517","46154","Complete","2022-08-20 15:15:19","2022-08-23 06:04:00","2022-08-25 15:55:00",NULL,"107.16000366210938"
"107488","74266","59374","7517","290328","Returned","2022-04-27 06:20:03","2022-04-27 17:00:00","2022-04-30 13:59:00","2022-04-30 20:02:00","107.16000366210938"
"8708","5970","4834","7517","23617","Processing","2020-05-22 05:31:43",NULL,NULL,NULL,"107.16000366210938"
"110798","76540","61222","7517","299232","Processing","2022-07-20 05:04:54",NULL,NULL,NULL,"107.16000366210938"
"66430","45706","36546","8570","179379","Shipped","2022-05-28 08:28:04","2022-05-29 16:30:00",NULL,NULL,"269.3900146484375"
"91918","63510","50850","8570","248276","Shipped","2021-09-24 12:19:22","2021-09-25 08:15:00",NULL,NULL,"269.3900146484375"
"116621","80516","64465","8625","314976","Shipped","2022-05-04 03:39:44","2022-05-04 11:03:00",NULL,NULL,"269.3900146484375"
"152544","105256","84452","8625","411961","Shipped","2019-10-15 11:29:11","2019-10-15 19:02:00",NULL,NULL,"269.3900146484375"
"69947","48153","38508","8570","188824","Returned","2019-09-09 08:15:22","2019-09-11 00:12:00","2019-09-12 20:50:00","2019-09-14 22:33:00","269.3900146484375"
"10450","7187","5850","8625","28325","Cancelled","2020-12-24 10:09:15",NULL,NULL,NULL,"269.3900146484375"
"75003","51682","41351","8625","202505","Cancelled","2022-07-15 11:12:43",NULL,NULL,NULL,"269.3900146484375"
"60792","41870","33463","8625","164126","Processing","2022-03-28 17:40:53",NULL,NULL,NULL,"269.3900146484375"
"102619","70902","56678","8570","277186","Processing","2020-05-18 12:34:12",NULL,NULL,NULL,"269.3900146484375"
"129121","89045","71336","8625","348655","Processing","2022-03-13 13:48:42",NULL,NULL,NULL,"269.3900146484375"
"58621","40406","32278","28767","158213","Shipped","2021-04-08 07:04:18","2021-04-10 00:02:00",NULL,NULL,"119.41000366210938"
"60001","41331","33017","28767","161991","Shipped","2022-06-03 13:53:58","2022-06-05 12:11:00",NULL,NULL,"119.41000366210938"
"144980","100036","80218","28767","391462","Shipped","2022-02-08 07:58:02","2022-02-08 18:24:00",NULL,NULL,"119.41000366210938"
"129072","89007","71310","28767","348522","Complete","2022-08-20 16:10:37","2022-08-20 10:03:00","2022-08-22 07:52:00",NULL,"119.41000366210938"
"135723","93660","75042","28767","366504","Complete","2020-04-25 16:47:12","2020-04-25 21:55:00","2020-04-28 03:33:00",NULL,"119.41000366210938"
"151292","104384","83745","28767","408594","Complete","2019-12-04 09:47:21","2019-12-06 10:13:00","2019-12-08 14:10:00",NULL,"119.41000366210938"
"28557","19663","15722","28767","77191","Returned","2021-06-06 06:25:10","2021-06-07 14:32:00","2021-06-09 13:33:00","2021-06-11 20:24:00","119.41000366210938"
"89384","61776","49461","28767","241457","Cancelled","2022-07-30 14:16:51",NULL,NULL,NULL,"119.41000366210938"
"26728","18413","14701","28882","72248","Shipped","2021-02-24 00:04:12","2021-02-21 10:17:00",NULL,NULL,"35.83000183105469"
"84108","58098","46453","28948","227176","Shipped","2020-10-07 01:06:49","2020-10-03 12:15:00",NULL,NULL,"35.83000183105469"
"105988","73246","58589","28948","286292","Shipped","2022-08-08 06:05:36","2022-08-09 16:56:00",NULL,NULL,"35.83000183105469"
"124522","85904","68754","28948","336156","Shipped","2022-08-31 12:35:42","2022-09-02 00:34:00",NULL,NULL,"35.83000183105469"
"4166","2832","2268","28882","11291","Complete","2022-05-11 09:38:31","2022-05-09 18:12:00","2022-05-11 12:11:00",NULL,"35.83000183105469"
"4709","3224","2630","28882","12770","Complete","2021-08-03 04:39:45","2021-07-30 21:04:00","2021-08-03 06:37:00",NULL,"35.83000183105469"
"15860","10888","8748","28882","42948","Complete","2022-04-25 03:27:30","2022-04-26 10:19:00","2022-04-30 13:30:00",NULL,"35.83000183105469"
"92334","63794","51071","28882","249390","Complete","2022-03-08 08:53:36","2022-03-07 18:45:00","2022-03-10 05:04:00",NULL,"35.83000183105469"
"118108","81528","65291","28948","318918","Complete","2022-02-06 06:27:42","2022-02-04 08:23:00","2022-02-06 10:44:00",NULL,"35.83000183105469"
"150813","104070","83492","28882","407308","Complete","2020-02-28 12:25:02","2020-02-27 10:47:00","2020-02-29 11:55:00",NULL,"35.83000183105469"
"103269","71357","57036","28882","278944","Returned","2022-07-23 12:55:54","2022-07-24 05:50:00","2022-07-28 09:17:00","2022-07-31 00:12:00","35.83000183105469"
"110205","76128","60875","28948","297649","Returned","2020-07-21 10:30:24","2020-07-22 09:33:00","2020-07-23 21:59:00","2020-07-25 18:44:00","35.83000183105469"
"26989","18590","14848","28948","72955","Cancelled","2021-08-02 03:17:48",NULL,NULL,NULL,"35.83000183105469"
"94323","65167","52134","28948","254783","Cancelled","2022-08-02 15:13:25",NULL,NULL,NULL,"35.83000183105469"
"98499","68059","54399","28948","266088","Cancelled","2022-08-18 07:41:59",NULL,NULL,NULL,"35.83000183105469"
"119285","82344","65930","28882","322069","Cancelled","2022-04-26 17:05:33",NULL,NULL,NULL,"35.83000183105469"
"145512","100395","80503","28948","392919","Processing","2021-12-03 05:31:01",NULL,NULL,NULL,"35.83000183105469"
"176709","121858","97728","28882","477264","Processing","2022-07-30 02:34:33",NULL,NULL,NULL,"35.83000183105469"
"46294","31865","25426","20988","125000","Shipped","2022-05-26 12:22:33","2022-05-26 22:32:00",NULL,NULL,"39.83000183105469"
"150271","103692","83178","20988","405848","Complete","2021-11-26 17:11:36","2021-11-26 08:11:00","2021-11-26 18:10:00",NULL,"39.83000183105469"
"86173","59549","47640","20988","232780","Returned","2019-10-19 22:40:43","2019-10-22 02:53:00","2019-10-25 01:25:00","2019-10-25 12:43:00","39.83000183105469"
"14647","10083","8112","20988","39675","Cancelled","2020-10-17 00:46:14",NULL,NULL,NULL,"39.83000183105469"
"78416","54069","43258","20988","211691","Cancelled","2022-08-28 00:21:52",NULL,NULL,NULL,"39.83000183105469"
"55785","38450","30728","20988","150540","Processing","2020-09-19 23:10:50",NULL,NULL,NULL,"39.83000183105469"
"56825","39164","31308","20988","153375","Processing","2022-02-04 07:01:06",NULL,NULL,NULL,"39.83000183105469"
"20977","14423","11540","21716","56770","Complete","2022-08-06 11:48:52","2022-08-04 18:15:00","2022-08-07 21:34:00",NULL,"41.83000183105469"
"102647","70917","56687","21716","277258","Processing","2022-05-13 07:38:17",NULL,NULL,NULL,"41.83000183105469"
"127772","88115","70568","21716","344972","Processing","2020-11-25 00:08:42",NULL,NULL,NULL,"41.83000183105469"
"179892","124057","99501","21716","485795","Processing","2022-08-27 05:16:52",NULL,NULL,NULL,"41.83000183105469"
"5858","3987","3234","19980","15852","Shipped","2022-07-01 15:15:29","2022-07-02 02:17:00",NULL,NULL,"45.83000183105469"
"9011","6172","4986","19917","24435","Shipped","2022-08-12 14:50:35","2022-08-14 14:00:00",NULL,NULL,"45.83000183105469"
"14648","10084","8112","17428","39677","Shipped","2020-08-24 02:00:49","2020-08-23 03:52:00",NULL,NULL,"45.83000183105469"
"23311","16033","12807","19980","63007","Shipped","2022-09-02 15:07:07.1015","2022-09-02 18:40:25.1015",NULL,NULL,"45.83000183105469"
"23496","16166","12925","17428","63500","Shipped","2021-08-08 16:17:09","2021-08-10 04:41:00",NULL,NULL,"45.83000183105469"
"77637","53530","42824","19980","209578","Shipped","2021-12-24 10:25:21","2021-12-25 09:30:00",NULL,NULL,"45.83000183105469"
"125980","86891","69538","17428","340132","Shipped","2020-07-05 15:48:57","2020-07-06 18:25:00",NULL,NULL,"45.83000183105469"
"159215","109836","88087","19917","429877","Shipped","2022-09-02 03:46:03","2022-08-31 14:01:00",NULL,NULL,"45.83000183105469"
"86848","60013","48017","19917","234617","Complete","2022-06-07 05:29:35","2022-06-08 17:45:00","2022-06-11 01:30:00",NULL,"45.83000183105469"
"108154","74715","59745","19917","292168","Complete","2019-12-13 01:24:04","2019-12-12 12:32:00","2019-12-12 22:27:00",NULL,"45.83000183105469"
"112154","77469","61973","19917","302927","Complete","2022-06-08 14:43:04","2022-06-09 22:34:00","2022-06-12 05:30:00",NULL,"45.83000183105469"
"147932","102081","81878","17428","399421","Complete","2022-02-01 15:05:53","2022-02-04 06:05:00","2022-02-06 05:56:00",NULL,"45.83000183105469"
"169924","117179","93955","19980","458865","Complete","2021-08-13 20:37:05","2021-08-11 06:36:00","2021-08-15 07:25:00",NULL,"45.83000183105469"
"68976","47479","37974","17428","186203","Returned","2021-06-19 16:49:23","2021-06-20 10:14:00","2021-06-25 01:19:00","2021-06-25 22:11:00","45.83000183105469"
"130320","89885","72005","19917","351864","Returned","2021-03-21 07:11:11","2021-03-24 00:03:00","2021-03-28 22:31:00","2021-03-29 13:19:00","45.83000183105469"
"76705","52878","42309","17428","207141","Cancelled","2022-03-27 07:35:26",NULL,NULL,NULL,"45.83000183105469"
"131355","90610","72595","19917","354650","Cancelled","2022-02-03 07:56:41",NULL,NULL,NULL,"45.83000183105469"
"148955","102789","82455","17428","402232","Cancelled","2022-02-01 23:26:14",NULL,NULL,NULL,"45.83000183105469"
"79890","55090","44064","19917","215725","Processing","2020-05-15 12:19:06",NULL,NULL,NULL,"45.83000183105469"
"111350","76920","61541","17428","300731","Processing","2022-09-04 23:01:51",NULL,NULL,NULL,"45.83000183105469"
"164300","113332","90876","19917","443694","Processing","2021-08-07 10:13:01",NULL,NULL,NULL,"45.83000183105469"
"175891","121308","97285","19980","475016","Processing","2022-02-21 12:09:14",NULL,NULL,NULL,"45.83000183105469"
"88066","60869","48721","1968","237902","Shipped","2020-02-28 00:54:30","2020-02-29 23:56:00",NULL,NULL,"57.83000183105469"
"91130","62972","50418","1968","246173","Shipped","2022-09-03 11:21:25","2022-09-03 12:40:00",NULL,NULL,"57.83000183105469"
"50208","34585","27611","1968","135528","Complete","2021-09-01 22:59:15","2021-08-30 09:16:00","2021-09-01 11:25:00",NULL,"57.83000183105469"
"10373","7133","5810","1968","28118","Returned","2022-04-23 10:59:52","2022-04-26 02:00:00","2022-04-26 22:58:00","2022-04-29 08:11:00","57.83000183105469"
"98413","68000","54355","1968","265850","Returned","2021-08-12 12:49:14","2021-08-13 11:49:00","2021-08-14 07:42:00","2021-08-14 23:13:00","57.83000183105469"
"59533","41020","32763","1968","160692","Processing","2022-09-04 16:30:10.702316",NULL,NULL,NULL,"57.83000183105469"
"20698","14232","11390","21123","56029","Shipped","2021-10-03 09:19:15","2021-10-01 21:05:00",NULL,NULL,"63.83000183105469"
"137688","95010","76158","21123","371768","Shipped","2022-03-05 03:41:37","2022-03-06 23:08:00",NULL,NULL,"63.83000183105469"
"8165","5593","4525","21123","22147","Complete","2022-08-08 10:32:20","2022-08-09 00:02:00","2022-08-09 15:01:00",NULL,"63.83000183105469"
"10153","6982","5682","21123","27530","Complete","2022-08-10 22:52:30","2022-08-11 17:37:00","2022-08-14 21:19:00",NULL,"63.83000183105469"
"67003","46095","36864","21123","180919","Complete","2022-05-24 15:00:25","2022-05-25 04:28:00","2022-05-28 11:11:00",NULL,"63.83000183105469"
"178682","123245","98854","21123","482547","Complete","2022-01-27 14:04:30","2022-01-28 19:40:00","2022-02-01 00:50:00",NULL,"63.83000183105469"
"50172","34558","27590","21123","135434","Cancelled","2021-03-18 13:42:59",NULL,NULL,NULL,"63.83000183105469"
"92837","64146","51342","21123","250747","Processing","2022-07-06 13:58:21",NULL,NULL,NULL,"63.83000183105469"
"129069","89004","71308","21123","348514","Processing","2022-07-02 05:02:32",NULL,NULL,NULL,"63.83000183105469"
"165536","114165","91526","21123","447070","Processing","2022-07-02 09:31:02",NULL,NULL,NULL,"63.83000183105469"
"18592","12776","10245","8765","50334","Complete","2022-02-06 01:58:51","2022-02-03 15:34:00","2022-02-04 22:52:00",NULL,"67.91000366210938"
"81446","56184","44908","8765","219951","Complete","2022-08-26 14:19:41","2022-08-29 00:38:00","2022-08-29 22:16:00",NULL,"67.91000366210938"
"105165","72676","58114","8765","284055","Complete","2020-12-15 15:24:26","2020-12-16 13:24:00","2020-12-16 20:09:00",NULL,"67.91000366210938"
"80864","55766","44581","8765","218394","Cancelled","2020-10-05 08:05:30",NULL,NULL,NULL,"67.91000366210938"
"132111","91141","72992","13636","356707","Shipped","2022-08-29 06:38:10","2022-08-29 00:14:00",NULL,NULL,"103.91000366210938"
"153112","105629","84752","13636","413491","Complete","2021-09-07 02:00:19","2021-09-08 06:09:00","2021-09-09 15:40:00",NULL,"103.91000366210938"
"26062","17956","14343","13636","70427","Returned","2022-04-17 22:42:16","2022-04-19 20:43:00","2022-04-20 11:44:00","2022-04-22 20:34:00","103.91000366210938"
"152169","104994","84263","13636","410963","Processing","2022-03-07 10:27:28",NULL,NULL,NULL,"103.91000366210938"
"66929","46042","36820","28342","180708","Shipped","2021-06-25 20:43:45","2021-06-26 23:59:00",NULL,NULL,"127.91000366210938"
"127313","87795","70294","28342","343716","Shipped","2022-04-21 12:12:02","2022-04-21 11:34:00",NULL,NULL,"127.91000366210938"
"165918","114429","91733","28342","448115","Shipped","2021-09-17 03:38:59","2021-09-17 01:46:00",NULL,NULL,"127.91000366210938"
"8277","5674","4592","28342","22445","Complete","2021-07-05 01:46:50","2021-07-05 19:33:00","2021-07-08 18:44:00",NULL,"127.91000366210938"
"114587","79140","63297","28342","309485","Complete","2022-09-09 09:08:50.894648","2022-09-06 03:43:02.894648","2022-09-09 17:33:02.894648",NULL,"127.91000366210938"
"71913","49536","39655","28342","194135","Returned","2022-09-03 02:14:28","2022-09-05 20:23:00","2022-09-07 16:49:00","2022-09-08 11:32:00","127.91000366210938"
"53376","36791","29401","28342","144035","Cancelled","2021-01-06 00:28:59",NULL,NULL,NULL,"127.91000366210938"
"61601","42421","33922","28342","166290","Cancelled","2022-09-03 12:05:16.23066",NULL,NULL,NULL,"127.91000366210938"
"65785","45290","36203","8288","177633","Shipped","2022-06-23 03:28:43","2022-06-21 11:58:00",NULL,NULL,"287.6400146484375"
"34899","24022","19181","8288","94279","Complete","2022-06-30 11:28:54","2022-06-30 18:05:00","2022-07-03 14:11:00",NULL,"287.6400146484375"
"9731","6699","5429","8288","26411","Returned","2022-09-02 23:01:34.656937","2022-09-04 07:55:11.656937","2022-09-07 17:07:11.656937","2022-09-08 23:32:11.656937","287.6400146484375"
"142571","98364","78879","8288","384947","Cancelled","2022-04-15 10:32:56",NULL,NULL,NULL,"287.6400146484375"
"162210","111873","89695","8288","438006","Processing","2021-07-27 03:01:03",NULL,NULL,NULL,"287.6400146484375"
"132190","91191","73026","7254","356927","Shipped","2021-07-09 10:03:36","2021-07-12 06:47:00",NULL,NULL,"84.08999633789062"
"46030","31687","25267","7254","124284","Complete","2021-02-19 08:09:29","2021-02-19 11:12:00","2021-02-20 15:35:00",NULL,"84.08999633789062"
"131591","90767","72713","7254","355293","Complete","2022-07-24 22:43:39","2022-07-23 06:51:00","2022-07-27 16:39:00",NULL,"84.08999633789062"
"33987","23405","18674","7254","91824","Cancelled","2021-11-22 01:33:06",NULL,NULL,NULL,"84.08999633789062"
"141443","97569","78253","2274","381919","Complete","2022-06-12 15:41:29","2022-06-15 00:51:00","2022-06-15 15:16:00",NULL,"32.16999816894531"
"60630","41757","33381","5342","163693","Shipped","2021-04-14 11:15:43","2021-04-12 04:13:00",NULL,NULL,"36.16999816894531"
"140697","97055","77832","5342","379889","Shipped","2022-07-04 04:47:12","2022-07-01 14:09:00",NULL,NULL,"36.16999816894531"
"11502","7917","6420","5342","31163","Complete","2021-08-03 06:36:38","2021-07-30 17:04:00","2021-08-01 15:02:00",NULL,"36.16999816894531"
"138218","95373","76453","5342","373223","Complete","2022-05-28 14:46:27","2022-05-30 09:10:00","2022-05-31 18:03:00",NULL,"36.16999816894531"
"19152","13163","10554","5342","51822","Returned","2022-04-07 03:22:24","2022-04-05 15:56:00","2022-04-09 03:35:00","2022-04-09 21:28:00","36.16999816894531"
"173377","119580","95869","5342","468241","Cancelled","2022-08-03 08:09:41",NULL,NULL,NULL,"36.16999816894531"
"3637","2465","1992","5342","9832","Processing","2022-06-19 10:41:43",NULL,NULL,NULL,"36.16999816894531"
"2679","1829","1481","10625","7253","Shipped","2021-04-17 13:30:46","2021-04-18 04:46:00",NULL,NULL,"42.16999816894531"
"64375","44305","35443","10625","173805","Shipped","2019-08-20 00:58:29","2019-08-22 10:55:00",NULL,NULL,"42.16999816894531"
"157327","108514","87024","10625","424802","Shipped","2022-08-13 12:21:09","2022-08-13 17:37:00",NULL,NULL,"42.16999816894531"
"157335","108517","87026","10625","424822","Shipped","2021-03-01 01:30:57","2021-02-25 03:19:00",NULL,NULL,"42.16999816894531"
"144298","99561","79827","10625","389615","Complete","2020-10-22 12:07:19","2020-10-22 07:57:00","2020-10-23 19:10:00",NULL,"42.16999816894531"
"17313","11914","9572","10625","46892","Processing","2022-04-04 01:40:20",NULL,NULL,NULL,"42.16999816894531"
"149541","103208","82779","10625","403826","Processing","2022-09-06 13:09:49",NULL,NULL,NULL,"42.16999816894531"
"51030","35177","28077","3783","137747","Shipped","2022-08-27 04:43:00","2022-08-29 03:36:00",NULL,NULL,"50.16999816894531"
"4950","3372","2748","3783","13401","Complete","2021-10-12 09:38:32","2021-10-12 10:54:00","2021-10-13 12:30:00",NULL,"50.16999816894531"
"47932","33027","26383","3783","129378","Complete","2020-12-19 12:10:31","2020-12-21 03:25:00","2020-12-23 14:04:00",NULL,"50.16999816894531"
"129916","89604","71765","3783","350765","Complete","2022-06-29 07:22:36","2022-06-27 11:30:00","2022-07-01 19:32:00",NULL,"50.16999816894531"
"45137","31086","24815","3783","121896","Returned","2022-05-10 00:47:30","2022-05-08 11:21:00","2022-05-10 23:02:00","2022-05-12 17:37:00","50.16999816894531"
"76716","52888","42319","3783","207169","Returned","2022-05-13 09:50:50","2022-05-12 00:46:00","2022-05-14 08:00:00","2022-05-16 12:44:00","50.16999816894531"
"4570","3133","2544","3783","12387","Cancelled","2019-08-13 23:47:27",NULL,NULL,NULL,"50.16999816894531"
"50532","34817","27789","3783","136400","Processing","2022-03-23 05:18:58",NULL,NULL,NULL,"50.16999816894531"
"16486","11340","9120","17205","44624","Shipped","2022-01-27 05:43:43","2022-01-26 18:10:00",NULL,NULL,"60.16999816894531"
"67148","46194","36940","17205","181321","Shipped","2022-01-03 02:43:22","2022-01-05 00:55:00",NULL,NULL,"60.16999816894531"
"68495","47142","37707","15160","184904","Shipped","2022-07-15 08:13:22","2022-07-16 08:16:00",NULL,NULL,"60.16999816894531"
"84258","58211","46546","15160","227575","Shipped","2021-06-29 05:15:22","2021-06-30 10:47:00",NULL,NULL,"60.16999816894531"
"11693","8048","6525","15160","31682","Complete","2022-09-04 22:03:45.942777","2022-09-07 05:01:39.942777","2022-09-08 05:52:39.942777",NULL,"60.16999816894531"
"88018","60837","48697","17205","237779","Complete","2020-12-10 07:32:36","2020-12-10 00:46:00","2020-12-12 14:51:00",NULL,"60.16999816894531"
"163680","112908","90529","15160","441980","Complete","2021-09-19 15:19:48","2021-09-22 00:34:00","2021-09-22 21:59:00",NULL,"60.16999816894531"
"11484","7904","6410","17205","31117","Returned","2022-04-11 09:53:23","2022-04-14 06:10:00","2022-04-18 21:37:00","2022-04-21 12:59:00","60.16999816894531"
"71549","49269","39428","15160","193170","Returned","2022-07-14 03:12:43","2022-07-14 18:02:00","2022-07-19 01:32:00","2022-07-19 21:24:00","60.16999816894531"
"57243","39456","31536","15160","154496","Cancelled","2022-08-04 00:21:50",NULL,NULL,NULL,"60.16999816894531"
"94029","64962","51986","17205","253971","Cancelled","2022-09-09 01:45:30.933373",NULL,NULL,NULL,"60.16999816894531"
"112076","77412","61935","15160","302711","Cancelled","2022-03-16 12:18:42",NULL,NULL,NULL,"60.16999816894531"
"118990","82145","65769","17205","321271","Cancelled","2021-12-18 12:44:11",NULL,NULL,NULL,"60.16999816894531"
"41661","28655","22853","3771","112455","Shipped","2022-06-26 13:20:09","2022-06-25 12:59:00",NULL,NULL,"100.33999633789062"
"122361","84412","67570","3771","330378","Shipped","2022-08-31 11:52:04","2022-08-31 06:23:00",NULL,NULL,"100.33999633789062"
"46796","32226","25742","3771","126344","Complete","2021-05-22 09:14:25","2021-05-24 00:55:00","2021-05-26 08:42:00",NULL,"100.33999633789062"
"151409","104465","83817","3771","408918","Returned","2021-11-08 23:34:41","2021-11-10 13:46:00","2021-11-15 03:32:00","2021-11-18 03:07:00","100.33999633789062"
"97475","67367","53829","3771","263304","Cancelled","2022-01-03 12:06:17",NULL,NULL,NULL,"100.33999633789062"
"102932","71122","56849","3771","278017","Cancelled","2022-06-11 09:17:10",NULL,NULL,NULL,"100.33999633789062"
"70982","48869","39100","3771","191631","Processing","2022-08-27 11:52:54",NULL,NULL,NULL,"100.33999633789062"
"122815","84735","67813","3771","331623","Processing","2021-06-02 04:59:27",NULL,NULL,NULL,"100.33999633789062"
"175409","120967","96981","3771","473720","Processing","2022-06-23 04:27:39",NULL,NULL,NULL,"100.33999633789062"
"1920","1332","1073","22190","5196","Shipped","2022-03-09 01:10:09","2022-03-09 10:53:00",NULL,NULL,"153.42999267578125"
"62859","43276","34602","22190","169705","Shipped","2020-07-26 07:28:21","2020-07-27 09:38:00",NULL,NULL,"153.42999267578125"
"1075","744","623","22190","2897","Complete","2021-08-10 03:23:09","2021-08-07 02:23:00","2021-08-08 16:33:00",NULL,"153.42999267578125"
"44165","30387","24246","22190","119291","Complete","2019-08-03 08:39:28","2019-08-04 23:10:00","2019-08-06 07:28:00",NULL,"153.42999267578125"
"64403","44323","35456","22190","173884","Complete","2021-02-20 14:37:25","2021-02-20 12:31:00","2021-02-24 08:20:00",NULL,"153.42999267578125"
"129259","89144","71415","22190","349029","Complete","2021-03-24 23:42:58","2021-03-26 16:36:00","2021-03-29 15:56:00",NULL,"153.42999267578125"
"162806","112298","90050","22190","439629","Cancelled","2021-03-16 02:41:46",NULL,NULL,NULL,"153.42999267578125"
"164411","113410","90931","22190","444004","Processing","2019-05-21 00:04:53",NULL,NULL,NULL,"153.42999267578125"
"29695","20453","16331","3741","80275","Shipped","2022-08-03 02:31:21","2022-08-03 14:09:00",NULL,NULL,"16.209999084472656"
"51659","35602","28447","16510","139444","Shipped","2020-07-12 01:19:26","2020-07-09 05:28:00",NULL,NULL,"16.209999084472656"
"73483","50614","40503","3741","198415","Shipped","2020-01-24 10:55:00","2020-01-23 16:45:00",NULL,NULL,"16.209999084472656"
"91910","63506","50848","25812","248259","Shipped","2022-08-12 07:53:14","2022-08-10 18:48:00",NULL,NULL,"16.209999084472656"
"109063","75342","60234","16510","294607","Shipped","2022-03-09 07:23:46","2022-03-12 03:06:00",NULL,NULL,"16.209999084472656"
"116055","80141","64149","25812","313437","Shipped","2021-02-14 16:27:25","2021-02-15 08:46:00",NULL,NULL,"16.209999084472656"
"175134","120770","96829","16510","472963","Shipped","2020-11-16 04:02:23","2020-11-17 06:07:00",NULL,NULL,"16.209999084472656"
"177511","122422","98195","3741","479397","Shipped","2021-10-13 05:59:25","2021-10-14 22:37:00",NULL,NULL,"16.209999084472656"
"178493","123119","98757","25812","482036","Shipped","2021-02-04 01:44:22","2021-02-06 19:01:00",NULL,NULL,"16.209999084472656"
"5005","3414","2783","16510","13537","Complete","2022-08-21 04:27:52","2022-08-18 16:24:00","2022-08-19 18:24:00",NULL,"16.209999084472656"
"50635","34885","27836","3741","136671","Complete","2021-05-25 07:25:34","2021-05-26 05:29:00","2021-05-26 10:58:00",NULL,"16.209999084472656"
"95336","65896","52708","25812","257525","Complete","2022-03-22 21:13:51","2022-03-23 21:12:00","2022-03-27 16:04:00",NULL,"16.209999084472656"
"176582","121775","97673","25812","476912","Complete","2022-08-23 04:38:32","2022-08-20 08:22:00","2022-08-21 06:29:00",NULL,"16.209999084472656"
"58645","40423","32291","16510","158279","Returned","2020-03-19 07:35:47","2020-03-22 00:46:00","2020-03-24 16:58:00","2020-03-26 04:49:00","16.209999084472656"
"16181","11121","8934","16510","43795","Cancelled","2019-09-26 01:12:55",NULL,NULL,NULL,"16.209999084472656"
"29769","20506","16385","3741","80476","Cancelled","2021-07-12 06:09:52",NULL,NULL,NULL,"16.209999084472656"
"123443","85171","68162","16510","333294","Cancelled","2021-04-20 08:40:29",NULL,NULL,NULL,"16.209999084472656"
"158983","109666","87950","25812","429247","Cancelled","2020-04-07 11:20:34",NULL,NULL,NULL,"16.209999084472656"
"43901","30201","24074","3741","118572","Processing","2020-07-24 11:23:19",NULL,NULL,NULL,"16.209999084472656"
"51187","35286","28170","3741","138160","Processing","2021-09-21 13:37:59",NULL,NULL,NULL,"16.209999084472656"
"52395","36107","28843","16510","141393","Processing","2021-06-06 01:57:41",NULL,NULL,NULL,"16.209999084472656"
"108021","74624","59662","16510","291804","Processing","2022-05-12 14:28:23",NULL,NULL,NULL,"16.209999084472656"
"110952","76652","61316","25812","299654","Processing","2022-03-13 23:31:42",NULL,NULL,NULL,"16.209999084472656"
"117601","81182","65023","25812","317561","Processing","2022-07-08 05:54:27",NULL,NULL,NULL,"16.209999084472656"
"139190","96042","77011","16510","375870","Processing","2021-04-01 03:05:24",NULL,NULL,NULL,"16.209999084472656"
"45380","31251","24944","3758","122549","Complete","2022-07-14 09:16:15","2022-07-15 13:11:00","2022-07-19 06:48:00",NULL,"29.989999771118164"
"45547","31360","25035","5133","122988","Complete","2022-01-17 12:02:01","2022-01-18 00:39:00","2022-01-22 04:42:00",NULL,"29.989999771118164"
"46342","31895","25460","10145","125142","Complete","2022-09-04 13:29:43.514071","2022-09-07 13:34:13.514071","2022-09-08 22:33:13.514071",NULL,"29.989999771118164"
"46955","32339","25829","9792","126752","Complete","2020-05-13 02:07:20","2020-05-15 08:10:00","2020-05-18 06:47:00",NULL,"29.989999771118164"
"46969","32351","25840","17157","126786","Complete","2022-08-09 05:01:40","2022-08-10 11:43:00","2022-08-11 08:29:00",NULL,"29.989999771118164"
"47128","32474","25940","27384","127200","Complete","2021-09-23 09:41:38","2021-09-23 12:56:00","2021-09-24 21:21:00",NULL,"29.989999771118164"
"47272","32571","26007","18858","127600","Complete","2022-06-04 09:38:36","2022-06-02 17:47:00","2022-06-07 17:01:00",NULL,"29.989999771118164"
"47420","32673","26083","5427","127999","Complete","2020-06-26 04:37:10","2020-06-25 05:23:00","2020-06-30 04:55:00",NULL,"29.989999771118164"
"47567","32780","26174","24348","128389","Complete","2022-01-28 10:57:40","2022-01-27 20:59:00","2022-01-29 03:08:00",NULL,"29.989999771118164"
"47618","32810","26197","17157","128525","Complete","2020-11-27 08:17:56","2020-11-29 10:13:00","2020-12-01 00:52:00",NULL,"29.989999771118164"
"47702","32868","26249","23145","128752","Complete","2022-01-06 13:15:46","2022-01-03 03:47:00","2022-01-08 00:44:00",NULL,"29.989999771118164"
"47969","33049","26400","335","129480","Complete","2022-01-18 00:13:27","2022-01-17 23:08:00","2022-01-21 04:18:00",NULL,"29.989999771118164"
"48438","33380","26655","23115","130720","Complete","2022-05-17 14:15:49","2022-05-14 22:38:00","2022-05-18 17:41:00",NULL,"29.989999771118164"
"49507","34099","27223","3926","133633","Complete","2020-05-07 22:46:31","2020-05-09 18:32:00","2020-05-11 00:06:00",NULL,"29.989999771118164"
"49943","34392","27469","27346","134832","Complete","2020-04-06 17:09:55","2020-04-08 03:47:00","2020-04-09 19:25:00",NULL,"29.989999771118164"
"50121","34514","27555","21823","135301","Complete","2019-10-07 10:55:22","2019-10-07 22:59:00","2019-10-08 12:04:00",NULL,"29.989999771118164"
"50804","35016","27941","22134","137124","Complete","2021-10-28 15:32:24","2021-10-30 00:25:00","2021-11-01 18:17:00",NULL,"29.989999771118164"
"50824","35029","27953","12024","137181","Complete","2020-10-10 00:10:43","2020-10-12 17:11:00","2020-10-12 21:26:00",NULL,"29.989999771118164"
"50873","35068","27983","15397","137314","Complete","2022-02-15 08:35:28","2022-02-18 04:49:00","2022-02-21 19:04:00",NULL,"29.989999771118164"
"51464","35473","28341","5182","138917","Complete","2021-07-26 01:00:06","2021-07-28 18:53:00","2021-07-31 15:33:00",NULL,"29.989999771118164"
"52088","35897","28681","2081","140582","Complete","2022-08-28 12:12:14","2022-08-30 05:09:00","2022-08-30 16:39:00",NULL,"29.989999771118164"
"52109","35914","28693","1006","140641","Complete","2019-05-31 12:57:38","2019-05-30 18:05:00","2019-05-30 20:46:00",NULL,"29.989999771118164"
"52198","35970","28736","27384","140869","Complete","2021-12-25 03:32:41","2021-12-26 02:27:00","2021-12-29 09:55:00",NULL,"29.989999771118164"
"52459","36149","28875","23055","141568","Complete","2022-05-22 07:03:45","2022-05-23 03:13:00","2022-05-25 19:59:00",NULL,"29.989999771118164"
"52487","36170","28893","27201","141638","Complete","2021-04-29 05:43:27","2021-04-26 09:35:00","2021-04-27 21:01:00",NULL,"29.989999771118164"
"52532","36202","28919","11932","141765","Complete","2021-09-11 22:50:28","2021-09-14 13:25:00","2021-09-16 14:08:00",NULL,"29.989999771118164"
"52607","36256","28960","2899","141965","Complete","2019-11-27 07:42:37","2019-11-29 01:39:00","2019-12-03 11:51:00",NULL,"29.989999771118164"
"52707","36331","29019","396","142229","Complete","2020-09-26 03:41:53","2020-09-28 17:29:00","2020-10-01 04:01:00",NULL,"29.989999771118164"
"52928","36483","29158","16601","142818","Complete","2022-04-28 00:50:46","2022-04-28 07:12:00","2022-04-30 09:02:00",NULL,"29.989999771118164"
"52971","36515","29177","2091","142935","Complete","2022-04-24 11:30:42","2022-04-23 22:45:00","2022-04-24 19:40:00",NULL,"29.989999771118164"
"53304","36738","29362","27609","143843","Complete","2021-11-04 16:51:28","2021-11-05 01:08:00","2021-11-09 02:58:00",NULL,"29.989999771118164"
"53525","36883","29468","16903","144434","Complete","2020-06-25 08:00:50","2020-06-23 04:34:00","2020-06-26 20:30:00",NULL,"29.989999771118164"
"53527","36884","29469","204","144439","Complete","2021-08-04 10:09:32","2021-08-06 14:01:00","2021-08-08 01:29:00",NULL,"29.989999771118164"
"53790","37069","29605","21032","145172","Complete","2021-01-12 18:21:40","2021-01-14 10:20:00","2021-01-14 16:13:00",NULL,"29.989999771118164"
"54102","37282","29794","21947","146003","Complete","2020-10-28 03:27:58","2020-10-31 00:01:00","2020-10-31 08:42:00",NULL,"29.989999771118164"
"54110","37290","29799","22666","146023","Complete","2021-09-17 08:21:23","2021-09-14 12:11:00","2021-09-15 03:35:00",NULL,"29.989999771118164"
"54119","37296","29802","16484","146046","Complete","2021-07-05 16:37:46","2021-07-05 01:08:00","2021-07-08 19:03:00",NULL,"29.989999771118164"
"54331","37436","29914","26973","146613","Complete","2021-07-27 00:18:36","2021-07-26 14:07:00","2021-07-31 03:30:00",NULL,"29.989999771118164"
"54497","37564","30012","4448","147050","Complete","2021-09-26 15:21:32","2021-09-28 06:09:00","2021-09-29 15:08:00",NULL,"29.989999771118164"
"54861","37817","30207","24343","148051","Complete","2021-02-11 09:52:14","2021-02-14 08:34:00","2021-02-15 09:54:00",NULL,"29.989999771118164"
"55079","37975","30336","20651","148617","Complete","2022-08-29 01:17:39","2022-08-28 00:35:00","2022-08-28 14:17:00",NULL,"29.989999771118164"
"55395","38182","30507","20769","149464","Complete","2022-03-09 09:17:50","2022-03-07 03:58:00","2022-03-08 16:10:00",NULL,"29.989999771118164"
"56066","38648","30896","5465","151304","Complete","2022-06-02 06:01:28","2022-06-03 06:21:00","2022-06-07 18:57:00",NULL,"29.989999771118164"
"56362","38850","31060","8299","152115","Complete","2022-08-07 17:02:52","2022-08-09 17:14:00","2022-08-10 17:19:00",NULL,"29.989999771118164"
"56396","38872","31075","12024","152211","Complete","2021-09-02 23:17:17","2021-09-04 07:03:00","2021-09-04 10:38:00",NULL,"29.989999771118164"
"56633","39037","31202","27996","152853","Complete","2021-04-17 01:00:10","2021-04-17 09:54:00","2021-04-18 12:15:00",NULL,"29.989999771118164"
"57026","39302","31417","3028","153908","Complete","2019-10-28 15:47:24","2019-10-26 04:33:00","2019-10-26 14:02:00",NULL,"29.989999771118164"
"57068","39335","31441","23304","154026","Complete","2020-01-08 12:45:49","2020-01-09 06:18:00","2020-01-12 02:41:00",NULL,"29.989999771118164"
"57247","39458","31537","21677","154509","Complete","2022-04-21 09:11:13","2022-04-21 00:34:00","2022-04-23 04:34:00",NULL,"29.989999771118164"
"57276","39481","31550","13755","154595","Complete","2022-07-15 11:52:32","2022-07-17 20:03:00","2022-07-20 00:19:00",NULL,"29.989999771118164"
"57346","39529","31589","17060","154778","Complete","2022-03-26 17:13:17","2022-03-29 13:42:00","2022-03-31 19:43:00",NULL,"29.989999771118164"
"57687","39757","31769","16135","155682","Complete","2022-02-01 01:21:02","2022-01-30 14:26:00","2022-02-04 11:03:00",NULL,"29.989999771118164"
"57932","39923","31907","12824","156337","Complete","2021-03-21 11:36:37","2021-03-20 02:10:00","2021-03-20 20:25:00",NULL,"29.989999771118164"
"58330","40215","32128","5734","157418","Complete","2020-08-13 00:22:21","2020-08-14 11:25:00","2020-08-16 22:30:00",NULL,"29.989999771118164"
"58333","40218","32129","4345","157429","Complete","2022-03-16 23:40:04","2022-03-18 19:04:00","2022-03-19 02:34:00",NULL,"29.989999771118164"
"59443","40957","32710","7125","160446","Complete","2022-07-08 00:33:42","2022-07-10 03:24:00","2022-07-14 14:03:00",NULL,"29.989999771118164"
"59482","40988","32733","10318","160555","Complete","2021-03-30 10:55:47","2021-03-30 10:47:00","2021-03-31 18:12:00",NULL,"29.989999771118164"
"59498","40998","32743","22185","160598","Complete","2022-06-27 02:44:32","2022-06-25 11:23:00","2022-06-25 23:21:00",NULL,"29.989999771118164"
"59762","41171","32893","17413","161327","Complete","2020-11-27 13:29:47","2020-11-25 10:49:00","2020-11-27 02:53:00",NULL,"29.989999771118164"
"60056","41368","33046","15435","162148","Complete","2022-05-29 13:35:02","2022-06-01 06:12:00","2022-06-02 12:45:00",NULL,"29.989999771118164"
"60558","41704","33346","5393","163495","Complete","2022-09-02 10:44:28.148455","2022-09-04 10:45:42.148455","2022-09-08 20:14:42.148455",NULL,"29.989999771118164"
"60691","41797","33408","22967","163850","Complete","2022-01-11 04:37:24","2022-01-11 06:13:00","2022-01-13 07:20:00",NULL,"29.989999771118164"
"60711","41811","33422","21731","163908","Complete","2022-04-20 18:05:23","2022-04-23 12:08:00","2022-04-27 16:54:00",NULL,"29.989999771118164"
"60995","42007","33574","6059","164660","Complete","2022-03-29 10:51:25","2022-03-29 05:23:00","2022-04-01 04:33:00",NULL,"29.989999771118164"
"61145","42103","33654","23305","165074","Complete","2022-04-12 02:08:24","2022-04-08 11:55:00","2022-04-08 14:40:00",NULL,"29.989999771118164"
"62488","43032","34406","26499","168690","Complete","2020-05-13 08:29:58","2020-05-13 18:38:00","2020-05-16 09:45:00",NULL,"29.989999771118164"
"62500","43041","34412","21964","168722","Complete","2022-07-31 15:55:02","2022-08-02 15:55:00","2022-08-04 15:21:00",NULL,"29.989999771118164"
"62776","43224","34566","5232","169480","Complete","2020-03-14 04:01:38","2020-03-13 01:28:00","2020-03-17 06:07:00",NULL,"29.989999771118164"
"62889","43299","34621","21154","169784","Complete","2022-08-09 08:01:20","2022-08-10 18:04:00","2022-08-10 20:43:00",NULL,"29.989999771118164"
"63113","43456","34745","4074","170407","Complete","2021-06-28 08:48:27","2021-06-26 01:01:00","2021-06-29 20:13:00",NULL,"29.989999771118164"
"63114","43456","34745","11304","170410","Complete","2021-06-28 05:38:15","2021-06-26 01:01:00","2021-06-29 20:13:00",NULL,"29.989999771118164"
"63289","43576","34842","1621","170890","Complete","2022-04-17 23:18:25","2022-04-20 20:59:00","2022-04-25 19:57:00",NULL,"29.989999771118164"
"63301","43583","34846","16695","170926","Complete","2021-09-11 10:33:42","2021-09-09 07:54:00","2021-09-13 00:54:00",NULL,"29.989999771118164"
"63891","43983","35179","14936","172472","Complete","2021-04-17 23:40:23","2021-04-20 22:23:00","2021-04-21 17:52:00",NULL,"29.989999771118164"
"63957","44029","35217","22405","172668","Complete","2022-03-28 13:53:15","2022-03-27 04:26:00","2022-03-30 00:27:00",NULL,"29.989999771118164"
"64638","44495","35598","16772","174518","Complete","2022-03-29 17:14:09","2022-03-29 05:11:00","2022-04-01 09:02:00",NULL,"29.989999771118164"
"65307","44970","35952","23304","176343","Complete","2022-02-13 12:39:49","2022-02-14 19:23:00","2022-02-14 23:38:00",NULL,"29.989999771118164"
"65489","45098","36048","16569","176844","Complete","2021-03-28 08:30:37","2021-03-29 01:11:00","2021-04-02 04:42:00",NULL,"29.989999771118164"
"65802","45300","36209","28947","177680","Complete","2022-04-14 01:58:00","2022-04-11 14:41:00","2022-04-15 07:41:00",NULL,"29.989999771118164"
"66263","45605","36454","26158","178934","Complete","2022-06-24 03:55:24","2022-06-23 23:29:00","2022-06-27 22:25:00",NULL,"29.989999771118164"
"66276","45612","36462","10108","178970","Complete","2022-04-14 13:10:09","2022-04-12 09:28:00","2022-04-15 01:11:00",NULL,"29.989999771118164"
"66305","45630","36473","26936","179049","Complete","2020-05-22 13:04:19","2020-05-24 10:52:00","2020-05-28 05:43:00",NULL,"29.989999771118164"
"66320","45640","36481","18142","179087","Complete","2021-04-06 04:25:43","2021-04-08 07:40:00","2021-04-11 18:55:00",NULL,"29.989999771118164"
"66487","45743","36581","9536","179524","Complete","2021-09-27 05:51:41","2021-09-26 17:36:00","2021-09-29 23:37:00",NULL,"29.989999771118164"
"66554","45792","36610","20284","179706","Complete","2021-11-07 06:49:23","2021-11-08 13:59:00","2021-11-12 09:08:00",NULL,"29.989999771118164"
"66604","45820","36646","6285","179831","Complete","2022-09-03 05:51:16.151766","2022-09-04 17:02:09.151766","2022-09-05 13:53:09.151766",NULL,"29.989999771118164"
"66688","45881","36692","16661","180061","Complete","2022-01-30 08:33:48","2022-01-31 05:02:00","2022-02-01 11:31:00",NULL,"29.989999771118164"
"66962","46067","36841","16417","180804","Complete","2022-03-03 02:27:01","2022-03-03 20:54:00","2022-03-05 06:31:00",NULL,"29.989999771118164"
"67313","46319","37039","21823","181775","Complete","2022-04-20 01:57:49","2022-04-20 10:28:00","2022-04-24 16:20:00",NULL,"29.989999771118164"
"67921","46737","37389","13560","183386","Complete","2019-07-02 15:39:00","2019-07-05 11:06:00","2019-07-06 21:15:00",NULL,"29.989999771118164"
"67985","46778","37421","2918","183557","Complete","2021-03-09 09:38:04","2021-03-07 17:43:00","2021-03-11 18:59:00",NULL,"29.989999771118164"
"68232","46959","37565","21964","184221","Complete","2021-09-14 12:21:07","2021-09-12 08:27:00","2021-09-15 14:58:00",NULL,"29.989999771118164"
"68578","47200","37754","16509","185127","Complete","2022-07-14 04:55:12","2022-07-14 17:39:00","2022-07-17 23:09:00",NULL,"29.989999771118164"
"68672","47261","37798","18763","185380","Complete","2021-09-07 04:31:15","2021-09-09 12:57:00","2021-09-13 03:22:00",NULL,"29.989999771118164"
"68823","47369","37883","18858","185793","Complete","2021-12-07 15:10:39","2021-12-08 14:04:00","2021-12-09 09:11:00",NULL,"29.989999771118164"
"68845","47385","37895","21823","185859","Complete","2022-04-06 06:06:43","2022-04-03 12:38:00","2022-04-03 20:38:00",NULL,"29.989999771118164"
"68846","47386","37896","734","185862","Complete","2021-05-14 06:18:40","2021-05-13 02:36:00","2021-05-17 11:40:00",NULL,"29.989999771118164"
"68891","47419","37922","16292","185981","Complete","2022-01-29 01:59:29","2022-01-27 09:56:00","2022-01-28 07:01:00",NULL,"29.989999771118164"
"70021","48209","38549","16117","189027","Complete","2022-02-26 01:46:32","2022-02-27 02:57:00","2022-03-02 00:43:00",NULL,"29.989999771118164"
"70079","48251","38584","14936","189178","Complete","2021-11-02 02:20:13","2021-11-01 10:57:00","2021-11-04 09:20:00",NULL,"29.989999771118164"
"70355","48452","38751","16772","189949","Complete","2022-08-29 02:22:41","2022-08-29 13:00:00","2022-08-29 17:48:00",NULL,"29.989999771118164"
"70459","48525","38809","5937","190224","Complete","2022-01-12 13:25:08","2022-01-13 23:41:00","2022-01-18 20:07:00",NULL,"29.989999771118164"
"70477","48540","38821","17177","190271","Complete","2019-08-10 10:13:15","2019-08-09 15:44:00","2019-08-11 12:10:00",NULL,"29.989999771118164"
"70491","48548","38829","28936","190306","Complete","2021-08-22 10:20:39","2021-08-22 21:32:00","2021-08-24 22:33:00",NULL,"29.989999771118164"
"71090","48943","39156","8287","191920","Complete","2022-08-05 05:22:44","2022-08-03 02:00:00","2022-08-06 03:51:00",NULL,"29.989999771118164"
"71473","49218","39391","8902","192974","Complete","2021-11-15 00:11:40","2021-11-16 01:23:00","2021-11-19 10:44:00",NULL,"29.989999771118164"
"71505","49241","39407","27016","193056","Complete","2021-03-27 11:01:15","2021-03-29 15:35:00","2021-03-30 00:00:00",NULL,"29.989999771118164"
"71644","49340","39489","27996","193420","Complete","2022-04-27 05:18:34","2022-04-28 18:37:00","2022-04-30 16:56:00",NULL,"29.989999771118164"
"71649","49345","39493","7169","193432","Complete","2022-08-08 04:51:05","2022-08-08 22:30:00","2022-08-12 08:14:00",NULL,"29.989999771118164"
"71781","49439","39577","23009","193789","Complete","2020-11-02 12:01:23","2020-11-03 17:28:00","2020-11-04 16:30:00",NULL,"29.989999771118164"
"71836","49481","39615","4320","193929","Complete","2022-06-14 14:32:08","2022-06-12 22:12:00","2022-06-13 20:20:00",NULL,"29.989999771118164"
"71847","49487","39620","17413","193957","Complete","2020-09-20 14:34:20","2020-09-18 13:03:00","2020-09-22 10:28:00",NULL,"29.989999771118164"
"71945","49556","39674","3459","194220","Complete","2022-07-01 15:05:21","2022-07-04 00:16:00","2022-07-04 08:36:00",NULL,"29.989999771118164"
"72345","49824","39882","1126","195312","Complete","2022-08-31 03:55:51","2022-08-31 11:38:00","2022-09-01 23:58:00",NULL,"29.989999771118164"
"72924","50237","40213","27996","196903","Complete","2022-02-06 08:49:16","2022-02-07 22:33:00","2022-02-11 10:15:00",NULL,"29.989999771118164"
"73161","50398","40345","21947","197549","Complete","2022-05-16 14:08:04","2022-05-18 05:12:00","2022-05-19 18:12:00",NULL,"29.989999771118164"
"73290","50482","40409","243","197894","Complete","2020-04-30 13:29:14","2020-05-02 13:55:00","2020-05-05 17:39:00",NULL,"29.989999771118164"
"74020","50993","40802","27140","199862","Complete","2022-08-31 11:05:52","2022-09-02 01:47:00","2022-09-06 06:15:00",NULL,"29.989999771118164"
"74214","51127","40923","20651","200393","Complete","2021-03-22 08:58:05","2021-03-20 22:55:00","2021-03-24 17:40:00",NULL,"29.989999771118164"
"74279","51173","40958","28313","200562","Complete","2022-06-10 12:28:14","2022-06-11 06:20:00","2022-06-13 18:56:00",NULL,"29.989999771118164"
"74423","51277","41023","22909","200950","Complete","2021-10-03 10:01:30","2021-10-03 17:24:00","2021-10-08 10:32:00",NULL,"29.989999771118164"
"74444","51291","41037","14109","201008","Complete","2022-04-25 01:56:39","2022-04-26 23:01:00","2022-04-27 11:47:00",NULL,"29.989999771118164"
"74860","51580","41278","20636","202117","Complete","2021-05-21 14:03:03","2021-05-24 13:09:00","2021-05-26 04:17:00",NULL,"29.989999771118164"
"74929","51628","41313","26973","202305","Complete","2022-02-08 04:41:01","2022-02-10 04:33:00","2022-02-15 03:26:00",NULL,"29.989999771118164"
"75258","51855","41483","10189","203180","Complete","2022-03-27 06:43:31","2022-03-23 18:36:00","2022-03-25 01:29:00",NULL,"29.989999771118164"
"75294","51883","41507","6686","203278","Complete","2021-11-11 09:56:23","2021-11-11 12:26:00","2021-11-15 08:06:00",NULL,"29.989999771118164"
"75931","52328","41890","21710","205040","Complete","2022-07-03 11:01:43","2022-07-04 14:03:00","2022-07-08 16:58:00",NULL,"29.989999771118164"
"76010","52381","41932","7002","205260","Complete","2020-06-28 08:09:17","2020-06-30 05:52:00","2020-07-02 10:06:00",NULL,"29.989999771118164"
"76325","52608","42098","14815","206110","Complete","2022-07-26 12:06:59","2022-07-27 14:45:00","2022-07-27 19:45:00",NULL,"29.989999771118164"
"76589","52791","42241","6137","206806","Complete","2022-01-22 05:49:37","2022-01-23 05:28:00","2022-01-24 00:40:00",NULL,"29.989999771118164"
"76961","53065","42455","20769","207823","Complete","2022-05-01 00:33:11","2022-05-01 05:30:00","2022-05-04 02:09:00",NULL,"29.989999771118164"
"77042","53121","42501","22483","208024","Complete","2021-05-24 15:09:31","2021-05-25 04:13:00","2021-05-28 21:04:00",NULL,"29.989999771118164"
"77158","53197","42564","28954","208328","Complete","2022-08-02 21:42:42","2022-08-01 02:20:00","2022-08-03 23:02:00",NULL,"29.989999771118164"
"77194","53219","42586","21824","208420","Complete","2021-11-24 01:31:01","2021-11-24 17:07:00","2021-11-26 21:03:00",NULL,"29.989999771118164"
"77576","53487","42800","13490","209418","Complete","2021-04-10 23:35:29","2021-04-11 18:45:00","2021-04-13 07:13:00",NULL,"29.989999771118164"
"77835","53667","42942","14936","210120","Complete","2022-08-31 04:14:03","2022-09-01 08:06:00","2022-09-05 10:45:00",NULL,"29.989999771118164"
"77840","53670","42944","5691","210137","Complete","2020-01-22 14:06:28","2020-01-23 04:26:00","2020-01-27 13:53:00",NULL,"29.989999771118164"
"77924","53729","42985","27384","210371","Complete","2022-04-29 08:25:43","2022-05-02 01:14:00","2022-05-04 01:45:00",NULL,"29.989999771118164"
"78112","53865","43086","26868","210879","Complete","2022-05-03 06:49:43","2022-05-02 06:46:00","2022-05-02 10:07:00",NULL,"29.989999771118164"
"78403","54059","43248","16903","211654","Complete","2022-08-27 01:51:16","2022-08-27 07:42:00","2022-09-01 06:23:00",NULL,"29.989999771118164"
"78572","54169","43364","7661","212110","Complete","2021-08-21 06:05:03","2021-08-21 07:57:00","2021-08-21 11:47:00",NULL,"29.989999771118164"
"78750","54297","43466","21777","212601","Complete","2021-09-09 06:15:45","2021-09-11 02:44:00","2021-09-12 21:01:00",NULL,"29.989999771118164"
"78959","54441","43560","335","213170","Complete","2020-11-13 13:35:38","2020-11-13 00:53:00","2020-11-14 18:43:00",NULL,"29.989999771118164"
"78997","54465","43584","27609","213283","Complete","2022-01-21 02:42:11","2022-01-17 04:18:00","2022-01-19 05:30:00",NULL,"29.989999771118164"
"79223","54621","43698","5140","213906","Complete","2021-05-17 11:45:42","2021-05-18 03:07:00","2021-05-20 02:50:00",NULL,"29.989999771118164"
"80029","55187","44142","6686","216088","Complete","2022-04-22 09:21:08","2022-04-24 02:49:00","2022-04-25 05:30:00",NULL,"29.989999771118164"
"80044","55196","44145","21154","216126","Complete","2022-07-10 02:31:44","2022-07-13 01:14:00","2022-07-15 12:39:00",NULL,"29.989999771118164"
"80176","55298","44222","23055","216486","Complete","2022-02-18 14:13:14","2022-02-19 02:24:00","2022-02-20 09:22:00",NULL,"29.989999771118164"
"80245","55344","44251","12843","216684","Complete","2021-12-31 04:47:39","2022-01-02 23:49:00","2022-01-04 08:48:00",NULL,"29.989999771118164"
"80412","55459","44342","219","217136","Complete","2022-02-24 13:00:39","2022-02-24 09:38:00","2022-02-27 15:52:00",NULL,"29.989999771118164"
"80489","55515","44382","11422","217349","Complete","2022-06-13 16:18:00","2022-06-10 21:47:00","2022-06-13 09:43:00",NULL,"29.989999771118164"
"80670","55633","44467","23086","217853","Complete","2022-08-07 00:26:20","2022-08-06 21:19:00","2022-08-07 00:20:00",NULL,"29.989999771118164"
"80928","55807","44619","25727","218570","Complete","2022-06-21 07:56:20","2022-06-22 20:40:00","2022-06-25 00:23:00",NULL,"29.989999771118164"
"81718","56379","45069","230","220682","Complete","2022-08-27 18:15:17","2022-08-29 22:34:00","2022-09-02 15:30:00",NULL,"29.989999771118164"
"82054","56617","45263","1879","221573","Complete","2022-01-30 01:00:14","2022-01-31 08:22:00","2022-02-03 17:58:00",NULL,"29.989999771118164"
"82154","56694","45343","3074","221838","Complete","2021-02-15 11:23:47","2021-02-15 16:12:00","2021-02-16 17:11:00",NULL,"29.989999771118164"
"82699","57089","45634","19013","223348","Complete","2021-09-20 06:30:33","2021-09-19 13:07:00","2021-09-19 22:48:00",NULL,"29.989999771118164"
"83071","57361","45854","23257","224351","Complete","2022-06-11 14:53:26","2022-06-12 19:44:00","2022-06-15 06:22:00",NULL,"29.989999771118164"
"83340","57547","46003","12358","225088","Complete","2022-04-22 09:08:20","2022-04-21 18:01:00","2022-04-26 15:50:00",NULL,"29.989999771118164"
"83404","57592","46038","396","225254","Complete","2022-02-28 16:57:03","2022-02-25 19:00:00","2022-02-26 00:22:00",NULL,"29.989999771118164"
"83758","57846","46249","2526","226210","Complete","2021-07-05 04:42:34","2021-07-05 07:51:00","2021-07-08 15:49:00",NULL,"29.989999771118164"
"83811","57881","46280","9831","226360","Complete","2021-11-05 05:13:15","2021-11-05 15:05:00","2021-11-09 04:01:00",NULL,"29.989999771118164"
"83923","57957","46345","2467","226674","Complete","2020-07-21 13:58:48","2020-07-20 16:55:00","2020-07-22 00:30:00",NULL,"29.989999771118164"
"83933","57965","46353","5790","226704","Complete","2022-08-27 11:37:52","2022-08-27 19:07:00","2022-08-29 02:56:00",NULL,"29.989999771118164"
"84049","58052","46415","11304","227011","Complete","2020-12-22 09:18:42","2020-12-24 06:40:00","2020-12-24 09:26:00",NULL,"29.989999771118164"
"84166","58138","46478","23257","227330","Complete","2021-07-04 18:18:58","2021-07-06 09:32:00","2021-07-09 02:44:00",NULL,"29.989999771118164"
"84236","58190","46529","14969","227517","Complete","2021-02-04 14:13:36","2021-02-05 07:43:00","2021-02-09 13:19:00",NULL,"29.989999771118164"
"84510","58388","46702","15104","228249","Complete","2022-04-28 10:17:32","2022-04-29 02:38:00","2022-05-03 00:15:00",NULL,"29.989999771118164"
"85600","59153","47296","27201","231220","Complete","2021-08-02 11:10:12","2021-08-03 22:35:00","2021-08-05 07:51:00",NULL,"29.989999771118164"
"85970","59405","47519","15552","232216","Complete","2022-09-05 00:18:04.497149","2022-09-01 17:19:58.497149","2022-09-02 01:09:58.497149",NULL,"29.989999771118164"
"86295","59629","47708","18429","233099","Complete","2022-01-15 14:18:28","2022-01-15 18:41:00","2022-01-17 10:06:00",NULL,"29.989999771118164"
"86322","59649","47724","12204","233176","Complete","2022-06-08 14:57:38","2022-06-11 09:29:00","2022-06-13 17:27:00",NULL,"29.989999771118164"
"86861","60024","48022","12813","234649","Complete","2021-10-28 23:53:21","2021-10-29 08:44:00","2021-11-01 06:04:00",NULL,"29.989999771118164"
"87068","60171","48155","26877","235211","Complete","2021-05-08 23:22:17","2021-05-09 14:52:00","2021-05-13 11:42:00",NULL,"29.989999771118164"
"87332","60344","48300","16664","235930","Complete","2022-07-19 00:06:13","2022-07-19 05:33:00","2022-07-22 15:38:00",NULL,"29.989999771118164"
"87607","60536","48470","28128","236666","Complete","2021-12-19 04:15:27","2021-12-20 01:55:00","2021-12-23 09:35:00",NULL,"29.989999771118164"
"87826","60693","48599","5159","237252","Complete","2020-07-23 12:38:27","2020-07-24 16:18:00","2020-07-29 02:51:00",NULL,"29.989999771118164"
"88348","61053","48880","9727","238671","Complete","2021-10-02 11:13:16","2021-09-28 17:00:00","2021-10-02 20:34:00",NULL,"29.989999771118164"
"88512","61173","48991","17867","239122","Complete","2022-01-26 15:33:18","2022-01-24 11:03:00","2022-01-28 02:40:00",NULL,"29.989999771118164"
"88771","61364","49140","136","239841","Complete","2020-10-07 13:13:13","2020-10-05 10:10:00","2020-10-07 22:34:00",NULL,"29.989999771118164"
"89183","61644","49352","5809","240924","Complete","2021-06-26 03:12:04","2021-06-25 02:07:00","2021-06-27 14:43:00",NULL,"29.989999771118164"
"89601","61939","49585","20636","242042","Complete","2022-08-30 00:15:08","2022-08-31 04:42:00","2022-09-03 21:37:00",NULL,"29.989999771118164"
"89752","62043","49662","3758","242464","Complete","2021-05-16 12:19:43","2021-05-16 19:28:00","2021-05-17 14:27:00",NULL,"29.989999771118164"
"89954","62177","49770","10145","242993","Complete","2022-02-12 11:08:52","2022-02-14 03:49:00","2022-02-15 22:44:00",NULL,"29.989999771118164"
"90512","62559","50080","12824","244518","Complete","2021-11-24 08:49:56","2021-11-23 16:49:00","2021-11-26 07:33:00",NULL,"29.989999771118164"
"90798","62747","50229","17286","245287","Complete","2022-08-29 12:20:10","2022-09-01 08:28:00","2022-09-03 09:54:00",NULL,"29.989999771118164"
"90872","62795","50276","2287","245480","Complete","2021-03-01 01:41:28","2021-03-03 09:27:00","2021-03-08 02:48:00",NULL,"29.989999771118164"
"90899","62814","50294","11422","245548","Complete","2021-10-30 06:13:40","2021-11-01 15:29:00","2021-11-05 02:45:00",NULL,"29.989999771118164"
"90972","62868","50335","10077","245741","Complete","2022-09-02 13:06:31.837318","2022-09-04 05:53:14.837318","2022-09-04 21:52:14.837318",NULL,"29.989999771118164"
"91193","63012","50451","6059","246348","Complete","2022-08-05 11:40:50","2022-08-07 00:08:00","2022-08-10 15:35:00",NULL,"29.989999771118164"
"91234","63040","50463","7137","246455","Complete","2021-11-12 21:55:48","2021-11-15 22:14:00","2021-11-17 12:20:00",NULL,"29.989999771118164"
"91318","63097","50513","12787","246688","Complete","2022-07-11 15:47:48","2022-07-13 11:28:00","2022-07-17 09:03:00",NULL,"29.989999771118164"
"91384","63147","50558","16234","246850","Complete","2022-03-24 13:43:47","2022-03-24 12:02:00","2022-03-25 10:39:00",NULL,"29.989999771118164"
"91674","63345","50718","20941","247632","Complete","2020-04-27 18:34:53","2020-04-28 08:35:00","2020-04-28 15:31:00",NULL,"29.989999771118164"
"91803","63432","50784","1832","247979","Complete","2021-07-25 06:57:34","2021-07-27 00:51:00","2021-07-27 11:08:00",NULL,"29.989999771118164"
"92224","63725","51023","15527","249093","Complete","2022-08-15 12:55:51","2022-08-18 07:45:00","2022-08-18 14:48:00",NULL,"29.989999771118164"
"93187","64396","51522","16463","251682","Complete","2021-04-29 12:16:05","2021-04-28 17:44:00","2021-05-02 22:04:00",NULL,"29.989999771118164"
"93324","64493","51607","25616","252037","Complete","2020-09-23 02:00:50","2020-09-24 17:45:00","2020-09-29 13:28:00",NULL,"29.989999771118164"
"94195","65075","52059","10202","254419","Complete","2022-08-04 04:42:05","2022-08-04 21:29:00","2022-08-08 15:37:00",NULL,"29.989999771118164"
"94498","65284","52231","18941","255263","Complete","2020-05-18 09:31:01","2020-05-20 22:40:00","2020-05-25 20:06:00",NULL,"29.989999771118164"
"94568","65330","52266","21824","255453","Complete","2021-12-19 07:49:59","2021-12-16 21:43:00","2021-12-20 13:52:00",NULL,"29.989999771118164"
"94633","65373","52299","941","255624","Complete","2022-07-28 03:26:12","2022-07-28 03:18:00","2022-07-30 12:57:00",NULL,"29.989999771118164"
"94692","65412","52336","6099","255798","Complete","2022-06-23 17:10:02","2022-06-22 20:08:00","2022-06-26 08:58:00",NULL,"29.989999771118164"
"95575","66064","52834","16417","258172","Complete","2022-06-09 04:50:12","2022-06-07 15:53:00","2022-06-11 19:59:00",NULL,"29.989999771118164"
"95651","66113","52871","16664","258384","Complete","2022-07-15 12:42:34","2022-07-15 11:25:00","2022-07-15 22:42:00",NULL,"29.989999771118164"
"95951","66316","53028","17857","259190","Complete","2022-03-13 11:44:53","2022-03-10 10:26:00","2022-03-11 01:42:00",NULL,"29.989999771118164"
"95955","66318","53028","18429","259204","Complete","2022-02-07 09:18:15","2022-02-08 16:44:00","2022-02-09 15:38:00",NULL,"29.989999771118164"
"96600","66751","53359","16292","260915","Complete","2022-08-24 23:11:48","2022-08-24 16:26:00","2022-08-26 20:37:00",NULL,"29.989999771118164"
"96632","66773","53374","16484","261010","Complete","2021-04-05 23:38:22","2021-04-08 10:29:00","2021-04-10 01:19:00",NULL,"29.989999771118164"
"97090","67093","53607","16772","262258","Complete","2021-10-05 23:06:36","2021-10-07 16:52:00","2021-10-10 07:02:00",NULL,"29.989999771118164"
"97196","67171","53669","2053","262549","Complete","2022-01-16 05:49:58","2022-01-13 06:42:00","2022-01-14 17:44:00",NULL,"29.989999771118164"
"97343","67278","53755","2526","262939","Complete","2022-02-07 01:08:52","2022-02-07 10:58:00","2022-02-11 13:09:00",NULL,"29.989999771118164"
"97641","67481","53934","14935","263760","Complete","2022-05-28 21:28:14","2022-05-27 22:40:00","2022-05-30 03:03:00",NULL,"29.989999771118164"
"97671","67505","53951","12843","263847","Complete","2022-06-06 06:50:25","2022-06-08 06:08:00","2022-06-09 10:57:00",NULL,"29.989999771118164"
"97702","67525","53964","12824","263928","Complete","2022-05-16 04:38:57","2022-05-14 10:19:00","2022-05-17 05:52:00",NULL,"29.989999771118164"
"97910","67663","54067","1168","264498","Complete","2022-05-04 08:12:46","2022-04-30 19:37:00","2022-05-04 21:10:00",NULL,"29.989999771118164"
"98043","67753","54132","1607","264859","Complete","2021-08-02 16:35:40","2021-07-31 20:57:00","2021-08-03 13:54:00",NULL,"29.989999771118164"
"98711","68201","54519","4448","266658","Complete","2022-01-21 21:47:38","2022-01-20 06:53:00","2022-01-21 20:43:00",NULL,"29.989999771118164"
"98876","68318","54621","28301","267090","Complete","2021-12-05 14:32:15","2021-12-05 10:02:00","2021-12-07 11:34:00",NULL,"29.989999771118164"
"98955","68373","54662","9727","267304","Complete","2022-08-31 14:01:59","2022-09-01 10:09:00","2022-09-05 15:47:00",NULL,"29.989999771118164"
"98997","68405","54694","28789","267423","Complete","2022-08-29 08:24:40","2022-08-30 03:24:00","2022-09-03 03:39:00",NULL,"29.989999771118164"
"99431","68715","54943","27702","268577","Complete","2021-12-17 14:49:59","2021-12-18 13:09:00","2021-12-19 07:07:00",NULL,"29.989999771118164"
"99920","69064","55223","15527","269892","Complete","2022-08-05 10:05:18","2022-08-07 19:19:00","2022-08-08 01:59:00",NULL,"29.989999771118164"
"100521","69465","55558","16428","271474","Complete","2022-04-15 08:57:16","2022-04-14 20:52:00","2022-04-15 13:48:00",NULL,"29.989999771118164"
"100556","69490","55579","16772","271560","Complete","2022-08-02 00:55:39","2022-08-03 17:21:00","2022-08-06 09:33:00",NULL,"29.989999771118164"
"100685","69576","55645","20651","271922","Complete","2022-08-21 10:15:30","2022-08-22 13:57:00","2022-08-23 14:38:00",NULL,"29.989999771118164"
"101849","70384","56277","504","275063","Complete","2022-07-10 12:42:55","2022-07-12 16:08:00","2022-07-15 17:26:00",NULL,"29.989999771118164"
"101889","70417","56300","21823","275180","Complete","2022-05-24 04:57:03","2022-05-21 04:52:00","2022-05-26 00:41:00",NULL,"29.989999771118164"
"102333","70711","56539","10284","276413","Complete","2022-09-03 02:23:14.379608","2022-09-05 12:17:57.379608","2022-09-09 00:03:57.379608",NULL,"29.989999771118164"
"102783","71010","56759","5298","277627","Complete","2022-04-24 13:44:08","2022-04-22 17:44:00","2022-04-24 01:22:00",NULL,"29.989999771118164"
"103194","71305","56997","18174","278735","Complete","2022-01-07 07:00:18","2022-01-05 19:08:00","2022-01-10 04:46:00",NULL,"29.989999771118164"
"103290","71370","57051","734","279001","Complete","2022-09-05 01:02:39","2022-09-07 04:42:00","2022-09-07 17:59:00",NULL,"29.989999771118164"
"103503","71527","57184","14117","279578","Complete","2022-05-05 20:49:20","2022-05-06 13:34:00","2022-05-08 05:13:00",NULL,"29.989999771118164"
"103614","71609","57250","26158","279889","Complete","2021-04-04 23:50:40","2021-04-06 11:26:00","2021-04-09 10:54:00",NULL,"29.989999771118164"
"104063","71913","57500","7137","281099","Complete","2021-03-20 16:08:52","2021-03-23 07:44:00","2021-03-28 01:10:00",NULL,"29.989999771118164"
"104199","72008","57573","27609","281469","Complete","2020-10-25 04:06:21","2020-10-25 19:46:00","2020-10-30 09:52:00",NULL,"29.989999771118164"
"104324","72085","57632","11444","281804","Complete","2021-02-12 12:52:24","2021-02-15 11:57:00","2021-02-16 11:26:00",NULL,"29.989999771118164"
"104652","72318","57819","21710","282680","Complete","2021-10-14 16:42:49","2021-10-16 16:48:00","2021-10-20 22:01:00",NULL,"29.989999771118164"
"105305","72769","58198","16664","284431","Complete","2022-09-03 23:50:33.888937","2022-09-03 19:42:42.888937","2022-09-03 21:51:42.888937",NULL,"29.989999771118164"
"105335","72790","58221","21617","284511","Complete","2020-10-11 05:03:47","2020-10-11 19:04:00","2020-10-15 13:19:00",NULL,"29.989999771118164"
"105386","72823","58249","22886","284647","Complete","2021-05-30 07:49:52","2021-05-30 16:12:00","2021-05-31 19:50:00",NULL,"29.989999771118164"
"105851","73147","58504","129","285927","Complete","2020-08-09 22:44:03","2020-08-12 16:47:00","2020-08-14 20:35:00",NULL,"29.989999771118164"
"106255","73427","58735","18031","287004","Complete","2022-02-01 02:24:00","2022-01-28 06:08:00","2022-02-01 15:18:00",NULL,"29.989999771118164"
"106839","73821","59024","649","288571","Complete","2021-08-21 02:38:16","2021-08-22 10:18:00","2021-08-26 22:49:00",NULL,"29.989999771118164"
"107566","74314","59411","2101","290547","Complete","2021-09-02 04:54:24","2021-09-02 01:46:00","2021-09-05 21:18:00",NULL,"29.989999771118164"
"107698","74402","59481","22874","290902","Complete","2022-06-05 17:58:12","2022-06-07 01:46:00","2022-06-08 09:41:00",NULL,"29.989999771118164"
"107762","74446","59514","25874","291079","Complete","2022-02-23 03:36:04","2022-02-24 18:23:00","2022-02-26 12:20:00",NULL,"29.989999771118164"
"108040","74635","59669","11422","291856","Complete","2022-08-22 11:44:43","2022-08-23 15:40:00","2022-08-27 08:13:00",NULL,"29.989999771118164"
"108071","74655","59693","4713","291942","Complete","2022-09-04 14:54:48","2022-09-02 18:54:00","2022-09-04 15:47:00",NULL,"29.989999771118164"
"108713","75107","60052","21823","293662","Complete","2022-01-22 06:52:49","2022-01-20 09:21:00","2022-01-21 14:34:00",NULL,"29.989999771118164"
"109119","75379","60264","27140","294751","Complete","2020-04-29 06:58:01","2020-04-27 03:06:00","2020-04-30 13:41:00",NULL,"29.989999771118164"
"109802","75837","60631","12188","296588","Complete","2022-09-03 04:47:51.271814","2022-09-03 16:25:51.271814","2022-09-06 06:23:51.271814",NULL,"29.989999771118164"
"110144","76083","60840","18325","297495","Complete","2022-05-08 01:41:04","2022-05-07 09:59:00","2022-05-11 00:48:00",NULL,"29.989999771118164"
"110507","76334","61053","601","298449","Complete","2021-02-11 03:46:19","2021-02-14 04:09:00","2021-02-14 13:49:00",NULL,"29.989999771118164"
"110677","76452","61141","19203","298899","Complete","2022-01-01 07:50:58","2022-01-02 19:53:00","2022-01-03 02:24:00",NULL,"29.989999771118164"
"110762","76515","61197","15652","299132","Complete","2022-09-05 03:00:05.79354","2022-09-05 10:21:06.79354","2022-09-05 23:44:06.79354",NULL,"29.989999771118164"
"110840","76568","61246","1733","299352","Complete","2021-07-07 00:09:24","2021-07-08 11:18:00","2021-07-08 23:15:00",NULL,"29.989999771118164"
"110844","76570","61247","25616","299361","Complete","2022-04-29 12:42:59","2022-04-30 05:08:00","2022-05-01 03:17:00",NULL,"29.989999771118164"
"111323","76900","61525","16468","300651","Complete","2022-08-20 02:23:24","2022-08-21 06:59:00","2022-08-22 01:54:00",NULL,"29.989999771118164"
"111636","77113","61693","21823","301497","Complete","2022-07-10 02:28:56","2022-07-12 00:09:00","2022-07-13 05:16:00",NULL,"29.989999771118164"
"111956","77329","61872","7391","302375","Complete","2022-02-08 04:24:52","2022-02-10 14:02:00","2022-02-14 09:42:00",NULL,"29.989999771118164"
"112114","77439","61949","21728","302814","Complete","2022-03-28 12:15:06","2022-03-29 21:34:00","2022-04-03 17:13:00",NULL,"29.989999771118164"
"112310","77575","62056","2384","303348","Complete","2021-11-22 10:26:57","2021-11-22 07:48:00","2021-11-22 11:17:00",NULL,"29.989999771118164"
"112419","77648","62113","24813","303644","Complete","2021-03-31 11:50:18","2021-03-29 14:43:00","2021-04-03 08:18:00",NULL,"29.989999771118164"
"112758","77883","62296","21728","304561","Complete","2022-09-03 10:51:50.164474","2022-09-06 09:31:36.164474","2022-09-07 04:19:36.164474",NULL,"29.989999771118164"
"113295","78260","62594","9727","306006","Complete","2022-03-09 06:35:33","2022-03-11 13:02:00","2022-03-13 23:55:00",NULL,"29.989999771118164"
"113579","78467","62754","23527","306759","Complete","2022-04-26 04:46:59","2022-04-27 18:10:00","2022-04-30 02:35:00",NULL,"29.989999771118164"
"114040","78770","63001","20349","308000","Complete","2021-06-19 12:02:58","2021-06-19 03:59:00","2021-06-22 04:01:00",NULL,"29.989999771118164"
"114084","78804","63036","16774","308115","Complete","2021-01-17 13:08:55","2021-01-15 03:35:00","2021-01-16 21:51:00",NULL,"29.989999771118164"
"114392","79010","63198","4811","308969","Complete","2021-10-11 21:27:32","2021-10-14 04:22:00","2021-10-14 15:58:00",NULL,"29.989999771118164"
"114434","79042","63224","9666","309082","Complete","2022-06-17 02:51:51","2022-06-19 05:42:00","2022-06-21 04:13:00",NULL,"29.989999771118164"
"114841","79326","63459","12204","310188","Complete","2022-08-03 02:31:16","2022-08-02 23:28:00","2022-08-03 21:47:00",NULL,"29.989999771118164"
"115029","79446","63569","6109","310690","Complete","2022-07-22 15:29:52","2022-07-23 05:00:00","2022-07-24 17:25:00",NULL,"29.989999771118164"
"115557","79806","63855","14815","312089","Complete","2021-01-14 11:19:08","2021-01-16 20:03:00","2021-01-19 12:55:00",NULL,"29.989999771118164"
"115629","79858","63902","28618","312284","Complete","2021-03-09 06:37:45","2021-03-09 15:52:00","2021-03-09 19:12:00",NULL,"29.989999771118164"
"116061","80146","64153","23009","313452","Complete","2022-07-24 15:21:32","2022-07-26 19:15:00","2022-07-31 05:42:00",NULL,"29.989999771118164"
"116841","80667","64589","20284","315545","Complete","2022-04-19 10:31:11","2022-04-19 10:20:00","2022-04-21 18:23:00",NULL,"29.989999771118164"
"117045","80817","64699","27018","316076","Complete","2020-01-14 06:07:06","2020-01-16 05:23:00","2020-01-18 15:37:00",NULL,"29.989999771118164"
"117112","80853","64731","16117","316254","Complete","2022-07-09 09:08:35","2022-07-07 10:58:00","2022-07-07 11:02:00",NULL,"29.989999771118164"
"117215","80916","64787","20941","316538","Complete","2022-07-30 08:49:58","2022-07-30 13:22:00","2022-07-30 18:51:00",NULL,"29.989999771118164"
"117344","80999","64868","287","316874","Complete","2022-05-20 17:53:07","2022-05-22 06:34:00","2022-05-23 14:52:00",NULL,"29.989999771118164"
"117374","81022","64888","5968","316954","Complete","2022-08-06 18:31:08","2022-08-08 18:48:00","2022-08-13 10:37:00",NULL,"29.989999771118164"
"117422","81054","64915","9610","317077","Complete","2021-01-01 04:42:55","2021-01-02 08:15:00","2021-01-05 02:11:00",NULL,"29.989999771118164"
"117624","81197","65035","143","317623","Complete","2022-08-29 00:30:16","2022-08-29 07:30:00","2022-08-31 07:46:00",NULL,"29.989999771118164"
"117908","81385","65178","15480","318400","Complete","2019-11-23 13:30:10","2019-11-25 20:58:00","2019-11-27 16:57:00",NULL,"29.989999771118164"
"118410","81736","65444","18142","319727","Complete","2021-01-23 23:21:33","2021-01-24 04:15:00","2021-01-27 04:02:00",NULL,"29.989999771118164"
"119193","82278","65873","27018","321821","Complete","2020-10-16 12:16:09","2020-10-19 05:38:00","2020-10-22 22:08:00",NULL,"29.989999771118164"
"119783","82696","66198","21677","323388","Complete","2021-06-04 18:01:27","2021-06-02 20:28:00","2021-06-06 19:23:00",NULL,"29.989999771118164"
"120699","83296","66696","15420","325900","Complete","2021-11-02 00:54:29","2021-11-03 10:36:00","2021-11-07 20:19:00",NULL,"29.989999771118164"
"120855","83407","66786","4074","326312","Complete","2020-10-22 06:29:24","2020-10-19 23:50:00","2020-10-21 10:48:00",NULL,"29.989999771118164"
"121172","83620","66953","16509","327186","Complete","2021-12-15 15:25:52","2021-12-16 14:48:00","2021-12-20 18:42:00",NULL,"29.989999771118164"
"121319","83728","67038","27609","327577","Complete","2021-06-14 22:02:58","2021-06-15 20:28:00","2021-06-20 14:33:00",NULL,"29.989999771118164"
"122118","84242","67437","26499","329715","Complete","2021-04-03 02:32:00","2021-04-05 14:05:00","2021-04-09 16:17:00",NULL,"29.989999771118164"
"122592","84580","67699","28935","331006","Complete","2020-10-04 11:21:01","2020-10-06 10:45:00","2020-10-07 04:42:00",NULL,"29.989999771118164"
"122714","84661","67762","17060","331347","Complete","2022-04-29 09:03:27","2022-04-28 05:56:00","2022-05-02 12:19:00",NULL,"29.989999771118164"
"122898","84787","67854","6111","331851","Complete","2021-09-09 00:08:20","2021-09-10 06:08:00","2021-09-14 10:24:00",NULL,"29.989999771118164"
"122982","84840","67904","23527","332079","Complete","2021-08-17 06:19:04","2021-08-13 11:08:00","2021-08-16 11:52:00",NULL,"29.989999771118164"
"123000","84853","67913","27346","332132","Complete","2022-05-14 17:28:33","2022-05-14 12:25:00","2022-05-15 05:24:00",NULL,"29.989999771118164"
"123038","84878","67929","16886","332235","Complete","2022-08-12 09:10:17","2022-08-14 15:22:00","2022-08-14 21:53:00",NULL,"29.989999771118164"
"123295","85068","68079","5298","332897","Complete","2020-11-17 23:37:17","2020-11-20 10:16:00","2020-11-21 15:48:00",NULL,"29.989999771118164"
"123409","85147","68144","16497","333197","Complete","2022-06-10 22:59:21","2022-06-09 06:24:00","2022-06-11 18:16:00",NULL,"29.989999771118164"
"123902","85477","68395","10676","334504","Complete","2021-07-11 00:10:11","2021-07-11 09:50:00","2021-07-12 23:20:00",NULL,"29.989999771118164"
"124193","85678","68564","27484","335279","Complete","2020-09-16 10:05:39","2020-09-15 16:31:00","2020-09-18 22:53:00",NULL,"29.989999771118164"
"124261","85722","68600","7169","335455","Complete","2022-08-11 18:00:47","2022-08-12 20:49:00","2022-08-17 04:42:00",NULL,"29.989999771118164"
"124407","85822","68688","14936","335844","Complete","2022-06-18 06:58:22","2022-06-20 23:46:00","2022-06-22 21:57:00",NULL,"29.989999771118164"
"9199","6308","5113","10202","24946","Cancelled","2021-08-10 00:49:42",NULL,NULL,NULL,"29.989999771118164"
"124768","86081","68888","12787","336829","Complete","2022-08-21 04:48:45","2022-08-20 08:34:00","2022-08-24 18:06:00",NULL,"29.989999771118164"
"124849","86135","68927","7024","337060","Complete","2022-08-06 07:56:14","2022-08-06 16:41:00","2022-08-09 23:58:00",NULL,"29.989999771118164"
"124894","86161","68944","5128","337192","Complete","2022-06-18 15:42:11","2022-06-19 01:11:00","2022-06-21 14:02:00",NULL,"29.989999771118164"
"125120","86315","69070","17534","337812","Complete","2019-12-08 02:51:28","2019-12-10 20:49:00","2019-12-14 03:27:00",NULL,"29.989999771118164"
"125602","86643","69325","5747","339100","Complete","2020-10-26 09:09:43","2020-10-27 12:20:00","2020-10-28 08:40:00",NULL,"29.989999771118164"
"126142","87005","69638","8287","340585","Complete","2022-05-05 00:02:06","2022-05-08 00:04:00","2022-05-08 03:14:00",NULL,"29.989999771118164"
"126189","87038","69659","26936","340705","Complete","2021-02-05 10:02:39","2021-02-05 17:27:00","2021-02-09 04:27:00",NULL,"29.989999771118164"
"126525","87277","69852","28352","341620","Complete","2022-08-31 04:47:30","2022-08-29 19:45:00","2022-09-02 13:14:00",NULL,"29.989999771118164"
"126556","87294","69862","9526","341705","Complete","2021-09-18 01:25:15","2021-09-18 12:26:00","2021-09-20 05:46:00",NULL,"29.989999771118164"
"126564","87299","69866","7661","341727","Complete","2020-08-30 16:07:23","2020-08-30 07:25:00","2020-09-03 23:29:00",NULL,"29.989999771118164"
"126610","87325","69894","20681","341850","Complete","2021-03-01 10:47:38","2021-03-03 06:27:00","2021-03-03 15:56:00",NULL,"29.989999771118164"
"127100","87654","70173","16504","343177","Complete","2020-08-09 23:35:51","2020-08-09 01:53:00","2020-08-09 15:21:00",NULL,"29.989999771118164"
"127562","87963","70434","3459","344389","Complete","2022-01-21 22:05:27","2022-01-24 06:02:00","2022-01-24 19:51:00",NULL,"29.989999771118164"
"128146","88380","70785","16463","346012","Complete","2021-10-31 01:11:38","2021-10-29 07:51:00","2021-11-02 08:22:00",NULL,"29.989999771118164"
"128332","88510","70896","561","346519","Complete","2021-12-18 12:48:26","2021-12-19 00:38:00","2021-12-21 06:13:00",NULL,"29.989999771118164"
"129037","88989","71293","16464","348419","Complete","2022-09-01 02:24:09","2022-09-02 21:01:00","2022-09-03 17:06:00",NULL,"29.989999771118164"
"129519","89324","71558","26973","349705","Complete","2022-05-09 15:29:58","2022-05-10 07:24:00","2022-05-10 11:40:00",NULL,"29.989999771118164"
"129546","89341","71567","8299","349780","Complete","2021-09-04 13:32:02","2021-09-04 00:13:00","2021-09-04 09:28:00",NULL,"29.989999771118164"
"129772","89505","71694","16117","350373","Complete","2020-10-04 04:25:26","2020-10-06 08:10:00","2020-10-11 04:19:00",NULL,"29.989999771118164"
"129808","89532","71712","18142","350476","Complete","2020-10-18 08:00:07","2020-10-18 23:23:00","2020-10-22 06:03:00",NULL,"29.989999771118164"
"129897","89592","71759","21728","350713","Complete","2021-11-28 09:48:37","2021-11-28 13:41:00","2021-12-02 16:36:00",NULL,"29.989999771118164"
"130135","89757","71886","7240","351365","Complete","2020-01-18 07:57:37","2020-01-16 02:54:00","2020-01-20 05:11:00",NULL,"29.989999771118164"
"130340","89901","72018","21154","351917","Complete","2020-05-12 14:55:07","2020-05-13 09:52:00","2020-05-15 02:14:00",NULL,"29.989999771118164"
"130464","89986","72080","26499","352251","Complete","2021-02-19 12:39:40","2021-02-20 06:22:00","2021-02-21 02:14:00",NULL,"29.989999771118164"
"130493","90011","72097","19410","352326","Complete","2022-09-02 10:31:04.29321","2022-09-04 11:20:56.29321","2022-09-06 11:59:56.29321",NULL,"29.989999771118164"
"130500","90016","72100","16886","352341","Complete","2022-02-21 00:10:01","2022-02-21 13:32:00","2022-02-25 10:18:00",NULL,"29.989999771118164"
"130531","90036","72119","11422","352422","Complete","2022-08-11 13:38:50","2022-08-13 16:07:00","2022-08-17 14:00:00",NULL,"29.989999771118164"
"130715","90171","72211","12538","352944","Complete","2020-08-06 08:02:45","2020-08-07 01:27:00","2020-08-07 20:20:00",NULL,"29.989999771118164"
"130785","90216","72248","16292","353130","Complete","2022-06-07 08:41:25","2022-06-10 07:15:00","2022-06-12 11:26:00",NULL,"29.989999771118164"
"131028","90383","72395","14936","353779","Complete","2021-06-27 05:20:24","2021-06-27 17:26:00","2021-06-28 19:18:00",NULL,"29.989999771118164"
"131264","90543","72540","27520","354418","Complete","2020-08-19 14:36:23","2020-08-19 19:52:00","2020-08-22 01:14:00",NULL,"29.989999771118164"
"131603","90777","72717","24348","355327","Complete","2022-07-28 01:21:58","2022-07-31 02:53:00","2022-08-01 08:14:00",NULL,"29.989999771118164"
"131987","91053","72937","615","356363","Complete","2022-06-01 21:40:15","2022-06-04 04:55:00","2022-06-06 16:30:00",NULL,"29.989999771118164"
"132342","91295","73108","6135","357353","Complete","2022-07-28 01:32:32","2022-07-28 23:08:00","2022-07-30 05:09:00",NULL,"29.989999771118164"
"133106","91842","73562","23182","359427","Complete","2021-08-05 05:07:14","2021-08-06 08:56:00","2021-08-09 22:41:00",NULL,"29.989999771118164"
"133174","91891","73603","28936","359601","Complete","2022-06-04 13:21:38","2022-06-03 10:04:00","2022-06-06 13:25:00",NULL,"29.989999771118164"
"133507","92109","73774","7391","360505","Complete","2019-08-01 01:06:42","2019-07-31 05:22:00","2019-08-03 21:22:00",NULL,"29.989999771118164"
"133825","92337","73957","21032","361365","Complete","2021-10-24 05:05:38","2021-10-21 22:05:00","2021-10-23 06:05:00",NULL,"29.989999771118164"
"134053","92486","74091","2053","361959","Complete","2019-11-09 12:25:59","2019-11-11 09:06:00","2019-11-15 22:22:00",NULL,"29.989999771118164"
"134142","92559","74146","10318","362208","Complete","2020-11-24 00:46:47","2020-11-26 19:04:00","2020-11-29 02:35:00",NULL,"29.989999771118164"
"135199","93276","74726","12845","365094","Complete","2022-03-17 11:35:02","2022-03-18 05:27:00","2022-03-19 14:26:00",NULL,"29.989999771118164"
"135541","93536","74945","21824","366016","Complete","2020-04-23 16:38:30","2020-04-24 16:24:00","2020-04-26 05:43:00",NULL,"29.989999771118164"
"135793","93708","75086","9526","366690","Complete","2021-06-24 09:47:01","2021-06-24 20:48:00","2021-06-26 06:27:00",NULL,"29.989999771118164"
"136030","93873","75235","22134","367336","Complete","2022-07-16 15:39:45","2022-07-15 05:36:00","2022-07-18 01:22:00",NULL,"29.989999771118164"
"136075","93900","75259","9536","367458","Complete","2022-01-02 00:24:00","2022-01-03 06:23:00","2022-01-07 15:29:00",NULL,"29.989999771118164"
"136894","94474","75719","129","369671","Complete","2022-08-02 18:57:07","2022-08-03 14:57:00","2022-08-06 22:48:00",NULL,"29.989999771118164"
"137057","94585","75814","6111","370090","Complete","2020-05-28 05:43:27","2020-05-29 17:28:00","2020-06-03 16:54:00",NULL,"29.989999771118164"
"137148","94640","75862","5978","370332","Complete","2022-05-22 23:56:25","2022-05-21 00:27:00","2022-05-25 15:49:00",NULL,"29.989999771118164"
"137270","94718","75929","12132","370662","Complete","2022-07-09 10:01:02","2022-07-11 08:31:00","2022-07-11 16:42:00",NULL,"29.989999771118164"
"137353","94776","75971","20504","370876","Complete","2021-04-09 15:39:29","2021-04-12 10:13:00","2021-04-17 01:46:00",NULL,"29.989999771118164"
"137555","94914","76080","6059","371417","Complete","2022-05-08 05:13:24","2022-05-07 12:26:00","2022-05-11 16:37:00",NULL,"29.989999771118164"
"137715","95031","76177","12024","371838","Complete","2022-05-06 01:42:03","2022-05-04 02:58:00","2022-05-05 18:40:00",NULL,"29.989999771118164"
"137760","95062","76206","26499","371953","Complete","2021-07-10 12:19:46","2021-07-11 14:28:00","2021-07-14 02:28:00",NULL,"29.989999771118164"
"138133","95321","76410","9666","372991","Complete","2022-06-09 14:21:22","2022-06-10 04:35:00","2022-06-13 16:51:00",NULL,"29.989999771118164"
"138296","95433","76513","11130","373434","Complete","2022-03-07 14:48:49","2022-03-08 05:17:00","2022-03-08 07:22:00",NULL,"29.989999771118164"
"138485","95559","76615","6170","373949","Complete","2021-08-30 15:32:48","2021-08-31 06:46:00","2021-09-01 17:07:00",NULL,"29.989999771118164"
"138627","95660","76691","1726","374330","Complete","2019-07-25 06:38:07","2019-07-21 15:19:00","2019-07-24 03:15:00",NULL,"29.989999771118164"
"139250","96075","77042","14109","376026","Complete","2021-12-19 10:02:23","2021-12-21 18:42:00","2021-12-24 07:10:00",NULL,"29.989999771118164"
"139568","96279","77219","615","376884","Complete","2022-08-31 08:57:03","2022-08-29 16:11:00","2022-09-01 02:03:00",NULL,"29.989999771118164"
"140590","96985","77787","6305","379614","Complete","2021-07-04 13:25:38","2021-07-04 01:25:00","2021-07-05 21:09:00",NULL,"29.989999771118164"
"141041","97284","78019","13088","380806","Complete","2022-05-15 23:01:22","2022-05-17 12:55:00","2022-05-19 04:38:00",NULL,"29.989999771118164"
"141278","97442","78142","5809","381472","Complete","2022-01-08 14:26:50","2022-01-07 23:30:00","2022-01-08 09:33:00",NULL,"29.989999771118164"
"141347","97493","78185","2081","381657","Complete","2021-10-08 05:20:21","2021-10-10 20:55:00","2021-10-13 02:01:00",NULL,"29.989999771118164"
"141784","97805","78421","145","382825","Complete","2022-07-15 12:38:15","2022-07-15 00:22:00","2022-07-15 14:45:00",NULL,"29.989999771118164"
"142049","97979","78565","22081","383541","Complete","2021-11-18 17:14:38","2021-11-20 21:55:00","2021-11-25 01:30:00",NULL,"29.989999771118164"
"142242","98121","78677","6059","384065","Complete","2022-06-18 10:49:03","2022-06-19 09:13:00","2022-06-24 04:10:00",NULL,"29.989999771118164"
"142559","98358","78876","5747","384914","Complete","2020-03-08 02:34:57","2020-03-09 23:36:00","2020-03-11 09:32:00",NULL,"29.989999771118164"
"142626","98407","78907","18763","385090","Complete","2021-05-28 07:44:16","2021-05-30 10:10:00","2021-06-02 01:32:00",NULL,"29.989999771118164"
"142661","98432","78927","5693","385188","Complete","2019-11-08 15:55:32","2019-11-09 01:00:00","2019-11-11 20:21:00",NULL,"29.989999771118164"
"143660","99128","79475","6305","387880","Complete","2022-03-30 06:19:23","2022-03-30 22:38:00","2022-03-31 15:02:00",NULL,"29.989999771118164"
"143980","99348","79655","5787","388747","Complete","2022-01-18 07:21:33","2022-01-19 13:11:00","2022-01-22 08:26:00",NULL,"29.989999771118164"
"144254","99529","79803","9625","389493","Complete","2022-08-13 21:00:47","2022-08-15 19:23:00","2022-08-17 07:18:00",NULL,"29.989999771118164"
"144668","99816","80033","18142","390604","Complete","2022-08-19 12:38:15","2022-08-20 13:54:00","2022-08-23 16:16:00",NULL,"29.989999771118164"
"145053","100088","80263","17060","391659","Complete","2022-08-22 23:53:45","2022-08-23 20:54:00","2022-08-27 04:23:00",NULL,"29.989999771118164"
"145072","100102","80273","2091","391714","Complete","2022-08-04 11:54:17","2022-08-06 20:12:00","2022-08-08 01:09:00",NULL,"29.989999771118164"
"145227","100201","80346","1004","392140","Complete","2022-07-17 12:41:40","2022-07-17 07:41:00","2022-07-20 09:07:00",NULL,"29.989999771118164"
"145414","100331","80453","3459","392651","Complete","2020-11-16 09:35:33","2020-11-16 09:52:00","2020-11-21 06:35:00",NULL,"29.989999771118164"
"145515","100398","80507","5643","392929","Complete","2021-01-24 00:44:32","2021-01-22 17:58:00","2021-01-25 10:19:00",NULL,"29.989999771118164"
"145654","100497","80607","22381","393315","Complete","2021-08-07 09:26:10","2021-08-08 23:32:00","2021-08-13 10:55:00",NULL,"29.989999771118164"
"146008","100747","80831","12235","394255","Complete","2022-06-18 10:57:39","2022-06-16 17:15:00","2022-06-20 14:24:00",NULL,"29.989999771118164"
"146080","100791","80861","16323","394454","Complete","2020-07-19 04:05:37","2020-07-20 06:14:00","2020-07-22 15:36:00",NULL,"29.989999771118164"
"146436","101037","81062","16388","395420","Complete","2020-09-30 00:20:59","2020-09-28 08:44:00","2020-10-02 09:55:00",NULL,"29.989999771118164"
"146790","101269","81247","13490","396373","Complete","2020-12-10 07:14:57","2020-12-11 20:24:00","2020-12-15 05:54:00",NULL,"29.989999771118164"
"146933","101369","81320","23302","396758","Complete","2022-02-13 07:36:59","2022-02-13 18:41:00","2022-02-17 16:41:00",NULL,"29.989999771118164"
"146935","101371","81321","19647","396765","Complete","2022-08-26 16:48:16","2022-08-25 14:40:00","2022-08-29 10:47:00",NULL,"29.989999771118164"
"146936","101371","81321","22118","396768","Complete","2022-08-26 16:45:22","2022-08-25 14:40:00","2022-08-29 10:47:00",NULL,"29.989999771118164"
"147018","101432","81368","9727","396987","Complete","2022-02-25 23:45:43","2022-02-23 16:06:00","2022-02-24 19:27:00",NULL,"29.989999771118164"
"147219","101575","81476","15104","397503","Complete","2021-04-29 10:47:22","2021-04-30 11:51:00","2021-05-02 09:13:00",NULL,"29.989999771118164"
"147442","101732","81597","136","398107","Complete","2022-08-28 12:21:24","2022-08-31 13:54:00","2022-09-04 05:02:00",NULL,"29.989999771118164"
"148025","102149","81934","7661","399679","Complete","2022-08-19 09:05:57","2022-08-17 04:05:00","2022-08-21 23:09:00",NULL,"29.989999771118164"
"148648","102567","82278","16896","401403","Complete","2022-01-29 16:50:12","2022-01-26 18:38:00","2022-01-28 08:05:00",NULL,"29.989999771118164"
"149129","102916","82552","17177","402706","Complete","2021-09-03 11:51:01","2021-09-06 04:59:00","2021-09-08 06:28:00",NULL,"29.989999771118164"
"149140","102925","82557","12358","402734","Complete","2021-10-10 23:49:40","2021-10-09 14:48:00","2021-10-13 13:50:00",NULL,"29.989999771118164"
"149525","103198","82771","23115","403779","Complete","2022-06-29 01:32:22","2022-06-26 14:19:00","2022-06-27 06:48:00",NULL,"29.989999771118164"
"149708","103323","82881","5640","404281","Complete","2021-11-05 00:35:21","2021-11-07 18:09:00","2021-11-09 13:15:00",NULL,"29.989999771118164"
"150498","103851","83317","27520","406470","Complete","2022-08-19 15:50:31","2022-08-17 18:26:00","2022-08-22 08:54:00",NULL,"29.989999771118164"
"150640","103951","83400","20636","406839","Complete","2021-04-27 02:49:21","2021-04-28 12:02:00","2021-05-02 04:56:00",NULL,"29.989999771118164"
"150750","104027","83457","1958","407133","Complete","2022-01-13 09:05:33","2022-01-14 21:05:00","2022-01-18 08:56:00",NULL,"29.989999771118164"
"150869","104108","83516","19013","407468","Complete","2022-02-28 13:38:33","2022-03-01 02:42:00","2022-03-01 09:31:00",NULL,"29.989999771118164"
"150883","104122","83524","19203","407507","Complete","2022-07-23 00:28:11","2022-07-23 22:36:00","2022-07-24 08:17:00",NULL,"29.989999771118164"
"150899","104132","83533","26902","407556","Complete","2021-02-05 00:50:36","2021-02-06 09:53:00","2021-02-10 01:43:00",NULL,"29.989999771118164"
"150993","104194","83586","22666","407797","Complete","2020-08-30 07:42:38","2020-09-02 02:27:00","2020-09-03 13:19:00",NULL,"29.989999771118164"
"151028","104215","83604","11262","407887","Complete","2019-08-11 20:47:08","2019-08-12 13:20:00","2019-08-14 01:02:00",NULL,"29.989999771118164"
"151946","104837","84133","13095","410365","Complete","2022-04-06 05:03:39","2022-04-08 21:18:00","2022-04-13 17:27:00",NULL,"29.989999771118164"
"152147","104977","84247","14969","410909","Complete","2022-01-07 10:34:24","2022-01-09 01:22:00","2022-01-11 21:30:00",NULL,"29.989999771118164"
"152183","105005","84273","12538","411000","Complete","2020-06-14 10:36:12","2020-06-15 17:02:00","2020-06-16 19:25:00",NULL,"29.989999771118164"
"153257","105727","84812","335","413886","Complete","2021-06-09 01:30:32","2021-06-06 05:26:00","2021-06-06 06:22:00",NULL,"29.989999771118164"
"153318","105772","84848","16569","414054","Complete","2022-03-13 16:48:19","2022-03-11 03:57:00","2022-03-12 12:03:00",NULL,"29.989999771118164"
"153323","105776","84854","14815","414068","Complete","2021-08-16 02:35:07","2021-08-16 07:59:00","2021-08-19 23:24:00",NULL,"29.989999771118164"
"153465","105872","84927","16773","414451","Complete","2021-10-02 03:51:00","2021-10-02 18:57:00","2021-10-04 10:41:00",NULL,"29.989999771118164"
"153637","105997","85027","16544","414899","Complete","2021-06-14 08:46:31","2021-06-15 21:40:00","2021-06-18 03:22:00",NULL,"29.989999771118164"
"154025","106274","85241","14936","415927","Complete","2021-01-31 06:44:07","2021-01-31 07:52:00","2021-02-04 05:00:00",NULL,"29.989999771118164"
"154723","106758","85659","17112","417804","Complete","2021-04-11 03:31:09","2021-04-12 20:10:00","2021-04-17 12:39:00",NULL,"29.989999771118164"
"154727","106761","85663","16317","417813","Complete","2022-03-06 09:39:50","2022-03-04 19:32:00","2022-03-06 09:43:00",NULL,"29.989999771118164"
"154818","106822","85715","16429","418050","Complete","2020-04-11 23:56:41","2020-04-11 16:44:00","2020-04-13 20:25:00",NULL,"29.989999771118164"
"154899","106878","85753","129","418269","Complete","2022-08-22 03:39:23","2022-08-24 19:15:00","2022-08-27 17:08:00",NULL,"29.989999771118164"
"155420","107230","86034","27996","419667","Complete","2021-05-03 12:03:52","2021-05-06 13:06:00","2021-05-09 15:54:00",NULL,"29.989999771118164"
"155445","107245","86046","6109","419734","Complete","2022-07-01 00:58:25","2022-06-27 22:39:00","2022-06-28 13:29:00",NULL,"29.989999771118164"
"156265","107791","86464","287","421926","Complete","2022-03-12 06:59:22","2022-03-10 22:09:00","2022-03-13 08:02:00",NULL,"29.989999771118164"
"156298","107813","86478","16292","422019","Complete","2020-08-18 15:21:51","2020-08-19 12:36:00","2020-08-23 02:52:00",NULL,"29.989999771118164"
"156417","107895","86546","21940","422338","Complete","2022-01-10 23:30:01","2022-01-09 23:41:00","2022-01-13 11:50:00",NULL,"29.989999771118164"
"156705","108093","86700","4448","423096","Complete","2022-05-01 14:18:48","2022-05-03 18:50:00","2022-05-04 21:16:00",NULL,"29.989999771118164"
"157083","108350","86888","17157","424133","Complete","2021-03-03 16:07:11","2021-03-05 09:03:00","2021-03-09 19:05:00",NULL,"29.989999771118164"
"157236","108458","86983","26902","424554","Complete","2022-05-28 00:56:47","2022-05-29 18:31:00","2022-06-01 09:20:00",NULL,"29.989999771118164"
"157371","108540","87042","7194","424920","Complete","2020-09-06 03:26:46","2020-09-06 01:21:00","2020-09-10 13:19:00",NULL,"29.989999771118164"
"157713","108774","87233","19410","425830","Complete","2022-05-12 11:59:54","2022-05-10 01:32:00","2022-05-14 19:19:00",NULL,"29.989999771118164"
"158133","109076","87476","9526","426948","Complete","2022-02-08 03:37:36","2022-02-06 08:41:00","2022-02-06 21:42:00",NULL,"29.989999771118164"
"158257","109157","87541","26452","427275","Complete","2021-10-06 07:13:27","2021-10-04 12:51:00","2021-10-09 07:23:00",NULL,"29.989999771118164"
"158731","109487","87803","11349","428571","Complete","2022-08-11 13:50:13","2022-08-13 11:35:00","2022-08-14 13:03:00",NULL,"29.989999771118164"
"158776","109512","87819","16773","428690","Complete","2020-11-17 06:24:11","2020-11-19 14:48:00","2020-11-22 10:50:00",NULL,"29.989999771118164"
"159092","109746","88015","25616","429536","Complete","2021-04-26 23:05:17","2021-04-29 19:51:00","2021-05-01 23:14:00",NULL,"29.989999771118164"
"159093","109747","88016","24813","429538","Complete","2022-01-09 02:32:55","2022-01-10 15:03:00","2022-01-13 23:44:00",NULL,"29.989999771118164"
"159428","109980","88203","24348","430449","Complete","2021-10-25 03:53:25","2021-10-22 02:11:00","2021-10-26 07:03:00",NULL,"29.989999771118164"
"159622","110114","88300","18763","430981","Complete","2022-04-09 17:20:15","2022-04-11 14:56:00","2022-04-12 22:14:00",NULL,"29.989999771118164"
"159860","110287","88444","23302","431631","Complete","2021-10-13 14:59:51","2021-10-14 08:25:00","2021-10-16 18:06:00",NULL,"29.989999771118164"
"159957","110357","88507","12824","431896","Complete","2022-03-11 07:49:10","2022-03-10 16:32:00","2022-03-13 06:47:00",NULL,"29.989999771118164"
"160421","110674","88750","9988","433145","Complete","2022-08-03 08:05:05","2022-08-04 19:24:00","2022-08-05 22:16:00",NULL,"29.989999771118164"
"161170","111169","89127","11304","435149","Complete","2019-03-31 11:10:18","2019-04-02 15:53:00","2019-04-06 08:56:00",NULL,"29.989999771118164"
"161232","111213","89168","10100","435322","Complete","2022-03-26 04:58:45","2022-03-26 16:47:00","2022-03-30 00:10:00",NULL,"29.989999771118164"
"161541","111432","89344","28618","436166","Complete","2022-06-09 10:10:48","2022-06-07 23:00:00","2022-06-12 06:37:00",NULL,"29.989999771118164"
"161549","111436","89347","16163","436185","Complete","2022-05-23 08:45:37","2022-05-25 00:37:00","2022-05-26 03:26:00",NULL,"29.989999771118164"
"162264","111909","89720","15397","438153","Complete","2020-08-07 11:54:31","2020-08-08 03:12:00","2020-08-12 03:11:00",NULL,"29.989999771118164"
"162460","112051","89837","28942","438679","Complete","2022-09-04 08:18:11.115471","2022-09-04 01:18:51.115471","2022-09-05 07:35:51.115471",NULL,"29.989999771118164"
"162603","112155","89911","12024","439065","Complete","2022-08-08 16:17:37","2022-08-10 23:35:00","2022-08-15 21:32:00",NULL,"29.989999771118164"
"162883","112353","90097","14117","439842","Complete","2022-04-08 02:29:08","2022-04-08 16:29:00","2022-04-10 11:42:00",NULL,"29.989999771118164"
"163132","112515","90225","16664","440504","Complete","2022-06-23 12:37:50","2022-06-22 22:32:00","2022-06-24 18:42:00",NULL,"29.989999771118164"
"163503","112784","90435","2384","441491","Complete","2022-05-03 15:57:29","2022-05-06 14:15:00","2022-05-09 12:09:00",NULL,"29.989999771118164"
"164255","113294","90840","2053","443568","Complete","2020-07-14 12:36:53","2020-07-17 05:57:00","2020-07-21 19:03:00",NULL,"29.989999771118164"
"164864","113708","91159","28313","445245","Complete","2022-03-13 12:25:58","2022-03-15 17:34:00","2022-03-16 14:23:00",NULL,"29.989999771118164"
"165136","113883","91303","287","445978","Complete","2022-01-17 16:06:15","2022-01-19 19:49:00","2022-01-22 17:40:00",NULL,"29.989999771118164"
"165317","114008","91407","20284","446489","Complete","2022-07-17 05:31:09","2022-07-17 10:14:00","2022-07-19 17:15:00",NULL,"29.989999771118164"
"165465","114116","91488","10100","446886","Complete","2022-05-31 11:51:59","2022-06-02 00:25:00","2022-06-03 14:06:00",NULL,"29.989999771118164"
"165490","114135","91499","7244","446952","Complete","2021-05-21 06:05:06","2021-05-22 19:39:00","2021-05-23 11:01:00",NULL,"29.989999771118164"
"166024","114495","91782","18941","448398","Complete","2020-01-11 16:33:33","2020-01-12 20:00:00","2020-01-14 20:47:00",NULL,"29.989999771118164"
"166346","114717","91967","28301","449278","Complete","2022-08-27 21:18:17","2022-08-29 05:48:00","2022-08-31 02:14:00",NULL,"29.989999771118164"
"167159","115275","92398","12191","451458","Complete","2022-01-20 10:59:42","2022-01-20 11:05:00","2022-01-21 04:39:00",NULL,"29.989999771118164"
"168154","115967","92969","27426","454104","Complete","2020-10-08 14:48:50","2020-10-10 02:31:00","2020-10-13 03:14:00",NULL,"29.989999771118164"
"168243","116023","93013","18174","454347","Complete","2021-01-22 15:12:15","2021-01-24 14:55:00","2021-01-29 06:49:00",NULL,"29.989999771118164"
"168779","116393","93316","18174","455782","Complete","2022-06-16 12:13:22","2022-06-17 02:24:00","2022-06-17 13:42:00",NULL,"29.989999771118164"
"169231","116717","93585","15527","456997","Complete","2022-06-23 00:45:04","2022-06-22 13:04:00","2022-06-22 21:27:00",NULL,"29.989999771118164"
"169377","116811","93652","6113","457392","Complete","2021-12-27 06:00:49","2021-12-27 19:41:00","2021-12-30 20:10:00",NULL,"29.989999771118164"
"169584","116948","93769","5465","457945","Complete","2021-03-14 10:42:16","2021-03-17 08:34:00","2021-03-19 09:18:00",NULL,"29.989999771118164"
"170226","117375","94124","27520","459704","Complete","2022-08-23 21:12:09","2022-08-24 22:31:00","2022-08-28 02:01:00",NULL,"29.989999771118164"
"170260","117397","94147","6114","459798","Complete","2022-04-27 23:30:24","2022-04-30 13:34:00","2022-05-05 10:46:00",NULL,"29.989999771118164"
"170434","117511","94249","3926","460268","Complete","2022-08-31 10:21:04","2022-08-30 11:03:00","2022-08-30 11:42:00",NULL,"29.989999771118164"
"171123","117974","94607","149","462161","Complete","2022-09-01 16:16:10","2022-09-04 13:05:00","2022-09-08 15:52:00",NULL,"29.989999771118164"
"171269","118074","94688","16903","462554","Complete","2021-07-17 12:05:11","2021-07-15 02:09:00","2021-07-18 21:27:00",NULL,"29.989999771118164"
"171310","118105","94715","21734","462673","Complete","2021-04-28 21:26:39","2021-04-28 16:34:00","2021-04-29 02:06:00",NULL,"29.989999771118164"
"171535","118272","94854","27140","463267","Complete","2021-08-11 17:27:19","2021-08-13 10:25:00","2021-08-16 13:28:00",NULL,"29.989999771118164"
"172055","118637","95112","145","464693","Complete","2022-05-08 07:57:42","2022-05-10 08:46:00","2022-05-13 14:22:00",NULL,"29.989999771118164"
"172248","118772","95223","26496","465213","Complete","2022-04-14 13:03:45","2022-04-15 04:05:00","2022-04-15 22:34:00",NULL,"29.989999771118164"
"172435","118913","95334","1168","465722","Complete","2022-07-17 10:03:01","2022-07-18 16:24:00","2022-07-23 01:35:00",NULL,"29.989999771118164"
"172565","119002","95397","17177","466061","Complete","2020-06-28 16:26:07","2020-06-26 08:07:00","2020-06-28 00:04:00",NULL,"29.989999771118164"
"173798","119873","96125","4713","469326","Complete","2022-09-05 15:52:19.749445","2022-09-05 02:57:41.749445","2022-09-07 15:36:41.749445",NULL,"29.989999771118164"
"173872","119925","96164","16695","469533","Complete","2021-09-11 02:47:42","2021-09-12 23:23:00","2021-09-17 05:45:00",NULL,"29.989999771118164"
"173957","119982","96210","10318","469756","Complete","2022-09-02 01:41:49","2022-09-01 14:42:00","2022-09-03 07:34:00",NULL,"29.989999771118164"
"174003","120013","96236","715","469879","Complete","2020-11-20 11:11:20","2020-11-20 14:38:00","2020-11-24 05:21:00",NULL,"29.989999771118164"
"174585","120411","96547","17867","471447","Complete","2020-07-02 17:11:12","2020-07-02 01:16:00","2020-07-07 00:04:00",NULL,"29.989999771118164"
"175177","120801","96845","15989","473083","Complete","2021-06-24 09:59:48","2021-06-26 20:29:00","2021-06-27 08:47:00",NULL,"29.989999771118164"
"175451","120997","97004","20651","473836","Complete","2022-05-01 10:18:53","2022-04-29 15:45:00","2022-04-29 20:02:00",NULL,"29.989999771118164"
"175829","121259","97246","16661","474856","Complete","2021-04-30 09:17:29","2021-04-27 08:42:00","2021-05-02 04:23:00",NULL,"29.989999771118164"
"176138","121475","97419","5968","475701","Complete","2020-12-27 23:00:04","2020-12-30 19:15:00","2020-12-31 18:18:00",NULL,"29.989999771118164"
"176698","121851","97720","20974","477232","Complete","2021-09-23 03:48:18","2021-09-22 14:06:00","2021-09-24 17:44:00",NULL,"29.989999771118164"
"177022","122086","97904","16463","478106","Complete","2022-03-09 06:08:15","2022-03-11 12:04:00","2022-03-15 21:16:00",NULL,"29.989999771118164"
"177366","122322","98090","18142","479020","Complete","2022-07-20 01:19:41","2022-07-22 06:19:00","2022-07-25 17:14:00",NULL,"29.989999771118164"
"177730","122576","98311","7240","480002","Complete","2021-10-09 07:57:07","2021-10-07 12:38:00","2021-10-12 09:29:00",NULL,"29.989999771118164"
"177787","122619","98355","136","480145","Complete","2021-11-29 08:52:33","2021-11-30 05:09:00","2021-12-03 07:18:00",NULL,"29.989999771118164"
"177929","122722","98437","3926","480523","Complete","2022-01-10 08:13:06","2022-01-13 00:45:00","2022-01-14 18:06:00",NULL,"29.989999771118164"
"178208","122912","98590","21693","481253","Complete","2020-09-09 10:19:50","2020-09-10 08:30:00","2020-09-12 13:33:00",NULL,"29.989999771118164"
"178748","123290","98888","9526","482719","Complete","2020-11-14 17:03:59","2020-11-15 23:39:00","2020-11-18 21:52:00",NULL,"29.989999771118164"
"178880","123382","98965","26760","483070","Complete","2021-01-31 03:16:53","2021-02-01 12:37:00","2021-02-02 22:36:00",NULL,"29.989999771118164"
"178966","123439","99018","23115","483307","Complete","2021-11-25 09:47:59","2021-11-22 17:19:00","2021-11-26 05:32:00",NULL,"29.989999771118164"
"179368","123712","99246","17286","484384","Complete","2021-12-15 00:15:53","2021-12-12 10:41:00","2021-12-14 08:24:00",NULL,"29.989999771118164"
"180260","124306","99700","28301","486787","Complete","2021-08-23 04:15:40","2021-08-24 18:02:00","2021-08-24 18:07:00",NULL,"29.989999771118164"
"180572","124528","99858","9526","487619","Complete","2022-01-27 11:46:39","2022-01-29 22:20:00","2022-02-03 13:28:00",NULL,"29.989999771118164"
"2","1","1","16916","7","Returned","2021-05-21 14:38:30","2021-05-17 19:49:00","2021-05-18 12:53:00","2021-05-19 17:37:00","29.989999771118164"
"668","472","404","10144","1777","Returned","2021-04-13 20:47:48","2021-04-15 14:03:00","2021-04-19 09:13:00","2021-04-19 20:43:00","29.989999771118164"
"2040","1409","1134","10145","5519","Returned","2022-05-10 06:12:35","2022-05-11 00:18:00","2022-05-12 05:57:00","2022-05-14 06:26:00","29.989999771118164"
"2404","1648","1329","7137","6505","Returned","2021-08-03 14:19:48","2021-08-06 10:07:00","2021-08-10 07:19:00","2021-08-12 00:22:00","29.989999771118164"
"2693","1838","1493","21947","7292","Returned","2021-06-20 04:38:12","2021-06-20 09:42:00","2021-06-24 23:28:00","2021-06-25 21:18:00","29.989999771118164"
"3289","2235","1793","20504","8902","Returned","2020-02-18 07:51:41","2020-02-20 16:48:00","2020-02-23 07:44:00","2020-02-23 22:42:00","29.989999771118164"
"3451","2335","1873","21964","9332","Returned","2020-03-29 12:34:40","2020-04-01 06:21:00","2020-04-03 12:27:00","2020-04-05 22:52:00","29.989999771118164"
"4741","3248","2648","13414","12853","Returned","2021-07-28 12:50:25","2021-07-26 01:14:00","2021-07-29 04:27:00","2021-07-30 02:16:00","29.989999771118164"
"5838","3972","3223","16544","15801","Returned","2022-08-22 14:54:54","2022-08-23 02:29:00","2022-08-27 20:40:00","2022-08-29 20:57:00","29.989999771118164"
"5870","3993","3240","13095","15884","Returned","2020-06-20 22:32:38","2020-06-21 09:47:00","2020-06-25 03:53:00","2020-06-25 09:47:00","29.989999771118164"
"5881","4000","3246","5346","15912","Returned","2022-08-26 03:16:02","2022-08-26 18:25:00","2022-08-27 08:47:00","2022-08-28 21:06:00","29.989999771118164"
"6540","4449","3607","12165","17711","Returned","2022-08-18 00:51:08","2022-08-18 06:54:00","2022-08-19 15:50:00","2022-08-21 13:17:00","29.989999771118164"
"6634","4521","3668","21823","17964","Returned","2021-03-27 05:56:22","2021-03-25 09:34:00","2021-03-26 19:46:00","2021-03-29 03:49:00","29.989999771118164"
"7273","4968","4027","16388","19705","Returned","2021-12-25 15:54:19","2021-12-26 14:25:00","2021-12-30 00:33:00","2022-01-01 19:32:00","29.989999771118164"
"7874","5392","4367","1431","21358","Returned","2021-05-05 14:59:46","2021-05-05 13:39:00","2021-05-06 00:38:00","2021-05-08 19:34:00","29.989999771118164"
"8041","5512","4464","26158","21816","Returned","2021-05-11 11:40:45","2021-05-12 20:57:00","2021-05-15 06:21:00","2021-05-18 00:20:00","29.989999771118164"
"8775","6020","4871","21824","23796","Returned","2021-05-08 15:51:22","2021-05-07 17:04:00","2021-05-10 21:37:00","2021-05-13 09:58:00","29.989999771118164"
"8934","6120","4948","15480","24227","Returned","2019-03-17 13:55:35","2019-03-17 15:54:00","2019-03-22 08:14:00","2019-03-23 19:35:00","29.989999771118164"
"9828","6758","5472","18858","26663","Returned","2022-09-01 04:32:10.788245","2022-09-03 01:57:12.788245","2022-09-06 17:24:12.788245","2022-09-08 03:54:12.788245","29.989999771118164"
"10260","7064","5751","2899","27821","Returned","2022-08-27 12:13:08","2022-08-24 18:34:00","2022-08-25 17:05:00","2022-08-28 09:01:00","29.989999771118164"
"11410","7848","6359","21032","30914","Returned","2021-07-15 13:13:16","2021-07-17 06:03:00","2021-07-20 13:43:00","2021-07-22 18:46:00","29.989999771118164"
"13761","9488","7632","21777","37292","Returned","2021-06-07 23:04:18","2021-06-08 23:55:00","2021-06-12 10:00:00","2021-06-13 02:59:00","29.989999771118164"
"13994","9636","7779","20681","37924","Returned","2021-04-22 10:55:06","2021-04-20 13:03:00","2021-04-22 04:56:00","2021-04-24 10:48:00","29.989999771118164"
"15107","10386","8360","5159","40923","Returned","2021-07-22 11:32:57","2021-07-25 05:13:00","2021-07-26 15:58:00","2021-07-28 18:56:00","29.989999771118164"
"15432","10596","8521","23115","41799","Returned","2022-03-27 00:08:22","2022-03-27 14:23:00","2022-03-30 10:53:00","2022-03-31 19:18:00","29.989999771118164"
"16161","11107","8920","26496","43740","Returned","2021-08-07 07:50:01","2021-08-08 01:35:00","2021-08-12 21:31:00","2021-08-15 12:55:00","29.989999771118164"
"16328","11221","9018","15527","44198","Returned","2022-03-09 05:49:19","2022-03-10 17:00:00","2022-03-15 06:58:00","2022-03-18 02:01:00","29.989999771118164"
"18172","12490","10038","16376","49226","Returned","2022-04-01 13:07:19","2022-04-02 17:49:00","2022-04-06 13:52:00","2022-04-08 01:12:00","29.989999771118164"
"18305","12580","10089","28936","49577","Returned","2022-06-15 23:59:22","2022-06-18 13:00:00","2022-06-21 21:40:00","2022-06-24 14:04:00","29.989999771118164"
"18377","12637","10138","531","49769","Returned","2021-11-25 03:06:06","2021-11-23 10:26:00","2021-11-27 14:29:00","2021-11-28 06:32:00","29.989999771118164"
"18918","13002","10428","17807","51198","Returned","2022-09-03 23:49:44.384082","2022-09-05 17:39:23.384082","2022-09-06 16:21:23.384082","2022-09-07 22:26:23.384082","29.989999771118164"
"19483","13395","10742","7529","52721","Returned","2022-07-30 22:51:26","2022-08-01 05:36:00","2022-08-03 15:48:00","2022-08-05 11:05:00","29.989999771118164"
"19615","13480","10815","14815","53081","Returned","2022-07-15 04:53:07","2022-07-16 21:57:00","2022-07-21 16:32:00","2022-07-23 13:14:00","29.989999771118164"
"20311","13963","11195","3074","54977","Returned","2022-04-14 07:15:57","2022-04-16 00:09:00","2022-04-19 02:21:00","2022-04-20 01:52:00","29.989999771118164"
"20412","14035","11245","16695","55252","Returned","2021-07-18 03:57:21","2021-07-18 21:07:00","2021-07-23 19:06:00","2021-07-23 20:37:00","29.989999771118164"
"20515","14104","11298","1561","55532","Returned","2022-01-09 13:38:21","2022-01-09 22:29:00","2022-01-11 02:41:00","2022-01-13 22:49:00","29.989999771118164"
"21201","14574","11641","19013","57346","Returned","2022-07-07 15:11:38","2022-07-09 10:40:00","2022-07-11 19:58:00","2022-07-12 08:51:00","29.989999771118164"
"22452","15437","12335","11422","60675","Returned","2022-01-02 01:48:58","2022-01-04 01:36:00","2022-01-05 05:01:00","2022-01-06 11:02:00","29.989999771118164"
"23610","16249","13003","28179","63830","Returned","2020-12-23 23:41:05","2020-12-26 12:07:00","2020-12-31 06:11:00","2021-01-03 01:59:00","29.989999771118164"
"26060","17956","14343","11262","70422","Returned","2022-04-19 23:06:22","2022-04-19 20:43:00","2022-04-20 11:44:00","2022-04-22 20:34:00","29.989999771118164"
"26185","18039","14414","5207","70768","Returned","2022-03-25 12:32:41","2022-03-27 04:19:00","2022-03-28 20:19:00","2022-03-31 02:18:00","29.989999771118164"
"27001","18596","14853","149","72989","Returned","2021-09-14 02:34:50","2021-09-15 19:45:00","2021-09-18 01:55:00","2021-09-19 17:32:00","29.989999771118164"
"27373","18854","15079","15104","73997","Returned","2022-06-04 06:15:43","2022-06-05 06:39:00","2022-06-08 03:01:00","2022-06-08 18:19:00","29.989999771118164"
"27742","19113","15283","20349","74995","Returned","2022-04-07 07:49:40","2022-04-06 02:35:00","2022-04-09 12:10:00","2022-04-12 10:22:00","29.989999771118164"
"27871","19209","15364","6647","75349","Returned","2022-07-10 02:18:46","2022-07-12 11:01:00","2022-07-14 17:56:00","2022-07-15 10:37:00","29.989999771118164"
"28203","19440","15549","1656","76238","Returned","2021-01-11 06:18:15","2021-01-13 02:11:00","2021-01-17 23:20:00","2021-01-20 06:30:00","29.989999771118164"
"28947","19934","15920","16773","78264","Returned","2021-04-26 13:40:19","2021-04-27 12:34:00","2021-04-30 23:51:00","2021-05-02 15:43:00","29.989999771118164"
"30060","20701","16557","10676","81261","Returned","2022-08-01 14:56:06","2022-08-01 04:37:00","2022-08-05 09:27:00","2022-08-05 22:24:00","29.989999771118164"
"30743","21165","16954","5207","83109","Returned","2021-09-08 23:25:55","2021-09-09 04:34:00","2021-09-12 16:21:00","2021-09-13 14:51:00","29.989999771118164"
"31128","21416","17139","16484","84147","Returned","2021-03-25 11:27:07","2021-03-21 18:33:00","2021-03-24 22:00:00","2021-03-25 09:04:00","29.989999771118164"
"31436","21629","17295","1677","84972","Returned","2021-05-30 00:18:18","2021-05-30 21:34:00","2021-06-02 19:03:00","2021-06-04 18:30:00","29.989999771118164"
"31900","21954","17563","5809","86205","Returned","2022-05-10 14:50:20","2022-05-08 15:40:00","2022-05-13 07:38:00","2022-05-16 04:33:00","29.989999771118164"
"33425","23011","18359","15480","90308","Returned","2021-08-18 04:39:44","2021-08-19 00:04:00","2021-08-22 15:31:00","2021-08-25 09:02:00","29.989999771118164"
"34768","23926","19103","22405","93918","Returned","2022-06-20 08:06:18","2022-06-21 20:50:00","2022-06-25 23:07:00","2022-06-26 15:39:00","29.989999771118164"
"35249","24256","19376","5207","95221","Returned","2021-07-24 01:24:08","2021-07-20 12:09:00","2021-07-24 03:08:00","2021-07-25 10:02:00","29.989999771118164"
"35339","24322","19426","18174","95461","Returned","2022-06-03 06:18:22","2022-06-02 01:20:00","2022-06-02 19:09:00","2022-06-03 21:29:00","29.989999771118164"
"35373","24344","19442","531","95548","Returned","2022-03-30 13:25:00","2022-04-02 06:48:00","2022-04-02 23:11:00","2022-04-03 19:30:00","29.989999771118164"
"36282","24982","19971","28350","97963","Returned","2022-01-14 08:11:58","2022-01-14 16:20:00","2022-01-16 13:06:00","2022-01-17 11:28:00","29.989999771118164"
"36385","25054","20035","742","98239","Returned","2021-12-22 11:36:49","2021-12-24 21:43:00","2021-12-29 13:30:00","2022-01-01 09:56:00","29.989999771118164"
"36441","25097","20065","5190","98380","Returned","2022-05-25 09:07:59","2022-05-27 14:18:00","2022-05-28 05:39:00","2022-05-30 06:58:00","29.989999771118164"
"36496","25128","20089","5247","98531","Returned","2021-12-01 12:57:54","2021-12-01 09:38:00","2021-12-03 09:15:00","2021-12-03 12:31:00","29.989999771118164"
"38119","26241","20965","27384","102911","Returned","2022-07-16 07:51:28","2022-07-15 18:17:00","2022-07-20 02:09:00","2022-07-22 16:51:00","29.989999771118164"
"38324","26388","21087","26877","103449","Returned","2022-08-26 14:44:20","2022-08-29 00:27:00","2022-09-01 17:55:00","2022-09-04 15:57:00","29.989999771118164"
"38863","26766","21383","18174","104917","Returned","2022-07-21 04:32:36","2022-07-23 11:11:00","2022-07-28 06:09:00","2022-07-29 17:09:00","29.989999771118164"
"39254","27022","21582","15397","105987","Returned","2020-09-20 06:28:44","2020-09-21 07:05:00","2020-09-24 17:37:00","2020-09-25 00:00:00","29.989999771118164"
"40190","27668","22102","5643","108488","Returned","2021-06-22 03:53:38","2021-06-23 05:49:00","2021-06-26 03:20:00","2021-06-27 12:28:00","29.989999771118164"
"40515","27877","22254","25171","109375","Returned","2022-09-03 01:36:53.125254","2022-09-04 00:55:50.125254","2022-09-07 14:34:50.125254","2022-09-10 10:23:50.125254","29.989999771118164"
"41022","28211","22509","9526","110751","Returned","2020-07-01 20:59:37","2020-07-03 00:27:00","2020-07-06 16:49:00","2020-07-08 04:48:00","29.989999771118164"
"41342","28434","22685","2869","111607","Returned","2022-07-06 05:22:08","2022-07-06 18:44:00","2022-07-11 12:00:00","2022-07-13 13:44:00","29.989999771118164"
"41396","28471","22713","1558","111751","Returned","2022-04-13 23:14:51","2022-04-15 01:11:00","2022-04-19 16:17:00","2022-04-22 15:43:00","29.989999771118164"
"41659","28653","22848","6886","112451","Returned","2022-07-10 09:31:37","2022-07-11 03:03:00","2022-07-13 12:48:00","2022-07-14 21:53:00","29.989999771118164"
"41817","28767","22942","22118","112892","Returned","2022-04-10 10:14:02","2022-04-10 19:31:00","2022-04-13 08:27:00","2022-04-13 14:11:00","29.989999771118164"
"43295","29780","23744","17157","116911","Returned","2022-07-03 18:42:31","2022-07-02 16:23:00","2022-07-05 01:15:00","2022-07-05 14:57:00","29.989999771118164"
"43840","30157","24039","16464","118398","Returned","2021-11-17 00:42:37","2021-11-18 10:03:00","2021-11-19 00:02:00","2021-11-21 11:30:00","29.989999771118164"
"44247","30445","24302","21734","119505","Returned","2020-10-12 04:54:59","2020-10-08 20:56:00","2020-10-09 12:42:00","2020-10-11 22:33:00","29.989999771118164"
"45306","31200","24904","149","122345","Returned","2022-09-03 03:47:07.915432","2022-09-05 18:31:58.915432","2022-09-09 21:49:58.915432","2022-09-10 03:31:58.915432","29.989999771118164"
"45458","31300","24979","26877","122756","Returned","2021-03-19 11:56:41","2021-03-19 18:35:00","2021-03-24 01:30:00","2021-03-25 15:02:00","29.989999771118164"
"45918","31606","25206","21852","123974","Returned","2022-06-27 15:42:29","2022-06-26 18:11:00","2022-06-29 21:22:00","2022-07-02 16:17:00","29.989999771118164"
"47706","32869","26250","615","128763","Returned","2022-08-15 21:18:47","2022-08-15 23:08:00","2022-08-16 14:53:00","2022-08-18 05:24:00","29.989999771118164"
"48746","33577","26811","25171","131551","Returned","2022-08-27 13:52:50","2022-08-30 04:18:00","2022-09-04 01:51:00","2022-09-06 13:27:00","29.989999771118164"
"49142","33846","27031","7119","132632","Returned","2022-09-02 13:46:57","2022-09-02 21:23:00","2022-09-05 05:05:00","2022-09-05 06:40:00","29.989999771118164"
"49259","33918","27090","2716","132953","Returned","2022-07-13 05:00:53","2022-07-13 09:45:00","2022-07-18 03:07:00","2022-07-19 01:12:00","29.989999771118164"
"49695","34234","27331","17112","134152","Returned","2020-12-19 22:10:09","2020-12-20 08:31:00","2020-12-23 12:09:00","2020-12-23 22:31:00","29.989999771118164"
"51551","35535","28389","26902","139147","Returned","2022-08-25 11:27:50","2022-08-22 02:39:00","2022-08-26 22:32:00","2022-08-27 12:48:00","29.989999771118164"
"52094","35901","28683","18031","140602","Returned","2022-05-11 10:27:48","2022-05-12 03:11:00","2022-05-13 14:43:00","2022-05-15 11:50:00","29.989999771118164"
"52611","36259","28962","7495","141974","Returned","2021-06-01 02:16:29","2021-05-28 07:37:00","2021-06-02 03:46:00","2021-06-03 09:10:00","29.989999771118164"
"52612","36259","28962","5346","141976","Returned","2021-05-27 23:59:40","2021-05-28 07:37:00","2021-06-02 03:46:00","2021-06-03 09:10:00","29.989999771118164"
"52848","36427","29109","4345","142610","Returned","2022-01-20 22:53:15","2022-01-21 09:26:00","2022-01-22 10:12:00","2022-01-24 01:02:00","29.989999771118164"
"53574","36915","29494","14936","144569","Returned","2021-03-14 23:43:33","2021-03-17 11:41:00","2021-03-21 16:24:00","2021-03-22 23:38:00","29.989999771118164"
"53815","37082","29621","20941","145244","Returned","2021-04-09 04:45:27","2021-04-10 05:37:00","2021-04-10 15:00:00","2021-04-11 22:03:00","29.989999771118164"
"54501","37567","30014","28954","147059","Returned","2021-06-17 13:59:15","2021-06-19 05:00:00","2021-06-23 23:52:00","2021-06-25 01:57:00","29.989999771118164"
"55083","37977","30339","28954","148629","Returned","2022-01-19 11:39:42","2022-01-19 16:26:00","2022-01-21 23:16:00","2022-01-22 23:00:00","29.989999771118164"
"55122","37998","30360","21824","148727","Returned","2022-04-05 23:48:17","2022-04-04 11:57:00","2022-04-07 15:57:00","2022-04-10 12:35:00","29.989999771118164"
"55353","38152","30483","20504","149345","Returned","2020-02-12 00:12:03","2020-02-13 01:39:00","2020-02-13 11:44:00","2020-02-15 23:31:00","29.989999771118164"
"56190","38733","30971","17123","151631","Returned","2020-11-10 10:34:38","2020-11-10 15:32:00","2020-11-15 09:20:00","2020-11-18 07:59:00","29.989999771118164"
"56435","38902","31097","504","152320","Returned","2021-06-25 23:58:42","2021-06-25 06:08:00","2021-06-29 08:47:00","2021-06-29 17:18:00","29.989999771118164"
"56697","39080","31242","504","153026","Returned","2021-06-20 01:06:38","2021-06-21 15:24:00","2021-06-26 03:59:00","2021-06-27 03:50:00","29.989999771118164"
"57105","39357","31457","15483","154131","Returned","2022-06-20 11:05:33","2022-06-22 00:26:00","2022-06-25 09:43:00","2022-06-25 12:14:00","29.989999771118164"
"57953","39935","31917","5965","156397","Returned","2020-04-25 13:51:53","2020-04-27 10:49:00","2020-05-01 23:50:00","2020-05-03 06:08:00","29.989999771118164"
"59682","41125","32858","26868","161106","Returned","2020-11-03 02:36:01","2020-11-02 08:41:00","2020-11-04 22:07:00","2020-11-07 02:11:00","29.989999771118164"
"60116","41410","33081","9656","162307","Returned","2021-12-16 11:29:09","2021-12-17 16:58:00","2021-12-21 01:50:00","2021-12-22 23:30:00","29.989999771118164"
"60641","41766","33387","16317","163725","Returned","2021-03-11 00:03:34","2021-03-12 10:28:00","2021-03-16 15:55:00","2021-03-18 13:51:00","29.989999771118164"
"60761","41848","33449","961","164041","Returned","2020-12-17 00:16:41","2020-12-17 07:33:00","2020-12-19 12:02:00","2020-12-21 14:04:00","29.989999771118164"
"61916","42639","34090","17807","167147","Returned","2021-10-09 21:52:55","2021-10-12 13:32:00","2021-10-14 16:24:00","2021-10-15 15:13:00","29.989999771118164"
"62307","42911","34303","16484","168196","Returned","2022-01-31 09:06:55","2022-02-03 02:43:00","2022-02-06 18:44:00","2022-02-08 18:57:00","29.989999771118164"
"62762","43215","34559","7495","169440","Returned","2019-02-14 02:24:21","2019-02-16 01:51:00","2019-02-20 12:50:00","2019-02-23 08:37:00","29.989999771118164"
"63296","43580","34845","17058","170910","Returned","2020-08-13 23:39:51","2020-08-14 03:29:00","2020-08-14 19:11:00","2020-08-16 13:59:00","29.989999771118164"
"64115","44125","35292","5691","173086","Returned","2022-08-23 21:34:25","2022-08-25 14:57:00","2022-08-28 06:05:00","2022-08-30 02:53:00","29.989999771118164"
"64249","44216","35364","22185","173453","Returned","2022-06-11 21:54:55","2022-06-08 08:57:00","2022-06-12 23:13:00","2022-06-15 15:40:00","29.989999771118164"
"64400","44322","35456","28128","173874","Returned","2021-09-18 17:15:12","2021-09-20 09:59:00","2021-09-21 15:07:00","2021-09-23 06:58:00","29.989999771118164"
"64499","44393","35502","1670","174135","Returned","2021-04-30 23:57:30","2021-04-30 01:11:00","2021-05-03 16:20:00","2021-05-06 01:40:00","29.989999771118164"
"64923","44691","35742","21004","175328","Returned","2021-12-01 04:50:14","2021-12-01 20:18:00","2021-12-02 12:08:00","2021-12-03 06:23:00","29.989999771118164"
"65441","45061","36015","204","176718","Returned","2022-09-06 09:14:55.584668","2022-09-04 12:10:52.584668","2022-09-06 12:47:52.584668","2022-09-06 22:42:52.584668","29.989999771118164"
"66012","45439","36330","21677","178251","Returned","2022-07-09 13:44:06","2022-07-09 08:41:00","2022-07-14 02:44:00","2022-07-14 21:08:00","29.989999771118164"
"66345","45653","36493","13045","179148","Returned","2022-05-05 12:46:16","2022-05-04 22:12:00","2022-05-08 13:12:00","2022-05-08 15:11:00","29.989999771118164"
"66440","45713","36552","26936","179408","Returned","2021-02-14 04:35:18","2021-02-13 09:25:00","2021-02-13 16:31:00","2021-02-16 15:54:00","29.989999771118164"
"66475","45736","36572","12813","179496","Returned","2022-06-05 07:33:02","2022-06-04 12:46:00","2022-06-05 09:31:00","2022-06-06 08:45:00","29.989999771118164"
"66563","45797","36618","2899","179731","Returned","2022-07-14 17:10:43","2022-07-14 06:41:00","2022-07-17 06:06:00","2022-07-19 17:24:00","29.989999771118164"
"66874","46004","36791","11130","180559","Returned","2021-07-25 09:53:25","2021-07-27 19:42:00","2021-07-30 09:06:00","2021-08-01 05:02:00","29.989999771118164"
"67726","46604","37285","13045","182866","Returned","2022-09-02 05:27:06.019476","2022-09-03 19:01:26.019476","2022-09-07 17:27:26.019476","2022-09-09 07:36:26.019476","29.989999771118164"
"67754","46624","37300","13560","182939","Returned","2021-11-27 11:36:49","2021-11-27 16:57:00","2021-11-29 20:50:00","2021-12-02 19:43:00","29.989999771118164"
"69152","47613","38065","12162","186676","Returned","2022-07-29 10:36:09","2022-07-30 22:15:00","2022-08-03 11:45:00","2022-08-03 14:54:00","29.989999771118164"
"69347","47752","38178","16317","187186","Returned","2022-07-07 07:38:42","2022-07-09 00:00:00","2022-07-09 08:09:00","2022-07-11 03:12:00","29.989999771118164"
"70824","48767","39015","25171","191201","Returned","2022-04-01 09:22:13","2022-04-01 14:43:00","2022-04-02 04:57:00","2022-04-04 06:14:00","29.989999771118164"
"72188","49717","39792","14109","194876","Returned","2021-10-09 11:10:08","2021-10-09 23:42:00","2021-10-11 15:46:00","2021-10-14 07:54:00","29.989999771118164"
"72920","50233","40210","21710","196892","Returned","2020-10-22 10:29:00","2020-10-25 11:10:00","2020-10-27 22:23:00","2020-10-30 08:08:00","29.989999771118164"
"73339","50517","40432","22979","198037","Returned","2020-06-08 00:15:52","2020-06-09 17:18:00","2020-06-12 08:29:00","2020-06-13 04:27:00","29.989999771118164"
"74513","51343","41077","17800","201184","Returned","2022-08-05 16:31:08","2022-08-06 13:21:00","2022-08-07 10:54:00","2022-08-09 20:17:00","29.989999771118164"
"74536","51364","41091","26973","201249","Returned","2020-12-29 06:27:53","2020-12-31 23:04:00","2021-01-03 12:15:00","2021-01-05 03:41:00","29.989999771118164"
"74687","51464","41180","14623","201652","Returned","2020-05-03 23:33:17","2020-05-03 07:00:00","2020-05-08 04:27:00","2020-05-10 03:21:00","29.989999771118164"
"74909","51616","41307","1431","202252","Returned","2022-07-12 00:50:20","2022-07-14 19:18:00","2022-07-19 03:58:00","2022-07-20 18:44:00","29.989999771118164"
"74988","51671","41347","21154","202470","Returned","2022-01-24 04:29:30","2022-01-25 22:42:00","2022-01-27 23:55:00","2022-01-29 02:54:00","29.989999771118164"
"75425","51973","41588","21731","203638","Returned","2022-08-07 08:20:14","2022-08-08 23:08:00","2022-08-12 07:52:00","2022-08-12 19:58:00","29.989999771118164"
"76413","52669","42144","11459","206339","Returned","2021-11-30 03:16:43","2021-11-29 00:41:00","2021-11-29 16:45:00","2021-12-02 09:21:00","29.989999771118164"
"78303","53996","43198","17867","211391","Returned","2021-07-29 02:17:54","2021-07-29 14:35:00","2021-08-02 21:21:00","2021-08-04 17:26:00","29.989999771118164"
"78845","54367","43512","204","212854","Returned","2021-08-14 11:37:31","2021-08-13 21:52:00","2021-08-15 09:21:00","2021-08-17 11:31:00","29.989999771118164"
"79572","54876","43889","16376","214859","Returned","2021-11-13 08:55:15","2021-11-16 04:13:00","2021-11-18 06:21:00","2021-11-18 20:43:00","29.989999771118164"
"80213","55325","44241","5787","216584","Returned","2022-07-27 09:32:21","2022-07-28 18:02:00","2022-07-29 23:48:00","2022-08-01 02:10:00","29.989999771118164"
"80988","55854","44657","22134","218735","Returned","2020-11-23 16:11:29","2020-11-23 21:01:00","2020-11-26 19:05:00","2020-11-27 09:44:00","29.989999771118164"
"81292","56074","44816","11459","219538","Returned","2022-06-20 07:25:34","2022-06-21 18:38:00","2022-06-24 14:32:00","2022-06-26 03:52:00","29.989999771118164"
"81448","56186","44910","18941","219958","Returned","2022-06-13 10:52:09","2022-06-15 00:51:00","2022-06-16 23:23:00","2022-06-17 03:47:00","29.989999771118164"
"81542","56255","44957","12204","220213","Returned","2021-01-03 16:36:08","2021-01-02 06:26:00","2021-01-05 10:31:00","2021-01-06 00:26:00","29.989999771118164"
"81727","56385","45076","16388","220710","Returned","2021-02-12 09:58:38","2021-02-13 01:27:00","2021-02-15 21:26:00","2021-02-17 19:48:00","29.989999771118164"
"82257","56766","45395","5190","222122","Returned","2022-05-26 02:03:56","2022-05-28 01:18:00","2022-05-30 17:01:00","2022-06-02 15:49:00","29.989999771118164"
"82566","56991","45567","19203","222981","Returned","2022-07-18 02:59:35","2022-07-19 19:17:00","2022-07-22 17:14:00","2022-07-24 06:15:00","29.989999771118164"
"83350","57555","46011","20504","225114","Returned","2022-08-20 14:26:46","2022-08-16 20:45:00","2022-08-20 13:37:00","2022-08-22 07:50:00","29.989999771118164"
"83368","57567","46017","27016","225160","Returned","2022-03-18 10:36:06","2022-03-19 16:44:00","2022-03-20 20:02:00","2022-03-23 07:22:00","29.989999771118164"
"85094","58805","47017","5747","229852","Returned","2021-12-29 16:02:18","2022-01-01 07:13:00","2022-01-01 16:56:00","2022-01-04 14:36:00","29.989999771118164"
"85727","59246","47384","22243","231562","Returned","2021-05-04 09:53:33","2021-05-05 09:38:00","2021-05-08 13:32:00","2021-05-08 23:52:00","29.989999771118164"
"86418","59711","47774","4456","233439","Returned","2022-07-15 16:14:00","2022-07-13 09:25:00","2022-07-13 11:28:00","2022-07-16 05:48:00","29.989999771118164"
"86488","59753","47808","14935","233633","Returned","2022-01-30 23:57:35","2022-02-02 13:34:00","2022-02-03 13:17:00","2022-02-04 08:22:00","29.989999771118164"
"87399","60392","48343","17626","236113","Returned","2021-05-08 21:11:53","2021-05-05 22:07:00","2021-05-10 00:09:00","2021-05-12 15:55:00","29.989999771118164"
"87591","60527","48466","20651","236625","Returned","2022-02-28 10:25:19","2022-02-28 11:49:00","2022-03-03 06:30:00","2022-03-05 00:20:00","29.989999771118164"
"88125","60909","48751","12358","238059","Returned","2021-10-03 02:59:25","2021-10-04 20:15:00","2021-10-09 04:01:00","2021-10-10 02:36:00","29.989999771118164"
"89023","61530","49261","5373","240506","Returned","2020-01-24 08:08:00","2020-01-24 21:46:00","2020-01-29 11:39:00","2020-01-30 00:04:00","29.989999771118164"
"89111","61591","49308","21964","240737","Returned","2021-09-17 16:28:07","2021-09-18 14:50:00","2021-09-20 02:12:00","2021-09-20 19:51:00","29.989999771118164"
"89504","61865","49525","1006","241774","Returned","2021-03-16 04:00:56","2021-03-16 10:53:00","2021-03-18 10:17:00","2021-03-19 01:23:00","29.989999771118164"
"89879","62127","49729","9536","242794","Returned","2021-11-27 03:41:48","2021-11-29 23:54:00","2021-12-03 17:09:00","2021-12-06 15:36:00","29.989999771118164"
"91507","63229","50627","28942","247178","Returned","2022-05-13 00:59:32","2022-05-15 06:38:00","2022-05-20 06:28:00","2022-05-21 18:27:00","29.989999771118164"
"91722","63380","50745","12235","247758","Returned","2022-08-15 13:23:30","2022-08-16 12:13:00","2022-08-20 10:05:00","2022-08-22 17:03:00","29.989999771118164"
"91793","63424","50779","10147","247948","Returned","2021-10-17 05:44:34","2021-10-14 16:02:00","2021-10-18 03:28:00","2021-10-18 15:12:00","29.989999771118164"
"91868","63479","50827","23056","248149","Returned","2022-05-25 08:58:52","2022-05-25 23:53:00","2022-05-29 08:39:00","2022-05-31 03:39:00","29.989999771118164"
"92845","64154","51346","23304","250770","Returned","2021-08-05 05:50:49","2021-08-07 21:41:00","2021-08-08 05:06:00","2021-08-10 16:07:00","29.989999771118164"
"93750","64773","51842","16234","253208","Returned","2022-07-18 05:51:19","2022-07-19 20:41:00","2022-07-24 19:17:00","2022-07-27 17:08:00","29.989999771118164"
"93868","64861","51907","16775","253535","Returned","2021-12-02 14:22:47","2021-12-05 06:23:00","2021-12-06 19:49:00","2021-12-08 01:49:00","29.989999771118164"
"94078","65000","52008","5691","254107","Returned","2022-06-10 10:47:47","2022-06-11 22:07:00","2022-06-16 06:19:00","2022-06-18 17:47:00","29.989999771118164"
"94322","65166","52134","16544","254781","Returned","2022-07-17 15:43:25","2022-07-17 00:01:00","2022-07-18 17:50:00","2022-07-20 18:23:00","29.989999771118164"
"97225","67194","53689","18941","262631","Returned","2022-09-05 11:47:22","2022-09-02 19:20:00","2022-09-04 20:56:00","2022-09-07 14:32:00","29.989999771118164"
"97594","67447","53896","1558","263638","Returned","2022-08-29 20:24:45","2022-08-31 23:41:00","2022-09-02 21:56:00","2022-09-03 03:25:00","29.989999771118164"
"97962","67699","54092","5128","264637","Returned","2020-10-31 01:03:48","2020-11-02 13:18:00","2020-11-03 19:35:00","2020-11-05 18:45:00","29.989999771118164"
"98323","67944","54301","204","265611","Returned","2019-08-28 14:53:55","2019-08-31 04:31:00","2019-09-03 13:34:00","2019-09-05 20:23:00","29.989999771118164"
"99565","68809","55025","16774","268942","Returned","2022-05-26 06:49:38","2022-05-28 04:58:00","2022-05-29 02:01:00","2022-05-29 19:34:00","29.989999771118164"
"100056","69149","55290","20582","270247","Returned","2021-08-28 13:37:02","2021-08-29 05:28:00","2021-09-02 20:51:00","2021-09-04 09:55:00","29.989999771118164"
"100236","69277","55394","6331","270717","Returned","2021-03-28 22:15:49","2021-03-31 19:08:00","2021-04-03 20:29:00","2021-04-05 11:27:00","29.989999771118164"
"102120","70564","56415","9536","275819","Returned","2022-05-23 07:28:02","2022-05-23 14:41:00","2022-05-23 15:46:00","2022-05-25 20:26:00","29.989999771118164"
"102523","70843","56635","16292","276940","Returned","2022-08-29 05:58:33","2022-08-29 11:13:00","2022-08-31 02:11:00","2022-08-31 10:10:00","29.989999771118164"
"103103","71241","56950","174","278487","Returned","2022-07-04 12:52:28","2022-07-04 15:04:00","2022-07-06 11:48:00","2022-07-08 06:31:00","29.989999771118164"
"103819","71745","57368","28313","280453","Returned","2020-08-25 10:29:37","2020-08-27 16:48:00","2020-08-30 03:40:00","2020-09-01 11:19:00","29.989999771118164"
"104104","71943","57520","16695","281207","Returned","2022-06-19 06:06:12","2022-06-20 07:54:00","2022-06-22 13:42:00","2022-06-25 02:48:00","29.989999771118164"
"104965","72532","57992","26452","283535","Returned","2022-09-02 05:38:49","2022-08-30 12:40:00","2022-09-02 15:09:00","2022-09-05 04:54:00","29.989999771118164"
"105969","73232","58577","7137","286242","Returned","2022-06-24 05:36:55","2022-06-26 08:47:00","2022-06-30 19:19:00","2022-07-02 13:43:00","29.989999771118164"
"106550","73629","58879","5192","287807","Returned","2022-01-29 13:29:18","2022-02-01 07:46:00","2022-02-05 19:39:00","2022-02-08 09:52:00","29.989999771118164"
"107373","74179","59301","21154","290017","Returned","2021-06-11 01:44:52","2021-06-11 15:19:00","2021-06-11 16:29:00","2021-06-13 02:59:00","29.989999771118164"
"107489","74266","59374","9298","290331","Returned","2022-04-29 05:12:10","2022-04-27 17:00:00","2022-04-30 13:59:00","2022-04-30 20:02:00","29.989999771118164"
"107622","74350","59435","1655","290696","Returned","2022-08-18 20:45:41","2022-08-18 07:12:00","2022-08-18 21:25:00","2022-08-19 19:24:00","29.989999771118164"
"108055","74645","59682","19719","291895","Returned","2022-04-17 09:17:31","2022-04-19 12:23:00","2022-04-23 05:39:00","2022-04-24 15:45:00","29.989999771118164"
"108682","75086","60033","6059","293577","Returned","2021-11-23 06:46:14","2021-11-26 07:46:00","2021-11-28 14:28:00","2021-11-30 06:00:00","29.989999771118164"
"109291","75498","60357","16504","295222","Returned","2021-05-15 15:57:40","2021-05-15 16:52:00","2021-05-17 21:21:00","2021-05-20 21:09:00","29.989999771118164"
"110319","76208","60941","21731","297952","Returned","2021-09-03 00:35:43","2021-08-31 02:07:00","2021-09-04 20:59:00","2021-09-05 18:38:00","29.989999771118164"
"111140","76788","61432","734","300161","Returned","2019-10-13 07:54:48","2019-10-14 03:40:00","2019-10-15 04:59:00","2019-10-16 05:13:00","29.989999771118164"
"111696","77156","61735","16886","301665","Returned","2022-03-19 11:44:26","2022-03-16 19:05:00","2022-03-17 21:58:00","2022-03-19 02:35:00","29.989999771118164"
"112273","77547","62032","23418","303250","Returned","2022-07-31 05:04:43","2022-07-31 10:51:00","2022-08-02 08:20:00","2022-08-02 14:21:00","29.989999771118164"
"112816","77920","62323","16292","304711","Returned","2021-09-11 06:00:39","2021-09-12 21:46:00","2021-09-15 07:01:00","2021-09-15 11:30:00","29.989999771118164"
"113177","78172","62528","7244","305682","Returned","2021-04-05 10:28:21","2021-04-06 11:52:00","2021-04-09 00:27:00","2021-04-11 07:30:00","29.989999771118164"
"115486","79764","63818","25874","311897","Returned","2022-06-10 06:45:02","2022-06-11 11:00:00","2022-06-15 05:32:00","2022-06-15 06:50:00","29.989999771118164"
"116763","80608","64544","22874","315353","Returned","2022-04-23 22:35:15","2022-04-22 12:50:00","2022-04-27 04:57:00","2022-04-28 15:05:00","29.989999771118164"
"116858","80678","64596","5734","315585","Returned","2021-09-18 09:16:51","2021-09-15 20:25:00","2021-09-18 05:36:00","2021-09-20 02:59:00","29.989999771118164"
"117860","81356","65154","6647","318273","Returned","2022-01-11 16:25:04","2022-01-11 17:30:00","2022-01-16 06:00:00","2022-01-18 01:16:00","29.989999771118164"
"118158","81561","65321","16464","319055","Returned","2022-06-23 21:26:55","2022-06-24 16:26:00","2022-06-26 20:56:00","2022-06-27 20:36:00","29.989999771118164"
"118313","81675","65402","23055","319464","Returned","2021-05-21 14:06:47","2021-05-22 22:50:00","2021-05-23 22:56:00","2021-05-25 09:26:00","29.989999771118164"
"120365","83064","66505","17997","324987","Returned","2022-01-15 00:23:01","2022-01-12 15:34:00","2022-01-15 18:41:00","2022-01-17 20:57:00","29.989999771118164"
"120683","83285","66689","12358","325856","Returned","2022-02-20 17:27:21","2022-02-20 05:25:00","2022-02-23 20:10:00","2022-02-24 13:22:00","29.989999771118164"
"120980","83493","66863","16818","326665","Returned","2022-04-26 04:21:11","2022-04-28 20:55:00","2022-04-29 20:25:00","2022-05-02 07:48:00","29.989999771118164"
"123287","85060","68072","181","332877","Returned","2020-05-22 15:21:09","2020-05-24 20:09:00","2020-05-26 19:37:00","2020-05-27 03:02:00","29.989999771118164"
"124342","85777","68648","4467","335665","Returned","2022-05-16 21:17:12","2022-05-15 06:36:00","2022-05-16 18:58:00","2022-05-19 16:37:00","29.989999771118164"
"124387","85812","68681","1733","335787","Returned","2020-12-05 04:39:47","2020-12-03 08:35:00","2020-12-06 06:48:00","2020-12-08 22:20:00","29.989999771118164"
"124765","86078","68888","5740","336822","Returned","2022-04-11 06:40:21","2022-04-11 00:48:00","2022-04-12 09:52:00","2022-04-13 15:36:00","29.989999771118164"
"126093","86973","69609","14109","340457","Returned","2020-01-09 04:15:02","2020-01-10 06:07:00","2020-01-12 08:55:00","2020-01-13 04:58:00","29.989999771118164"
"126437","87216","69801","23418","341380","Returned","2019-08-16 06:48:14","2019-08-19 06:30:00","2019-08-19 21:08:00","2019-08-22 10:57:00","29.989999771118164"
"126847","87490","70042","5346","342490","Returned","2021-06-25 16:08:24","2021-06-28 03:38:00","2021-07-01 19:01:00","2021-07-04 03:01:00","29.989999771118164"
"126935","87549","70090","21154","342729","Returned","2022-08-23 17:45:45","2022-08-25 19:50:00","2022-08-27 05:34:00","2022-08-29 06:22:00","29.989999771118164"
"127241","87749","70248","27384","343524","Returned","2022-06-14 00:05:11","2022-06-14 23:41:00","2022-06-16 21:05:00","2022-06-17 23:06:00","29.989999771118164"
"128227","88436","70832","21777","346227","Returned","2022-05-16 01:00:45","2022-05-18 18:42:00","2022-05-22 19:54:00","2022-05-23 04:02:00","29.989999771118164"
"128261","88461","70864","6135","346319","Returned","2020-01-08 04:49:32","2020-01-09 12:30:00","2020-01-10 13:03:00","2020-01-11 11:01:00","29.989999771118164"
"128690","88757","71089","17921","347485","Returned","2022-07-11 02:38:37","2022-07-11 04:32:00","2022-07-11 22:49:00","2022-07-13 15:56:00","29.989999771118164"
"128768","88806","71133","12843","347689","Returned","2022-08-15 04:35:42","2022-08-16 15:11:00","2022-08-19 07:33:00","2022-08-21 14:19:00","29.989999771118164"
"129250","89139","71411","16695","349005","Returned","2022-03-20 22:34:50","2022-03-23 00:53:00","2022-03-24 05:06:00","2022-03-25 19:35:00","29.989999771118164"
"129879","89579","71748","6170","350665","Returned","2021-07-02 09:28:02","2021-06-29 17:51:00","2021-07-03 02:16:00","2021-07-05 08:01:00","29.989999771118164"
"130517","90027","72113","26877","352385","Returned","2022-09-01 06:51:07","2022-08-30 07:11:00","2022-09-02 22:35:00","2022-09-04 11:49:00","29.989999771118164"
"130621","90100","72158","2900","352676","Returned","2022-09-03 10:52:27.9773","2022-09-04 11:33:57.9773","2022-09-09 03:55:57.9773","2022-09-09 16:43:57.9773","29.989999771118164"
"131648","90812","72740","19719","355453","Returned","2022-07-10 05:23:23","2022-07-11 06:30:00","2022-07-12 22:51:00","2022-07-15 00:35:00","29.989999771118164"
"131742","90877","72792","2526","355700","Returned","2022-03-01 13:42:12","2022-03-03 04:00:00","2022-03-06 20:19:00","2022-03-08 11:05:00","29.989999771118164"
"132287","91260","73073","16317","357199","Returned","2022-08-03 12:43:59","2022-08-05 10:40:00","2022-08-08 14:34:00","2022-08-09 15:56:00","29.989999771118164"
"133092","91835","73555","17286","359392","Returned","2022-01-09 11:25:28","2022-01-09 04:30:00","2022-01-09 11:41:00","2022-01-10 16:22:00","29.989999771118164"
"134893","93070","74554","11422","364268","Returned","2022-02-10 07:00:42","2022-02-08 06:38:00","2022-02-12 14:03:00","2022-02-13 16:38:00","29.989999771118164"
"135178","93262","74711","5128","365035","Returned","2019-09-15 05:29:53","2019-09-16 20:45:00","2019-09-20 19:30:00","2019-09-21 14:40:00","29.989999771118164"
"136104","93923","75273","21824","367539","Returned","2022-05-04 13:39:06","2022-05-06 15:51:00","2022-05-08 14:15:00","2022-05-10 04:07:00","29.989999771118164"
"136482","94187","75499","21677","368528","Returned","2022-09-05 12:25:49.670091","2022-09-05 19:01:25.670091","2022-09-06 12:31:25.670091","2022-09-06 23:28:25.670091","29.989999771118164"
"136818","94413","75664","6059","369450","Returned","2022-06-04 05:21:11","2022-06-04 14:09:00","2022-06-09 04:45:00","2022-06-11 06:23:00","29.989999771118164"
"137260","94711","75923","5267","370636","Returned","2022-06-05 01:03:25","2022-06-06 19:38:00","2022-06-09 11:21:00","2022-06-09 21:50:00","29.989999771118164"
"138389","95500","76571","10284","373692","Returned","2021-10-20 14:34:03","2021-10-21 10:34:00","2021-10-23 04:15:00","2021-10-25 16:51:00","29.989999771118164"
"138774","95764","76780","16677","374731","Returned","2021-12-21 04:10:43","2021-12-19 18:47:00","2021-12-21 21:54:00","2021-12-22 23:53:00","29.989999771118164"
"138797","95780","76790","961","374791","Returned","2021-11-17 14:25:32","2021-11-16 09:45:00","2021-11-18 15:25:00","2021-11-20 12:41:00","29.989999771118164"
"138913","95861","76862","1726","375111","Returned","2022-01-28 15:48:38","2022-01-29 01:41:00","2022-01-31 13:10:00","2022-02-02 18:12:00","29.989999771118164"
"140053","96614","77473","145","378171","Returned","2022-07-24 00:22:50","2022-07-24 08:32:00","2022-07-27 14:00:00","2022-07-29 18:00:00","29.989999771118164"
"144855","99951","80152","5192","391121","Returned","2022-05-05 09:05:55","2022-05-03 00:19:00","2022-05-05 05:39:00","2022-05-06 22:30:00","29.989999771118164"
"144905","99983","80179","10077","391254","Returned","2021-10-21 06:24:36","2021-10-21 22:03:00","2021-10-22 21:50:00","2021-10-25 09:14:00","29.989999771118164"
"144958","100019","80205","7661","391400","Returned","2022-03-24 14:27:14","2022-03-27 13:34:00","2022-03-28 19:38:00","2022-03-29 08:28:00","29.989999771118164"
"145008","100053","80231","10189","391541","Returned","2021-07-21 03:47:23","2021-07-23 23:35:00","2021-07-24 19:00:00","2021-07-25 15:11:00","29.989999771118164"
"145742","100561","80663","2467","393551","Returned","2022-09-01 09:26:35","2022-08-31 00:21:00","2022-08-31 10:22:00","2022-08-31 13:56:00","29.989999771118164"
"145996","100739","80827","5937","394221","Returned","2021-04-03 14:28:27","2021-03-30 19:22:00","2021-04-04 11:08:00","2021-04-05 09:17:00","29.989999771118164"
"146004","100744","80829","27484","394243","Returned","2020-12-30 06:45:17","2020-12-30 08:37:00","2020-12-31 23:48:00","2021-01-03 11:26:00","29.989999771118164"
"147332","101653","81529","23304","397808","Returned","2022-07-09 09:16:20","2022-07-11 16:09:00","2022-07-15 17:00:00","2022-07-16 20:43:00","29.989999771118164"
"148853","102711","82395","16497","401953","Returned","2020-04-14 15:27:46","2020-04-16 05:56:00","2020-04-17 17:08:00","2020-04-20 14:22:00","29.989999771118164"
"148901","102748","82421","26496","402079","Returned","2021-02-12 14:34:30","2021-02-15 03:11:00","2021-02-19 21:59:00","2021-02-21 21:54:00","29.989999771118164"
"149143","102928","82560","12024","402743","Returned","2020-09-13 00:15:24","2020-09-14 09:12:00","2020-09-16 23:28:00","2020-09-17 06:34:00","29.989999771118164"
"149964","103493","83016","16661","404991","Returned","2022-08-31 05:47:40","2022-08-29 13:52:00","2022-08-31 03:11:00","2022-09-01 10:07:00","29.989999771118164"
"151675","104642","83959","16903","409637","Returned","2022-07-22 11:38:26","2022-07-21 21:51:00","2022-07-24 09:10:00","2022-07-27 02:04:00","29.989999771118164"
"152712","105372","84538","17286","412406","Returned","2020-12-14 00:32:50","2020-12-12 12:32:00","2020-12-16 18:37:00","2020-12-19 12:02:00","29.989999771118164"
"153068","105600","84728","16497","413360","Returned","2022-09-03 14:51:26","2022-09-04 02:03:00","2022-09-07 10:09:00","2022-09-08 09:05:00","29.989999771118164"
"153398","105828","84892","24348","414274","Returned","2022-02-23 01:35:01","2022-02-25 06:18:00","2022-02-26 01:17:00","2022-02-26 20:31:00","29.989999771118164"
"153482","105886","84936","16484","414494","Returned","2022-06-23 22:04:42","2022-06-25 01:40:00","2022-06-26 13:17:00","2022-06-27 13:37:00","29.989999771118164"
"154429","106555","85475","23257","416994","Returned","2022-06-30 01:54:44","2022-07-01 23:11:00","2022-07-06 22:36:00","2022-07-08 03:54:00","29.989999771118164"
"155217","107086","85916","28598","419121","Returned","2021-05-19 23:43:16","2021-05-20 16:04:00","2021-05-24 06:15:00","2021-05-27 04:40:00","29.989999771118164"
"156891","108216","86793","6137","423608","Returned","2021-07-03 23:51:23","2021-07-02 22:57:00","2021-07-06 16:12:00","2021-07-09 03:50:00","29.989999771118164"
"159251","109863","88108","9727","429970","Returned","2020-02-02 09:40:18","2020-02-04 00:10:00","2020-02-07 22:26:00","2020-02-09 13:10:00","29.989999771118164"
"159271","109879","88119","20769","430027","Returned","2021-05-16 10:51:50","2021-05-17 15:11:00","2021-05-18 11:25:00","2021-05-20 19:36:00","29.989999771118164"
"159300","109897","88131","16601","430106","Returned","2022-08-21 14:29:46","2022-08-20 00:49:00","2022-08-20 11:33:00","2022-08-22 20:52:00","29.989999771118164"
"159458","110000","88218","19719","430535","Returned","2020-10-16 00:05:01","2020-10-18 04:07:00","2020-10-18 07:47:00","2020-10-19 15:03:00","29.989999771118164"
"159829","110266","88422","16664","431546","Returned","2020-06-15 13:55:33","2020-06-15 09:54:00","2020-06-18 06:27:00","2020-06-20 17:57:00","29.989999771118164"
"160505","110732","88802","742","433375","Returned","2021-10-03 05:40:37","2021-10-05 03:39:00","2021-10-06 10:19:00","2021-10-07 01:10:00","29.989999771118164"
"162078","111772","89602","13485","437636","Returned","2021-07-05 23:51:57","2021-07-04 15:39:00","2021-07-07 20:35:00","2021-07-08 11:59:00","29.989999771118164"
"162271","111914","89726","16292","438168","Returned","2022-01-11 07:24:13","2022-01-10 02:36:00","2022-01-13 06:47:00","2022-01-14 21:30:00","29.989999771118164"
"162752","112260","90012","28598","439487","Returned","2022-02-23 12:24:00","2022-02-23 16:57:00","2022-02-24 05:11:00","2022-02-24 18:23:00","29.989999771118164"
"163198","112562","90261","22023","440674","Returned","2021-07-05 00:03:19","2021-07-04 07:06:00","2021-07-06 19:59:00","2021-07-07 11:41:00","29.989999771118164"
"164322","113348","90889","16234","443762","Returned","2021-05-28 01:59:57","2021-05-27 12:04:00","2021-05-28 09:57:00","2021-05-28 15:11:00","29.989999771118164"
"164631","113552","91047","10145","444599","Returned","2021-08-25 14:38:02","2021-08-22 11:45:00","2021-08-23 00:50:00","2021-08-23 16:09:00","29.989999771118164"
"165367","114049","91438","2918","446628","Returned","2021-04-06 11:35:06","2021-04-08 09:55:00","2021-04-12 18:30:00","2021-04-13 22:54:00","29.989999771118164"
"165866","114394","91703","16388","447979","Returned","2022-03-30 04:39:30","2022-04-01 03:23:00","2022-04-02 23:32:00","2022-04-03 05:11:00","29.989999771118164"
"166064","114529","91819","26760","448497","Returned","2021-04-26 10:06:51","2021-04-26 21:48:00","2021-04-29 13:59:00","2021-04-30 09:00:00","29.989999771118164"
"168278","116050","93040","18174","454451","Returned","2022-09-07 00:07:59.375351","2022-09-05 09:41:17.375351","2022-09-08 19:42:17.375351","2022-09-10 16:23:17.375351","29.989999771118164"
"168286","116055","93046","6886","454472","Returned","2021-10-12 07:54:56","2021-10-10 02:13:00","2021-10-11 20:04:00","2021-10-12 05:18:00","29.989999771118164"
"169651","116990","93804","24343","458129","Returned","2022-04-15 21:34:13","2022-04-16 14:18:00","2022-04-18 04:38:00","2022-04-19 14:58:00","29.989999771118164"
"170473","117539","94267","715","460369","Returned","2022-09-02 06:56:25","2022-09-02 20:11:00","2022-09-05 17:53:00","2022-09-07 02:50:00","29.989999771118164"
"170935","117849","94503","6099","461660","Returned","2022-05-08 11:44:04","2022-05-07 04:14:00","2022-05-10 15:19:00","2022-05-12 10:15:00","29.989999771118164"
"171376","118150","94752","16916","462849","Returned","2021-12-15 14:45:51","2021-12-16 03:46:00","2021-12-17 12:30:00","2021-12-20 09:00:00","29.989999771118164"
"173524","119681","95966","12843","468617","Returned","2020-08-09 23:40:34","2020-08-11 05:32:00","2020-08-14 01:37:00","2020-08-14 10:03:00","29.989999771118164"
"174008","120015","96238","1621","469894","Returned","2021-12-11 02:48:28","2021-12-07 14:05:00","2021-12-09 15:54:00","2021-12-10 17:34:00","29.989999771118164"
"174146","120108","96318","4811","470263","Returned","2022-08-30 07:37:25","2022-08-31 07:17:00","2022-09-03 17:24:00","2022-09-05 13:16:00","29.989999771118164"
"174325","120228","96414","21954","470751","Returned","2022-06-18 10:44:54","2022-06-20 01:51:00","2022-06-24 02:49:00","2022-06-24 11:20:00","29.989999771118164"
"174485","120344","96498","5691","471180","Returned","2020-01-14 00:27:35","2020-01-16 10:34:00","2020-01-20 05:14:00","2020-01-20 06:17:00","29.989999771118164"
"174529","120374","96518","12165","471296","Returned","2022-05-04 04:36:06","2022-05-04 19:01:00","2022-05-08 15:20:00","2022-05-10 06:54:00","29.989999771118164"
"174778","120534","96645","21677","471983","Returned","2021-11-27 13:18:51","2021-11-25 23:37:00","2021-11-28 19:05:00","2021-11-30 04:45:00","29.989999771118164"
"175056","120715","96787","2899","472760","Returned","2022-06-06 17:46:36","2022-06-04 22:50:00","2022-06-06 21:50:00","2022-06-09 02:16:00","29.989999771118164"
"175072","120724","96793","21940","472804","Returned","2020-03-01 12:34:07","2020-03-01 18:42:00","2020-03-05 19:33:00","2020-03-06 01:45:00","29.989999771118164"
"176947","122037","97870","16903","477895","Returned","2021-07-06 00:20:33","2021-07-06 08:42:00","2021-07-10 17:36:00","2021-07-13 02:07:00","29.989999771118164"
"177126","122150","97948","22405","478385","Returned","2021-07-13 00:07:41","2021-07-12 01:29:00","2021-07-12 15:08:00","2021-07-14 20:19:00","29.989999771118164"
"177309","122280","98049","11459","478867","Returned","2022-07-24 04:35:24","2022-07-27 00:49:00","2022-07-30 18:13:00","2022-08-01 21:30:00","29.989999771118164"
"177519","122429","98202","16429","479417","Returned","2022-08-20 23:20:06","2022-08-21 15:50:00","2022-08-22 05:13:00","2022-08-24 16:45:00","29.989999771118164"
"177671","122537","98280","4467","479828","Returned","2022-07-22 12:34:33","2022-07-21 06:51:00","2022-07-23 02:18:00","2022-07-25 18:16:00","29.989999771118164"
"178953","123430","99010","8321","483272","Returned","2020-11-12 03:01:23","2020-11-12 23:48:00","2020-11-17 12:00:00","2020-11-20 08:25:00","29.989999771118164"
"179376","123717","99250","26760","484410","Returned","2022-05-20 04:38:12","2022-05-22 17:42:00","2022-05-24 06:31:00","2022-05-25 07:37:00","29.989999771118164"
"180005","124144","99570","21823","486094","Returned","2021-12-09 06:25:35","2021-12-08 15:59:00","2021-12-10 10:19:00","2021-12-10 22:51:00","29.989999771118164"
"180787","124691","99985","21154","488210","Returned","2020-10-19 13:08:55","2020-10-21 03:42:00","2020-10-26 01:56:00","2020-10-28 10:10:00","29.989999771118164"
"138","104","84","11459","374","Cancelled","2022-06-22 13:02:00",NULL,NULL,NULL,"29.989999771118164"
"235","173","140","20502","623","Cancelled","2021-12-04 16:03:50",NULL,NULL,NULL,"29.989999771118164"
"298","214","180","21677","783","Cancelled","2021-08-17 01:56:53",NULL,NULL,NULL,"29.989999771118164"
"416","295","255","2235","1099","Cancelled","2020-05-05 05:58:36",NULL,NULL,NULL,"29.989999771118164"
"802","572","482","12188","2147","Cancelled","2021-11-20 07:00:46",NULL,NULL,NULL,"29.989999771118164"
"961","676","568","13088","2585","Cancelled","2020-10-08 10:24:51",NULL,NULL,NULL,"29.989999771118164"
"1371","952","801","3758","3727","Cancelled","2021-10-07 04:08:05",NULL,NULL,NULL,"29.989999771118164"
"1429","990","829","5267","3882","Cancelled","2020-03-26 05:53:45",NULL,NULL,NULL,"29.989999771118164"
"2857","1949","1573","12132","7732","Cancelled","2022-06-11 11:51:04",NULL,NULL,NULL,"29.989999771118164"
"2896","1978","1593","22023","7839","Cancelled","2022-06-04 07:52:27",NULL,NULL,NULL,"29.989999771118164"
"3392","2296","1843","27996","9171","Cancelled","2021-05-03 14:35:29",NULL,NULL,NULL,"29.989999771118164"
"3648","2472","2000","16569","9861","Cancelled","2021-03-02 15:30:19",NULL,NULL,NULL,"29.989999771118164"
"3739","2533","2049","16497","10114","Cancelled","2022-07-14 15:44:34",NULL,NULL,NULL,"29.989999771118164"
"4608","3158","2566","1677","12490","Cancelled","2021-01-15 22:47:35",NULL,NULL,NULL,"29.989999771118164"
"4675","3202","2611","615","12671","Cancelled","2022-07-16 13:41:06",NULL,NULL,NULL,"29.989999771118164"
"4921","3351","2729","3758","13324","Cancelled","2021-05-14 11:09:24",NULL,NULL,NULL,"29.989999771118164"
"5597","3818","3115","5483","15152","Cancelled","2021-07-06 14:25:57",NULL,NULL,NULL,"29.989999771118164"
"5896","4012","3257","21617","15956","Cancelled","2021-07-18 00:30:20",NULL,NULL,NULL,"29.989999771118164"
"6042","4115","3340","21823","16342","Cancelled","2022-05-15 12:50:18",NULL,NULL,NULL,"29.989999771118164"
"6964","4751","3855","17058","18859","Cancelled","2022-07-24 16:02:50",NULL,NULL,NULL,"29.989999771118164"
"6993","4773","3871","11998","18932","Cancelled","2019-12-09 00:19:15",NULL,NULL,NULL,"29.989999771118164"
"8189","5608","4538","7024","22206","Cancelled","2022-03-22 09:45:54",NULL,NULL,NULL,"29.989999771118164"
"9727","6696","5429","13485","26398","Cancelled","2022-09-05 22:52:34.656937",NULL,NULL,NULL,"29.989999771118164"
"9934","6837","5541","531","26956","Cancelled","2020-01-12 15:53:42",NULL,NULL,NULL,"29.989999771118164"
"10257","7063","5751","531","27812","Cancelled","2022-07-28 10:32:23",NULL,NULL,NULL,"29.989999771118164"
"10294","7086","5774","17177","27910","Cancelled","2022-08-09 08:07:29",NULL,NULL,NULL,"29.989999771118164"
"10575","7271","5923","20659","28662","Cancelled","2019-12-29 00:52:05",NULL,NULL,NULL,"29.989999771118164"
"10645","7323","5960","9792","28852","Cancelled","2022-09-07 09:34:20.108255",NULL,NULL,NULL,"29.989999771118164"
"10919","7501","6096","21823","29595","Cancelled","2020-07-16 07:39:59",NULL,NULL,NULL,"29.989999771118164"
"10953","7525","6114","3698","29691","Cancelled","2021-12-26 01:34:49",NULL,NULL,NULL,"29.989999771118164"
"10983","7548","6131","21617","29764","Cancelled","2022-08-04 01:27:09",NULL,NULL,NULL,"29.989999771118164"
"11592","7976","6469","16417","31410","Cancelled","2022-05-31 15:03:41",NULL,NULL,NULL,"29.989999771118164"
"11633","8007","6496","230","31520","Cancelled","2022-02-14 02:21:35",NULL,NULL,NULL,"29.989999771118164"
"11950","8247","6666","5159","32391","Cancelled","2022-08-29 22:31:45",NULL,NULL,NULL,"29.989999771118164"
"12089","8345","6738","15435","32759","Cancelled","2022-07-30 08:49:29",NULL,NULL,NULL,"29.989999771118164"
"12481","8602","6941","15527","33820","Cancelled","2022-09-04 11:57:14.71057",NULL,NULL,NULL,"29.989999771118164"
"13184","9103","7339","21677","35715","Cancelled","2021-07-23 08:33:07",NULL,NULL,NULL,"29.989999771118164"
"13230","9132","7362","9603","35843","Cancelled","2020-04-06 07:59:53",NULL,NULL,NULL,"29.989999771118164"
"13681","9423","7591","6280","37075","Cancelled","2022-08-26 00:52:59",NULL,NULL,NULL,"29.989999771118164"
"14193","9767","7880","16569","38462","Cancelled","2022-03-01 02:54:05",NULL,NULL,NULL,"29.989999771118164"
"15204","10447","8417","5740","41179","Cancelled","2022-09-01 12:03:51",NULL,NULL,NULL,"29.989999771118164"
"15256","10485","8443","26452","41314","Cancelled","2022-04-17 03:38:51",NULL,NULL,NULL,"29.989999771118164"
"15382","10564","8495","21032","41669","Cancelled","2022-05-16 15:25:37",NULL,NULL,NULL,"29.989999771118164"
"15429","10593","8519","23145","41792","Cancelled","2022-04-15 14:43:34",NULL,NULL,NULL,"29.989999771118164"
"15628","10718","8616","16376","42325","Cancelled","2022-08-25 08:45:42",NULL,NULL,NULL,"29.989999771118164"
"16872","11611","9346","22110","45704","Cancelled","2021-07-31 06:05:59",NULL,NULL,NULL,"29.989999771118164"
"17494","12036","9672","14109","47396","Cancelled","2021-01-24 06:55:59",NULL,NULL,NULL,"29.989999771118164"
"18494","12706","10195","11349","50078","Cancelled","2022-06-29 09:18:29",NULL,NULL,NULL,"29.989999771118164"
"19029","13083","10490","27140","51502","Cancelled","2022-04-20 02:22:05",NULL,NULL,NULL,"29.989999771118164"
"19603","13474","10812","21710","53046","Cancelled","2022-08-18 13:51:45",NULL,NULL,NULL,"29.989999771118164"
"19669","13521","10846","17123","53219","Cancelled","2019-07-31 12:17:45",NULL,NULL,NULL,"29.989999771118164"
"20320","13968","11197","29100","54997","Cancelled","2022-06-01 10:46:26",NULL,NULL,NULL,"29.989999771118164"
"20431","14048","11255","13755","55299","Cancelled","2020-10-22 23:43:44",NULL,NULL,NULL,"29.989999771118164"
"20965","14415","11536","12162","56737","Cancelled","2022-09-02 08:20:47",NULL,NULL,NULL,"29.989999771118164"
"21091","14504","11603","14623","57054","Cancelled","2022-07-21 21:37:57",NULL,NULL,NULL,"29.989999771118164"
"21537","14810","11831","21824","58222","Cancelled","2021-01-20 22:30:13",NULL,NULL,NULL,"29.989999771118164"
"22472","15450","12343","1004","60732","Cancelled","2022-04-14 14:12:42",NULL,NULL,NULL,"29.989999771118164"
"22549","15507","12393","25727","60945","Cancelled","2020-02-23 15:19:14",NULL,NULL,NULL,"29.989999771118164"
"22613","15550","12429","22770","61117","Cancelled","2022-02-26 10:55:45",NULL,NULL,NULL,"29.989999771118164"
"22682","15602","12468","16317","61311","Cancelled","2022-09-06 05:24:29.31689",NULL,NULL,NULL,"29.989999771118164"
"22683","15602","12468","28681","61315","Cancelled","2022-09-06 07:37:53.31689",NULL,NULL,NULL,"29.989999771118164"
"22959","15792","12628","17060","62065","Cancelled","2022-09-02 03:13:17",NULL,NULL,NULL,"29.989999771118164"
"23281","16015","12790","5298","62929","Cancelled","2021-10-29 00:34:48",NULL,NULL,NULL,"29.989999771118164"
"23490","16162","12920","22886","63484","Cancelled","2022-03-05 08:15:02",NULL,NULL,NULL,"29.989999771118164"
"23869","16425","13129","21734","64525","Cancelled","2021-11-05 09:00:24",NULL,NULL,NULL,"29.989999771118164"
"24733","17031","13602","2233","66849","Cancelled","2022-01-22 12:05:36",NULL,NULL,NULL,"29.989999771118164"
"24981","17209","13753","18031","67526","Cancelled","2022-04-13 10:11:48",NULL,NULL,NULL,"29.989999771118164"
"25633","17658","14100","26973","69269","Cancelled","2021-08-11 10:56:47",NULL,NULL,NULL,"29.989999771118164"
"26867","18511","14783","25727","72610","Cancelled","2022-05-26 00:55:03",NULL,NULL,NULL,"29.989999771118164"
"27037","18625","14874","13755","73095","Cancelled","2020-10-27 05:47:49",NULL,NULL,NULL,"29.989999771118164"
"27259","18774","15007","16886","73697","Cancelled","2022-08-24 05:49:24",NULL,NULL,NULL,"29.989999771118164"
"27390","18867","15089","28179","74043","Cancelled","2020-08-25 10:20:05",NULL,NULL,NULL,"29.989999771118164"
"27607","19018","15209","16916","74622","Cancelled","2021-11-20 01:35:49",NULL,NULL,NULL,"29.989999771118164"
"28253","19470","15574","21623","76380","Cancelled","2021-09-10 16:42:15",NULL,NULL,NULL,"29.989999771118164"
"28409","19568","15646","5267","76803","Cancelled","2020-01-13 23:27:16",NULL,NULL,NULL,"29.989999771118164"
"28753","19788","15814","22381","77725","Cancelled","2021-06-03 08:56:51",NULL,NULL,NULL,"29.989999771118164"
"29608","20388","16287","742","80038","Cancelled","2022-04-17 09:22:10",NULL,NULL,NULL,"29.989999771118164"
"29710","20465","16343","22110","80318","Cancelled","2021-06-19 11:59:27",NULL,NULL,NULL,"29.989999771118164"
"30891","21263","17031","5393","83510","Cancelled","2022-01-24 04:14:43",NULL,NULL,NULL,"29.989999771118164"
"30937","21292","17049","16317","83636","Cancelled","2022-06-12 09:53:11",NULL,NULL,NULL,"29.989999771118164"
"32037","22052","17634","28954","86563","Cancelled","2020-12-26 02:01:52",NULL,NULL,NULL,"29.989999771118164"
"32171","22143","17711","15464","86913","Cancelled","2022-08-08 10:22:35",NULL,NULL,NULL,"29.989999771118164"
"32399","22297","17825","16677","87538","Cancelled","2020-10-08 04:52:20",NULL,NULL,NULL,"29.989999771118164"
"33497","23059","18406","6647","90500","Cancelled","2022-08-14 00:54:52",NULL,NULL,NULL,"29.989999771118164"
"34411","23688","18902","27384","92958","Cancelled","2020-07-14 23:10:45",NULL,NULL,NULL,"29.989999771118164"
"35791","24631","19689","16661","96651","Cancelled","2021-12-31 06:07:43",NULL,NULL,NULL,"29.989999771118164"
"36318","25012","19995","21940","98059","Cancelled","2022-05-20 12:22:31",NULL,NULL,NULL,"29.989999771118164"
"36430","25088","20059","17857","98355","Cancelled","2021-11-23 06:22:46",NULL,NULL,NULL,"29.989999771118164"
"36650","25220","20161","2287","98938","Cancelled","2022-04-09 13:44:37",NULL,NULL,NULL,"29.989999771118164"
"36728","25275","20202","23310","99154","Cancelled","2022-06-01 12:12:41",NULL,NULL,NULL,"29.989999771118164"
"37254","25654","20499","6114","100596","Cancelled","2021-12-13 05:53:58",NULL,NULL,NULL,"29.989999771118164"
"37566","25860","20661","16335","101438","Cancelled","2022-07-19 04:12:22",NULL,NULL,NULL,"29.989999771118164"
"38272","26343","21052","10676","103320","Cancelled","2022-06-15 13:07:53",NULL,NULL,NULL,"29.989999771118164"
"38808","26732","21361","28777","104780","Cancelled","2022-07-26 07:28:45",NULL,NULL,NULL,"29.989999771118164"
"40179","27658","22092","13088","108454","Cancelled","2022-06-14 14:32:24",NULL,NULL,NULL,"29.989999771118164"
"40540","27893","22264","10189","109446","Cancelled","2021-03-31 09:56:41",NULL,NULL,NULL,"29.989999771118164"
"40559","27906","22271","22666","109499","Cancelled","2022-01-01 06:17:45",NULL,NULL,NULL,"29.989999771118164"
"40576","27916","22275","15629","109548","Cancelled","2022-05-16 07:56:12",NULL,NULL,NULL,"29.989999771118164"
"40909","28139","22440","9610","110452","Cancelled","2022-08-31 15:38:56",NULL,NULL,NULL,"29.989999771118164"
"41187","28325","22597","28947","111199","Cancelled","2021-08-22 07:30:50",NULL,NULL,NULL,"29.989999771118164"
"43596","29989","23909","5207","117740","Cancelled","2021-04-24 14:23:49",NULL,NULL,NULL,"29.989999771118164"
"43744","30088","23985","22967","118136","Cancelled","2021-07-04 07:51:33",NULL,NULL,NULL,"29.989999771118164"
"43821","30143","24026","17123","118349","Cancelled","2022-08-29 08:04:14",NULL,NULL,NULL,"29.989999771118164"
"44668","30745","24534","2869","120648","Cancelled","2022-05-01 17:48:36",NULL,NULL,NULL,"29.989999771118164"
"44823","30845","24623","26877","121064","Cancelled","2022-09-01 15:13:22",NULL,NULL,NULL,"29.989999771118164"
"45561","31370","25042","20349","123027","Cancelled","2022-07-29 14:10:45",NULL,NULL,NULL,"29.989999771118164"
"45647","31428","25080","11262","123259","Cancelled","2020-12-12 11:04:02",NULL,NULL,NULL,"29.989999771118164"
"45705","31465","25114","9526","123416","Cancelled","2022-01-10 11:27:44",NULL,NULL,NULL,"29.989999771118164"
"46011","31671","25254","243","124235","Cancelled","2021-08-19 09:53:50",NULL,NULL,NULL,"29.989999771118164"
"46133","31759","25342","21710","124568","Cancelled","2022-07-07 08:42:13",NULL,NULL,NULL,"29.989999771118164"
"46143","31767","25352","7244","124591","Cancelled","2021-07-29 05:52:25",NULL,NULL,NULL,"29.989999771118164"
"46491","32005","25555","21940","125546","Cancelled","2022-02-24 23:50:42",NULL,NULL,NULL,"29.989999771118164"
"47614","32807","26192","17123","128516","Cancelled","2020-12-14 03:05:05",NULL,NULL,NULL,"29.989999771118164"
"47924","33021","26378","28954","129357","Cancelled","2021-10-06 23:25:20",NULL,NULL,NULL,"29.989999771118164"
"48323","33297","26598","4448","130419","Cancelled","2022-04-20 06:25:54",NULL,NULL,NULL,"29.989999771118164"
"49346","33983","27140","23527","133187","Cancelled","2022-08-26 02:10:43",NULL,NULL,NULL,"29.989999771118164"
"49371","34000","27149","17286","133261","Cancelled","2022-08-21 04:15:41",NULL,NULL,NULL,"29.989999771118164"
"50378","34702","27704","21734","135988","Cancelled","2019-11-07 04:21:45",NULL,NULL,NULL,"29.989999771118164"
"51615","35581","28433","17800","139326","Cancelled","2021-05-11 12:24:50",NULL,NULL,NULL,"29.989999771118164"
"52058","35876","28660","16661","140509","Cancelled","2022-09-02 01:47:56",NULL,NULL,NULL,"29.989999771118164"
"53494","36863","29455","18429","144350","Cancelled","2022-07-17 05:00:09",NULL,NULL,NULL,"29.989999771118164"
"55295","38112","30447","22110","149181","Cancelled","2020-03-02 14:42:30",NULL,NULL,NULL,"29.989999771118164"
"55620","38343","30642","18142","150082","Cancelled","2020-11-11 07:28:47",NULL,NULL,NULL,"29.989999771118164"
"55938","38556","30816","5790","150961","Cancelled","2020-01-20 05:43:11",NULL,NULL,NULL,"29.989999771118164"
"56247","38772","31002","15527","151797","Cancelled","2021-12-28 11:09:29",NULL,NULL,NULL,"29.989999771118164"
"56594","39013","31182","9298","152741","Cancelled","2022-03-17 05:05:15",NULL,NULL,NULL,"29.989999771118164"
"56599","39016","31185","20504","152753","Cancelled","2020-04-30 01:03:41",NULL,NULL,NULL,"29.989999771118164"
"57492","39625","31658","22081","155173","Cancelled","2019-10-16 14:02:49",NULL,NULL,NULL,"29.989999771118164"
"57655","39734","31750","17626","155600","Cancelled","2022-09-06 23:29:07.225074",NULL,NULL,NULL,"29.989999771118164"
"58614","40403","32272","6285","158195","Cancelled","2022-05-29 02:00:19",NULL,NULL,NULL,"29.989999771118164"
"58656","40428","32293","19013","158307","Cancelled","2021-09-06 08:16:36",NULL,NULL,NULL,"29.989999771118164"
"58859","40565","32395","5734","158856","Cancelled","2022-06-23 03:22:40",NULL,NULL,NULL,"29.989999771118164"
"59357","40900","32664","7125","160209","Cancelled","2021-02-13 10:32:46",NULL,NULL,NULL,"29.989999771118164"
"59739","41158","32884","15435","161267","Cancelled","2022-04-07 00:43:29",NULL,NULL,NULL,"29.989999771118164"
"60321","41550","33201","5734","162850","Cancelled","2022-05-28 01:43:15",NULL,NULL,NULL,"29.989999771118164"
"60425","41616","33256","915","163143","Cancelled","2022-04-26 01:31:46",NULL,NULL,NULL,"29.989999771118164"
"60860","41921","33506","287","164313","Cancelled","2022-08-26 06:42:15",NULL,NULL,NULL,"29.989999771118164"
"61011","42016","33584","6647","164707","Cancelled","2020-10-29 08:24:19",NULL,NULL,NULL,"29.989999771118164"
"62131","42791","34208","21823","167720","Cancelled","2022-07-21 03:54:03",NULL,NULL,NULL,"29.989999771118164"
"62397","42973","34352","22886","168431","Cancelled","2022-06-25 15:42:28",NULL,NULL,NULL,"29.989999771118164"
"62439","42998","34375","27520","168555","Cancelled","2022-02-20 02:07:05",NULL,NULL,NULL,"29.989999771118164"
"62632","43132","34488","22118","169080","Cancelled","2020-12-03 13:04:24",NULL,NULL,NULL,"29.989999771118164"
"62815","43251","34582","15552","169589","Cancelled","2021-01-31 07:55:44",NULL,NULL,NULL,"29.989999771118164"
"63620","43800","35027","16335","171762","Cancelled","2021-02-05 04:18:48",NULL,NULL,NULL,"29.989999771118164"
"64203","44186","35339","204","173324","Cancelled","2021-08-24 06:28:42",NULL,NULL,NULL,"29.989999771118164"
"64253","44217","35364","22770","173464","Cancelled","2022-07-11 23:22:46",NULL,NULL,NULL,"29.989999771118164"
"64383","44312","35446","10284","173826","Cancelled","2020-09-21 04:48:49",NULL,NULL,NULL,"29.989999771118164"
"65245","44923","35920","6331","176178","Cancelled","2020-07-18 02:04:51",NULL,NULL,NULL,"29.989999771118164"
"65866","45343","36247","3698","177850","Cancelled","2021-07-12 02:40:44",NULL,NULL,NULL,"29.989999771118164"
"65912","45371","36271","24813","177978","Cancelled","2021-06-09 03:02:08",NULL,NULL,NULL,"29.989999771118164"
"65987","45424","36316","17112","178180","Cancelled","2022-09-01 15:18:10",NULL,NULL,NULL,"29.989999771118164"
"66221","45575","36435","27018","178821","Cancelled","2021-05-19 10:39:42",NULL,NULL,NULL,"29.989999771118164"
"66239","45588","36442","16135","178870","Cancelled","2020-12-23 20:31:16",NULL,NULL,NULL,"29.989999771118164"
"67858","46697","37361","219","183224","Cancelled","2019-10-25 00:28:30",NULL,NULL,NULL,"29.989999771118164"
"68002","46787","37429","29100","183602","Cancelled","2021-10-25 01:13:22",NULL,NULL,NULL,"29.989999771118164"
"68171","46913","37524","1558","184056","Cancelled","2020-01-09 05:13:16",NULL,NULL,NULL,"29.989999771118164"
"68290","47001","37600","7309","184373","Cancelled","2022-05-12 04:40:31",NULL,NULL,NULL,"29.989999771118164"
"68990","47489","37981","21791","186242","Cancelled","2022-05-26 13:53:35",NULL,NULL,NULL,"29.989999771118164"
"69253","47683","38119","26452","186935","Cancelled","2022-08-01 10:29:54",NULL,NULL,NULL,"29.989999771118164"
"69392","47783","38202","27520","187303","Cancelled","2022-08-30 11:52:11",NULL,NULL,NULL,"29.989999771118164"
"69604","47928","38321","7125","187887","Cancelled","2022-06-25 10:25:41",NULL,NULL,NULL,"29.989999771118164"
"69829","48073","38436","15881","188500","Cancelled","2021-05-23 14:08:45",NULL,NULL,NULL,"29.989999771118164"
"69884","48111","38472","5298","188654","Cancelled","2020-12-13 00:47:04",NULL,NULL,NULL,"29.989999771118164"
"69966","48171","38523","14969","188876","Cancelled","2019-10-13 01:23:27",NULL,NULL,NULL,"29.989999771118164"
"70902","48816","39059","27346","191415","Cancelled","2021-03-03 05:35:20",NULL,NULL,NULL,"29.989999771118164"
"71553","49273","39436","5483","193180","Cancelled","2022-09-02 05:28:09.171719",NULL,NULL,NULL,"29.989999771118164"
"72226","49740","39809","5747","194978","Cancelled","2022-09-03 05:39:33",NULL,NULL,NULL,"29.989999771118164"
"72262","49766","39829","11047","195087","Cancelled","2022-02-15 07:41:38",NULL,NULL,NULL,"29.989999771118164"
"72558","49974","39997","4448","195925","Cancelled","2022-05-04 10:31:18",NULL,NULL,NULL,"29.989999771118164"
"72831","50167","40160","9656","196656","Cancelled","2022-06-20 15:08:21",NULL,NULL,NULL,"29.989999771118164"
"73682","50744","40601","5465","198944","Cancelled","2022-07-31 15:25:00",NULL,NULL,NULL,"29.989999771118164"
"74248","51150","40939","15420","200486","Cancelled","2020-08-20 14:08:10",NULL,NULL,NULL,"29.989999771118164"
"74992","51673","41348","12188","202479","Cancelled","2022-04-18 01:01:33",NULL,NULL,NULL,"29.989999771118164"
"75043","51709","41370","1626","202611","Cancelled","2022-05-24 01:58:33",NULL,NULL,NULL,"29.989999771118164"
"75476","52006","41609","9943","203771","Cancelled","2022-03-09 12:27:24",NULL,NULL,NULL,"29.989999771118164"
"75477","52006","41609","14936","203773","Cancelled","2022-03-08 13:24:53",NULL,NULL,NULL,"29.989999771118164"
"75518","52036","41649","16773","203889","Cancelled","2022-03-02 15:19:44",NULL,NULL,NULL,"29.989999771118164"
"76456","52697","42169","11998","206461","Cancelled","2021-10-05 16:33:15",NULL,NULL,NULL,"29.989999771118164"
"77597","53503","42809","5465","209471","Cancelled","2020-05-23 03:32:27",NULL,NULL,NULL,"29.989999771118164"
"77613","53517","42819","26496","209518","Cancelled","2022-09-04 12:55:28",NULL,NULL,NULL,"29.989999771118164"
"77649","53541","42835","15881","209608","Cancelled","2022-08-27 10:43:34",NULL,NULL,NULL,"29.989999771118164"
"78199","53927","43141","5159","211118","Cancelled","2021-01-10 15:25:04",NULL,NULL,NULL,"29.989999771118164"
"78549","54153","43346","13949","212052","Cancelled","2022-07-12 13:42:54",NULL,NULL,NULL,"29.989999771118164"
"79130","54558","43648","5937","213654","Cancelled","2020-10-26 03:52:30",NULL,NULL,NULL,"29.989999771118164"
"80097","55239","44182","7661","216270","Cancelled","2021-07-12 10:51:12",NULL,NULL,NULL,"29.989999771118164"
"80595","55584","44434","12984","217656","Cancelled","2021-06-25 05:26:27",NULL,NULL,NULL,"29.989999771118164"
"80804","55728","44550","16773","218234","Cancelled","2022-08-18 14:30:46",NULL,NULL,NULL,"29.989999771118164"
"80887","55780","44591","20778","218455","Cancelled","2020-07-10 08:31:16",NULL,NULL,NULL,"29.989999771118164"
"81415","56159","44887","10108","219872","Cancelled","2022-03-21 10:17:21",NULL,NULL,NULL,"29.989999771118164"
"82244","56757","45389","16497","222088","Cancelled","2021-03-03 12:25:49",NULL,NULL,NULL,"29.989999771118164"
"82279","56783","45408","7240","222184","Cancelled","2022-07-16 10:33:05",NULL,NULL,NULL,"29.989999771118164"
"83605","57741","46163","16323","225797","Cancelled","2022-04-15 06:46:12",NULL,NULL,NULL,"29.989999771118164"
"83767","57853","46256","12984","226237","Cancelled","2021-12-19 13:32:27",NULL,NULL,NULL,"29.989999771118164"
"83878","57926","46310","6331","226552","Cancelled","2022-08-11 02:38:23",NULL,NULL,NULL,"29.989999771118164"
"83913","57952","46341","129","226649","Cancelled","2021-03-04 08:17:12",NULL,NULL,NULL,"29.989999771118164"
"84763","58557","46834","28936","228941","Cancelled","2022-01-03 08:58:13",NULL,NULL,NULL,"29.989999771118164"
"84925","58674","46916","13949","229389","Cancelled","2022-08-18 14:07:54",NULL,NULL,NULL,"29.989999771118164"
"85629","59174","47314","23055","231303","Cancelled","2022-01-09 11:11:30",NULL,NULL,NULL,"29.989999771118164"
"86192","59560","47648","335","232828","Cancelled","2021-12-10 07:55:06",NULL,NULL,NULL,"29.989999771118164"
"86236","59591","47676","24835","232940","Cancelled","2021-06-08 02:39:41",NULL,NULL,NULL,"29.989999771118164"
"86326","59651","47727","10147","233188","Cancelled","2021-09-06 05:30:55",NULL,NULL,NULL,"29.989999771118164"
"86707","59917","47940","28618","234229","Cancelled","2022-08-09 10:18:32",NULL,NULL,NULL,"29.989999771118164"
"87210","60260","48234","26499","235596","Cancelled","2022-05-29 03:32:13",NULL,NULL,NULL,"29.989999771118164"
"87308","60329","48288","11349","235870","Cancelled","2022-06-09 06:05:43",NULL,NULL,NULL,"29.989999771118164"
"89667","61989","49615","15527","242218","Cancelled","2021-12-18 23:51:09",NULL,NULL,NULL,"29.989999771118164"
"89771","62055","49672","17867","242513","Cancelled","2022-08-15 11:02:15",NULL,NULL,NULL,"29.989999771118164"
"89781","62062","49681","28352","242539","Cancelled","2022-09-05 08:53:31.203367",NULL,NULL,NULL,"29.989999771118164"
"89798","62073","49692","19842","242580","Cancelled","2022-06-25 09:47:32",NULL,NULL,NULL,"29.989999771118164"
"91073","62934","50396","10108","246014","Cancelled","2021-04-08 23:02:33",NULL,NULL,NULL,"29.989999771118164"
"91287","63076","50495","2101","246605","Cancelled","2022-08-24 06:22:20",NULL,NULL,NULL,"29.989999771118164"
"91483","63210","50614","22979","247120","Cancelled","2022-07-01 21:56:50",NULL,NULL,NULL,"29.989999771118164"
"91842","63461","50814","10202","248080","Cancelled","2021-03-18 10:48:43",NULL,NULL,NULL,"29.989999771118164"
"92315","63781","51062","16497","249339","Cancelled","2021-09-07 11:48:27",NULL,NULL,NULL,"29.989999771118164"
"92336","63795","51072","136","249395","Cancelled","2020-05-28 03:16:48",NULL,NULL,NULL,"29.989999771118164"
"92609","63988","51222","4811","250130","Cancelled","2021-06-26 08:48:36",NULL,NULL,NULL,"29.989999771118164"
"93172","64385","51515","5427","251645","Cancelled","2022-07-11 04:58:10",NULL,NULL,NULL,"29.989999771118164"
"93879","64870","51913","12204","253563","Cancelled","2021-10-24 21:12:16",NULL,NULL,NULL,"29.989999771118164"
"94207","65084","52067","19842","254450","Cancelled","2019-12-07 13:11:17",NULL,NULL,NULL,"29.989999771118164"
"94737","65446","52361","15311","255921","Cancelled","2022-08-14 03:38:19",NULL,NULL,NULL,"29.989999771118164"
"95194","65792","52635","9625","257136","Cancelled","2022-08-05 11:33:27",NULL,NULL,NULL,"29.989999771118164"
"96240","66510","53178","6137","259965","Cancelled","2019-08-07 15:37:40",NULL,NULL,NULL,"29.989999771118164"
"97081","67086","53601","11422","262234","Cancelled","2022-05-12 05:35:27",NULL,NULL,NULL,"29.989999771118164"
"97193","67168","53666","22979","262541","Cancelled","2022-08-08 05:06:58",NULL,NULL,NULL,"29.989999771118164"
"99550","68797","55016","1006","268900","Cancelled","2022-06-24 04:02:58",NULL,NULL,NULL,"29.989999771118164"
"99781","68970","55143","7240","269513","Cancelled","2022-03-09 18:15:42",NULL,NULL,NULL,"29.989999771118164"
"100263","69297","55409","5790","270784","Cancelled","2022-08-16 21:03:09",NULL,NULL,NULL,"29.989999771118164"
"100276","69305","55414","10108","270818","Cancelled","2021-12-05 10:42:16",NULL,NULL,NULL,"29.989999771118164"
"100965","69777","55797","12787","272686","Cancelled","2022-06-28 03:52:46",NULL,NULL,NULL,"29.989999771118164"
"101443","70095","56038","28313","273972","Cancelled","2020-05-21 14:28:27",NULL,NULL,NULL,"29.989999771118164"
"101854","70387","56281","3698","275076","Cancelled","2022-08-30 23:28:56",NULL,NULL,NULL,"29.989999771118164"
"101977","70471","56341","2233","275426","Cancelled","2021-10-18 23:29:22",NULL,NULL,NULL,"29.989999771118164"
"103397","71448","57120","10202","279292","Cancelled","2022-02-10 10:05:42",NULL,NULL,NULL,"29.989999771118164"
"103703","71664","57302","8299","280137","Cancelled","2022-06-05 15:13:05",NULL,NULL,NULL,"29.989999771118164"
"105330","72787","58220","16323","284497","Cancelled","2021-09-23 13:15:48",NULL,NULL,NULL,"29.989999771118164"
"105634","72988","58381","2869","285325","Cancelled","2022-06-20 23:04:48",NULL,NULL,NULL,"29.989999771118164"
"106049","73291","58629","12787","286453","Cancelled","2020-03-12 01:16:53",NULL,NULL,NULL,"29.989999771118164"
"106125","73344","58668","22886","286655","Cancelled","2022-01-28 13:10:47",NULL,NULL,NULL,"29.989999771118164"
"106360","73502","58776","15464","287293","Cancelled","2020-05-29 12:22:32",NULL,NULL,NULL,"29.989999771118164"
"106530","73616","58866","26499","287751","Cancelled","2022-05-03 00:58:51",NULL,NULL,NULL,"29.989999771118164"
"106792","73789","59004","17058","288449","Cancelled","2020-03-05 16:25:06",NULL,NULL,NULL,"29.989999771118164"
"106848","73828","59029","18142","288592","Cancelled","2021-03-30 23:34:54",NULL,NULL,NULL,"29.989999771118164"
"107302","74130","59263","19719","289834","Cancelled","2022-08-28 13:17:30",NULL,NULL,NULL,"29.989999771118164"
"108527","74977","59954","719","293163","Cancelled","2021-07-07 18:46:21",NULL,NULL,NULL,"29.989999771118164"
"109670","75754","60561","16117","296238","Cancelled","2022-07-01 07:25:14",NULL,NULL,NULL,"29.989999771118164"
"111421","76970","61591","5298","300919","Cancelled","2021-11-23 17:19:53",NULL,NULL,NULL,"29.989999771118164"
"111602","77090","61669","22243","301410","Cancelled","2022-09-07 14:00:46.219786",NULL,NULL,NULL,"29.989999771118164"
"112955","78022","62414","5734","305098","Cancelled","2020-07-19 13:16:19",NULL,NULL,NULL,"29.989999771118164"
"113553","78443","62733","26936","306688","Cancelled","2019-10-15 14:29:25",NULL,NULL,NULL,"29.989999771118164"
"113702","78548","62814","9701","307091","Cancelled","2022-06-25 11:13:29",NULL,NULL,NULL,"29.989999771118164"
"113945","78702","62943","28936","307758","Cancelled","2022-09-07 00:12:42.0661",NULL,NULL,NULL,"29.989999771118164"
"114240","78902","63108","5207","308545","Cancelled","2021-10-07 05:45:42",NULL,NULL,NULL,"29.989999771118164"
"114241","78902","63108","5693","308547","Cancelled","2021-10-11 03:54:05",NULL,NULL,NULL,"29.989999771118164"
"114319","78964","63158","27384","308758","Cancelled","2022-02-22 10:36:58",NULL,NULL,NULL,"29.989999771118164"
"114422","79033","63217","2526","309051","Cancelled","2020-12-15 12:38:59",NULL,NULL,NULL,"29.989999771118164"
"114671","79202","63356","17075","309715","Cancelled","2022-06-04 08:17:11",NULL,NULL,NULL,"29.989999771118164"
"115619","79849","63893","21004","312253","Cancelled","2022-06-20 05:02:44",NULL,NULL,NULL,"29.989999771118164"
"115635","79862","63908","4074","312300","Cancelled","2022-02-12 15:32:24",NULL,NULL,NULL,"29.989999771118164"
"115657","79871","63915","27520","312352","Cancelled","2022-05-21 02:32:21",NULL,NULL,NULL,"29.989999771118164"
"116485","80440","64391","27201","314611","Cancelled","2022-06-02 10:44:00",NULL,NULL,NULL,"29.989999771118164"
"117354","81008","64876","17286","316905","Cancelled","2022-03-09 13:35:51",NULL,NULL,NULL,"29.989999771118164"
"117578","81167","65013","21677","317496","Cancelled","2021-06-10 02:26:29",NULL,NULL,NULL,"29.989999771118164"
"117718","81262","65085","23257","317879","Cancelled","2021-02-20 15:21:36",NULL,NULL,NULL,"29.989999771118164"
"118428","81747","65453","16509","319771","Cancelled","2021-07-15 02:05:09",NULL,NULL,NULL,"29.989999771118164"
"118988","82144","65768","6170","321266","Cancelled","2022-01-20 02:58:45",NULL,NULL,NULL,"29.989999771118164"
"119133","82239","65849","28777","321655","Cancelled","2022-08-06 01:57:54",NULL,NULL,NULL,"29.989999771118164"
"119167","82262","65864","7137","321747","Cancelled","2022-01-10 07:28:22",NULL,NULL,NULL,"29.989999771118164"
"120625","83249","66666","11130","325703","Cancelled","2019-07-19 00:25:32",NULL,NULL,NULL,"29.989999771118164"
"120674","83280","66686","19842","325834","Cancelled","2022-06-11 08:24:30",NULL,NULL,NULL,"29.989999771118164"
"121370","83768","67069","6111","327712","Cancelled","2021-06-26 06:05:46",NULL,NULL,NULL,"29.989999771118164"
"121446","83816","67100","5978","327917","Cancelled","2021-05-30 10:02:25",NULL,NULL,NULL,"29.989999771118164"
"122203","84301","67488","15881","329949","Cancelled","2021-06-30 13:51:20",NULL,NULL,NULL,"29.989999771118164"
"123076","84906","67947","16335","332331","Cancelled","2019-12-24 09:13:13",NULL,NULL,NULL,"29.989999771118164"
"123860","85450","68379","14936","334400","Cancelled","2021-09-26 13:41:37",NULL,NULL,NULL,"29.989999771118164"
"124088","85605","68509","2869","334999","Cancelled","2021-06-24 12:03:27",NULL,NULL,NULL,"29.989999771118164"
"124439","85845","68712","7244","335929","Cancelled","2022-08-11 13:50:53",NULL,NULL,NULL,"29.989999771118164"
"124485","85878","68737","28789","336048","Cancelled","2021-05-03 04:57:50",NULL,NULL,NULL,"29.989999771118164"
"124922","86183","68959","10284","337266","Cancelled","2022-08-12 06:14:34",NULL,NULL,NULL,"29.989999771118164"
"125465","86552","69263","12191","338745","Cancelled","2021-10-22 03:52:12",NULL,NULL,NULL,"29.989999771118164"
"125608","86646","69326","21731","339116","Cancelled","2021-03-31 15:47:27",NULL,NULL,NULL,"29.989999771118164"
"126360","87162","69744","6059","341168","Cancelled","2022-08-02 23:45:32",NULL,NULL,NULL,"29.989999771118164"
"126407","87198","69777","14935","341299","Cancelled","2022-05-16 10:39:24",NULL,NULL,NULL,"29.989999771118164"
"126489","87252","69833","6114","341518","Cancelled","2020-09-04 01:47:59",NULL,NULL,NULL,"29.989999771118164"
"127115","87663","70184","16484","343218","Cancelled","2021-12-27 14:56:59",NULL,NULL,NULL,"29.989999771118164"
"127538","87947","70419","10318","344323","Cancelled","2022-03-10 04:58:05",NULL,NULL,NULL,"29.989999771118164"
"127682","88050","70519","20636","344725","Cancelled","2022-09-05 07:18:46.958148",NULL,NULL,NULL,"29.989999771118164"
"127736","88090","70551","23182","344873","Cancelled","2021-08-11 06:54:57",NULL,NULL,NULL,"29.989999771118164"
"128977","88950","71252","25874","348249","Cancelled","2020-09-21 06:06:08",NULL,NULL,NULL,"29.989999771118164"
"129261","89146","71416","26499","349034","Cancelled","2021-04-09 11:34:46",NULL,NULL,NULL,"29.989999771118164"
"129268","89150","71420","6280","349052","Cancelled","2022-08-02 02:55:58",NULL,NULL,NULL,"29.989999771118164"
"129395","89234","71482","28352","349386","Cancelled","2022-08-20 09:12:26",NULL,NULL,NULL,"29.989999771118164"
"129658","89420","71636","396","350065","Cancelled","2022-05-20 09:54:56",NULL,NULL,NULL,"29.989999771118164"
"130629","90107","72164","8902","352700","Cancelled","2022-03-13 16:27:47",NULL,NULL,NULL,"29.989999771118164"
"131050","90400","72408","17112","353831","Cancelled","2022-08-23 16:01:12",NULL,NULL,NULL,"29.989999771118164"
"131534","90727","72687","26936","355138","Cancelled","2021-11-30 03:16:22",NULL,NULL,NULL,"29.989999771118164"
"131791","90909","72823","27484","355832","Cancelled","2021-04-27 07:12:38",NULL,NULL,NULL,"29.989999771118164"
"132059","91102","72971","18142","356554","Cancelled","2020-10-13 00:52:07",NULL,NULL,NULL,"29.989999771118164"
"132713","91549","73321","5691","358370","Cancelled","2022-08-31 17:08:27",NULL,NULL,NULL,"29.989999771118164"
"133483","92096","73764","915","360435","Cancelled","2020-07-02 08:07:28",NULL,NULL,NULL,"29.989999771118164"
"133929","92405","74018","17807","361628","Cancelled","2022-04-23 04:59:45",NULL,NULL,NULL,"29.989999771118164"
"134471","92782","74335","28313","363107","Cancelled","2020-06-21 08:30:32",NULL,NULL,NULL,"29.989999771118164"
"134662","92903","74432","16920","363645","Cancelled","2022-05-16 10:17:49",NULL,NULL,NULL,"29.989999771118164"
"135758","93685","75065","12845","366603","Cancelled","2020-12-06 05:11:31",NULL,NULL,NULL,"29.989999771118164"
"135817","93726","75105","17177","366748","Cancelled","2022-07-29 11:33:25",NULL,NULL,NULL,"29.989999771118164"
"137224","94690","75900","20659","370527","Cancelled","2021-04-16 17:48:03",NULL,NULL,NULL,"29.989999771118164"
"137314","94747","75950","5640","370773","Cancelled","2021-07-08 14:33:01",NULL,NULL,NULL,"29.989999771118164"
"138391","95502","76573","17123","373697","Cancelled","2021-07-05 23:10:12",NULL,NULL,NULL,"29.989999771118164"
"138488","95561","76616","16920","373957","Cancelled","2022-06-21 15:21:07",NULL,NULL,NULL,"29.989999771118164"
"139209","96055","77023","17398","375924","Cancelled","2021-02-14 17:24:06",NULL,NULL,NULL,"29.989999771118164"
"139239","96069","77035","243","375999","Cancelled","2022-06-25 01:06:01",NULL,NULL,NULL,"29.989999771118164"
"139337","96129","77088","28789","376263","Cancelled","2020-10-13 02:22:37",NULL,NULL,NULL,"29.989999771118164"
"139397","96173","77124","10147","376433","Cancelled","2020-04-09 09:16:18",NULL,NULL,NULL,"29.989999771118164"
"140039","96603","77464","11304","378132","Cancelled","2021-05-08 22:42:44",NULL,NULL,NULL,"29.989999771118164"
"140329","96805","77637","6886","378917","Cancelled","2021-08-18 13:33:28",NULL,NULL,NULL,"29.989999771118164"
"140443","96880","77683","20974","379223","Cancelled","2022-07-05 11:21:23",NULL,NULL,NULL,"29.989999771118164"
"141185","97376","78097","1168","381212","Cancelled","2021-12-02 10:11:29",NULL,NULL,NULL,"29.989999771118164"
"141210","97392","78108","1561","381284","Cancelled","2022-07-18 21:36:19",NULL,NULL,NULL,"29.989999771118164"
"141581","97654","78305","22666","382291","Cancelled","2019-11-01 12:56:32",NULL,NULL,NULL,"29.989999771118164"
"142311","98173","78718","22909","384251","Cancelled","2022-07-04 15:10:53",NULL,NULL,NULL,"29.989999771118164"
"142456","98276","78801","27426","384638","Cancelled","2021-10-30 15:29:35",NULL,NULL,NULL,"29.989999771118164"
"143220","98818","79233","27016","386704","Cancelled","2021-08-05 09:20:55",NULL,NULL,NULL,"29.989999771118164"
"143776","99203","79535","3028","388181","Cancelled","2022-05-27 02:20:32",NULL,NULL,NULL,"29.989999771118164"
"143953","99330","79645","10202","388671","Cancelled","2020-01-28 20:37:17",NULL,NULL,NULL,"29.989999771118164"
"144355","99602","79860","8902","389770","Cancelled","2022-01-14 23:38:03",NULL,NULL,NULL,"29.989999771118164"
"144356","99602","79860","3074","389773","Cancelled","2022-01-13 00:00:23",NULL,NULL,NULL,"29.989999771118164"
"144365","99608","79864","23293","389795","Cancelled","2021-03-21 08:01:07",NULL,NULL,NULL,"29.989999771118164"
"144374","99615","79872","11349","389819","Cancelled","2021-01-20 03:38:18",NULL,NULL,NULL,"29.989999771118164"
"145018","100061","80237","145","391564","Cancelled","2019-11-24 05:43:46",NULL,NULL,NULL,"29.989999771118164"
"145901","100677","80771","14985","393978","Cancelled","2019-12-09 05:00:17",NULL,NULL,NULL,"29.989999771118164"
"145924","100691","80783","8299","394037","Cancelled","2022-08-20 14:16:45",NULL,NULL,NULL,"29.989999771118164"
"146289","100936","80990","601","395031","Cancelled","2022-09-04 11:17:18.889033",NULL,NULL,NULL,"29.989999771118164"
"146392","101009","81037","719","395303","Cancelled","2021-05-14 05:26:21",NULL,NULL,NULL,"29.989999771118164"
"146411","101021","81046","21731","395352","Cancelled","2021-09-17 16:52:28",NULL,NULL,NULL,"29.989999771118164"
"150226","103663","83150","23418","405728","Cancelled","2019-12-16 10:12:58",NULL,NULL,NULL,"29.989999771118164"
"151247","104358","83725","22874","408473","Cancelled","2021-01-02 03:59:01",NULL,NULL,NULL,"29.989999771118164"
"151356","104427","83782","28777","408769","Cancelled","2021-10-30 03:35:21",NULL,NULL,NULL,"29.989999771118164"
"151379","104444","83794","21004","408835","Cancelled","2022-09-02 11:07:03",NULL,NULL,NULL,"29.989999771118164"
"152801","105422","84577","2235","412645","Cancelled","2022-06-30 21:54:02",NULL,NULL,NULL,"29.989999771118164"
"153288","105748","84831","1677","413972","Cancelled","2019-08-04 15:57:19",NULL,NULL,NULL,"29.989999771118164"
"153480","105884","84935","6135","414489","Cancelled","2022-07-01 10:20:47",NULL,NULL,NULL,"29.989999771118164"
"153521","105914","84957","715","414594","Cancelled","2022-08-06 09:23:22",NULL,NULL,NULL,"29.989999771118164"
"153799","106118","85125","1548","415318","Cancelled","2021-04-06 00:06:34",NULL,NULL,NULL,"29.989999771118164"
"154244","106427","85365","9666","416516","Cancelled","2022-02-28 02:20:15",NULL,NULL,NULL,"29.989999771118164"
"154258","106436","85372","5190","416554","Cancelled","2021-06-29 01:14:51",NULL,NULL,NULL,"29.989999771118164"
"154269","106445","85381","12204","416581","Cancelled","2021-04-21 06:49:55",NULL,NULL,NULL,"29.989999771118164"
"155631","107364","86143","21693","420229","Cancelled","2021-03-11 13:46:01",NULL,NULL,NULL,"29.989999771118164"
"156100","107684","86384","9603","421464","Cancelled","2022-06-06 07:34:34",NULL,NULL,NULL,"29.989999771118164"
"156278","107798","86470","5159","421962","Cancelled","2019-12-17 10:35:11",NULL,NULL,NULL,"29.989999771118164"
"156873","108204","86788","28301","423562","Cancelled","2020-12-09 11:09:34",NULL,NULL,NULL,"29.989999771118164"
"157175","108416","86939","16775","424387","Cancelled","2021-11-04 18:24:02",NULL,NULL,NULL,"29.989999771118164"
"157510","108636","87117","28128","425287","Cancelled","2021-08-26 23:44:57",NULL,NULL,NULL,"29.989999771118164"
"157569","108673","87149","11983","425441","Cancelled","2022-04-23 16:37:42",NULL,NULL,NULL,"29.989999771118164"
"157635","108720","87186","17157","425618","Cancelled","2022-06-14 10:19:41",NULL,NULL,NULL,"29.989999771118164"
"158743","109492","87807","17112","428604","Cancelled","2022-09-02 06:11:13.584926",NULL,NULL,NULL,"29.989999771118164"
"159243","109857","88104","7309","429949","Cancelled","2022-08-22 05:04:20",NULL,NULL,NULL,"29.989999771118164"
"160397","110661","88739","615","433079","Cancelled","2021-04-18 09:55:57",NULL,NULL,NULL,"29.989999771118164"
"161393","111327","89262","28936","435756","Cancelled","2020-05-18 20:34:59",NULL,NULL,NULL,"29.989999771118164"
"161696","111541","89437","21823","436596","Cancelled","2021-08-27 03:16:54",NULL,NULL,NULL,"29.989999771118164"
"161868","111648","89517","3028","437071","Cancelled","2022-03-29 12:33:58",NULL,NULL,NULL,"29.989999771118164"
"162306","111942","89751","5346","438256","Cancelled","2019-10-07 01:53:39",NULL,NULL,NULL,"29.989999771118164"
"162487","112068","89848","4811","438755","Cancelled","2021-05-25 05:03:53",NULL,NULL,NULL,"29.989999771118164"
"162852","112328","90077","1626","439752","Cancelled","2022-06-29 07:03:58",NULL,NULL,NULL,"29.989999771118164"
"163401","112702","90370","16117","441218","Cancelled","2022-02-05 02:16:24",NULL,NULL,NULL,"29.989999771118164"
"163756","112966","90581","21154","442180","Cancelled","2022-03-02 23:39:30",NULL,NULL,NULL,"29.989999771118164"
"164525","113482","90991","17286","444308","Cancelled","2021-05-14 11:17:12",NULL,NULL,NULL,"29.989999771118164"
"164599","113525","91022","17997","444509","Cancelled","2022-07-11 10:54:27",NULL,NULL,NULL,"29.989999771118164"
"164676","113586","91080","28350","444721","Cancelled","2021-03-08 17:18:43",NULL,NULL,NULL,"29.989999771118164"
"164894","113721","91172","13490","445324","Cancelled","2021-10-13 13:31:02",NULL,NULL,NULL,"29.989999771118164"
"165063","113839","91267","12984","445775","Cancelled","2022-04-04 05:03:15",NULL,NULL,NULL,"29.989999771118164"
"165100","113860","91285","149","445876","Cancelled","2021-10-06 14:18:43",NULL,NULL,NULL,"29.989999771118164"
"165187","113915","91335","23135","446124","Cancelled","2022-08-03 14:47:57",NULL,NULL,NULL,"29.989999771118164"
"166032","114503","91791","1879","448414","Cancelled","2020-11-30 06:11:08",NULL,NULL,NULL,"29.989999771118164"
"166164","114600","91875","12191","448783","Cancelled","2022-01-12 21:51:04",NULL,NULL,NULL,"29.989999771118164"
"167798","115714","92758","15104","453142","Cancelled","2022-05-13 05:06:04",NULL,NULL,NULL,"29.989999771118164"
"167886","115775","92815","10284","453372","Cancelled","2020-12-05 12:02:28",NULL,NULL,NULL,"29.989999771118164"
"168490","116200","93167","12845","455011","Cancelled","2020-09-27 11:15:37",NULL,NULL,NULL,"29.989999771118164"
"168729","116363","93291","20349","455648","Cancelled","2022-09-04 00:55:30",NULL,NULL,NULL,"29.989999771118164"
"168957","116527","93421","3646","456261","Cancelled","2022-06-29 14:54:45",NULL,NULL,NULL,"29.989999771118164"
"170468","117535","94264","10676","460358","Cancelled","2021-11-15 06:25:47",NULL,NULL,NULL,"29.989999771118164"
"171636","118345","94904","7495","463530","Cancelled","2022-09-05 03:18:03",NULL,NULL,NULL,"29.989999771118164"
"172283","118792","95234","17112","465310","Cancelled","2022-05-19 04:30:05",NULL,NULL,NULL,"29.989999771118164"
"173288","119514","95820","28618","468010","Cancelled","2022-04-16 14:31:57",NULL,NULL,NULL,"29.989999771118164"
"173289","119514","95820","17867","468012","Cancelled","2022-04-14 17:34:38",NULL,NULL,NULL,"29.989999771118164"
"173402","119596","95885","23305","468301","Cancelled","2021-02-05 02:13:12",NULL,NULL,NULL,"29.989999771118164"
"174627","120442","96572","20659","471558","Cancelled","2022-08-24 20:54:57",NULL,NULL,NULL,"29.989999771118164"
"175281","120877","96909","1548","473357","Cancelled","2021-10-24 15:49:07",NULL,NULL,NULL,"29.989999771118164"
"175561","121071","97064","7244","474136","Cancelled","2020-10-30 00:18:46",NULL,NULL,NULL,"29.989999771118164"
"175685","121163","97157","26496","474471","Cancelled","2021-08-11 18:10:00",NULL,NULL,NULL,"29.989999771118164"
"175989","121376","97347","22185","475283","Cancelled","2020-05-18 16:18:15",NULL,NULL,NULL,"29.989999771118164"
"176199","121518","97458","249","475868","Cancelled","2021-09-08 12:41:27",NULL,NULL,NULL,"29.989999771118164"
"176586","121777","97673","16695","476924","Cancelled","2022-08-27 05:37:17",NULL,NULL,NULL,"29.989999771118164"
"176843","121961","97813","16163","477619","Cancelled","2022-08-29 22:20:29",NULL,NULL,NULL,"29.989999771118164"
"176962","122046","97876","18941","477932","Cancelled","2020-12-17 21:59:03",NULL,NULL,NULL,"29.989999771118164"
"178106","122840","98530","6280","480990","Cancelled","2020-04-10 06:54:12",NULL,NULL,NULL,"29.989999771118164"
"178802","123330","98918","7495","482858","Cancelled","2020-06-19 17:14:01",NULL,NULL,NULL,"29.989999771118164"
"178892","123389","98974","14935","483103","Cancelled","2021-03-09 14:20:20",NULL,NULL,NULL,"29.989999771118164"
"179315","123677","99213","21693","484244","Cancelled","2021-06-15 06:25:00",NULL,NULL,NULL,"29.989999771118164"
"179542","123827","99323","17921","484862","Cancelled","2021-10-27 03:12:44",NULL,NULL,NULL,"29.989999771118164"
"180037","124166","99593","531","486189","Cancelled","2021-04-20 10:03:34",NULL,NULL,NULL,"29.989999771118164"
"180595","124545","99870","6170","487682","Cancelled","2021-11-29 02:10:11",NULL,NULL,NULL,"29.989999771118164"
"87","66","52","14936","240","Processing","2022-08-20 10:58:47",NULL,NULL,NULL,"29.989999771118164"
"375","265","230","17534","992","Processing","2022-07-07 23:41:29",NULL,NULL,NULL,"29.989999771118164"
"390","275","239","28681","1033","Processing","2021-01-09 04:35:30",NULL,NULL,NULL,"29.989999771118164"
"750","530","447","20636","2010","Processing","2022-03-14 06:06:03",NULL,NULL,NULL,"29.989999771118164"
"819","583","490","7119","2195","Processing","2022-03-02 14:50:38",NULL,NULL,NULL,"29.989999771118164"
"1160","802","673","23182","3133","Processing","2022-08-19 14:30:31",NULL,NULL,NULL,"29.989999771118164"
"1468","1018","852","22886","3988","Processing","2022-04-20 08:34:07",NULL,NULL,NULL,"29.989999771118164"
"2262","1549","1253","3698","6127","Processing","2020-11-19 23:24:02",NULL,NULL,NULL,"29.989999771118164"
"2387","1638","1318","23086","6458","Processing","2021-03-27 03:15:35",NULL,NULL,NULL,"29.989999771118164"
"3844","2613","2112","17123","10408","Processing","2022-08-17 15:36:38",NULL,NULL,NULL,"29.989999771118164"
"3881","2644","2136","15480","10504","Processing","2022-06-30 07:31:43",NULL,NULL,NULL,"29.989999771118164"
"4093","2779","2231","17921","11080","Processing","2022-08-24 10:57:26",NULL,NULL,NULL,"29.989999771118164"
"4248","2895","2326","4056","11522","Processing","2021-03-14 15:34:33",NULL,NULL,NULL,"29.989999771118164"
"4676","3203","2611","8321","12675","Processing","2022-07-29 11:26:34",NULL,NULL,NULL,"29.989999771118164"
"4681","3206","2615","5232","12689","Processing","2020-07-24 02:11:58",NULL,NULL,NULL,"29.989999771118164"
"4837","3304","2690","12024","13105","Processing","2022-08-09 05:22:00",NULL,NULL,NULL,"29.989999771118164"
"5021","3421","2790","16544","13582","Processing","2021-02-01 17:17:11",NULL,NULL,NULL,"29.989999771118164"
"5915","4023","3267","14969","16007","Processing","2021-04-07 10:14:57",NULL,NULL,NULL,"29.989999771118164"
"6136","4186","3395","29100","16601","Processing","2022-02-10 08:05:13",NULL,NULL,NULL,"29.989999771118164"
"6834","4660","3782","12024","18507","Processing","2022-08-05 03:51:59",NULL,NULL,NULL,"29.989999771118164"
"7288","4978","4037","27996","19741","Processing","2021-08-24 12:03:40",NULL,NULL,NULL,"29.989999771118164"
"7670","5257","4259","25171","20799","Processing","2020-05-15 02:19:38",NULL,NULL,NULL,"29.989999771118164"
"7862","5384","4361","5747","21326","Processing","2021-05-24 17:17:23",NULL,NULL,NULL,"29.989999771118164"
"8088","5543","4488","5427","21942","Processing","2022-01-16 00:36:20",NULL,NULL,NULL,"29.989999771118164"
"8294","5684","4599","6111","22491","Processing","2022-06-22 02:41:19",NULL,NULL,NULL,"29.989999771118164"
"8559","5862","4742","16417","23224","Processing","2021-08-21 07:15:50",NULL,NULL,NULL,"29.989999771118164"
"8577","5874","4753","22886","23272","Processing","2021-10-12 07:26:10",NULL,NULL,NULL,"29.989999771118164"
"9261","6351","5150","22979","25111","Processing","2022-06-01 03:12:26",NULL,NULL,NULL,"29.989999771118164"
"9316","6392","5186","1561","25261","Processing","2022-08-04 15:34:46",NULL,NULL,NULL,"29.989999771118164"
"9352","6419","5211","28350","25365","Processing","2020-01-28 03:21:03",NULL,NULL,NULL,"29.989999771118164"
"9706","6680","5417","14623","26338","Processing","2022-05-26 06:31:40",NULL,NULL,NULL,"29.989999771118164"
"9950","6849","5550","9625","27003","Processing","2021-11-30 04:11:39",NULL,NULL,NULL,"29.989999771118164"
"11069","7614","6180","11130","29994","Processing","2022-01-22 15:54:09",NULL,NULL,NULL,"29.989999771118164"
"11170","7684","6241","28350","30265","Processing","2021-10-22 02:19:20",NULL,NULL,NULL,"29.989999771118164"
"11295","7766","6297","10108","30594","Processing","2022-03-25 12:38:23",NULL,NULL,NULL,"29.989999771118164"
"11562","7957","6454","10147","31329","Processing","2021-07-13 23:21:45",NULL,NULL,NULL,"29.989999771118164"
"11656","8023","6508","27090","31587","Processing","2021-11-05 09:15:02",NULL,NULL,NULL,"29.989999771118164"
"12122","8369","6759","15311","32850","Processing","2021-07-29 02:40:08",NULL,NULL,NULL,"29.989999771118164"
"12142","8384","6771","17867","32905","Processing","2021-03-12 22:22:12",NULL,NULL,NULL,"29.989999771118164"
"12369","8524","6885","4540","33532","Processing","2022-06-03 23:38:59",NULL,NULL,NULL,"29.989999771118164"
"12372","8527","6888","5615","33539","Processing","2021-03-27 13:26:51",NULL,NULL,NULL,"29.989999771118164"
"12456","8586","6926","23310","33748","Processing","2022-03-21 09:08:03",NULL,NULL,NULL,"29.989999771118164"
"12584","8682","7005","12024","34103","Processing","2020-04-11 22:19:16",NULL,NULL,NULL,"29.989999771118164"
"12640","8718","7040","23118","34245","Processing","2022-03-08 22:04:42",NULL,NULL,NULL,"29.989999771118164"
"13355","9204","7423","20769","36178","Processing","2022-06-10 07:35:23",NULL,NULL,NULL,"29.989999771118164"
"13589","9359","7543","16772","36826","Processing","2021-12-17 12:25:24",NULL,NULL,NULL,"29.989999771118164"
"16075","11043","8862","5299","43507","Processing","2022-04-10 13:23:54",NULL,NULL,NULL,"29.989999771118164"
"16167","11112","8928","734","43756","Processing","2019-06-09 10:50:00",NULL,NULL,NULL,"29.989999771118164"
"16954","11669","9396","9831","45911","Processing","2022-07-19 02:16:16",NULL,NULL,NULL,"29.989999771118164"
"17538","12064","9697","5974","47511","Processing","2022-07-15 22:27:14",NULL,NULL,NULL,"29.989999771118164"
"17706","12173","9792","21947","47960","Processing","2022-08-14 09:01:48",NULL,NULL,NULL,"29.989999771118164"
"17882","12296","9892","20504","48445","Processing","2022-08-14 07:24:16",NULL,NULL,NULL,"29.989999771118164"
"18357","12621","10123","21823","49714","Processing","2021-01-15 15:59:12",NULL,NULL,NULL,"29.989999771118164"
"18465","12688","10182","9625","49993","Processing","2021-09-27 01:15:04",NULL,NULL,NULL,"29.989999771118164"
"18563","12750","10227","2899","50262","Processing","2020-02-19 08:14:24",NULL,NULL,NULL,"29.989999771118164"
"18952","13028","10448","6686","51291","Processing","2021-08-07 13:40:26",NULL,NULL,NULL,"29.989999771118164"
"20005","13764","11033","5393","54144","Processing","2022-03-03 09:28:47",NULL,NULL,NULL,"29.989999771118164"
"20569","14146","11332","16428","55683","Processing","2020-06-09 10:34:43",NULL,NULL,NULL,"29.989999771118164"
"20746","14265","11412","18174","56151","Processing","2022-08-14 23:43:29",NULL,NULL,NULL,"29.989999771118164"
"20823","14318","11456","5298","56362","Processing","2022-03-03 09:36:05",NULL,NULL,NULL,"29.989999771118164"
"20980","14426","11543","9988","56778","Processing","2020-01-12 03:33:06",NULL,NULL,NULL,"29.989999771118164"
"21287","14635","11696","6114","57568","Processing","2019-03-30 00:31:19",NULL,NULL,NULL,"29.989999771118164"
"21905","15063","12032","3698","59204","Processing","2019-04-06 08:55:21",NULL,NULL,NULL,"29.989999771118164"
"22374","15388","12295","15629","60455","Processing","2021-05-27 03:35:36",NULL,NULL,NULL,"29.989999771118164"
"23080","15877","12690","15104","62381","Processing","2022-05-17 22:01:08",NULL,NULL,NULL,"29.989999771118164"
"23805","16387","13100","17157","64361","Processing","2019-11-14 16:25:21",NULL,NULL,NULL,"29.989999771118164"
"24058","16549","13229","5747","65038","Processing","2022-03-02 13:59:08",NULL,NULL,NULL,"29.989999771118164"
"24644","16960","13540","28681","66610","Processing","2021-10-08 15:17:02",NULL,NULL,NULL,"29.989999771118164"
"25101","17294","13813","16544","67849","Processing","2021-11-20 00:51:22",NULL,NULL,NULL,"29.989999771118164"
"25596","17633","14082","230","69163","Processing","2019-12-27 03:52:14",NULL,NULL,NULL,"29.989999771118164"
"25740","17741","14167","17157","69571","Processing","2022-05-07 01:25:28",NULL,NULL,NULL,"29.989999771118164"
"25960","17887","14298","21791","70144","Processing","2020-09-03 10:12:29",NULL,NULL,NULL,"29.989999771118164"
"26134","18003","14383","16916","70634","Processing","2021-11-28 14:55:23",NULL,NULL,NULL,"29.989999771118164"
"26820","18481","14757","13560","72490","Processing","2021-12-17 12:03:06",NULL,NULL,NULL,"29.989999771118164"
"26939","18560","14820","1655","72808","Processing","2022-09-06 17:37:47",NULL,NULL,NULL,"29.989999771118164"
"27956","19273","15409","28352","75574","Processing","2021-09-09 07:48:17",NULL,NULL,NULL,"29.989999771118164"
"28688","19754","15792","23293","77537","Processing","2021-04-23 01:17:17",NULL,NULL,NULL,"29.989999771118164"
"29009","19977","15950","16484","78430","Processing","2021-11-19 03:47:30",NULL,NULL,NULL,"29.989999771118164"
"29395","20240","16180","7119","79461","Processing","2021-01-15 06:32:03",NULL,NULL,NULL,"29.989999771118164"
"29533","20336","16236","28352","79831","Processing","2022-02-18 15:43:52",NULL,NULL,NULL,"29.989999771118164"
"29535","20336","16236","16509","79839","Processing","2022-02-17 16:19:23",NULL,NULL,NULL,"29.989999771118164"
"29557","20351","16251","21791","79903","Processing","2021-10-31 01:00:36",NULL,NULL,NULL,"29.989999771118164"
"30099","20727","16571","9935","81365","Processing","2020-06-18 13:33:33",NULL,NULL,NULL,"29.989999771118164"
"30106","20731","16574","5232","81382","Processing","2021-06-01 12:12:34",NULL,NULL,NULL,"29.989999771118164"
"30177","20777","16616","11459","81589","Processing","2021-12-30 02:55:00",NULL,NULL,NULL,"29.989999771118164"
"30199","20795","16635","21940","81652","Processing","2022-07-29 01:45:33",NULL,NULL,NULL,"29.989999771118164"
"30381","20927","16753","9603","82151","Processing","2021-09-22 02:54:06",NULL,NULL,NULL,"29.989999771118164"
"31272","21515","17224","27384","84516","Processing","2021-10-13 01:25:19",NULL,NULL,NULL,"29.989999771118164"
"31301","21533","17232","12538","84598","Processing","2022-01-27 23:37:53",NULL,NULL,NULL,"29.989999771118164"
"31387","21597","17273","16468","84835","Processing","2019-05-23 05:35:09",NULL,NULL,NULL,"29.989999771118164"
"31748","21845","17478","23056","85802","Processing","2022-01-27 05:47:39",NULL,NULL,NULL,"29.989999771118164"
"32106","22095","17671","16775","86743","Processing","2022-08-10 06:56:30",NULL,NULL,NULL,"29.989999771118164"
"32383","22286","17815","5734","87492","Processing","2021-12-28 03:18:10",NULL,NULL,NULL,"29.989999771118164"
"32499","22367","17883","26973","87817","Processing","2022-04-18 10:17:38",NULL,NULL,NULL,"29.989999771118164"
"33306","22928","18295","17921","89970","Processing","2022-01-20 15:06:19",NULL,NULL,NULL,"29.989999771118164"
"33411","23004","18353","5140","90266","Processing","2020-09-23 12:30:34",NULL,NULL,NULL,"29.989999771118164"
"33412","23005","18354","21728","90270","Processing","2022-06-25 03:44:26",NULL,NULL,NULL,"29.989999771118164"
"33458","23032","18376","13485","90396","Processing","2022-02-07 16:11:18",NULL,NULL,NULL,"29.989999771118164"
"33641","23159","18489","20941","90882","Processing","2022-08-29 07:38:10",NULL,NULL,NULL,"29.989999771118164"
"33956","23383","18660","20769","91746","Processing","2022-03-10 11:01:11",NULL,NULL,NULL,"29.989999771118164"
"34118","23497","18755","21734","92181","Processing","2022-01-08 02:30:32",NULL,NULL,NULL,"29.989999771118164"
"34190","23544","18788","6111","92374","Processing","2021-12-05 11:32:16",NULL,NULL,NULL,"29.989999771118164"
"34439","23709","18925","17398","93030","Processing","2022-01-30 03:45:51",NULL,NULL,NULL,"29.989999771118164"
"34462","23726","18936","29100","93101","Processing","2021-12-21 09:06:32",NULL,NULL,NULL,"29.989999771118164"
"34954","24063","19213","1558","94424","Processing","2022-08-26 16:19:24",NULL,NULL,NULL,"29.989999771118164"
"35067","24135","19264","6109","94732","Processing","2022-07-11 07:15:46",NULL,NULL,NULL,"29.989999771118164"
"35337","24321","19426","21823","95456","Processing","2022-05-31 06:11:28",NULL,NULL,NULL,"29.989999771118164"
"35829","24662","19723","2716","96748","Processing","2022-08-24 12:11:27",NULL,NULL,NULL,"29.989999771118164"
"36462","25107","20073","9701","98442","Processing","2021-05-13 13:56:31",NULL,NULL,NULL,"29.989999771118164"
"36559","25159","20110","20974","98705","Processing","2022-03-23 10:03:43",NULL,NULL,NULL,"29.989999771118164"
"36949","25439","20340","13755","99766","Processing","2021-05-21 21:34:59",NULL,NULL,NULL,"29.989999771118164"
"37217","25628","20477","22081","100491","Processing","2021-09-29 02:43:43",NULL,NULL,NULL,"29.989999771118164"
"37537","25838","20642","24835","101359","Processing","2022-02-02 10:29:51",NULL,NULL,NULL,"29.989999771118164"
"38176","26284","20999","1677","103066","Processing","2022-05-16 14:44:04",NULL,NULL,NULL,"29.989999771118164"
"38368","26419","21112","715","103582","Processing","2022-09-03 17:08:29.29648",NULL,NULL,NULL,"29.989999771118164"
"38583","26574","21233","17177","104157","Processing","2022-02-14 14:53:22",NULL,NULL,NULL,"29.989999771118164"
"38654","26625","21282","21824","104357","Processing","2022-07-12 04:29:06",NULL,NULL,NULL,"29.989999771118164"
"39540","27228","21757","5465","106740","Processing","2021-12-03 01:49:09",NULL,NULL,NULL,"29.989999771118164"
"40092","27596","22040","26499","108217","Processing","2020-02-20 13:05:39",NULL,NULL,NULL,"29.989999771118164"
"40512","27875","22254","24813","109366","Processing","2022-09-03 03:06:01.125254",NULL,NULL,NULL,"29.989999771118164"
"40719","28008","22340","5740","109949","Processing","2022-09-05 02:59:16.453154",NULL,NULL,NULL,"29.989999771118164"
"41324","28421","22670","22243","111562","Processing","2020-09-28 06:04:50",NULL,NULL,NULL,"29.989999771118164"
"42288","29092","23197","26902","114179","Processing","2022-09-03 08:11:01",NULL,NULL,NULL,"29.989999771118164"
"42315","29111","23215","20681","114252","Processing","2022-08-18 08:51:46",NULL,NULL,NULL,"29.989999771118164"
"43395","29853","23803","1655","117176","Processing","2020-08-18 13:08:22",NULL,NULL,NULL,"29.989999771118164"
"43409","29863","23815","10147","117212","Processing","2022-02-28 03:26:33",NULL,NULL,NULL,"29.989999771118164"
"43464","29901","23841","20284","117367","Processing","2022-08-22 09:10:09",NULL,NULL,NULL,"29.989999771118164"
"43630","30015","23926","10145","117834","Processing","2022-03-28 03:23:33",NULL,NULL,NULL,"29.989999771118164"
"43658","30033","23944","16292","117909","Processing","2022-05-04 17:23:17",NULL,NULL,NULL,"29.989999771118164"
"44003","30273","24141","9666","118851","Processing","2021-11-08 00:46:41",NULL,NULL,NULL,"29.989999771118164"
"44307","30491","24338","15881","119661","Processing","2022-03-15 11:56:08",NULL,NULL,NULL,"29.989999771118164"
"44513","30641","24458","23527","120220","Processing","2020-09-09 12:33:07",NULL,NULL,NULL,"29.989999771118164"
"44645","30729","24525","12787","120584","Processing","2020-12-08 13:06:17",NULL,NULL,NULL,"29.989999771118164"
"45183","31110","24832","14985","122020","Processing","2021-09-16 23:31:00",NULL,NULL,NULL,"29.989999771118164"
"45915","31604","25206","28681","123967","Processing","2021-08-26 17:09:50",NULL,NULL,NULL,"29.989999771118164"
"46972","32354","25840","28128","126795","Processing","2022-06-19 05:46:46",NULL,NULL,NULL,"29.989999771118164"
"47084","32436","25911","16775","127091","Processing","2022-02-15 15:26:45",NULL,NULL,NULL,"29.989999771118164"
"47885","32993","26353","15104","129248","Processing","2021-12-24 05:02:59",NULL,NULL,NULL,"29.989999771118164"
"48044","33091","26437","22381","129684","Processing","2022-03-25 13:02:38",NULL,NULL,NULL,"29.989999771118164"
"48353","33319","26616","21623","130502","Processing","2021-01-06 07:02:45",NULL,NULL,NULL,"29.989999771118164"
"48448","33385","26660","17398","130746","Processing","2022-04-02 17:54:24",NULL,NULL,NULL,"29.989999771118164"
"48516","33428","26695","16417","130934","Processing","2020-03-06 14:25:12",NULL,NULL,NULL,"29.989999771118164"
"48692","33542","26788","143","131407","Processing","2021-08-12 09:47:47",NULL,NULL,NULL,"29.989999771118164"
"48861","33661","26883","28942","131854","Processing","2022-06-18 09:04:19",NULL,NULL,NULL,"29.989999771118164"
"50028","34455","27516","16497","135047","Processing","2022-09-06 03:29:20.545209",NULL,NULL,NULL,"29.989999771118164"
"50835","35036","27957","15989","137213","Processing","2020-05-18 14:36:19",NULL,NULL,NULL,"29.989999771118164"
"52454","36145","28872","7137","141552","Processing","2021-11-02 03:26:49",NULL,NULL,NULL,"29.989999771118164"
"52628","36270","28971","5427","142022","Processing","2022-05-14 04:19:15",NULL,NULL,NULL,"29.989999771118164"
"52998","36535","29193","2081","143012","Processing","2020-11-25 10:20:45",NULL,NULL,NULL,"29.989999771118164"
"53185","36661","29295","5643","143509","Processing","2021-03-06 22:10:06",NULL,NULL,NULL,"29.989999771118164"
"53267","36713","29338","26496","143736","Processing","2021-04-27 11:17:46",NULL,NULL,NULL,"29.989999771118164"
"53716","37016","29578","23304","144964","Processing","2022-06-08 08:43:05",NULL,NULL,NULL,"29.989999771118164"
"54427","37504","29969","204","146856","Processing","2022-07-04 14:55:30",NULL,NULL,NULL,"29.989999771118164"
"54437","37513","29972","21954","146884","Processing","2021-06-16 10:33:02",NULL,NULL,NULL,"29.989999771118164"
"54963","37893","30269","5190","148316","Processing","2022-07-15 12:44:14",NULL,NULL,NULL,"29.989999771118164"
"55328","38138","30469","5640","149278","Processing","2022-03-23 10:34:50",NULL,NULL,NULL,"29.989999771118164"
"55429","38200","30523","3074","149563","Processing","2022-08-28 13:29:07",NULL,NULL,NULL,"29.989999771118164"
"55719","38408","30695","16468","150353","Processing","2020-12-11 11:01:18",NULL,NULL,NULL,"29.989999771118164"
"55722","38410","30697","5426","150363","Processing","2019-07-01 06:14:49",NULL,NULL,NULL,"29.989999771118164"
"55811","38464","30743","21677","150612","Processing","2022-06-26 10:14:55",NULL,NULL,NULL,"29.989999771118164"
"55838","38486","30757","15104","150685","Processing","2022-04-05 03:05:25",NULL,NULL,NULL,"29.989999771118164"
"55982","38588","30844","5393","151077","Processing","2022-07-20 09:25:01",NULL,NULL,NULL,"29.989999771118164"
"56001","38601","30857","5968","151125","Processing","2020-04-10 07:25:40",NULL,NULL,NULL,"29.989999771118164"
"57119","39366","31470","21623","154167","Processing","2020-10-04 12:03:30",NULL,NULL,NULL,"29.989999771118164"
"57199","39425","31514","2869","154379","Processing","2021-06-04 04:18:53",NULL,NULL,NULL,"29.989999771118164"
"57263","39469","31545","26877","154558","Processing","2021-09-23 15:10:02",NULL,NULL,NULL,"29.989999771118164"
"57504","39631","31663","28936","155201","Processing","2022-01-11 15:37:07",NULL,NULL,NULL,"29.989999771118164"
"57543","39661","31691","21710","155303","Processing","2022-07-10 03:07:12",NULL,NULL,NULL,"29.989999771118164"
"57724","39782","31797","17921","155779","Processing","2022-08-04 01:09:53",NULL,NULL,NULL,"29.989999771118164"
"57732","39788","31802","20582","155799","Processing","2022-05-02 02:48:06",NULL,NULL,NULL,"29.989999771118164"
"57891","39898","31885","22134","156233","Processing","2021-08-02 08:14:10",NULL,NULL,NULL,"29.989999771118164"
"58513","40335","32211","22886","157919","Processing","2022-05-22 11:13:51",NULL,NULL,NULL,"29.989999771118164"
"59299","40861","32632","16601","160050","Processing","2020-09-30 08:55:31",NULL,NULL,NULL,"29.989999771118164"
"60407","41605","33246","6331","163092","Processing","2022-07-14 07:03:43",NULL,NULL,NULL,"29.989999771118164"
"60433","41620","33260","21617","163160","Processing","2021-11-26 23:36:31",NULL,NULL,NULL,"29.989999771118164"
"60683","41793","33406","13095","163831","Processing","2021-11-09 03:43:23",NULL,NULL,NULL,"29.989999771118164"
"60763","41849","33449","2869","164046","Processing","2021-02-11 00:40:16",NULL,NULL,NULL,"29.989999771118164"
"60802","41877","33468","6114","164153","Processing","2022-08-18 05:32:43",NULL,NULL,NULL,"29.989999771118164"
"61567","42399","33894","2235","166200","Processing","2020-07-19 16:02:05",NULL,NULL,NULL,"29.989999771118164"
"61866","42600","34061","27346","167020","Processing","2022-04-21 07:35:10",NULL,NULL,NULL,"29.989999771118164"
"62053","42738","34172","22770","167513","Processing","2022-06-25 04:43:42",NULL,NULL,NULL,"29.989999771118164"
"62652","43144","34501","19203","169137","Processing","2022-04-13 06:28:09",NULL,NULL,NULL,"29.989999771118164"
"62738","43201","34548","1558","169373","Processing","2021-03-23 03:32:16",NULL,NULL,NULL,"29.989999771118164"
"62929","43324","34642","18941","169900","Processing","2022-08-14 09:23:23",NULL,NULL,NULL,"29.989999771118164"
"63218","43524","34806","5426","170692","Processing","2022-01-13 08:13:32",NULL,NULL,NULL,"29.989999771118164"
"63367","43628","34892","27201","171099","Processing","2022-07-15 14:12:28",NULL,NULL,NULL,"29.989999771118164"
"63858","43963","35168","5693","172390","Processing","2021-09-16 13:55:38",NULL,NULL,NULL,"29.989999771118164"
"65001","44741","35781","174","175531","Processing","2022-07-05 16:20:47",NULL,NULL,NULL,"29.989999771118164"
"65276","44946","35935","10077","176255","Processing","2021-12-21 06:59:24",NULL,NULL,NULL,"29.989999771118164"
"65484","45094","36047","5968","176828","Processing","2021-06-29 21:41:59",NULL,NULL,NULL,"29.989999771118164"
"65976","45418","36312","11459","178151","Processing","2022-06-14 11:57:24",NULL,NULL,NULL,"29.989999771118164"
"66086","45481","36363","10100","178453","Processing","2020-11-08 06:35:01",NULL,NULL,NULL,"29.989999771118164"
"66285","45616","36464","12024","178994","Processing","2021-03-13 12:43:42",NULL,NULL,NULL,"29.989999771118164"
"67469","46425","37132","9943","182185","Processing","2022-08-20 05:06:29",NULL,NULL,NULL,"29.989999771118164"
"69770","48034","38407","27520","188340","Processing","2022-06-04 07:17:14",NULL,NULL,NULL,"29.989999771118164"
"69895","48119","38483","19719","188682","Processing","2022-08-27 04:02:40",NULL,NULL,NULL,"29.989999771118164"
"70260","48384","38689","21693","189681","Processing","2021-11-21 13:03:36",NULL,NULL,NULL,"29.989999771118164"
"70588","48614","38885","1558","190562","Processing","2022-07-28 06:41:45",NULL,NULL,NULL,"29.989999771118164"
"71693","49371","39519","17060","193546","Processing","2020-10-24 14:09:15",NULL,NULL,NULL,"29.989999771118164"
"71985","49581","39693","4448","194332","Processing","2021-08-30 04:58:43",NULL,NULL,NULL,"29.989999771118164"
"72287","49784","39841","5267","195148","Processing","2022-04-05 23:02:33",NULL,NULL,NULL,"29.989999771118164"
"72328","49811","39868","23056","195262","Processing","2021-09-19 14:32:54",NULL,NULL,NULL,"29.989999771118164"
"72394","49862","39913","5734","195451","Processing","2019-10-06 10:47:43",NULL,NULL,NULL,"29.989999771118164"
"72460","49905","39940","11304","195651","Processing","2020-04-19 04:20:45",NULL,NULL,NULL,"29.989999771118164"
"72508","49940","39970","4467","195790","Processing","2020-05-01 22:45:37",NULL,NULL,NULL,"29.989999771118164"
"72586","49995","40013","16569","196000","Processing","2021-07-22 17:08:47",NULL,NULL,NULL,"29.989999771118164"
"73612","50698","40567","10108","198760","Processing","2021-09-08 10:19:21",NULL,NULL,NULL,"29.989999771118164"
"73676","50738","40597","23182","198928","Processing","2021-12-23 04:45:31",NULL,NULL,NULL,"29.989999771118164"
"74621","51423","41142","16468","201470","Processing","2022-09-03 02:14:59.785615",NULL,NULL,NULL,"29.989999771118164"
"75042","51708","41370","15397","202607","Processing","2022-07-11 03:41:15",NULL,NULL,NULL,"29.989999771118164"
"75312","51897","41521","14286","203329","Processing","2022-08-05 13:38:32",NULL,NULL,NULL,"29.989999771118164"
"75682","52152","41756","7024","204337","Processing","2022-04-19 23:54:42",NULL,NULL,NULL,"29.989999771118164"
"75755","52205","41804","15464","204541","Processing","2022-06-24 00:31:35",NULL,NULL,NULL,"29.989999771118164"
"75925","52324","41886","8902","205024","Processing","2022-09-03 16:08:27.614436",NULL,NULL,NULL,"29.989999771118164"
"76381","52646","42124","24343","206258","Processing","2022-05-12 02:07:21",NULL,NULL,NULL,"29.989999771118164"
"76567","52777","42228","16773","206750","Processing","2021-12-27 22:28:23",NULL,NULL,NULL,"29.989999771118164"
"76803","52957","42364","20941","207401","Processing","2022-03-03 08:04:43",NULL,NULL,NULL,"29.989999771118164"
"77203","53227","42595","26499","208441","Processing","2019-12-18 01:39:16",NULL,NULL,NULL,"29.989999771118164"
"77208","53232","42599","23418","208452","Processing","2021-12-29 15:08:17",NULL,NULL,NULL,"29.989999771118164"
"78715","54268","43444","28598","212502","Processing","2022-07-06 13:51:17",NULL,NULL,NULL,"29.989999771118164"
"78872","54385","43521","18941","212923","Processing","2021-08-19 01:05:07",NULL,NULL,NULL,"29.989999771118164"
"78910","54409","43541","1670","213026","Processing","2022-06-25 05:35:59",NULL,NULL,NULL,"29.989999771118164"
"79064","54512","43619","5937","213470","Processing","2022-06-06 01:21:20",NULL,NULL,NULL,"29.989999771118164"
"79208","54608","43687","28352","213866","Processing","2022-07-19 03:58:49",NULL,NULL,NULL,"29.989999771118164"
"79236","54629","43703","21823","213943","Processing","2022-03-29 11:26:25",NULL,NULL,NULL,"29.989999771118164"
"79438","54779","43811","6113","214487","Processing","2021-11-08 02:19:36",NULL,NULL,NULL,"29.989999771118164"
"79582","54883","43892","16428","214888","Processing","2021-04-09 08:48:32",NULL,NULL,NULL,"29.989999771118164"
"79616","54907","43911","204","214979","Processing","2022-04-12 00:01:48",NULL,NULL,NULL,"29.989999771118164"
"80313","55388","44284","10147","216864","Processing","2022-08-26 07:26:42",NULL,NULL,NULL,"29.989999771118164"
"80836","55749","44564","25616","218322","Processing","2022-03-06 11:26:39",NULL,NULL,NULL,"29.989999771118164"
"80842","55752","44564","17921","218336","Processing","2022-08-20 09:07:24",NULL,NULL,NULL,"29.989999771118164"
"81002","55868","44665","915","218770","Processing","2022-06-14 21:48:54",NULL,NULL,NULL,"29.989999771118164"
"81054","55904","44693","3646","218902","Processing","2020-09-30 10:34:13",NULL,NULL,NULL,"29.989999771118164"
"81868","56481","45143","13490","221081","Processing","2020-04-05 13:26:57",NULL,NULL,NULL,"29.989999771118164"
"82277","56781","45407","26158","222179","Processing","2021-07-12 03:05:14",NULL,NULL,NULL,"29.989999771118164"
"82316","56810","45430","18142","222283","Processing","2021-10-24 02:28:31",NULL,NULL,NULL,"29.989999771118164"
"82360","56843","45459","22967","222403","Processing","2022-07-18 13:33:29",NULL,NULL,NULL,"29.989999771118164"
"82516","56955","45544","23086","222841","Processing","2022-06-23 16:18:27",NULL,NULL,NULL,"29.989999771118164"
"83005","57309","45810","28323","224173","Processing","2021-04-23 03:50:15",NULL,NULL,NULL,"29.989999771118164"
"83377","57573","46020","17807","225185","Processing","2021-03-17 03:21:40",NULL,NULL,NULL,"29.989999771118164"
"83414","57601","46047","16135","225278","Processing","2020-10-02 07:58:48",NULL,NULL,NULL,"29.989999771118164"
"83763","57849","46251","11349","226226","Processing","2021-09-05 06:08:35",NULL,NULL,NULL,"29.989999771118164"
"84079","58075","46436","136","227097","Processing","2022-08-18 11:09:10",NULL,NULL,NULL,"29.989999771118164"
"84242","58195","46535","23418","227534","Processing","2020-11-28 22:53:44",NULL,NULL,NULL,"29.989999771118164"
"85451","59048","47206","7169","230815","Processing","2021-09-05 14:20:18",NULL,NULL,NULL,"29.989999771118164"
"85819","59304","47436","715","231812","Processing","2022-07-27 11:31:31",NULL,NULL,NULL,"29.989999771118164"
"86102","59498","47604","2900","232593","Processing","2022-09-04 03:35:03",NULL,NULL,NULL,"29.989999771118164"
"86324","59650","47725","1004","233183","Processing","2021-11-29 09:56:28",NULL,NULL,NULL,"29.989999771118164"
"86529","59778","47823","715","233739","Processing","2022-09-03 01:07:27.657663",NULL,NULL,NULL,"29.989999771118164"
"86680","59895","47923","24343","234149","Processing","2022-05-25 07:01:20",NULL,NULL,NULL,"29.989999771118164"
"87015","60136","48125","7002","235064","Processing","2021-07-09 15:21:36",NULL,NULL,NULL,"29.989999771118164"
"87372","60373","48326","15464","236036","Processing","2020-03-14 09:46:27",NULL,NULL,NULL,"29.989999771118164"
"88093","60889","48736","504","237969","Processing","2022-07-11 17:03:27",NULL,NULL,NULL,"29.989999771118164"
"89481","61848","49515","20284","241717","Processing","2022-04-27 12:33:20",NULL,NULL,NULL,"29.989999771118164"
"89749","62040","49660","22185","242455","Processing","2022-07-31 06:36:25",NULL,NULL,NULL,"29.989999771118164"
"89841","62103","49714","21623","242698","Processing","2021-05-04 14:30:26",NULL,NULL,NULL,"29.989999771118164"
"90043","62235","49812","601","243246","Processing","2020-01-17 22:02:31",NULL,NULL,NULL,"29.989999771118164"
"90184","62334","49899","1626","243641","Processing","2022-08-02 04:59:30",NULL,NULL,NULL,"29.989999771118164"
"90525","62566","50090","28350","244554","Processing","2022-06-22 16:54:28",NULL,NULL,NULL,"29.989999771118164"
"90717","62696","50195","27090","245078","Processing","2021-01-14 00:14:57",NULL,NULL,NULL,"29.989999771118164"
"90986","62878","50341","26452","245778","Processing","2022-04-15 09:22:19",NULL,NULL,NULL,"29.989999771118164"
"91161","62991","50430","1004","246261","Processing","2022-02-24 00:42:16",NULL,NULL,NULL,"29.989999771118164"
"91870","63481","50827","23182","248154","Processing","2022-07-23 08:48:27",NULL,NULL,NULL,"29.989999771118164"
"92424","63857","51118","12188","249640","Processing","2022-01-21 10:19:50",NULL,NULL,NULL,"29.989999771118164"
"92897","64192","51376","21731","250910","Processing","2021-07-12 02:18:45",NULL,NULL,NULL,"29.989999771118164"
"93285","64468","51588","24835","251942","Processing","2022-07-17 00:48:07",NULL,NULL,NULL,"29.989999771118164"
"93379","64529","51635","5190","252193","Processing","2020-04-17 03:04:01",NULL,NULL,NULL,"29.989999771118164"
"93688","64733","51800","23293","253041","Processing","2021-10-30 04:01:54",NULL,NULL,NULL,"29.989999771118164"
"93701","64744","51815","5298","253077","Processing","2022-08-18 04:41:26",NULL,NULL,NULL,"29.989999771118164"
"94663","65392","52319","1670","255712","Processing","2022-01-06 05:46:34",NULL,NULL,NULL,"29.989999771118164"
"94725","65439","52355","18858","255891","Processing","2022-06-15 00:43:16",NULL,NULL,NULL,"29.989999771118164"
"94801","65491","52392","21731","256088","Processing","2020-06-18 02:57:31",NULL,NULL,NULL,"29.989999771118164"
"95061","65689","52556","28936","256785","Processing","2022-07-15 06:58:58",NULL,NULL,NULL,"29.989999771118164"
"95326","65888","52700","21728","257497","Processing","2021-09-29 15:53:56",NULL,NULL,NULL,"29.989999771118164"
"95449","65975","52774","17807","257837","Processing","2021-05-22 04:59:09",NULL,NULL,NULL,"29.989999771118164"
"96282","66540","53197","13949","260078","Processing","2022-04-20 15:47:32",NULL,NULL,NULL,"29.989999771118164"
"96307","66556","53208","28789","260145","Processing","2021-09-15 01:56:58",NULL,NULL,NULL,"29.989999771118164"
"96465","66666","53295","204","260571","Processing","2022-06-11 00:40:32",NULL,NULL,NULL,"29.989999771118164"
"96503","66688","53311","16920","260669","Processing","2022-04-26 04:32:53",NULL,NULL,NULL,"29.989999771118164"
"96509","66692","53314","18429","260684","Processing","2020-02-26 10:11:34",NULL,NULL,NULL,"29.989999771118164"
"96613","66760","53364","22118","260959","Processing","2021-07-29 05:45:27",NULL,NULL,NULL,"29.989999771118164"
"96834","66905","53475","16773","261552","Processing","2021-05-28 00:22:23",NULL,NULL,NULL,"29.989999771118164"
"97095","67097","53610","14935","262271","Processing","2020-10-18 07:11:12",NULL,NULL,NULL,"29.989999771118164"
"97417","67328","53796","13414","263135","Processing","2022-04-30 10:55:20",NULL,NULL,NULL,"29.989999771118164"
"97486","67374","53837","27140","263335","Processing","2020-07-26 08:00:33",NULL,NULL,NULL,"29.989999771118164"
"98048","67757","54135","9727","264872","Processing","2020-11-23 11:19:01",NULL,NULL,NULL,"29.989999771118164"
"98304","67930","54285","9666","265560","Processing","2020-11-02 10:43:45",NULL,NULL,NULL,"29.989999771118164"
"98368","67971","54329","12165","265729","Processing","2019-07-08 12:16:00",NULL,NULL,NULL,"29.989999771118164"
"98506","68061","54400","22081","266106","Processing","2021-11-17 16:33:33",NULL,NULL,NULL,"29.989999771118164"
"99342","68648","54881","1958","268346","Processing","2022-04-09 08:06:37",NULL,NULL,NULL,"29.989999771118164"
"99751","68950","55128","9727","269431","Processing","2022-05-05 11:31:05",NULL,NULL,NULL,"29.989999771118164"
"100432","69405","55503","15464","271245","Processing","2020-05-28 22:47:34",NULL,NULL,NULL,"29.989999771118164"
"101010","69807","55825","16376","272809","Processing","2022-02-08 12:31:07",NULL,NULL,NULL,"29.989999771118164"
"101193","69927","55916","17112","273287","Processing","2020-04-20 03:17:51",NULL,NULL,NULL,"29.989999771118164"
"101322","70019","55979","7024","273639","Processing","2022-07-13 04:06:52",NULL,NULL,NULL,"29.989999771118164"
"101429","70088","56035","18858","273935","Processing","2021-02-16 06:23:09",NULL,NULL,NULL,"29.989999771118164"
"102035","70512","56373","7137","275576","Processing","2022-06-07 03:05:34",NULL,NULL,NULL,"29.989999771118164"
"103097","71235","56945","3698","278472","Processing","2022-08-10 13:57:42",NULL,NULL,NULL,"29.989999771118164"
"103323","71396","57078","230","279095","Processing","2022-07-01 07:13:44",NULL,NULL,NULL,"29.989999771118164"
"103376","71434","57106","1677","279234","Processing","2021-09-23 15:57:37",NULL,NULL,NULL,"29.989999771118164"
"103800","71734","57361","27609","280401","Processing","2022-08-11 01:00:33",NULL,NULL,NULL,"29.989999771118164"
"104320","72082","57630","19203","281793","Processing","2021-08-09 15:40:39",NULL,NULL,NULL,"29.989999771118164"
"104399","72136","57673","28352","282014","Processing","2019-04-25 15:22:46",NULL,NULL,NULL,"29.989999771118164"
"104847","72446","57920","143","283209","Processing","2021-12-07 06:37:45",NULL,NULL,NULL,"29.989999771118164"
"104994","72554","58008","531","283616","Processing","2022-04-14 14:47:30",NULL,NULL,NULL,"29.989999771118164"
"105233","72723","58156","6136","284223","Processing","2021-11-09 01:11:24",NULL,NULL,NULL,"29.989999771118164"
"105552","72933","58335","5937","285089","Processing","2022-09-06 04:11:49",NULL,NULL,NULL,"29.989999771118164"
"105690","73031","58410","24348","285484","Processing","2022-07-11 02:58:25",NULL,NULL,NULL,"29.989999771118164"
"106060","73300","58638","27090","286481","Processing","2020-11-04 20:52:25",NULL,NULL,NULL,"29.989999771118164"
"106188","73386","58701","12162","286822","Processing","2022-05-24 20:37:05",NULL,NULL,NULL,"29.989999771118164"
"107214","74075","59223","21677","289592","Processing","2020-06-21 18:08:57",NULL,NULL,NULL,"29.989999771118164"
"107438","74227","59346","10077","290193","Processing","2022-05-23 02:24:33",NULL,NULL,NULL,"29.989999771118164"
"107547","74307","59407","27016","290494","Processing","2022-01-08 04:47:15",NULL,NULL,NULL,"29.989999771118164"
"108220","74763","59786","27090","292344","Processing","2020-11-28 10:35:03",NULL,NULL,NULL,"29.989999771118164"
"108590","75019","59985","16497","293337","Processing","2020-04-15 03:00:17",NULL,NULL,NULL,"29.989999771118164"
"108954","75264","60177","8287","294315","Processing","2022-01-23 04:23:17",NULL,NULL,NULL,"29.989999771118164"
"108959","75268","60180","12813","294328","Processing","2022-02-04 22:00:43",NULL,NULL,NULL,"29.989999771118164"
"109558","75683","60495","28128","295930","Processing","2022-07-21 08:55:07",NULL,NULL,NULL,"29.989999771118164"
"109830","75860","60652","16504","296657","Processing","2022-02-01 13:01:09",NULL,NULL,NULL,"29.989999771118164"
"109924","75928","60711","7119","296910","Processing","2022-03-05 15:06:54",NULL,NULL,NULL,"29.989999771118164"
"110271","76178","60913","15104","297823","Processing","2022-08-19 06:26:09",NULL,NULL,NULL,"29.989999771118164"
"111225","76844","61477","14936","300382","Processing","2022-02-24 05:00:39",NULL,NULL,NULL,"29.989999771118164"
"111327","76904","61528","28313","300663","Processing","2020-02-11 00:05:23",NULL,NULL,NULL,"29.989999771118164"
"111500","77027","61627","287","301126","Processing","2022-07-13 10:50:18",NULL,NULL,NULL,"29.989999771118164"
"111875","77274","61828","1832","302151","Processing","2020-11-05 14:56:27",NULL,NULL,NULL,"29.989999771118164"
"112034","77385","61915","16772","302591","Processing","2022-07-15 05:02:24",NULL,NULL,NULL,"29.989999771118164"
"112695","77840","62260","17075","304383","Processing","2021-02-12 06:03:37",NULL,NULL,NULL,"29.989999771118164"
"112916","77989","62383","18763","304988","Processing","2022-01-24 00:39:27",NULL,NULL,NULL,"29.989999771118164"
"113210","78198","62546","28128","305772","Processing","2021-11-25 09:08:42",NULL,NULL,NULL,"29.989999771118164"
"113389","78333","62651","27201","306258","Processing","2021-02-01 23:45:46",NULL,NULL,NULL,"29.989999771118164"
"113748","78580","62837","20769","307213","Processing","2022-06-30 04:08:07",NULL,NULL,NULL,"29.989999771118164"
"113772","78594","62853","20974","307278","Processing","2021-08-27 21:26:13",NULL,NULL,NULL,"29.989999771118164"
"114516","79095","63265","12188","309292","Processing","2022-07-04 13:19:33",NULL,NULL,NULL,"29.989999771118164"
"114710","79230","63380","11912","309824","Processing","2021-05-11 05:12:38",NULL,NULL,NULL,"29.989999771118164"
"114833","79319","63452","7194","310169","Processing","2021-05-26 05:28:44",NULL,NULL,NULL,"29.989999771118164"
"114850","79331","63461","17413","310213","Processing","2021-11-05 17:09:59",NULL,NULL,NULL,"29.989999771118164"
"114887","79354","63477","1126","310301","Processing","2021-11-13 07:04:14",NULL,NULL,NULL,"29.989999771118164"
"114927","79381","63499","22405","310407","Processing","2021-12-25 13:02:55",NULL,NULL,NULL,"29.989999771118164"
"115053","79460","63583","21731","310754","Processing","2022-01-04 08:34:46",NULL,NULL,NULL,"29.989999771118164"
"115314","79647","63713","22381","311448","Processing","2020-02-12 07:42:20",NULL,NULL,NULL,"29.989999771118164"
"115385","79695","63751","14623","311639","Processing","2021-12-15 12:04:35",NULL,NULL,NULL,"29.989999771118164"
"117380","81026","64891","20974","316968","Processing","2020-08-28 10:27:14",NULL,NULL,NULL,"29.989999771118164"
"117705","81251","65077","9792","317843","Processing","2021-07-03 13:05:19",NULL,NULL,NULL,"29.989999771118164"
"117917","81391","65183","27996","318429","Processing","2021-07-07 15:51:43",NULL,NULL,NULL,"29.989999771118164"
"118545","81835","65521","17857","320084","Processing","2019-12-03 00:29:33",NULL,NULL,NULL,"29.989999771118164"
"119082","82203","65815","19842","321520","Processing","2022-06-17 00:08:41",NULL,NULL,NULL,"29.989999771118164"
"119119","82228","65842","9625","321620","Processing","2021-10-29 07:41:26",NULL,NULL,NULL,"29.989999771118164"
"119558","82532","66078","19203","322798","Processing","2022-04-25 11:22:00",NULL,NULL,NULL,"29.989999771118164"
"119595","82556","66097","734","322893","Processing","2021-10-19 08:19:01",NULL,NULL,NULL,"29.989999771118164"
"120048","82865","66338","18941","324131","Processing","2022-08-26 02:31:49",NULL,NULL,NULL,"29.989999771118164"
"121009","83514","66875","5346","326737","Processing","2022-01-21 11:45:25",NULL,NULL,NULL,"29.989999771118164"
"121213","83651","66983","7024","327302","Processing","2021-10-25 06:51:11",NULL,NULL,NULL,"29.989999771118164"
"121435","83808","67094","5790","327884","Processing","2021-12-25 02:58:05",NULL,NULL,NULL,"29.989999771118164"
"122998","84851","67911","2918","332127","Processing","2021-12-03 12:30:41",NULL,NULL,NULL,"29.989999771118164"
"123296","85069","68080","2526","332899","Processing","2020-03-26 05:24:48",NULL,NULL,NULL,"29.989999771118164"
"123367","85120","68124","734","333087","Processing","2022-06-27 07:29:27",NULL,NULL,NULL,"29.989999771118164"
"123420","85157","68151","7391","333229","Processing","2020-10-21 01:42:31",NULL,NULL,NULL,"29.989999771118164"
"124091","85607","68509","10189","335007","Processing","2022-06-27 13:35:30",NULL,NULL,NULL,"29.989999771118164"
"124250","85714","68591","7495","335426","Processing","2020-08-29 14:08:48",NULL,NULL,NULL,"29.989999771118164"
"124402","85820","68686","20769","335828","Processing","2020-03-21 06:12:08",NULL,NULL,NULL,"29.989999771118164"
"124477","85873","68735","2918","336025","Processing","2020-10-29 05:32:13",NULL,NULL,NULL,"29.989999771118164"
"125153","86338","69089","11130","337900","Processing","2020-01-27 07:56:29",NULL,NULL,NULL,"29.989999771118164"
"125757","86744","69406","20659","339502","Processing","2022-04-04 22:43:53",NULL,NULL,NULL,"29.989999771118164"
"125778","86755","69413","1626","339561","Processing","2020-08-05 07:46:12",NULL,NULL,NULL,"29.989999771118164"
"125932","86855","69506","17413","339992","Processing","2021-12-23 13:39:18",NULL,NULL,NULL,"29.989999771118164"
"126006","86906","69553","15881","340208","Processing","2022-08-06 09:14:48",NULL,NULL,NULL,"29.989999771118164"
"126265","87091","69697","11047","340911","Processing","2021-04-06 23:58:59",NULL,NULL,NULL,"29.989999771118164"
"126307","87127","69723","22909","341026","Processing","2021-11-22 13:12:17",NULL,NULL,NULL,"29.989999771118164"
"126948","87557","70098","4713","342767","Processing","2021-08-10 01:22:19",NULL,NULL,NULL,"29.989999771118164"
"126973","87571","70113","5133","342831","Processing","2022-06-19 09:39:21",NULL,NULL,NULL,"29.989999771118164"
"127319","87798","70296","5968","343730","Processing","2021-08-16 10:28:09",NULL,NULL,NULL,"29.989999771118164"
"127695","88060","70527","16774","344764","Processing","2021-10-12 04:33:22",NULL,NULL,NULL,"29.989999771118164"
"127696","88061","70527","22874","344767","Processing","2020-01-30 03:28:58",NULL,NULL,NULL,"29.989999771118164"
"127944","88242","70664","2384","345448","Processing","2022-03-31 08:37:02",NULL,NULL,NULL,"29.989999771118164"
"128015","88286","70701","5393","345642","Processing","2022-01-31 03:44:24",NULL,NULL,NULL,"29.989999771118164"
"128274","88469","70869","28323","346353","Processing","2022-04-07 05:10:45",NULL,NULL,NULL,"29.989999771118164"
"128717","88776","71107","16903","347556","Processing","2022-06-15 11:47:21",NULL,NULL,NULL,"29.989999771118164"
"129165","89078","71361","15420","348771","Processing","2022-03-20 12:56:04",NULL,NULL,NULL,"29.989999771118164"
"129317","89180","71444","24348","349180","Processing","2022-08-07 16:53:47",NULL,NULL,NULL,"29.989999771118164"
"129335","89190","71454","13560","349229","Processing","2021-08-30 07:03:41",NULL,NULL,NULL,"29.989999771118164"
"129572","89360","71583","28618","349844","Processing","2020-06-28 02:29:48",NULL,NULL,NULL,"29.989999771118164"
"129980","89648","71808","14969","350958","Processing","2019-10-09 05:37:24",NULL,NULL,NULL,"29.989999771118164"
"130436","89964","72062","26902","352174","Processing","2022-05-14 20:49:35",NULL,NULL,NULL,"29.989999771118164"
"130979","90353","72370","15104","353653","Processing","2021-04-10 03:57:44",NULL,NULL,NULL,"29.989999771118164"
"131227","90516","72511","601","354318","Processing","2021-12-16 05:31:16",NULL,NULL,NULL,"29.989999771118164"
"131420","90653","72632","28935","354844","Processing","2022-03-04 22:01:09",NULL,NULL,NULL,"29.989999771118164"
"132062","91104","72971","23304","356561","Processing","2022-07-13 00:40:12",NULL,NULL,NULL,"29.989999771118164"
"132367","91312","73119","2869","357418","Processing","2022-06-22 04:34:28",NULL,NULL,NULL,"29.989999771118164"
"132422","91348","73149","16428","357567","Processing","2022-08-13 02:17:24",NULL,NULL,NULL,"29.989999771118164"
"132806","91619","73388","26760","358623","Processing","2021-06-11 23:31:28",NULL,NULL,NULL,"29.989999771118164"
"134766","92968","74476","28936","363924","Processing","2020-02-25 03:18:02",NULL,NULL,NULL,"29.989999771118164"
"134784","92983","74481","28618","363974","Processing","2022-05-26 00:20:09",NULL,NULL,NULL,"29.989999771118164"
"134905","93076","74563","2081","364302","Processing","2022-08-31 00:47:19",NULL,NULL,NULL,"29.989999771118164"
"135018","93147","74626","10145","364591","Processing","2022-04-13 11:06:55",NULL,NULL,NULL,"29.989999771118164"
"135575","93559","74962","13490","366105","Processing","2020-01-06 02:05:19",NULL,NULL,NULL,"29.989999771118164"
"135667","93628","75010","17867","366359","Processing","2020-05-01 08:15:32",NULL,NULL,NULL,"29.989999771118164"
"135691","93643","75024","5787","366420","Processing","2022-08-29 17:15:02",NULL,NULL,NULL,"29.989999771118164"
"136243","94019","75355","6114","367906","Processing","2021-02-18 12:36:52",NULL,NULL,NULL,"29.989999771118164"
"136800","94400","75653","3646","369400","Processing","2021-07-31 16:02:45",NULL,NULL,NULL,"29.989999771118164"
"137654","94988","76137","19410","371676","Processing","2022-06-03 14:06:48",NULL,NULL,NULL,"29.989999771118164"
"137894","95157","76277","26936","372331","Processing","2022-08-17 09:47:12",NULL,NULL,NULL,"29.989999771118164"
"137933","95185","76298","11444","372439","Processing","2022-09-04 14:16:09.447917",NULL,NULL,NULL,"29.989999771118164"
"138229","95382","76460","5182","373250","Processing","2021-10-30 16:53:28",NULL,NULL,NULL,"29.989999771118164"
"139269","96088","77053","22979","376071","Processing","2020-02-17 17:11:25",NULL,NULL,NULL,"29.989999771118164"
"139321","96119","77080","9943","376216","Processing","2022-03-18 16:35:37",NULL,NULL,NULL,"29.989999771118164"
"139718","96386","77291","11304","377271","Processing","2022-08-22 18:17:14",NULL,NULL,NULL,"29.989999771118164"
"139804","96441","77333","1548","377506","Processing","2022-09-07 03:46:51",NULL,NULL,NULL,"29.989999771118164"
"140218","96733","77566","5640","378615","Processing","2022-08-15 09:23:13",NULL,NULL,NULL,"29.989999771118164"
"141008","97263","78008","5790","380720","Processing","2020-07-17 04:32:29",NULL,NULL,NULL,"29.989999771118164"
"141871","97857","78458","6135","383052","Processing","2021-11-24 21:20:45",NULL,NULL,NULL,"29.989999771118164"
"142066","97993","78575","21964","383591","Processing","2022-06-18 01:23:21",NULL,NULL,NULL,"29.989999771118164"
"142077","98001","78584","26868","383620","Processing","2022-03-30 01:32:36",NULL,NULL,NULL,"29.989999771118164"
"142286","98156","78709","23182","384178","Processing","2022-01-22 07:45:08",NULL,NULL,NULL,"29.989999771118164"
"142567","98363","78878","17997","384936","Processing","2020-12-11 06:57:17",NULL,NULL,NULL,"29.989999771118164"
"142632","98412","78912","5483","385105","Processing","2021-03-09 10:04:47",NULL,NULL,NULL,"29.989999771118164"
"142879","98581","79032","11047","385784","Processing","2022-09-05 02:46:43.810842",NULL,NULL,NULL,"29.989999771118164"
"143339","98907","79304","11459","387018","Processing","2019-06-14 14:57:13",NULL,NULL,NULL,"29.989999771118164"
"143889","99285","79610","16818","388491","Processing","2022-06-14 05:22:48",NULL,NULL,NULL,"29.989999771118164"
"143939","99322","79637","230","388630","Processing","2021-02-06 22:08:20",NULL,NULL,NULL,"29.989999771118164"
"145507","100392","80500","5740","392904","Processing","2022-06-14 06:05:04",NULL,NULL,NULL,"29.989999771118164"
"145514","100397","80505","174","392925","Processing","2022-08-07 15:29:58",NULL,NULL,NULL,"29.989999771118164"
"145600","100463","80571","22381","393167","Processing","2022-09-05 04:43:06",NULL,NULL,NULL,"29.989999771118164"
"146827","101292","81259","27996","396473","Processing","2021-10-14 10:08:49",NULL,NULL,NULL,"29.989999771118164"
"147191","101553","81458","26496","397429","Processing","2021-07-21 23:23:28",NULL,NULL,NULL,"29.989999771118164"
"147475","101760","81621","16774","398201","Processing","2022-06-08 10:20:15",NULL,NULL,NULL,"29.989999771118164"
"147571","101833","81679","17615","398457","Processing","2022-08-29 08:45:01",NULL,NULL,NULL,"29.989999771118164"
"148374","102387","82132","3074","400638","Processing","2022-01-31 21:17:37",NULL,NULL,NULL,"29.989999771118164"
"148628","102553","82266","26499","401344","Processing","2022-08-06 05:56:21",NULL,NULL,NULL,"29.989999771118164"
"149069","102872","82515","17626","402546","Processing","2022-05-14 06:17:39",NULL,NULL,NULL,"29.989999771118164"
"149198","102967","82593","22666","402894","Processing","2020-10-06 12:45:37",NULL,NULL,NULL,"29.989999771118164"
"149406","103115","82706","20659","403451","Processing","2021-07-15 07:20:38",NULL,NULL,NULL,"29.989999771118164"
"149630","103275","82837","17534","404063","Processing","2020-09-23 09:48:57",NULL,NULL,NULL,"29.989999771118164"
"149735","103340","82890","5787","404353","Processing","2022-08-28 13:24:28",NULL,NULL,NULL,"29.989999771118164"
"150053","103547","83053","11912","405241","Processing","2020-04-09 09:17:21",NULL,NULL,NULL,"29.989999771118164"
"150116","103588","83079","9610","405426","Processing","2022-08-02 00:23:39",NULL,NULL,NULL,"29.989999771118164"
"150366","103756","83237","9666","406106","Processing","2020-02-13 18:37:38",NULL,NULL,NULL,"29.989999771118164"
"150800","104059","83474","20502","407276","Processing","2021-08-08 01:05:17",NULL,NULL,NULL,"29.989999771118164"
"150858","104101","83512","15464","407439","Processing","2020-08-01 04:12:59",NULL,NULL,NULL,"29.989999771118164"
"151175","104310","83689","17800","408283","Processing","2022-03-31 10:41:57",NULL,NULL,NULL,"29.989999771118164"
"151241","104355","83723","15989","408460","Processing","2022-03-05 10:10:39",NULL,NULL,NULL,"29.989999771118164"
"151535","104540","83881","5190","409260","Processing","2021-11-06 08:38:36",NULL,NULL,NULL,"29.989999771118164"
"151546","104549","83887","11444","409290","Processing","2022-03-21 23:59:00",NULL,NULL,NULL,"29.989999771118164"
"152406","105156","84372","9831","411603","Processing","2022-06-08 15:13:55",NULL,NULL,NULL,"29.989999771118164"
"152885","105480","84621","21791","412866","Processing","2022-08-27 02:36:08",NULL,NULL,NULL,"29.989999771118164"
"153371","105809","84877","22874","414198","Processing","2022-09-04 16:56:43.016637",NULL,NULL,NULL,"29.989999771118164"
"154196","106394","85337","18174","416380","Processing","2020-06-16 21:13:55",NULL,NULL,NULL,"29.989999771118164"
"154343","106491","85419","16601","416762","Processing","2022-09-02 13:33:33.969773",NULL,NULL,NULL,"29.989999771118164"
"154428","106554","85474","4456","416992","Processing","2022-09-05 01:12:35.540073",NULL,NULL,NULL,"29.989999771118164"
"154776","106796","85693","5298","417937","Processing","2022-07-16 13:54:40",NULL,NULL,NULL,"29.989999771118164"
"155224","107092","85920","23527","419145","Processing","2022-02-28 00:50:04",NULL,NULL,NULL,"29.989999771118164"
"155277","107126","85948","20974","419293","Processing","2022-02-11 13:34:33",NULL,NULL,NULL,"29.989999771118164"
"155433","107239","86041","21947","419702","Processing","2022-08-05 07:57:38",NULL,NULL,NULL,"29.989999771118164"
"155482","107266","86071","23182","419833","Processing","2021-09-26 23:17:40",NULL,NULL,NULL,"29.989999771118164"
"155589","107337","86126","20636","420122","Processing","2021-07-06 03:57:20",NULL,NULL,NULL,"29.989999771118164"
"155874","107536","86266","204","420856","Processing","2022-03-13 04:55:41",NULL,NULL,NULL,"29.989999771118164"
"155925","107563","86287","20504","420995","Processing","2022-09-03 04:43:48",NULL,NULL,NULL,"29.989999771118164"
"156246","107776","86456","504","421876","Processing","2022-03-07 02:52:28",NULL,NULL,NULL,"29.989999771118164"
"156646","108051","86655","17997","422947","Processing","2021-05-25 02:46:45",NULL,NULL,NULL,"29.989999771118164"
"156755","108126","86725","14858","423234","Processing","2021-11-10 02:46:16",NULL,NULL,NULL,"29.989999771118164"
"157450","108595","87084","28323","425126","Processing","2021-09-17 03:05:50",NULL,NULL,NULL,"29.989999771118164"
"157596","108690","87159","5133","425512","Processing","2020-06-29 05:33:07",NULL,NULL,NULL,"29.989999771118164"
"158203","109115","87510","15483","427134","Processing","2022-04-28 10:19:42",NULL,NULL,NULL,"29.989999771118164"
"158630","109419","87744","561","428287","Processing","2022-08-31 20:54:00.930101",NULL,NULL,NULL,"29.989999771118164"
"158645","109429","87757","14117","428326","Processing","2021-11-17 00:35:52",NULL,NULL,NULL,"29.989999771118164"
"158694","109461","87779","12824","428468","Processing","2021-12-21 05:23:02",NULL,NULL,NULL,"29.989999771118164"
"159503","110035","88242","5190","430654","Processing","2020-11-01 07:14:14",NULL,NULL,NULL,"29.989999771118164"
"159744","110208","88376","17867","431307","Processing","2022-09-04 10:37:50.119273",NULL,NULL,NULL,"29.989999771118164"
"159879","110302","88456","16818","431681","Processing","2020-08-25 13:53:40",NULL,NULL,NULL,"29.989999771118164"
"159924","110334","88483","16775","431801","Processing","2022-06-09 11:57:45",NULL,NULL,NULL,"29.989999771118164"
"160335","110615","88693","28179","432913","Processing","2020-02-02 09:18:00",NULL,NULL,NULL,"29.989999771118164"
"160349","110625","88701","27520","432948","Processing","2022-08-28 23:41:00",NULL,NULL,NULL,"29.989999771118164"
"160474","110707","88776","17177","433290","Processing","2021-06-04 12:18:14",NULL,NULL,NULL,"29.989999771118164"
"160595","110799","88847","7137","433614","Processing","2021-11-04 10:26:01",NULL,NULL,NULL,"29.989999771118164"
"160821","110935","88944","6647","434218","Processing","2021-06-06 06:36:41",NULL,NULL,NULL,"29.989999771118164"
"160993","111054","89036","22874","434672","Processing","2020-08-02 02:53:17",NULL,NULL,NULL,"29.989999771118164"
"161639","111497","89399","4074","436442","Processing","2021-06-28 03:14:34",NULL,NULL,NULL,"29.989999771118164"
"162613","112160","89915","28936","439093","Processing","2021-08-29 00:51:45",NULL,NULL,NULL,"29.989999771118164"
"163229","112586","90284","12813","440753","Processing","2021-10-22 00:04:37",NULL,NULL,NULL,"29.989999771118164"
"163246","112599","90294","16335","440796","Processing","2020-04-10 10:34:49",NULL,NULL,NULL,"29.989999771118164"
"163474","112760","90420","5693","441421","Processing","2022-03-24 23:11:43",NULL,NULL,NULL,"29.989999771118164"
"163872","113040","90651","5393","442511","Processing","2021-09-23 13:03:38",NULL,NULL,NULL,"29.989999771118164"
"163886","113049","90656","5790","442547","Processing","2022-06-15 04:08:49",NULL,NULL,NULL,"29.989999771118164"
"163913","113069","90675","2081","442627","Processing","2022-08-29 08:04:52",NULL,NULL,NULL,"29.989999771118164"
"164497","113465","90979","7119","444234","Processing","2020-11-25 15:36:08",NULL,NULL,NULL,"29.989999771118164"
"165356","114040","91429","15629","446599","Processing","2019-10-06 01:06:27",NULL,NULL,NULL,"29.989999771118164"
"165357","114041","91430","16661","446602","Processing","2020-09-16 05:04:00",NULL,NULL,NULL,"29.989999771118164"
"165535","114165","91526","22770","447066","Processing","2022-07-04 09:55:37",NULL,NULL,NULL,"29.989999771118164"
"166604","114889","92102","16601","449965","Processing","2022-02-23 09:50:44",NULL,NULL,NULL,"29.989999771118164"
"166731","114984","92168","20769","450302","Processing","2022-07-03 05:00:12",NULL,NULL,NULL,"29.989999771118164"
"167201","115303","92418","27384","451572","Processing","2022-07-21 00:54:59",NULL,NULL,NULL,"29.989999771118164"
"168632","116292","93242","16484","455391","Processing","2022-08-18 07:20:25",NULL,NULL,NULL,"29.989999771118164"
"169831","117117","93903","20769","458622","Processing","2021-09-26 12:18:48",NULL,NULL,NULL,"29.989999771118164"
"170861","117802","94467","1626","461456","Processing","2022-02-11 07:27:06",NULL,NULL,NULL,"29.989999771118164"
"171081","117949","94587","16677","462046","Processing","2021-10-02 03:29:20",NULL,NULL,NULL,"29.989999771118164"
"171212","118032","94650","16376","462398","Processing","2021-05-01 16:00:55",NULL,NULL,NULL,"29.989999771118164"
"171772","118441","94963","19013","463914","Processing","2022-09-03 11:49:46",NULL,NULL,NULL,"29.989999771118164"
"172156","118712","95172","2101","464968","Processing","2020-07-29 15:41:20",NULL,NULL,NULL,"29.989999771118164"
"173398","119595","95884","14815","468290","Processing","2022-07-18 15:53:42",NULL,NULL,NULL,"29.989999771118164"
"173489","119658","95941","16429","468529","Processing","2022-07-20 11:47:28",NULL,NULL,NULL,"29.989999771118164"
"173500","119668","95950","21947","468554","Processing","2021-03-20 00:50:05",NULL,NULL,NULL,"29.989999771118164"
"173619","119752","96017","715","468857","Processing","2020-12-27 14:36:52",NULL,NULL,NULL,"29.989999771118164"
"173871","119924","96164","18429","469531","Processing","2021-12-25 03:54:36",NULL,NULL,NULL,"29.989999771118164"
"173918","119957","96190","27090","469657","Processing","2022-06-02 23:12:37",NULL,NULL,NULL,"29.989999771118164"
"174098","120078","96297","22405","470133","Processing","2020-10-25 15:22:35",NULL,NULL,NULL,"29.989999771118164"
"174568","120401","96541","1431","471397","Processing","2022-06-04 02:34:39",NULL,NULL,NULL,"29.989999771118164"
"174744","120515","96632","6331","471885","Processing","2021-03-05 12:20:42",NULL,NULL,NULL,"29.989999771118164"
"175092","120738","96803","22909","472861","Processing","2021-03-28 00:15:16",NULL,NULL,NULL,"29.989999771118164"
"175156","120786","96837","230","473024","Processing","2021-05-27 15:22:49",NULL,NULL,NULL,"29.989999771118164"
"175181","120805","96847","15629","473094","Processing","2022-09-02 23:54:11.918359",NULL,NULL,NULL,"29.989999771118164"
"176537","121749","97645","8299","476795","Processing","2022-08-29 09:11:13",NULL,NULL,NULL,"29.989999771118164"
"176556","121761","97657","2918","476847","Processing","2022-04-06 05:02:17",NULL,NULL,NULL,"29.989999771118164"
"176874","121980","97827","22381","477700","Processing","2021-03-07 08:58:26",NULL,NULL,NULL,"29.989999771118164"
"177093","122131","97936","6114","478293","Processing","2021-05-08 02:57:29",NULL,NULL,NULL,"29.989999771118164"
"177440","122373","98145","6647","479217","Processing","2022-06-18 01:42:29",NULL,NULL,NULL,"29.989999771118164"
"177609","122497","98250","1561","479667","Processing","2021-03-28 08:06:38",NULL,NULL,NULL,"29.989999771118164"
"177766","122603","98334","5978","480095","Processing","2021-08-07 23:23:35",NULL,NULL,NULL,"29.989999771118164"
"177910","122707","98423","17997","480473","Processing","2021-01-05 08:03:25",NULL,NULL,NULL,"29.989999771118164"
"178090","122830","98521","29100","480953","Processing","2022-08-13 02:53:49",NULL,NULL,NULL,"29.989999771118164"
"178689","123250","98857","6647","482562","Processing","2022-03-07 14:24:25",NULL,NULL,NULL,"29.989999771118164"
"178885","123386","98971","28935","483083","Processing","2022-02-08 01:08:52",NULL,NULL,NULL,"29.989999771118164"
"179112","123534","99094","16428","483695","Processing","2022-01-27 07:44:35",NULL,NULL,NULL,"29.989999771118164"
"179853","124031","99476","18031","485685","Processing","2020-11-29 12:54:00",NULL,NULL,NULL,"29.989999771118164"
"180675","124602","99912","20651","487896","Processing","2022-04-23 05:02:21",NULL,NULL,NULL,"29.989999771118164"
"180771","124677","99976","28954","488172","Processing","2019-11-16 13:21:00",NULL,NULL,NULL,"29.989999771118164"
"698","489","416","147","1859","Shipped","2020-07-15 01:38:57","2020-07-15 05:55:00",NULL,NULL,"30.989999771118164"
"8792","6032","4878","639","23842","Shipped","2021-12-19 06:02:45","2021-12-21 17:58:00",NULL,NULL,"30.989999771118164"
"11224","7716","6268","533","30412","Shipped","2022-05-24 18:37:32","2022-05-26 02:18:00",NULL,NULL,"30.989999771118164"
"21200","14573","11641","27453","57344","Shipped","2021-12-11 15:47:38","2021-12-12 01:12:00",NULL,NULL,"30.989999771118164"
"21779","14971","11961","639","58866","Shipped","2021-05-17 08:25:35","2021-05-18 01:33:00",NULL,NULL,"30.989999771118164"
"21836","15012","11989","5625","59012","Shipped","2022-08-17 12:07:06","2022-08-19 02:06:00",NULL,NULL,"30.989999771118164"
"35305","24299","19407","18653","95370","Shipped","2022-06-01 11:32:57","2022-06-01 06:47:00",NULL,NULL,"30.989999771118164"
"52598","36248","28951","4488","141943","Shipped","2021-10-28 03:07:45","2021-10-29 16:07:00",NULL,NULL,"30.989999771118164"
"66375","45670","36505","639","179229","Shipped","2022-02-01 18:51:37","2022-01-31 12:07:00",NULL,NULL,"30.989999771118164"
"67032","46115","36881","13011","180997","Shipped","2022-03-18 16:51:06","2022-03-18 00:16:00",NULL,NULL,"30.989999771118164"
"74777","51523","41243","18653","201882","Shipped","2021-05-23 04:02:22","2021-05-19 17:32:00",NULL,NULL,"30.989999771118164"
"79940","55125","44093","5625","215860","Shipped","2022-01-21 06:54:29","2022-01-24 05:45:00",NULL,NULL,"30.989999771118164"
"84449","58343","46669","147","228081","Shipped","2021-12-28 12:51:17","2021-12-30 21:30:00",NULL,NULL,"30.989999771118164"
"93065","64309","51462","5625","251369","Shipped","2022-06-30 08:15:04","2022-06-30 18:08:00",NULL,NULL,"30.989999771118164"
"95980","66337","53046","533","259269","Shipped","2022-09-05 01:26:46.667967","2022-09-06 01:43:25.667967",NULL,NULL,"30.989999771118164"
"99013","68412","54700","7903","267465","Shipped","2020-11-27 09:48:19","2020-11-25 18:06:00",NULL,NULL,"30.989999771118164"
"139894","96503","77379","7903","377746","Shipped","2021-02-18 04:25:03","2021-02-18 15:49:00",NULL,NULL,"30.989999771118164"
"145393","100316","80441","147","392589","Shipped","2020-09-02 10:37:43","2020-09-03 20:10:00",NULL,NULL,"30.989999771118164"
"165597","114210","91567","18653","447244","Shipped","2022-06-24 05:37:02","2022-06-24 22:25:00",NULL,NULL,"30.989999771118164"
"170615","117636","94346","13471","460770","Shipped","2022-09-01 00:01:29","2022-09-01 19:41:00",NULL,NULL,"30.989999771118164"
"172182","118729","95190","5625","465037","Shipped","2022-06-12 22:30:38","2022-06-15 22:08:00",NULL,NULL,"30.989999771118164"
"177242","122229","98005","13034","478691","Shipped","2022-04-06 11:02:10","2022-04-05 01:56:00",NULL,NULL,"30.989999771118164"
"2665","1822","1476","18653","7212","Complete","2022-08-10 03:23:22","2022-08-12 05:53:00","2022-08-13 18:06:00",NULL,"30.989999771118164"
"10905","7490","6087","5625","29558","Complete","2022-04-30 01:13:13","2022-04-28 09:49:00","2022-04-30 03:10:00",NULL,"30.989999771118164"
"15589","10695","8602","11942","42226","Complete","2021-07-05 05:16:10","2021-07-08 04:47:00","2021-07-10 10:49:00",NULL,"30.989999771118164"
"22290","15328","12250","5625","60233","Complete","2021-03-27 07:40:11","2021-03-27 20:44:00","2021-03-28 02:46:00",NULL,"30.989999771118164"
"36881","25385","20299","639","99577","Complete","2022-05-23 11:54:54","2022-05-23 03:05:00","2022-05-24 10:20:00",NULL,"30.989999771118164"
"46532","32039","25577","533","125649","Complete","2020-02-20 12:07:32","2020-02-18 22:19:00","2020-02-23 00:13:00",NULL,"30.989999771118164"
"54288","37410","29893","18653","146499","Complete","2022-06-14 07:06:48","2022-06-15 13:07:00","2022-06-18 06:24:00",NULL,"30.989999771118164"
"58038","39998","31962","19777","156629","Complete","2022-07-28 12:31:41","2022-07-30 00:24:00","2022-07-31 07:45:00",NULL,"30.989999771118164"
"75498","52023","41628","13471","203834","Complete","2022-08-19 03:01:27","2022-08-20 20:58:00","2022-08-25 16:12:00",NULL,"30.989999771118164"
"88770","61364","49140","13011","239838","Complete","2020-10-04 12:37:34","2020-10-05 10:10:00","2020-10-07 22:34:00",NULL,"30.989999771118164"
"96050","66387","53078","7903","259457","Complete","2022-03-05 09:30:09","2022-03-02 06:29:00","2022-03-05 16:22:00",NULL,"30.989999771118164"
"99177","68530","54789","18653","267908","Complete","2022-06-14 22:16:27","2022-06-17 04:15:00","2022-06-18 01:57:00",NULL,"30.989999771118164"
"112211","77507","62000","18653","303089","Complete","2022-07-24 01:02:21","2022-07-24 16:23:00","2022-07-28 21:46:00",NULL,"30.989999771118164"
"122533","84540","67669","13011","330851","Complete","2022-08-28 07:15:39","2022-08-31 07:32:00","2022-09-03 11:50:00",NULL,"30.989999771118164"
"142209","98099","78655","533","383971","Complete","2022-04-27 11:08:29","2022-04-26 04:02:00","2022-04-30 15:07:00",NULL,"30.989999771118164"
"154806","106815","85709","1597","418015","Complete","2020-06-22 14:45:26","2020-06-25 08:57:00","2020-06-25 19:01:00",NULL,"30.989999771118164"
"44248","30445","24302","27453","119508","Returned","2020-10-09 03:28:12","2020-10-08 20:56:00","2020-10-09 12:42:00","2020-10-11 22:33:00","30.989999771118164"
"46475","31992","25544","18653","125505","Returned","2022-02-18 02:48:55","2022-02-18 06:47:00","2022-02-23 02:10:00","2022-02-25 17:46:00","30.989999771118164"
"52178","35956","28723","147","140821","Returned","2022-03-30 08:52:52","2022-03-31 15:21:00","2022-04-04 08:29:00","2022-04-07 05:02:00","30.989999771118164"
"52481","36165","28891","7903","141623","Returned","2021-11-06 02:55:20","2021-11-06 07:38:00","2021-11-10 21:38:00","2021-11-13 19:36:00","30.989999771118164"
"68123","46882","37504","18653","183927","Returned","2021-02-16 06:47:48","2021-02-19 04:32:00","2021-02-22 10:20:00","2021-02-24 03:02:00","30.989999771118164"
"111845","77259","61816","7903","302068","Returned","2022-04-12 12:37:01","2022-04-09 22:50:00","2022-04-10 00:34:00","2022-04-11 22:41:00","30.989999771118164"
"123971","85519","68428","19777","334691","Returned","2021-10-19 09:24:31","2021-10-21 14:57:00","2021-10-25 13:33:00","2021-10-26 07:22:00","30.989999771118164"
"139171","96031","77000","13034","375823","Returned","2021-07-11 17:05:21","2021-07-11 05:40:00","2021-07-15 00:06:00","2021-07-16 05:31:00","30.989999771118164"
"154973","106926","85786","19777","418466","Returned","2022-01-06 23:39:17","2022-01-09 09:20:00","2022-01-09 14:00:00","2022-01-10 14:26:00","30.989999771118164"
"155648","107373","86150","27453","420275","Returned","2022-03-21 08:46:37","2022-03-23 07:50:00","2022-03-27 03:26:00","2022-03-28 17:33:00","30.989999771118164"
"167731","115666","92712","27453","452955","Returned","2022-08-29 00:06:15","2022-08-29 06:06:00","2022-08-31 17:33:00","2022-09-03 15:07:00","30.989999771118164"
"29875","20579","16458","4488","80760","Cancelled","2020-05-12 08:06:58",NULL,NULL,NULL,"30.989999771118164"
"34675","23869","19064","19777","93672","Cancelled","2021-06-17 03:55:24",NULL,NULL,NULL,"30.989999771118164"
"77702","53577","42876","639","209742","Cancelled","2022-08-08 21:00:54",NULL,NULL,NULL,"30.989999771118164"
"88534","61187","49002","147","239188","Cancelled","2021-10-29 10:24:50",NULL,NULL,NULL,"30.989999771118164"
"103135","71260","56959","1597","278575","Cancelled","2022-08-12 07:36:38",NULL,NULL,NULL,"30.989999771118164"
"112080","77414","61935","7903","302721","Cancelled","2022-05-12 10:49:47",NULL,NULL,NULL,"30.989999771118164"
"152852","105461","84605","1597","412781","Cancelled","2020-12-29 23:03:52",NULL,NULL,NULL,"30.989999771118164"
"160518","110742","88807","639","433410","Cancelled","2022-04-17 22:12:59",NULL,NULL,NULL,"30.989999771118164"
"170029","117247","94018","13011","459154","Cancelled","2022-07-04 06:25:15",NULL,NULL,NULL,"30.989999771118164"
"180277","124314","99704","4488","486830","Cancelled","2020-06-20 00:59:28",NULL,NULL,NULL,"30.989999771118164"
"26769","18442","14726","5625","72355","Processing","2020-10-30 00:34:25",NULL,NULL,NULL,"30.989999771118164"
"35646","24533","19602","19777","96263","Processing","2021-08-18 06:49:09",NULL,NULL,NULL,"30.989999771118164"
"40838","28089","22408","18653","110273","Processing","2021-12-23 15:12:21",NULL,NULL,NULL,"30.989999771118164"
"44294","30480","24329","7903","119630","Processing","2020-07-09 10:50:27",NULL,NULL,NULL,"30.989999771118164"
"95282","65855","52678","27453","257371","Processing","2022-03-01 05:48:49",NULL,NULL,NULL,"30.989999771118164"
"95476","65995","52787","13471","257910","Processing","2021-07-02 13:41:27",NULL,NULL,NULL,"30.989999771118164"
"99256","68587","54834","18653","268122","Processing","2021-02-07 13:05:49",NULL,NULL,NULL,"30.989999771118164"
"105765","73083","58451","4488","285689","Processing","2021-12-26 10:03:24",NULL,NULL,NULL,"30.989999771118164"
"179412","123739","99266","13011","484509","Processing","2022-08-01 12:00:06",NULL,NULL,NULL,"30.989999771118164"
"1437","998","837","5257","3905","Shipped","2021-02-26 03:09:18","2021-02-27 13:20:00",NULL,NULL,"31.989999771118164"
"3348","2271","1825","4870","9058","Shipped","2022-08-23 05:13:36","2022-08-22 08:27:00",NULL,NULL,"31.989999771118164"
"4062","2756","2215","13725","10993","Shipped","2020-12-28 00:42:27","2020-12-29 04:44:00",NULL,NULL,"31.989999771118164"
"4151","2823","2264","17007","11247","Shipped","2022-08-30 12:54:30","2022-09-02 00:00:00",NULL,NULL,"31.989999771118164"
"5859","3987","3234","27516","15856","Shipped","2022-07-03 12:01:26","2022-07-02 02:17:00",NULL,NULL,"31.989999771118164"
"7291","4981","4040","10646","19751","Shipped","2021-11-02 05:12:57","2021-11-03 17:50:00",NULL,NULL,"31.989999771118164"
"8441","5784","4673","20717","22900","Shipped","2021-11-19 14:28:50","2021-11-20 07:49:00",NULL,NULL,"31.989999771118164"
"8965","6146","4965","782","24314","Shipped","2022-07-01 23:34:05","2022-07-04 05:53:00",NULL,NULL,"31.989999771118164"
"10807","7426","6040","353","29287","Shipped","2022-03-12 11:33:02","2022-03-14 07:10:00",NULL,NULL,"31.989999771118164"
"12697","8766","7078","22075","34410","Shipped","2020-05-05 13:21:31","2020-05-07 13:45:00",NULL,NULL,"31.989999771118164"
"13313","9180","7396","13739","36065","Shipped","2022-04-10 02:29:20","2022-04-10 09:27:00",NULL,NULL,"31.989999771118164"
"13990","9632","7778","3544","37915","Shipped","2022-04-25 11:26:52","2022-04-27 14:33:00",NULL,NULL,"31.989999771118164"
"14085","9695","7826","16326","38165","Shipped","2022-07-14 09:46:50","2022-07-13 06:21:00",NULL,NULL,"31.989999771118164"
"14745","10145","8155","26518","39944","Shipped","2020-01-26 00:55:31","2020-01-24 01:52:00",NULL,NULL,"31.989999771118164"
"15594","10698","8603","988","42237","Shipped","2021-12-18 14:06:06","2021-12-16 01:40:00",NULL,NULL,"31.989999771118164"
"18865","12966","10391","20875","51050","Shipped","2022-03-23 01:26:21","2022-03-25 20:23:00",NULL,NULL,"31.989999771118164"
"19176","13181","10571","20875","51887","Shipped","2022-08-09 08:01:31","2022-08-08 10:51:00",NULL,NULL,"31.989999771118164"
"19310","13269","10640","22197","52250","Shipped","2020-12-16 06:41:10","2020-12-17 23:07:00",NULL,NULL,"31.989999771118164"
"22407","15410","12313","24747","60553","Shipped","2022-08-06 11:22:26","2022-08-08 18:57:00",NULL,NULL,"31.989999771118164"
"22598","15540","12424","15710","61079","Shipped","2020-04-11 13:05:31","2020-04-09 13:51:00",NULL,NULL,"31.989999771118164"
"23466","16147","12906","23380","63422","Shipped","2022-09-04 09:32:29","2022-09-01 13:15:00",NULL,NULL,"31.989999771118164"
"23566","16217","12970","20833","63698","Shipped","2022-07-22 21:38:48","2022-07-23 14:28:00",NULL,NULL,"31.989999771118164"
"25757","17754","14180","5257","69613","Shipped","2022-02-27 14:50:43","2022-02-27 21:20:00",NULL,NULL,"31.989999771118164"
"30550","21043","16851","17052","82612","Shipped","2021-10-01 03:48:11","2021-09-29 04:57:00",NULL,NULL,"31.989999771118164"
"30719","21151","16939","22553","83047","Shipped","2020-06-03 05:54:20","2020-06-05 13:01:00",NULL,NULL,"31.989999771118164"
"31446","21636","17300","8309","84995","Shipped","2020-04-26 04:04:56","2020-04-28 09:47:00",NULL,NULL,"31.989999771118164"
"31621","21759","17411","5618","85472","Shipped","2020-03-15 01:16:43","2020-03-16 07:33:00",NULL,NULL,"31.989999771118164"
"31879","21937","17552","4870","86153","Shipped","2022-05-14 23:02:19","2022-05-14 20:29:00",NULL,NULL,"31.989999771118164"
"37187","25610","20461","27516","100409","Shipped","2021-12-02 12:42:26","2021-11-29 13:24:00",NULL,NULL,"31.989999771118164"
"37342","25712","20542","28773","100834","Shipped","2022-03-07 03:27:50","2022-03-09 13:29:00",NULL,NULL,"31.989999771118164"
"42365","29144","23241","17178","114388","Shipped","2020-11-21 13:57:45","2020-11-24 10:34:00",NULL,NULL,"31.989999771118164"
"44533","30655","24470","15139","120274","Shipped","2022-01-10 23:00:04","2022-01-11 20:22:00",NULL,NULL,"31.989999771118164"
"47082","32435","25910","10646","127086","Shipped","2022-08-07 03:26:26","2022-08-09 08:24:00",NULL,NULL,"31.989999771118164"
"47201","32527","25974","2270","127403","Shipped","2022-05-24 13:19:15","2022-05-25 15:21:00",NULL,NULL,"31.989999771118164"
"53700","37003","29564","8309","144917","Shipped","2019-12-12 07:19:04","2019-12-14 07:10:00",NULL,NULL,"31.989999771118164"
"56165","38717","30960","20717","151565","Shipped","2020-04-27 14:28:18","2020-04-24 14:41:00",NULL,NULL,"31.989999771118164"
"57083","39343","31448","20819","154069","Shipped","2020-02-06 09:57:11","2020-02-02 17:50:00",NULL,NULL,"31.989999771118164"
"58946","40628","32447","27516","159092","Shipped","2022-08-31 00:20:56","2022-09-01 16:06:00",NULL,NULL,"31.989999771118164"
"59760","41169","32892","17439","161320","Shipped","2020-07-03 06:42:10","2020-07-01 13:34:00",NULL,NULL,"31.989999771118164"
"62369","42953","34338","8309","168347","Shipped","2022-07-31 14:12:42","2022-07-28 20:57:00",NULL,NULL,"31.989999771118164"
"63173","43494","34776","15710","170575","Shipped","2021-12-01 09:31:10","2021-12-01 18:27:00",NULL,NULL,"31.989999771118164"
"64387","44313","35447","13739","173835","Shipped","2021-03-26 07:04:51","2021-03-25 21:23:00",NULL,NULL,"31.989999771118164"
"68193","46928","37533","15493","184121","Shipped","2022-03-25 12:14:58","2022-03-26 02:05:00",NULL,NULL,"31.989999771118164"
"68487","47136","37703","27516","184885","Shipped","2022-02-22 04:54:12","2022-02-23 06:54:00",NULL,NULL,"31.989999771118164"
"69192","47641","38079","20833","186773","Shipped","2022-08-18 06:49:16","2022-08-20 09:38:00",NULL,NULL,"31.989999771118164"
"70365","48461","38759","782","189975","Shipped","2022-08-05 23:47:52","2022-08-08 16:05:00",NULL,NULL,"31.989999771118164"
"73824","50841","40670","9682","199326","Shipped","2021-04-14 04:09:08","2021-04-16 17:43:00",NULL,NULL,"31.989999771118164"
"74488","51325","41068","20833","201115","Shipped","2022-08-24 02:31:03","2022-08-23 17:38:00",NULL,NULL,"31.989999771118164"
"74962","51651","41333","16326","202397","Shipped","2022-07-20 00:55:06","2022-07-21 08:20:00",NULL,NULL,"31.989999771118164"
"75470","52001","41607","27476","203757","Shipped","2021-05-28 00:04:27","2021-05-30 08:09:00",NULL,NULL,"31.989999771118164"
"79783","55027","44002","988","215434","Shipped","2022-07-20 03:32:53","2022-07-18 23:48:00",NULL,NULL,"31.989999771118164"
"80207","55321","44238","9682","216568","Shipped","2021-10-03 03:31:54","2021-09-30 16:16:00",NULL,NULL,"31.989999771118164"
"81762","56411","45097","23380","220809","Shipped","2022-09-05 02:59:13","2022-09-04 10:10:00",NULL,NULL,"31.989999771118164"
"82108","56659","45306","22197","221721","Shipped","2021-03-02 05:36:55","2021-03-02 14:48:00",NULL,NULL,"31.989999771118164"
"82828","57182","45718","4673","223693","Shipped","2022-05-26 05:07:03","2022-05-27 06:10:00",NULL,NULL,"31.989999771118164"
"85830","59313","47446","22197","231842","Shipped","2020-12-03 06:42:53","2020-12-04 23:57:00",NULL,NULL,"31.989999771118164"
"87780","60665","48576","15493","237126","Shipped","2022-06-08 11:03:34","2022-06-09 22:44:00",NULL,NULL,"31.989999771118164"
"88680","61301","49093","8309","239578","Shipped","2021-03-02 09:42:33","2021-03-03 14:40:00",NULL,NULL,"31.989999771118164"
"88777","61367","49143","17439","239857","Shipped","2020-04-07 02:39:39","2020-04-07 03:11:00",NULL,NULL,"31.989999771118164"
"89905","62145","49746","18392","242859","Shipped","2022-06-21 10:55:24","2022-06-19 07:31:00",NULL,NULL,"31.989999771118164"
"90336","62443","49992","26518","244039","Shipped","2022-06-24 23:20:07","2022-06-26 15:00:00",NULL,NULL,"31.989999771118164"
"91149","62984","50427","18097","246228","Shipped","2022-06-15 05:56:53","2022-06-17 18:24:00",NULL,NULL,"31.989999771118164"
"91888","63491","50837","16326","248201","Shipped","2022-02-14 12:10:05","2022-02-13 14:55:00",NULL,NULL,"31.989999771118164"
"92136","63660","50961","13927","248859","Shipped","2022-01-19 10:08:44","2022-01-16 14:58:00",NULL,NULL,"31.989999771118164"
"92206","63712","51013","22142","249050","Shipped","2022-03-26 07:17:22","2022-03-27 15:07:00",NULL,NULL,"31.989999771118164"
"93226","64424","51545","340","251785","Shipped","2022-07-05 09:44:23","2022-07-08 04:02:00",NULL,NULL,"31.989999771118164"
"98025","67742","54123","18392","264808","Shipped","2022-08-31 18:17:06","2022-09-03 05:56:00",NULL,NULL,"31.989999771118164"
"99795","68979","55150","9175","269550","Shipped","2022-09-01 12:14:52","2022-08-29 01:16:00",NULL,NULL,"31.989999771118164"
"100459","69419","55517","965","271314","Shipped","2021-10-12 12:15:20","2021-10-13 23:01:00",NULL,NULL,"31.989999771118164"
"101930","70442","56314","4870","275297","Shipped","2022-01-24 00:02:30","2022-01-26 00:25:00",NULL,NULL,"31.989999771118164"
"102203","70623","56465","15737","276041","Shipped","2022-09-03 00:36:11.386843","2022-09-03 08:58:55.386843",NULL,NULL,"31.989999771118164"
"102242","70647","56485","13927","276152","Shipped","2020-07-31 12:44:55","2020-08-03 00:06:00",NULL,NULL,"31.989999771118164"
"102697","70952","56715","24747","277394","Shipped","2022-08-16 15:16:07","2022-08-17 14:15:00",NULL,NULL,"31.989999771118164"
"103379","71437","57109","12377","279244","Shipped","2022-06-21 06:22:10","2022-06-23 06:12:00",NULL,NULL,"31.989999771118164"
"104045","71899","57490","8309","281046","Shipped","2022-04-08 01:00:19","2022-04-09 20:47:00",NULL,NULL,"31.989999771118164"
"107452","74238","59351","21539","290232","Shipped","2022-08-02 00:20:19","2022-07-31 17:09:00",NULL,NULL,"31.989999771118164"
"110610","76408","61106","28773","298720","Shipped","2021-07-28 16:24:13","2021-07-29 16:05:00",NULL,NULL,"31.989999771118164"
"112950","78019","62409","21128","305082","Shipped","2021-12-22 01:57:30","2021-12-22 09:16:00",NULL,NULL,"31.989999771118164"
"113147","78153","62514","4870","305604","Shipped","2019-12-07 20:51:18","2019-12-08 22:43:00",NULL,NULL,"31.989999771118164"
"113661","78518","62791","5421","306978","Shipped","2021-05-15 11:08:44","2021-05-17 03:56:00",NULL,NULL,"31.989999771118164"
"115873","80018","64037","782","312944","Shipped","2022-05-03 10:20:52","2022-05-03 21:40:00",NULL,NULL,"31.989999771118164"
"117888","81372","65167","988","318349","Shipped","2022-06-23 06:53:40","2022-06-25 00:15:00",NULL,NULL,"31.989999771118164"
"118591","81860","65541","20833","320212","Shipped","2021-06-12 06:52:33","2021-06-13 04:53:00",NULL,NULL,"31.989999771118164"
"119287","82346","65932","8309","322074","Shipped","2022-07-11 09:50:43","2022-07-11 17:35:00",NULL,NULL,"31.989999771118164"
"121444","83814","67097","27516","327910","Shipped","2022-06-08 03:30:58","2022-06-07 18:14:00",NULL,NULL,"31.989999771118164"
"121563","83888","67157","988","328224","Shipped","2021-02-03 06:35:55","2021-02-03 17:46:00",NULL,NULL,"31.989999771118164"
"122290","84358","67534","9682","330185","Shipped","2020-12-25 23:43:20","2020-12-27 01:00:00",NULL,NULL,"31.989999771118164"
"124242","85708","68584","9682","335407","Shipped","2021-11-15 13:57:00","2021-11-17 13:00:00",NULL,NULL,"31.989999771118164"
"125073","86285","69042","13803","337678","Shipped","2021-09-05 03:17:21","2021-09-06 04:17:00",NULL,NULL,"31.989999771118164"
"126272","87097","69700","24747","340931","Shipped","2021-08-19 05:14:58","2021-08-21 12:19:00",NULL,NULL,"31.989999771118164"
"126281","87106","69709","965","340955","Shipped","2020-07-27 14:50:55","2020-07-30 06:41:00",NULL,NULL,"31.989999771118164"
"126670","87365","69927","23380","342014","Shipped","2022-08-02 22:41:59","2022-08-04 21:43:00",NULL,NULL,"31.989999771118164"
"127549","87954","70427","22075","344352","Shipped","2022-07-23 00:36:53","2022-07-25 14:06:00",NULL,NULL,"31.989999771118164"
"128129","88369","70778","22075","345965","Shipped","2021-04-23 05:57:10","2021-04-24 19:54:00",NULL,NULL,"31.989999771118164"
"128177","88397","70802","782","346090","Shipped","2022-08-28 11:44:28","2022-08-28 02:12:00",NULL,NULL,"31.989999771118164"
"129684","89441","71650","13725","350133","Shipped","2022-03-30 14:35:00","2022-03-31 23:57:00",NULL,NULL,"31.989999771118164"
"130008","89670","71823","9682","351027","Shipped","2022-04-27 00:23:34","2022-04-26 08:56:00",NULL,NULL,"31.989999771118164"
"130369","89921","72033","5756","352001","Shipped","2021-10-23 02:43:19","2021-10-19 12:01:00",NULL,NULL,"31.989999771118164"
"130673","90137","72189","29080","352824","Shipped","2021-06-18 06:58:46","2021-06-18 16:28:00",NULL,NULL,"31.989999771118164"
"135010","93140","74622","15737","364573","Shipped","2022-09-06 21:54:56.441556","2022-09-04 06:15:02.441556",NULL,NULL,"31.989999771118164"
"137193","94669","75884","18649","370447","Shipped","2021-10-14 01:07:55","2021-10-13 04:50:00",NULL,NULL,"31.989999771118164"
"138319","95451","76525","22556","373501","Shipped","2021-11-04 10:18:39","2021-11-06 23:43:00",NULL,NULL,"31.989999771118164"
"138736","95739","76753","18392","374628","Shipped","2022-03-11 17:07:20","2022-03-11 21:17:00",NULL,NULL,"31.989999771118164"
"138737","95740","76755","22553","374630","Shipped","2022-06-29 21:42:05","2022-06-30 04:20:00",NULL,NULL,"31.989999771118164"
"139204","96050","77020","25918","375910","Shipped","2022-08-19 03:19:33","2022-08-19 03:45:00",NULL,NULL,"31.989999771118164"
"139884","96494","77372","17052","377721","Shipped","2021-08-03 06:44:44","2021-08-04 12:20:00",NULL,NULL,"31.989999771118164"
"141391","97527","78216","5421","381782","Shipped","2022-07-14 12:09:31","2022-07-16 02:06:00",NULL,NULL,"31.989999771118164"
"141520","97617","78279","18392","382128","Shipped","2022-05-18 01:39:41","2022-05-16 20:14:00",NULL,NULL,"31.989999771118164"
"141758","97785","78406","28819","382759","Shipped","2021-08-27 11:55:40","2021-08-29 13:24:00",NULL,NULL,"31.989999771118164"
"142047","97977","78564","15710","383537","Shipped","2019-12-31 04:25:46","2019-12-28 12:52:00",NULL,NULL,"31.989999771118164"
"145104","100123","80291","9175","391806","Shipped","2022-03-22 00:09:37","2022-03-22 07:58:00",NULL,NULL,"31.989999771118164"
"145200","100185","80336","5929","392071","Shipped","2019-12-26 12:43:49","2019-12-29 03:06:00",NULL,NULL,"31.989999771118164"
"148613","102540","82258","15710","401301","Shipped","2020-12-26 15:12:35","2020-12-27 16:20:00",NULL,NULL,"31.989999771118164"
"150514","103862","83323","25918","406509","Shipped","2022-03-18 04:48:28","2022-03-20 18:26:00",NULL,NULL,"31.989999771118164"
"150685","103981","83423","9175","406961","Shipped","2021-08-16 04:26:39","2021-08-17 04:11:00",NULL,NULL,"31.989999771118164"
"150932","104152","83550","21128","407643","Shipped","2021-06-17 05:13:14","2021-06-19 08:35:00",NULL,NULL,"31.989999771118164"
"151832","104755","84056","15809","410064","Shipped","2022-08-31 04:14:40","2022-08-31 19:50:00",NULL,NULL,"31.989999771118164"
"153685","106034","85054","2270","415020","Shipped","2022-06-03 00:27:38","2022-06-01 00:21:00",NULL,NULL,"31.989999771118164"
"154321","106475","85404","2892","416706","Shipped","2020-12-21 15:18:58","2020-12-21 07:47:00",NULL,NULL,"31.989999771118164"
"154868","106858","85742","26518","418189","Shipped","2022-07-07 09:01:05","2022-07-08 22:49:00",NULL,NULL,"31.989999771118164"
"155896","107550","86276","2892","420916","Shipped","2022-07-30 04:43:44","2022-07-27 18:16:00",NULL,NULL,"31.989999771118164"
"155936","107569","86292","20833","421025","Shipped","2021-08-21 10:57:32","2021-08-21 12:59:00",NULL,NULL,"31.989999771118164"
"156169","107725","86416","2270","421662","Shipped","2022-03-11 22:50:20","2022-03-13 13:41:00",NULL,NULL,"31.989999771118164"
"156313","107826","86493","24747","422055","Shipped","2022-08-05 03:28:42","2022-08-06 09:16:00",NULL,NULL,"31.989999771118164"
"158658","109436","87763","2270","428362","Shipped","2021-05-08 13:43:05","2021-05-11 09:21:00",NULL,NULL,"31.989999771118164"
"161198","111187","89144","2270","435230","Shipped","2021-12-09 15:51:47","2021-12-05 18:49:00",NULL,NULL,"31.989999771118164"
"162434","112029","89819","26518","438609","Shipped","2020-10-01 13:49:00","2020-10-02 11:59:00",NULL,NULL,"31.989999771118164"
"162865","112338","90086","12396","439792","Shipped","2022-08-26 06:12:00","2022-08-27 23:46:00",NULL,NULL,"31.989999771118164"
"166137","114581","91859","17439","448707","Shipped","2022-05-24 20:29:40","2022-05-26 10:16:00",NULL,NULL,"31.989999771118164"
"166900","115102","92255","16326","450765","Shipped","2021-07-20 06:12:16","2021-07-20 10:46:00",NULL,NULL,"31.989999771118164"
"169420","116845","93673","20717","457503","Shipped","2021-12-24 01:28:02","2021-12-24 14:43:00",NULL,NULL,"31.989999771118164"
"169510","116900","93730","3544","457743","Shipped","2022-04-11 11:38:53","2022-04-13 02:06:00",NULL,NULL,"31.989999771118164"
"169673","117003","93820","15139","458186","Shipped","2022-08-15 03:13:24","2022-08-17 05:03:00",NULL,NULL,"31.989999771118164"
"170408","117494","94234","22197","460201","Shipped","2022-06-09 12:49:30","2022-06-07 02:04:00",NULL,NULL,"31.989999771118164"
"174416","120289","96460","15737","470994","Shipped","2020-11-25 02:35:19","2020-11-21 22:08:00",NULL,NULL,"31.989999771118164"
"174427","120294","96462","20875","471023","Shipped","2021-05-19 06:49:33","2021-05-20 01:50:00",NULL,NULL,"31.989999771118164"
"178017","122781","98480","2667","480761","Shipped","2022-05-31 02:14:16","2022-05-30 03:10:00",NULL,NULL,"31.989999771118164"
"178310","122982","98641","22553","481537","Shipped","2021-10-01 00:04:55","2021-10-01 14:07:00",NULL,NULL,"31.989999771118164"
"180331","124355","99729","28773","486970","Shipped","2022-08-31 21:41:06","2022-08-30 19:57:00",NULL,NULL,"31.989999771118164"
"215","155","123","24747","568","Complete","2022-06-21 11:55:38","2022-06-22 22:51:00","2022-06-25 14:26:00",NULL,"31.989999771118164"
"970","680","569","353","2608","Complete","2022-05-09 03:58:12","2022-05-07 09:46:00","2022-05-08 23:26:00",NULL,"31.989999771118164"
"2616","1795","1451","22197","7076","Complete","2019-06-09 11:45:41","2019-06-09 18:54:00","2019-06-10 16:20:00",NULL,"31.989999771118164"
"4546","3118","2527","7149","12326","Complete","2022-05-26 13:32:06","2022-05-29 00:12:00","2022-05-31 22:27:00",NULL,"31.989999771118164"
"4980","3394","2765","17014","13479","Complete","2022-03-05 21:24:23","2022-03-06 18:08:00","2022-03-09 20:19:00",NULL,"31.989999771118164"
"8031","5505","4458","18392","21789","Complete","2022-06-03 04:42:29","2022-06-02 13:43:00","2022-06-03 02:07:00",NULL,"31.989999771118164"
"8168","5596","4528","25918","22153","Complete","2022-05-19 01:31:27","2022-05-20 09:27:00","2022-05-24 08:26:00",NULL,"31.989999771118164"
"8552","5859","4742","17007","23206","Complete","2022-07-10 07:37:11","2022-07-10 20:46:00","2022-07-12 01:03:00",NULL,"31.989999771118164"
"10253","7060","5749","22142","27802","Complete","2022-07-29 22:23:03","2022-07-26 16:43:00","2022-07-30 18:40:00",NULL,"31.989999771118164"
"10516","7233","5883","2270","28505","Complete","2021-06-11 21:41:54","2021-06-12 06:59:00","2021-06-14 01:42:00",NULL,"31.989999771118164"
"12617","8707","7030","782","34191","Complete","2021-11-16 12:25:57","2021-11-18 07:31:00","2021-11-19 18:49:00",NULL,"31.989999771118164"
"12820","8851","7141","27476","34745","Complete","2022-07-29 11:10:45","2022-07-31 01:56:00","2022-08-01 15:53:00",NULL,"31.989999771118164"
"15361","10550","8485","25918","41610","Complete","2022-04-23 06:09:34","2022-04-23 21:29:00","2022-04-26 13:13:00",NULL,"31.989999771118164"
"18396","12651","10147","15493","49813","Complete","2021-04-08 13:35:48","2021-04-09 19:57:00","2021-04-10 16:49:00",NULL,"31.989999771118164"
"19073","13114","10510","22553","51613","Complete","2022-08-30 01:29:27","2022-08-30 06:35:00","2022-09-02 07:59:00",NULL,"31.989999771118164"
"20856","14342","11481","23380","56451","Complete","2021-05-09 03:40:39","2021-05-11 00:06:00","2021-05-14 04:45:00",NULL,"31.989999771118164"
"22246","15293","12224","26518","60117","Complete","2022-09-03 21:47:04.867751","2022-09-04 19:48:09.867751","2022-09-05 02:40:09.867751",NULL,"31.989999771118164"
"26947","18565","14826","26518","72830","Complete","2022-09-04 02:38:33.077607","2022-09-05 06:58:23.077607","2022-09-10 00:45:23.077607",NULL,"31.989999771118164"
"27535","18966","15176","22556","74432","Complete","2020-04-18 23:02:29","2020-04-21 20:45:00","2020-04-23 01:32:00",NULL,"31.989999771118164"
"29143","20061","16029","22553","78783","Complete","2022-07-23 13:24:16","2022-07-24 12:21:00","2022-07-26 01:00:00",NULL,"31.989999771118164"
"30842","21232","17007","17178","83372","Complete","2022-02-08 07:21:14","2022-02-10 13:50:00","2022-02-11 13:03:00",NULL,"31.989999771118164"
"34639","23839","19040","17178","93578","Complete","2020-09-03 07:01:22","2020-09-04 01:08:00","2020-09-07 18:12:00",NULL,"31.989999771118164"
"36829","25347","20267","1780","99421","Complete","2021-08-26 01:35:15","2021-08-26 00:54:00","2021-08-26 08:44:00",NULL,"31.989999771118164"
"38661","26630","21286","17178","104375","Complete","2021-04-13 16:05:19","2021-04-14 20:17:00","2021-04-17 16:12:00",NULL,"31.989999771118164"
"39103","26924","21504","5257","105576","Complete","2022-08-19 03:50:52","2022-08-22 00:39:00","2022-08-26 00:53:00",NULL,"31.989999771118164"
"39368","27102","21649","9682","106287","Complete","2022-07-30 07:26:13","2022-07-31 10:31:00","2022-08-04 06:32:00",NULL,"31.989999771118164"
"39819","27414","21890","29080","107493","Complete","2019-01-25 15:21:49","2019-01-28 06:28:00","2019-01-29 19:46:00",NULL,"31.989999771118164"
"40088","27593","22038","10542","108206","Complete","2022-06-10 08:58:24","2022-06-11 05:02:00","2022-06-11 20:00:00",NULL,"31.989999771118164"
"43515","29933","23870","13927","117511","Complete","2022-03-02 01:30:08","2022-03-02 19:34:00","2022-03-06 20:17:00",NULL,"31.989999771118164"
"43759","30100","23998","10646","118182","Complete","2022-02-12 14:23:38","2022-02-13 13:04:00","2022-02-15 10:29:00",NULL,"31.989999771118164"
"44299","30483","24333","4673","119641","Complete","2022-08-31 23:46:56.955713","2022-09-03 07:27:43.955713","2022-09-06 07:15:43.955713",NULL,"31.989999771118164"
"44854","30867","24643","22197","121146","Complete","2019-12-31 09:02:13","2019-12-29 12:32:00","2019-12-30 09:16:00",NULL,"31.989999771118164"
"46574","32070","25604","27476","125755","Complete","2020-05-15 05:39:08","2020-05-16 12:47:00","2020-05-17 19:10:00",NULL,"31.989999771118164"
"46691","32153","25679","16326","126067","Complete","2021-04-17 16:36:45","2021-04-16 11:13:00","2021-04-16 16:53:00",NULL,"31.989999771118164"
"47041","32403","25882","5929","126971","Complete","2022-03-25 10:28:01","2022-03-27 19:08:00","2022-03-28 04:31:00",NULL,"31.989999771118164"
"47666","32846","26227","15809","128651","Complete","2022-06-22 16:16:26","2022-06-25 05:25:00","2022-06-28 07:41:00",NULL,"31.989999771118164"
"49847","34330","27404","12377","134563","Complete","2022-07-02 10:47:16","2022-07-01 23:59:00","2022-07-02 04:09:00",NULL,"31.989999771118164"
"52017","35851","28638","22553","140407","Complete","2020-02-08 10:45:55","2020-02-09 22:00:00","2020-02-13 17:19:00",NULL,"31.989999771118164"
"52235","35992","28749","13739","140962","Complete","2022-08-27 13:01:28","2022-08-29 00:36:00","2022-09-01 06:05:00",NULL,"31.989999771118164"
"52269","36020","28770","6105","141052","Complete","2022-07-21 11:05:16","2022-07-24 08:48:00","2022-07-28 09:34:00",NULL,"31.989999771118164"
"52418","36121","28852","16326","141455","Complete","2022-04-04 16:50:19","2022-04-06 11:20:00","2022-04-10 16:53:00",NULL,"31.989999771118164"
"53286","36727","29353","29080","143792","Complete","2020-08-12 06:58:50","2020-08-12 17:45:00","2020-08-13 15:39:00",NULL,"31.989999771118164"
"56070","38650","30898","26518","151313","Complete","2022-07-16 23:45:09","2022-07-19 23:54:00","2022-07-22 06:19:00",NULL,"31.989999771118164"
"56215","38748","30983","22654","151706","Complete","2022-02-14 00:30:25","2022-02-14 11:56:00","2022-02-17 18:24:00",NULL,"31.989999771118164"
"58011","39982","31951","2667","156560","Complete","2021-09-25 06:14:28","2021-09-23 12:32:00","2021-09-26 10:53:00",NULL,"31.989999771118164"
"59536","41021","32764","7149","160699","Complete","2022-07-21 02:48:45","2022-07-20 15:28:00","2022-07-25 05:29:00",NULL,"31.989999771118164"
"60705","41807","33417","18392","163890","Complete","2021-09-09 12:53:40","2021-09-10 21:41:00","2021-09-11 05:51:00",NULL,"31.989999771118164"
"60998","42007","33574","13879","164667","Complete","2022-03-29 10:49:13","2022-03-29 05:23:00","2022-04-01 04:33:00",NULL,"31.989999771118164"
"61973","42679","34122","3770","167297","Complete","2019-09-28 07:15:38","2019-09-25 22:04:00","2019-09-28 12:26:00",NULL,"31.989999771118164"
"62944","43336","34652","4673","169943","Complete","2020-06-03 05:44:13","2020-06-05 00:07:00","2020-06-09 19:56:00",NULL,"31.989999771118164"
"67762","46631","37304","22558","182963","Complete","2021-02-25 05:44:02","2021-02-27 10:25:00","2021-03-01 10:24:00",NULL,"31.989999771118164"
"70784","48743","38996","13725","191097","Complete","2021-04-08 09:30:50","2021-04-07 20:51:00","2021-04-08 01:48:00",NULL,"31.989999771118164"
"71204","49026","39234","6105","192242","Complete","2021-10-03 06:08:02","2021-10-01 18:46:00","2021-10-03 23:29:00",NULL,"31.989999771118164"
"72336","49817","39874","988","195287","Complete","2021-06-26 11:33:35","2021-06-27 23:22:00","2021-06-28 18:44:00",NULL,"31.989999771118164"
"72965","50264","40237","17014","197015","Complete","2020-05-26 03:29:35","2020-05-27 16:45:00","2020-05-28 12:39:00",NULL,"31.989999771118164"
"72995","50286","40253","17052","197101","Complete","2022-08-04 07:39:00","2022-08-04 11:40:00","2022-08-08 06:33:00",NULL,"31.989999771118164"
"74025","50996","40805","17439","199876","Complete","2021-05-25 15:54:14","2021-05-25 07:18:00","2021-05-25 10:31:00",NULL,"31.989999771118164"
"75641","52127","41738","1780","204225","Complete","2022-02-26 07:27:23","2022-02-25 21:35:00","2022-03-02 15:10:00",NULL,"31.989999771118164"
"77135","53183","42551","27476","208261","Complete","2022-01-15 13:36:54","2022-01-15 18:35:00","2022-01-17 00:14:00",NULL,"31.989999771118164"
"77923","53729","42985","20819","210369","Complete","2022-05-02 05:39:22","2022-05-02 01:14:00","2022-05-04 01:45:00",NULL,"31.989999771118164"
"79207","54607","43687","20833","213863","Complete","2022-08-05 02:15:15","2022-08-06 21:52:00","2022-08-11 12:18:00",NULL,"31.989999771118164"
"79818","55046","44022","28819","215538","Complete","2020-05-14 04:52:57","2020-05-15 09:49:00","2020-05-17 17:45:00",NULL,"31.989999771118164"
"81611","56301","44996","18097","220400","Complete","2022-06-16 04:10:17","2022-06-18 00:36:00","2022-06-22 14:09:00",NULL,"31.989999771118164"
"83020","57320","45821","20875","224210","Complete","2021-07-09 07:33:40","2021-07-10 18:53:00","2021-07-12 21:26:00",NULL,"31.989999771118164"
"84654","58480","46779","340","228644","Complete","2022-04-28 15:16:35","2022-04-30 14:02:00","2022-05-01 12:45:00",NULL,"31.989999771118164"
"88324","61035","48865","5257","238604","Complete","2022-07-01 02:10:29","2022-07-01 22:27:00","2022-07-03 16:52:00",NULL,"31.989999771118164"
"88501","61165","48984","353","239090","Complete","2020-07-09 13:25:15","2020-07-11 12:59:00","2020-07-11 18:24:00",NULL,"31.989999771118164"
"89173","61637","49346","22142","240898","Complete","2022-05-07 00:31:23","2022-05-07 20:37:00","2022-05-08 03:45:00",NULL,"31.989999771118164"
"89717","62018","49645","25918","242365","Complete","2022-08-25 04:54:51","2022-08-24 11:25:00","2022-08-27 19:35:00",NULL,"31.989999771118164"
"89848","62105","49715","20819","242713","Complete","2021-11-03 00:54:37","2021-11-02 17:13:00","2021-11-04 03:58:00",NULL,"31.989999771118164"
"90624","62631","50139","6087","244833","Complete","2021-02-05 23:59:21","2021-02-04 23:45:00","2021-02-08 01:15:00",NULL,"31.989999771118164"
"90981","62873","50339","6105","245764","Complete","2020-07-17 10:56:52","2020-07-20 03:31:00","2020-07-20 04:52:00",NULL,"31.989999771118164"
"94074","64997","52007","25889","254098","Complete","2022-02-20 05:05:39","2022-02-18 09:29:00","2022-02-20 19:59:00",NULL,"31.989999771118164"
"95184","65783","52630","12396","257112","Complete","2021-04-23 08:59:25","2021-04-24 01:17:00","2021-04-26 10:57:00",NULL,"31.989999771118164"
"96252","66517","53183","25156","259997","Complete","2022-07-12 11:02:38","2022-07-12 03:02:00","2022-07-13 19:23:00",NULL,"31.989999771118164"
"24870","17132","13683","7932","67216","Shipped","2020-01-26 05:21:47","2020-01-27 03:44:00",NULL,NULL,"10.109999656677246"
"39131","26945","21517","24638","105652","Shipped","2022-02-25 12:11:17","2022-02-27 12:57:00",NULL,NULL,"10.109999656677246"
"55002","37922","30289","15892","148415","Shipped","2021-08-02 01:36:37","2021-08-02 20:08:00",NULL,NULL,"10.109999656677246"
"56881","39202","31337","6097","153522","Shipped","2022-08-19 07:43:06","2022-08-19 20:12:00",NULL,NULL,"10.109999656677246"
"80178","55300","44223","7932","216490","Shipped","2020-08-16 21:45:49","2020-08-18 20:16:00",NULL,NULL,"10.109999656677246"
"81881","56490","45152","24638","221118","Shipped","2022-07-18 01:14:09","2022-07-18 10:43:00",NULL,NULL,"10.109999656677246"
"85269","58922","47107","2731","230331","Shipped","2020-02-26 12:49:54","2020-02-28 16:22:00",NULL,NULL,"10.109999656677246"
"85654","59193","47331","24638","231373","Shipped","2022-07-31 02:41:54","2022-07-31 01:42:00",NULL,NULL,"10.109999656677246"
"110109","76059","60824","7932","297405","Shipped","2021-04-25 11:15:44","2021-04-23 17:05:00",NULL,NULL,"10.109999656677246"
"136463","94176","75491","7932","368482","Shipped","2021-11-08 16:23:33","2021-11-07 21:21:00",NULL,NULL,"10.109999656677246"
"55211","38055","30403","15892","148958","Complete","2021-07-22 11:56:01","2021-07-23 04:14:00","2021-07-26 04:46:00",NULL,"10.109999656677246"
"67898","46724","37383","6097","183323","Complete","2022-09-01 13:21:58","2022-08-30 10:45:00","2022-09-04 01:02:00",NULL,"10.109999656677246"
"70728","48705","38961","4146","190944","Complete","2021-07-02 10:49:46","2021-07-05 03:40:00","2021-07-06 20:55:00",NULL,"10.109999656677246"
"119379","82407","65974","7932","322314","Complete","2022-04-20 17:07:30","2022-04-23 05:16:00","2022-04-23 17:42:00",NULL,"10.109999656677246"
"121533","83870","67144","15892","328145","Complete","2022-06-22 11:03:58","2022-06-20 02:27:00","2022-06-23 04:41:00",NULL,"10.109999656677246"
"136029","93873","75235","24638","367333","Complete","2022-07-13 17:00:20","2022-07-15 05:36:00","2022-07-18 01:22:00",NULL,"10.109999656677246"
"136689","94325","75598","18378","369101","Complete","2021-05-23 05:10:27","2021-05-26 02:03:00","2021-05-30 15:13:00",NULL,"10.109999656677246"
"176749","121892","97748","4146","477371","Complete","2020-05-22 07:56:15","2020-05-23 18:42:00","2020-05-28 01:15:00",NULL,"10.109999656677246"
"6828","4656","3779","2731","18489","Returned","2021-11-16 10:27:10","2021-11-18 15:47:00","2021-11-23 00:43:00","2021-11-24 12:07:00","10.109999656677246"
"37286","25675","20516","15892","100685","Returned","2022-02-07 01:04:19","2022-02-07 22:51:00","2022-02-11 02:03:00","2022-02-13 01:22:00","10.109999656677246"
"98925","68350","54646","24638","267226","Returned","2022-03-29 05:03:47","2022-04-01 00:59:00","2022-04-01 18:16:00","2022-04-04 06:01:00","10.109999656677246"
"174198","120143","96342","24638","470410","Returned","2022-08-11 08:00:54","2022-08-07 17:40:00","2022-08-12 05:09:00","2022-08-15 04:22:00","10.109999656677246"
"97111","67105","53618","7932","262314","Cancelled","2022-08-23 11:11:08",NULL,NULL,NULL,"10.109999656677246"
"158373","109241","87612","6097","427593","Cancelled","2021-10-22 11:28:57",NULL,NULL,NULL,"10.109999656677246"
"7982","5475","4431","18378","21651","Processing","2020-11-14 14:15:17",NULL,NULL,NULL,"10.109999656677246"
"23423","16119","12882","2731","63313","Processing","2022-07-06 11:18:57",NULL,NULL,NULL,"10.109999656677246"
"24575","16908","13507","2731","66412","Processing","2021-03-23 10:16:21",NULL,NULL,NULL,"10.109999656677246"
"53534","36889","29474","2731","144458","Processing","2022-02-11 10:09:42",NULL,NULL,NULL,"10.109999656677246"
"62916","43315","34634","24638","169863","Processing","2020-04-16 06:28:24",NULL,NULL,NULL,"10.109999656677246"
"76201","52515","42024","7932","205774","Processing","2021-04-02 14:35:59",NULL,NULL,NULL,"10.109999656677246"
"85029","58756","46974","6097","229669","Processing","2022-02-06 12:54:43",NULL,NULL,NULL,"10.109999656677246"
"85285","58937","47119","24638","230374","Processing","2022-08-06 22:59:51",NULL,NULL,NULL,"10.109999656677246"
"91544","63254","50647","2731","247274","Processing","2020-11-22 13:02:21",NULL,NULL,NULL,"10.109999656677246"
"103361","71424","57095","24638","279195","Processing","2021-06-18 05:57:20",NULL,NULL,NULL,"10.109999656677246"
"112784","77904","62314","15892","304626","Processing","2022-08-12 08:00:29",NULL,NULL,NULL,"10.109999656677246"
"130704","90162","72206","6097","352911","Processing","2022-08-15 14:56:06",NULL,NULL,NULL,"10.109999656677246"
"151420","104474","83826","15892","408944","Processing","2020-12-25 17:25:14",NULL,NULL,NULL,"10.109999656677246"
"153451","105864","84918","4146","414417","Processing","2020-04-28 03:53:45",NULL,NULL,NULL,"10.109999656677246"
"155988","107607","86320","2731","421164","Processing","2021-09-03 14:18:21",NULL,NULL,NULL,"10.109999656677246"
"166551","114858","92080","7932","449826","Processing","2022-05-18 05:31:08",NULL,NULL,NULL,"10.109999656677246"
"179917","124080","99517","6097","485856","Processing","2020-08-24 01:34:57",NULL,NULL,NULL,"10.109999656677246"
"45500","31329","25007","28989","122862","Shipped","2022-05-21 23:33:29","2022-05-19 12:29:00",NULL,NULL,"10.609999656677246"
"140961","97228","77974","28989","380601","Returned","2020-08-24 16:15:13","2020-08-23 10:46:00","2020-08-26 12:39:00","2020-08-26 22:02:00","10.609999656677246"
"88020","60838","48697","28989","237784","Cancelled","2022-03-19 05:19:57",NULL,NULL,NULL,"10.609999656677246"
"4175","2839","2276","28989","11317","Processing","2022-05-20 10:49:16",NULL,NULL,NULL,"10.609999656677246"
"67978","46773","37419","28989","183540","Processing","2022-02-28 04:38:46",NULL,NULL,NULL,"10.609999656677246"
"157867","108888","87332","4186","426244","Complete","2022-06-02 02:32:44","2022-06-01 01:47:00","2022-06-01 23:47:00",NULL,"12.109999656677246"
"24943","17181","13731","332","67424","Returned","2022-08-05 05:32:27","2022-08-03 01:52:00","2022-08-06 12:29:00","2022-08-06 23:32:00","12.109999656677246"
"156494","107951","86585","332","422538","Cancelled","2022-02-06 07:03:50",NULL,NULL,NULL,"12.109999656677246"
"37713","25967","20744","4186","101817","Processing","2022-03-11 07:05:43",NULL,NULL,NULL,"12.109999656677246"
"60613","41743","33375","332","163648","Processing","2022-03-25 10:03:12",NULL,NULL,NULL,"12.109999656677246"
"19889","13685","10958","8926","53830","Shipped","2021-10-09 01:31:53","2021-10-07 22:24:00",NULL,NULL,"12.609999656677246"
"26085","17969","14355","15516","70500","Shipped","2022-05-06 13:44:13","2022-05-07 16:26:00",NULL,NULL,"12.609999656677246"
"26241","18073","14437","8926","70917","Shipped","2020-03-22 03:47:23","2020-03-24 01:49:00",NULL,NULL,"12.609999656677246"
"66457","45724","36558","15516","179452","Shipped","2019-03-14 12:29:47","2019-03-11 18:19:00",NULL,NULL,"12.609999656677246"
"73718","50769","40621","8926","199040","Shipped","2021-08-16 06:45:26","2021-08-17 04:32:00",NULL,NULL,"12.609999656677246"
"74550","51377","41103","3461","201282","Shipped","2022-08-05 07:31:35","2022-08-08 09:00:00",NULL,NULL,"12.609999656677246"
"146380","101000","81034","8926","395270","Shipped","2021-10-12 12:07:16","2021-10-14 02:28:00",NULL,NULL,"12.609999656677246"
"151489","104516","83860","15516","409135","Shipped","2021-04-03 06:19:51","2021-04-05 10:11:00",NULL,NULL,"12.609999656677246"
"173067","119356","95673","8926","467447","Shipped","2022-01-14 23:32:42","2022-01-15 16:38:00",NULL,NULL,"12.609999656677246"
"51348","35392","28268","15516","138590","Complete","2022-07-11 12:39:59","2022-07-13 11:26:00","2022-07-15 19:12:00",NULL,"12.609999656677246"
"62908","43310","34630","8926","169842","Complete","2022-03-06 10:51:12","2022-03-05 02:10:00","2022-03-05 05:35:00",NULL,"12.609999656677246"
"69565","47905","38302","8926","187777","Complete","2022-06-02 02:42:20","2022-06-03 21:59:00","2022-06-08 01:49:00",NULL,"12.609999656677246"
"112035","77386","61916","8926","302594","Complete","2021-06-19 01:11:40","2021-06-21 08:00:00","2021-06-23 23:13:00",NULL,"12.609999656677246"
"142241","98121","78677","8926","384063","Complete","2022-06-20 10:17:35","2022-06-19 09:13:00","2022-06-24 04:10:00",NULL,"12.609999656677246"
"167110","115245","92373","3461","451327","Complete","2022-05-13 07:56:07","2022-05-15 14:30:00","2022-05-19 06:12:00",NULL,"12.609999656677246"
"174154","120113","96321","8926","470285","Complete","2021-06-04 22:47:15","2021-06-07 03:04:00","2021-06-10 00:08:00",NULL,"12.609999656677246"
"66362","45664","36502","15516","179193","Returned","2021-05-17 15:32:02","2021-05-19 06:32:00","2021-05-19 09:44:00","2021-05-20 10:59:00","12.609999656677246"
"46297","31866","25427","3461","125009","Cancelled","2021-11-11 11:45:35",NULL,NULL,NULL,"12.609999656677246"
"141350","97496","78192","3461","381668","Cancelled","2022-07-27 02:30:11",NULL,NULL,NULL,"12.609999656677246"
"112307","77572","62052","15516","303342","Processing","2021-12-25 05:19:56",NULL,NULL,NULL,"12.609999656677246"
"126326","87139","69732","15516","341078","Processing","2020-12-11 15:03:18",NULL,NULL,NULL,"12.609999656677246"
"131516","90715","72679","8926","355092","Processing","2021-07-08 07:32:35",NULL,NULL,NULL,"12.609999656677246"
"177227","122218","97998","8926","478652","Processing","2022-07-11 14:01:31",NULL,NULL,NULL,"12.609999656677246"
"144926","99998","80190","24560","391311","Shipped","2021-03-22 20:52:04","2021-03-25 07:21:00",NULL,NULL,"13.109999656677246"
"4219","2871","2303","24560","11442","Complete","2019-10-28 04:37:26","2019-10-30 21:17:00","2019-11-01 01:36:00",NULL,"13.109999656677246"
"47480","32708","26111","2342","128158","Complete","2022-06-18 05:41:07","2022-06-17 08:28:00","2022-06-17 15:21:00",NULL,"13.109999656677246"
"96462","66663","53293","24560","260563","Cancelled","2021-08-15 13:55:16",NULL,NULL,NULL,"13.109999656677246"
"18399","12652","10148","2342","49821","Processing","2022-01-21 21:39:40",NULL,NULL,NULL,"13.109999656677246"
"140999","97257","78000","24560","380694","Processing","2021-02-02 07:07:21",NULL,NULL,NULL,"13.109999656677246"
"34814","23959","19129","10993","94053","Shipped","2022-04-22 21:01:13","2022-04-25 23:59:00",NULL,NULL,"13.609999656677246"
"77563","53478","42790","21752","209380","Processing","2022-02-02 08:07:47",NULL,NULL,NULL,"13.609999656677246"
"81835","56460","45126","10993","220994","Processing","2022-06-29 10:06:12",NULL,NULL,NULL,"13.609999656677246"
"55092","37983","30345","10748","148651","Shipped","2021-05-27 11:39:53","2021-05-24 06:20:00",NULL,NULL,"14.609999656677246"
"42133","28988","23118","10748","113744","Complete","2020-11-04 01:49:30","2020-11-05 15:55:00","2020-11-09 16:24:00",NULL,"14.609999656677246"
"85849","59326","47460","10713","231891","Complete","2022-09-03 05:56:27.972337","2022-09-04 03:49:56.972337","2022-09-04 07:34:56.972337",NULL,"14.609999656677246"
"46158","31774","25356","10713","124632","Returned","2021-11-14 03:56:02","2021-11-14 11:48:00","2021-11-15 18:27:00","2021-11-16 15:44:00","14.609999656677246"
"127785","88126","70575","10748","345009","Returned","2021-12-12 07:32:28","2021-12-14 02:41:00","2021-12-16 20:41:00","2021-12-18 16:32:00","14.609999656677246"
"148684","102596","82303","10713","401500","Returned","2022-04-12 21:14:12","2022-04-12 23:39:00","2022-04-16 06:18:00","2022-04-17 16:21:00","14.609999656677246"
"45524","31343","25019","10713","122925","Cancelled","2021-06-18 01:43:46",NULL,NULL,NULL,"14.609999656677246"
"174075","120061","96280","10748","470074","Cancelled","2020-10-14 07:42:20",NULL,NULL,NULL,"14.609999656677246"
"9090","6231","5042","10748","24639","Processing","2019-12-10 11:59:25",NULL,NULL,NULL,"14.609999656677246"
"11823","8143","6594","10748","32032","Processing","2022-07-01 00:50:36",NULL,NULL,NULL,"14.609999656677246"
"21417","14733","11773","10713","57894","Processing","2022-05-31 03:43:17",NULL,NULL,NULL,"14.609999656677246"
"97679","67510","53953","10748","263868","Processing","2022-05-15 09:00:25",NULL,NULL,NULL,"14.609999656677246"
"37420","25759","20576","22252","101053","Shipped","2022-03-18 06:39:14","2022-03-18 03:51:00",NULL,NULL,"16.219999313354492"
"52155","35944","28709","22252","140758","Shipped","2020-11-25 11:03:01","2020-11-27 01:00:00",NULL,NULL,"16.219999313354492"
"55867","38507","30769","22252","150765","Shipped","2022-02-15 21:52:05","2022-02-13 04:37:00",NULL,NULL,"16.219999313354492"
"143460","98993","79375","22055","387332","Shipped","2022-04-16 00:16:14","2022-04-14 06:45:00",NULL,NULL,"16.219999313354492"
"146370","100992","81029","7053","395247","Shipped","2022-05-06 00:59:08","2022-05-07 00:17:00",NULL,NULL,"16.219999313354492"
"167711","115652","92697","22055","452908","Shipped","2020-11-18 15:28:54","2020-11-16 16:39:00",NULL,NULL,"16.219999313354492"
"170209","117362","94115","22252","459656","Shipped","2022-08-26 06:14:48","2022-08-27 00:49:00",NULL,NULL,"16.219999313354492"
"172277","118787","95233","7053","465294","Shipped","2021-12-28 18:10:03","2021-12-28 14:28:00",NULL,NULL,"16.219999313354492"
"27254","18770","15006","23417","73682","Complete","2021-08-02 06:20:55","2021-08-04 22:25:00","2021-08-06 19:05:00",NULL,"16.219999313354492"
"31603","21745","17397","22252","85422","Complete","2022-05-28 17:48:55","2022-05-30 11:58:00","2022-06-01 20:03:00",NULL,"16.219999313354492"
"67282","46297","37020","22252","181685","Complete","2022-08-04 12:39:52","2022-08-03 23:42:00","2022-08-08 17:06:00",NULL,"16.219999313354492"
"80553","55558","44412","7053","217535","Complete","2022-04-03 08:15:39","2022-04-04 07:13:00","2022-04-04 19:32:00",NULL,"16.219999313354492"
"100267","69299","55410","22055","270794","Complete","2022-06-13 05:09:48","2022-06-15 09:02:00","2022-06-19 06:25:00",NULL,"16.219999313354492"
"151584","104577","83904","23417","409389","Complete","2020-08-25 09:01:27","2020-08-27 11:45:00","2020-08-27 17:53:00",NULL,"16.219999313354492"
"13839","9539","7688","7053","37506","Returned","2022-05-28 02:59:18","2022-05-28 06:35:00","2022-05-31 12:59:00","2022-05-31 14:41:00","16.219999313354492"
"163338","112663","90336","22055","441043","Cancelled","2020-05-08 12:14:10",NULL,NULL,NULL,"16.219999313354492"
"166568","114868","92087","22055","449869","Cancelled","2021-11-23 03:38:59",NULL,NULL,NULL,"16.219999313354492"
"380","267","232","23417","1006","Processing","2021-03-18 11:48:59",NULL,NULL,NULL,"16.219999313354492"
"34355","23647","18863","22252","92811","Processing","2021-01-31 04:38:28",NULL,NULL,NULL,"16.219999313354492"
"54793","37776","30176","22055","147867","Processing","2022-03-08 21:59:59",NULL,NULL,NULL,"16.219999313354492"
"101545","70167","56100","22055","274258","Processing","2022-01-07 14:07:43",NULL,NULL,NULL,"16.219999313354492"
"126431","87213","69798","7053","341363","Processing","2020-04-23 06:28:03",NULL,NULL,NULL,"16.219999313354492"
"147846","102022","81825","22252","399200","Processing","2021-09-01 08:42:27",NULL,NULL,NULL,"16.219999313354492"
"160208","110522","88632","22252","432569","Processing","2020-08-04 04:19:01",NULL,NULL,NULL,"16.219999313354492"
"28276","19489","15590","16413","76439","Shipped","2020-08-10 13:16:16","2020-08-08 08:34:00",NULL,NULL,"32.439998626708984"
"121991","84157","67367","16413","329372","Shipped","2022-07-25 04:03:59","2022-07-26 19:50:00",NULL,NULL,"32.439998626708984"
"125576","86629","69312","16413","339033","Shipped","2021-06-22 06:04:31","2021-06-21 22:44:00",NULL,NULL,"32.439998626708984"
"147331","101652","81529","16413","397805","Shipped","2022-09-01 10:21:22","2022-09-03 05:59:00",NULL,NULL,"32.439998626708984"
"96797","66881","53454","16413","261454","Complete","2020-10-25 02:37:09","2020-10-24 19:56:00","2020-10-28 22:44:00",NULL,"32.439998626708984"
"176519","121737","97635","16413","476743","Complete","2022-07-13 23:22:32","2022-07-14 02:56:00","2022-07-18 03:08:00",NULL,"32.439998626708984"
"45093","31051","24789","16413","121784","Returned","2020-05-19 09:19:26","2020-05-20 01:27:00","2020-05-23 10:37:00","2020-05-25 14:49:00","32.439998626708984"
"36124","24875","19886","16413","97554","Cancelled","2022-07-10 15:40:40",NULL,NULL,NULL,"32.439998626708984"
"90631","62635","50143","16413","244849","Processing","2022-06-15 07:05:48",NULL,NULL,NULL,"32.439998626708984"
"155998","107616","86328","26878","421193","Shipped","2022-08-26 07:06:03","2022-08-26 01:22:00",NULL,NULL,"64.87999725341797"
"169920","117178","93955","26878","458856","Complete","2021-05-20 21:22:21","2021-05-21 10:37:00","2021-05-22 18:50:00",NULL,"64.87999725341797"
"140478","96902","77708","26878","379322","Cancelled","2021-05-11 23:53:08",NULL,NULL,NULL,"64.87999725341797"
"511","365","317","26831","1350","Shipped","2021-01-31 06:43:29","2021-02-01 11:59:00",NULL,NULL,"68.87999725341797"
"20643","14194","11368","26831","55878","Shipped","2022-08-24 03:19:23","2022-08-26 06:51:00",NULL,NULL,"68.87999725341797"
"117228","80923","64793","26831","316570","Shipped","2022-06-28 08:44:30","2022-06-28 23:52:00",NULL,NULL,"68.87999725341797"
"172531","118981","95385","27093","465968","Shipped","2021-01-03 14:26:28","2021-01-06 02:23:00",NULL,NULL,"68.87999725341797"
"180156","124245","99652","26831","486503","Shipped","2021-09-01 15:25:28","2021-09-03 06:01:00",NULL,NULL,"68.87999725341797"
"25857","17818","14244","26831","69871","Complete","2021-07-18 15:13:18","2021-07-15 06:36:00","2021-07-18 11:06:00",NULL,"68.87999725341797"
"89112","61592","49309","26831","240740","Complete","2022-06-30 17:43:05","2022-07-03 12:46:00","2022-07-07 11:35:00",NULL,"68.87999725341797"
"114972","79413","63526","26831","310531","Complete","2022-08-22 07:13:27","2022-08-20 15:32:00","2022-08-24 15:01:00",NULL,"68.87999725341797"
"12958","8940","7214","26831","35104","Returned","2021-04-13 10:45:42","2021-04-13 09:59:00","2021-04-16 08:18:00","2021-04-19 06:25:00","68.87999725341797"
"18019","12394","9968","27093","48820","Returned","2021-09-25 22:19:20","2021-09-28 20:48:00","2021-09-30 22:17:00","2021-10-03 01:49:00","68.87999725341797"
"35769","24617","19680","26831","96589","Returned","2021-08-20 23:03:35","2021-08-21 16:44:00","2021-08-24 01:11:00","2021-08-24 06:02:00","68.87999725341797"
"74703","51475","41187","27093","201696","Returned","2022-06-10 09:42:33","2022-06-09 13:29:00","2022-06-09 19:20:00","2022-06-11 14:54:00","68.87999725341797"
"127079","87639","70165","26831","343121","Returned","2022-03-19 15:37:48","2022-03-22 12:07:00","2022-03-23 18:50:00","2022-03-23 22:37:00","68.87999725341797"
"19255","13231","10604","27093","52101","Cancelled","2022-08-16 03:10:31",NULL,NULL,NULL,"68.87999725341797"
"168339","116092","93079","26831","454610","Cancelled","2020-11-01 00:13:16",NULL,NULL,NULL,"68.87999725341797"
"36875","25380","20294","26831","99557","Processing","2022-09-03 16:07:32",NULL,NULL,NULL,"68.87999725341797"
"44445","30594","24419","26831","120041","Processing","2022-08-10 07:34:09",NULL,NULL,NULL,"68.87999725341797"
"82210","56735","45375","26831","221991","Processing","2021-09-27 02:13:04",NULL,NULL,NULL,"68.87999725341797"
"152488","105214","84418","26831","411819","Processing","2021-07-05 04:03:57",NULL,NULL,NULL,"68.87999725341797"
"5307","3623","2961","22890","14364","Shipped","2022-06-21 12:16:44","2022-06-19 06:22:00",NULL,NULL,"170.00999450683594"
"14308","9849","7938","17711","38778","Shipped","2019-10-13 08:05:44","2019-10-11 00:50:00",NULL,NULL,"170.00999450683594"
"17500","12039","9673","17878","47412","Shipped","2021-07-03 08:49:11","2021-07-04 10:07:00",NULL,NULL,"170.00999450683594"
"56907","39222","31351","17878","153592","Shipped","2020-02-14 11:08:09","2020-02-12 02:43:00",NULL,NULL,"170.00999450683594"
"58808","40534","32371","17711","158716","Shipped","2022-08-30 09:02:47","2022-08-30 14:26:00",NULL,NULL,"170.00999450683594"
"81592","56289","44982","17711","220351","Shipped","2020-12-20 14:58:56","2020-12-18 01:41:00",NULL,NULL,"170.00999450683594"
"96735","66842","53426","17878","261281","Shipped","2022-08-24 15:29:05","2022-08-26 12:11:00",NULL,NULL,"170.00999450683594"
"96839","66909","53476","17878","261564","Shipped","2022-07-10 20:33:18","2022-07-13 01:53:00",NULL,NULL,"170.00999450683594"
"144404","99633","79883","22890","389890","Shipped","2022-08-20 00:55:05","2022-08-17 09:38:00",NULL,NULL,"170.00999450683594"
"156927","108242","86809","17711","423708","Shipped","2020-08-26 02:29:11","2020-08-25 02:34:00",NULL,NULL,"170.00999450683594"
"167077","115223","92353","17711","451233","Shipped","2020-07-24 13:53:07","2020-07-27 10:23:00",NULL,NULL,"170.00999450683594"
"11213","7707","6259","17711","30383","Complete","2022-01-19 05:33:10","2022-01-20 08:06:00","2022-01-24 08:38:00",NULL,"170.00999450683594"
"14597","10047","8080","17711","39546","Complete","2021-08-17 22:08:42","2021-08-20 18:02:00","2021-08-23 02:29:00",NULL,"170.00999450683594"
"33527","23074","18419","17711","90578","Complete","2021-07-27 15:05:15","2021-07-28 10:18:00","2021-08-02 07:05:00",NULL,"170.00999450683594"
"38911","26797","21407","17878","105044","Complete","2021-11-02 12:10:32","2021-11-04 13:48:00","2021-11-07 02:19:00",NULL,"170.00999450683594"
"59134","40757","32550","22890","159583","Complete","2020-01-15 15:56:08","2020-01-15 23:46:00","2020-01-19 23:58:00",NULL,"170.00999450683594"
"88165","60933","48780","22890","238178","Complete","2020-02-03 05:46:52","2020-02-04 06:45:00","2020-02-07 18:08:00",NULL,"170.00999450683594"
"126524","87277","69852","22890","341617","Complete","2022-08-28 06:40:08","2022-08-29 19:45:00","2022-09-02 13:14:00",NULL,"170.00999450683594"
"166931","115124","92273","17711","450848","Complete","2022-03-23 09:41:29","2022-03-23 02:54:00","2022-03-24 08:46:00",NULL,"170.00999450683594"
"4606","3157","2564","17711","12484","Returned","2020-04-29 03:00:16","2020-04-29 15:23:00","2020-04-29 22:37:00","2020-04-30 00:32:00","170.00999450683594"
"13593","9361","7544","17878","36840","Returned","2021-06-21 10:02:07","2021-06-19 18:29:00","2021-06-22 02:57:00","2021-06-23 01:13:00","170.00999450683594"
"176055","121413","97375","17878","475471","Returned","2021-09-29 23:38:42","2021-09-26 14:29:00","2021-09-28 07:57:00","2021-09-30 16:30:00","170.00999450683594"
"39193","26983","21550","22890","105821","Cancelled","2022-05-10 22:08:25",NULL,NULL,NULL,"170.00999450683594"
"157394","108557","87057","17878","424978","Cancelled","2021-11-04 11:33:30",NULL,NULL,NULL,"170.00999450683594"
"157951","108952","87382","22890","426462","Cancelled","2020-09-24 00:15:58",NULL,NULL,NULL,"170.00999450683594"
"71086","48940","39153","17711","191911","Processing","2021-01-17 02:02:47",NULL,NULL,NULL,"170.00999450683594"
"112607","77778","62213","17878","304144","Processing","2022-01-04 05:56:20",NULL,NULL,NULL,"170.00999450683594"
"125956","86874","69523","17878","340065","Processing","2022-09-03 00:12:42.472218",NULL,NULL,NULL,"170.00999450683594"
"171209","118032","94650","17878","462391","Processing","2021-05-04 16:05:29",NULL,NULL,NULL,"170.00999450683594"
"110134","76076","60833","7791","297474","Shipped","2022-07-05 14:34:24","2022-07-02 22:14:00",NULL,NULL,"65.12999725341797"
"103768","71713","57342","7791","280312","Complete","2022-08-18 10:26:25","2022-08-19 10:45:00","2022-08-23 02:31:00",NULL,"65.12999725341797"
"146968","101397","81338","7791","396853","Complete","2019-08-13 00:24:10","2019-08-15 18:02:00","2019-08-18 07:47:00",NULL,"65.12999725341797"
"58405","40266","32162","7791","157626","Returned","2022-06-08 08:22:15","2022-06-09 20:22:00","2022-06-14 00:44:00","2022-06-14 01:05:00","65.12999725341797"
"25116","17307","13825","7791","67885","Cancelled","2022-03-23 07:52:55",NULL,NULL,NULL,"65.12999725341797"
"43281","29769","23738","7791","116872","Cancelled","2021-10-11 13:12:14",NULL,NULL,NULL,"65.12999725341797"
"95181","65782","52630","7791","257102","Cancelled","2020-04-20 12:14:18",NULL,NULL,NULL,"65.12999725341797"
"65819","45311","36218","7791","177728","Processing","2019-09-28 16:59:45",NULL,NULL,NULL,"65.12999725341797"
"81776","56422","45105","7791","220845","Processing","2022-06-01 23:51:01",NULL,NULL,NULL,"65.12999725341797"
"15201","10444","8415","624","41173","Shipped","2021-06-12 14:58:45","2021-06-13 13:39:00",NULL,NULL,"77.37999725341797"
"53806","37079","29617","624","145221","Shipped","2022-06-12 03:06:02","2022-06-14 11:12:00",NULL,NULL,"77.37999725341797"
"105492","72888","58302","624","284936","Shipped","2020-06-18 22:44:36","2020-06-19 00:34:00",NULL,NULL,"77.37999725341797"
"118068","81497","65262","624","318808","Shipped","2022-08-23 07:48:51","2022-08-24 01:14:00",NULL,NULL,"77.37999725341797"
"133462","92082","73755","624","360383","Shipped","2021-11-04 06:17:36","2021-11-02 17:52:00",NULL,NULL,"77.37999725341797"
"145981","100731","80821","624","394182","Complete","2022-04-30 11:25:55","2022-05-02 17:16:00","2022-05-04 00:17:00",NULL,"77.37999725341797"
"12233","8436","6814","624","33156","Returned","2021-08-29 09:42:18","2021-08-31 17:22:00","2021-09-03 21:10:00","2021-09-04 04:07:00","77.37999725341797"
"92684","64041","51261","624","250338","Returned","2020-09-08 01:56:34","2020-09-08 18:53:00","2020-09-11 20:41:00","2020-09-13 12:54:00","77.37999725341797"
"149895","103447","82978","624","404792","Returned","2022-02-14 00:20:37","2022-02-12 20:17:00","2022-02-15 07:24:00","2022-02-17 08:17:00","77.37999725341797"
"176358","121624","97543","624","476295","Returned","2022-06-24 18:40:33","2022-06-26 21:05:00","2022-06-29 20:57:00","2022-07-01 10:06:00","77.37999725341797"
"41184","28324","22596","624","111190","Processing","2020-09-25 15:45:32",NULL,NULL,NULL,"77.37999725341797"
"2076","1433","1155","13962","5621","Shipped","2022-03-25 14:17:03","2022-03-24 06:38:00",NULL,NULL,"81.37999725341797"
"59156","40771","32561","13962","159649","Shipped","2021-07-04 02:56:47","2021-07-05 05:08:00",NULL,NULL,"81.37999725341797"
"60657","41776","33394","28857","163764","Shipped","2022-05-22 21:24:09","2022-05-25 06:11:00",NULL,NULL,"81.37999725341797"
"72514","49945","39974","13962","195806","Shipped","2020-10-15 12:11:40","2020-10-13 06:36:00",NULL,NULL,"81.37999725341797"
"75743","52194","41796","13962","204502","Shipped","2020-08-13 07:03:40","2020-08-13 09:29:00",NULL,NULL,"81.37999725341797"
"97460","67358","53820","28857","263259","Shipped","2022-07-24 02:22:55","2022-07-26 11:27:00",NULL,NULL,"81.37999725341797"
"127603","87992","70462","15869","344508","Shipped","2022-08-21 02:31:36","2022-08-21 00:21:00",NULL,NULL,"81.37999725341797"
"171411","118178","94777","13962","462936","Shipped","2020-06-13 16:02:40","2020-06-15 22:17:00",NULL,NULL,"81.37999725341797"
"42657","29354","23399","15869","115183","Complete","2022-09-03 00:18:57","2022-09-05 14:08:00","2022-09-07 13:50:00",NULL,"81.37999725341797"
"51527","35518","28376","15869","139080","Complete","2022-08-14 22:05:44","2022-08-16 02:01:00","2022-08-17 06:08:00",NULL,"81.37999725341797"
"133227","91929","73633","13962","359745","Complete","2021-06-20 20:28:56","2021-06-23 14:34:00","2021-06-25 03:17:00",NULL,"81.37999725341797"
"140456","96887","77690","15869","379258","Complete","2022-09-01 23:19:24","2022-08-30 17:13:00","2022-08-30 20:32:00",NULL,"81.37999725341797"
"27417","18888","15110","28857","74120","Returned","2022-02-14 02:34:22","2022-02-11 13:14:00","2022-02-15 09:07:00","2022-02-17 14:03:00","81.37999725341797"
"75373","51939","41562","28857","203496","Returned","2022-02-21 03:27:50","2022-02-22 01:44:00","2022-02-24 04:45:00","2022-02-25 18:21:00","81.37999725341797"
"127005","87593","70134","13962","342924","Returned","2021-04-22 04:57:11","2021-04-25 02:41:00","2021-04-26 17:34:00","2021-04-27 01:27:00","81.37999725341797"
"81809","56447","45117","28857","220928","Cancelled","2021-03-14 14:13:47",NULL,NULL,NULL,"81.37999725341797"
"169374","116810","93651","28857","457384","Cancelled","2022-03-31 15:25:58",NULL,NULL,NULL,"81.37999725341797"
"180125","124226","99637","13962","486428","Cancelled","2020-11-20 02:57:03",NULL,NULL,NULL,"81.37999725341797"
"10597","7288","5936","13962","28716","Processing","2021-12-13 12:49:57",NULL,NULL,NULL,"81.37999725341797"
"36553","25156","20109","13962","98688","Processing","2022-06-25 02:59:57",NULL,NULL,NULL,"81.37999725341797"
"52251","36006","28759","13962","141007","Processing","2020-07-13 22:08:51",NULL,NULL,NULL,"81.37999725341797"
"65132","44839","35854","15869","175875","Processing","2020-03-22 06:40:40",NULL,NULL,NULL,"81.37999725341797"
"90347","62449","49994","28857","244068","Processing","2022-08-31 00:34:58",NULL,NULL,NULL,"81.37999725341797"
"108507","74962","59942","28857","293106","Processing","2021-05-15 14:00:20",NULL,NULL,NULL,"81.37999725341797"
"154933","106898","85768","28857","418360","Processing","2021-06-09 14:57:42",NULL,NULL,NULL,"81.37999725341797"
"168726","116361","93289","15869","455640","Processing","2021-06-20 14:55:03",NULL,NULL,NULL,"81.37999725341797"
"55508","38263","30579","7564","149777","Shipped","2020-03-23 01:40:55","2020-03-23 22:03:00",NULL,NULL,"178.75999450683594"
"64213","44195","35347","7564","173352","Shipped","2022-09-03 02:08:07","2022-09-05 08:20:00",NULL,NULL,"178.75999450683594"
"33535","23082","18425","7564","90601","Complete","2019-10-18 12:16:44","2019-10-20 07:01:00","2019-10-23 17:59:00",NULL,"178.75999450683594"
"24603","16931","13521","7564","66486","Processing","2021-10-07 08:06:23",NULL,NULL,NULL,"178.75999450683594"
"71558","49277","39440","5372","193192","Complete","2022-08-06 15:13:41","2022-08-07 06:21:00","2022-08-11 21:03:00",NULL,"73.62999725341797"
"135043","93165","74641","5372","364668","Complete","2022-07-14 08:46:34","2022-07-15 11:07:00","2022-07-17 22:48:00",NULL,"73.62999725341797"
"142153","98058","78628","5372","383820","Complete","2020-11-25 04:23:07","2020-11-24 02:22:00","2020-11-27 17:43:00",NULL,"73.62999725341797"
"57684","39756","31768","5372","155676","Processing","2022-03-01 14:02:40",NULL,NULL,NULL,"73.62999725341797"
"124079","85600","68503","5372","334973","Processing","2020-04-30 05:54:45",NULL,NULL,NULL,"73.62999725341797"
"149412","103120","82707","20765","403469","Shipped","2020-03-20 15:53:26","2020-03-17 05:05:00",NULL,NULL,"85.62999725341797"
"111597","77086","61666","20765","301396","Complete","2022-03-27 05:18:44","2022-03-27 12:03:00","2022-03-31 11:13:00",NULL,"85.62999725341797"
"115131","79513","63622","20765","310964","Returned","2021-07-21 14:29:11","2021-07-24 16:45:00","2021-07-28 04:59:00","2021-07-28 12:53:00","85.62999725341797"
"64647","44501","35607","20765","174542","Cancelled","2022-05-02 05:11:57",NULL,NULL,NULL,"85.62999725341797"
"178775","123309","98902","20765","482791","Cancelled","2021-03-25 21:20:07",NULL,NULL,NULL,"85.62999725341797"
"88361","61061","48885","20765","238706","Processing","2021-03-30 00:23:50",NULL,NULL,NULL,"85.62999725341797"
"100231","69272","55390","20765","270701","Processing","2022-09-08 04:38:31.291519",NULL,NULL,NULL,"85.62999725341797"
"104718","72359","57850","20765","282860","Processing","2022-09-03 02:58:32",NULL,NULL,NULL,"85.62999725341797"
"142287","98156","78709","20765","384180","Processing","2022-01-23 08:17:36",NULL,NULL,NULL,"85.62999725341797"
"17600","12110","9736","23030","47665","Shipped","2022-09-03 14:50:52.197705","2022-09-04 02:53:05.197705",NULL,NULL,"16.469999313354492"
"21176","14555","11630","23030","57285","Shipped","2020-09-02 10:11:58","2020-09-05 01:57:00",NULL,NULL,"16.469999313354492"
"161676","111526","89425","23030","436544","Shipped","2022-06-30 03:21:21","2022-07-02 21:16:00",NULL,NULL,"16.469999313354492"
"180060","124180","99603","20309","486253","Shipped","2021-02-06 06:13:09","2021-02-07 20:45:00",NULL,NULL,"16.469999313354492"
"79471","54805","43833","20309","214585","Complete","2021-05-25 23:30:06","2021-05-27 14:14:00","2021-05-27 21:23:00",NULL,"16.469999313354492"
"177533","122440","98209","20309","479453","Complete","2022-08-25 23:29:32","2022-08-27 04:03:00","2022-08-28 06:50:00",NULL,"16.469999313354492"
"9350","6418","5211","23030","25359","Returned","2022-04-13 02:24:13","2022-04-15 12:08:00","2022-04-19 04:55:00","2022-04-20 23:58:00","16.469999313354492"
"96066","66400","53087","23030","259499","Returned","2021-04-11 05:18:25","2021-04-08 13:00:00","2021-04-12 07:06:00","2021-04-13 03:04:00","16.469999313354492"
"96856","66922","53486","20309","261610","Returned","2022-09-03 04:30:30.102107","2022-09-04 10:50:37.102107","2022-09-05 16:01:37.102107","2022-09-05 22:35:37.102107","16.469999313354492"
"2834","1930","1561","20309","7673","Cancelled","2021-12-12 03:10:59",NULL,NULL,NULL,"16.469999313354492"
"96612","66760","53364","23030","260957","Processing","2021-07-30 05:25:44",NULL,NULL,NULL,"16.469999313354492"
"124832","86124","68916","26466","337011","Shipped","2021-01-29 11:21:47","2021-01-29 17:35:00",NULL,NULL,"17.469999313354492"
"143175","98788","79211","26466","386585","Shipped","2022-07-25 12:28:34","2022-07-25 17:50:00",NULL,NULL,"17.469999313354492"
"75213","51824","41459","26466","203065","Complete","2022-08-23 08:32:15","2022-08-25 20:31:00","2022-08-28 16:41:00",NULL,"17.469999313354492"
"110426","76277","61001","26466","298227","Complete","2020-06-02 08:00:14","2020-06-04 05:18:00","2020-06-08 06:49:00",NULL,"17.469999313354492"
"138004","95234","76344","26466","372626","Complete","2019-10-16 08:08:44","2019-10-13 23:16:00","2019-10-18 15:43:00",NULL,"17.469999313354492"
"22429","15425","12323","26466","60615","Returned","2022-01-19 22:41:42","2022-01-21 08:11:00","2022-01-24 07:56:00","2022-01-24 16:14:00","17.469999313354492"
"155447","107246","86048","26466","419739","Processing","2021-05-25 07:00:48",NULL,NULL,NULL,"17.469999313354492"
"32719","22524","17989","22088","88418","Shipped","2022-08-18 04:53:31","2022-08-18 16:11:00",NULL,NULL,"34.939998626708984"
"109950","75947","60726","16846","296978","Shipped","2022-07-19 23:08:20","2022-07-18 09:41:00",NULL,NULL,"34.939998626708984"
"147966","102107","81903","22088","399515","Shipped","2022-06-14 00:57:30","2022-06-17 02:07:00",NULL,NULL,"34.939998626708984"
"172309","118814","95248","16846","465380","Shipped","2021-01-31 08:35:52","2021-02-03 00:15:00",NULL,NULL,"34.939998626708984"
"10352","7122","5803","22088","28064","Complete","2021-12-29 16:29:03","2021-12-27 04:41:00","2021-12-30 22:31:00",NULL,"34.939998626708984"
"63558","43763","34997","22088","171589","Complete","2022-04-14 12:58:25","2022-04-13 17:47:00","2022-04-18 15:35:00",NULL,"34.939998626708984"
"81519","56241","44948","22088","220152","Complete","2022-08-21 05:36:21","2022-08-20 17:27:00","2022-08-23 03:52:00",NULL,"34.939998626708984"
"94622","65368","52294","22088","255592","Complete","2022-04-08 07:03:08","2022-04-11 08:11:00","2022-04-15 21:11:00",NULL,"34.939998626708984"
"102660","70926","56695","22088","277292","Returned","2020-03-04 08:55:45","2020-03-04 09:54:00","2020-03-04 17:21:00","2020-03-06 11:28:00","34.939998626708984"
"178089","122829","98521","22088","480951","Returned","2022-08-01 02:42:59","2022-08-02 17:34:00","2022-08-06 08:18:00","2022-08-08 05:07:00","34.939998626708984"
"93097","64330","51477","22088","251446","Processing","2022-08-09 11:51:35",NULL,NULL,NULL,"34.939998626708984"
"101063","69842","55852","16846","272944","Processing","2021-12-21 12:55:33",NULL,NULL,NULL,"34.939998626708984"
"101698","70273","56185","16846","274653","Processing","2020-01-22 17:37:23",NULL,NULL,NULL,"34.939998626708984"
"157707","108770","87230","22088","425813","Processing","2022-08-16 06:57:19",NULL,NULL,NULL,"34.939998626708984"
"102730","70974","56727","26618","277483","Shipped","2019-07-04 11:26:36","2019-07-05 16:38:00",NULL,NULL,"69.87999725341797"
"116390","80374","64340","23548","314347","Shipped","2020-07-25 09:40:36","2020-07-26 02:20:00",NULL,NULL,"69.87999725341797"
"127913","88217","70645","23548","345366","Shipped","2020-08-23 17:24:23","2020-08-21 08:49:00",NULL,NULL,"69.87999725341797"
"31107","21400","17129","26618","84093","Complete","2022-03-14 22:08:06","2022-03-16 03:27:00","2022-03-17 03:08:00",NULL,"69.87999725341797"
"117859","81355","65153","26618","318271","Complete","2022-06-15 07:22:28","2022-06-14 18:28:00","2022-06-17 20:53:00",NULL,"69.87999725341797"
"161611","111479","89384","23548","436359","Complete","2022-05-15 03:04:54","2022-05-11 08:47:00","2022-05-15 20:01:00",NULL,"69.87999725341797"
"135497","93502","74916","23548","365902","Returned","2022-01-08 04:59:17","2022-01-09 21:29:00","2022-01-13 00:59:00","2022-01-14 22:10:00","69.87999725341797"
"18866","12967","10391","23548","51052","Cancelled","2021-05-18 02:25:02",NULL,NULL,NULL,"69.87999725341797"
"70733","48708","38965","26618","190958","Cancelled","2021-12-03 07:01:49",NULL,NULL,NULL,"69.87999725341797"
"126176","87030","69655","23548","340669","Cancelled","2022-03-28 01:45:27",NULL,NULL,NULL,"69.87999725341797"
"22097","15190","12128","23548","59724","Processing","2022-09-04 00:50:45.367236",NULL,NULL,NULL,"69.87999725341797"
"72655","50042","40049","26618","196188","Processing","2022-03-13 02:26:16",NULL,NULL,NULL,"69.87999725341797"
"161940","111695","89551","26618","437271","Processing","2020-01-07 04:25:31",NULL,NULL,NULL,"69.87999725341797"
"172713","119106","95475","23548","466462","Processing","2021-12-09 06:30:11",NULL,NULL,NULL,"69.87999725341797"
"62367","42953","34338","1023","168340","Shipped","2022-07-29 13:44:47","2022-07-28 20:57:00",NULL,NULL,"97.87999725341797"
"79615","54906","43911","1023","214975","Shipped","2022-08-16 03:04:51","2022-08-18 11:12:00",NULL,NULL,"97.87999725341797"
"88462","61135","48955","1023","238986","Shipped","2022-03-26 12:39:32","2022-03-27 15:51:00",NULL,NULL,"97.87999725341797"
"111040","76715","61369","1023","299888","Shipped","2021-11-23 00:15:35","2021-11-23 14:59:00",NULL,NULL,"97.87999725341797"
"170734","117712","94408","1023","461105","Shipped","2022-05-19 05:33:36","2022-05-16 15:55:00",NULL,NULL,"97.87999725341797"
"101405","70072","56016","1023","273871","Complete","2021-09-24 13:36:48","2021-09-27 13:59:00","2021-09-28 07:37:00",NULL,"97.87999725341797"
"111847","77261","61817","1023","302074","Complete","2020-10-03 04:14:51","2020-10-01 13:33:00","2020-10-01 14:25:00",NULL,"97.87999725341797"
"12883","8892","7176","1023","34904","Returned","2020-05-10 05:58:12","2020-05-09 06:21:00","2020-05-10 21:33:00","2020-05-12 02:14:00","97.87999725341797"
"14473","9957","8023","1023","39226","Returned","2022-06-26 11:39:31","2022-06-29 09:58:00","2022-06-29 20:42:00","2022-06-30 00:52:00","97.87999725341797"
"91600","63293","50674","1023","247432","Processing","2021-09-23 01:32:41",NULL,NULL,NULL,"97.87999725341797"
"18688","12846","10310","20764","50587","Shipped","2022-04-21 09:20:19","2022-04-23 12:49:00",NULL,NULL,"66.12999725341797"
"168065","115907","92920","20764","453853","Shipped","2021-06-22 11:22:43","2021-06-22 21:55:00",NULL,NULL,"66.12999725341797"
"77920","53726","42983","20764","210362","Returned","2022-05-10 16:38:23","2022-05-11 10:26:00","2022-05-13 10:32:00","2022-05-14 13:14:00","66.12999725341797"
"165590","114206","91564","20764","447222","Cancelled","2020-12-18 09:10:17",NULL,NULL,NULL,"66.12999725341797"
"9782","6729","5451","17510","26538","Shipped","2019-07-27 13:37:08","2019-07-26 14:46:00",NULL,NULL,"78.12999725341797"
"164176","113240","90802","17510","443344","Shipped","2019-07-27 02:49:11","2019-07-27 08:31:00",NULL,NULL,"78.12999725341797"
"172670","119076","95449","17510","466348","Shipped","2020-08-05 13:26:56","2020-08-06 21:55:00",NULL,NULL,"78.12999725341797"
"13431","9259","7466","17510","36397","Complete","2022-06-25 13:35:24","2022-06-23 23:58:00","2022-06-25 00:36:00",NULL,"78.12999725341797"
"15554","10675","8582","17510","42132","Complete","2022-07-04 23:12:55","2022-07-02 02:48:00","2022-07-06 12:36:00",NULL,"78.12999725341797"
"106914","73874","59072","17510","288776","Complete","2022-09-04 07:45:23.220315","2022-09-03 22:15:07.220315","2022-09-03 22:45:07.220315",NULL,"78.12999725341797"
"134449","92766","74325","17510","363050","Complete","2021-06-30 23:45:54","2021-06-30 09:39:00","2021-07-04 08:34:00",NULL,"78.12999725341797"
"40269","27719","22139","17510","108693","Returned","2022-03-01 13:07:05","2022-03-02 06:26:00","2022-03-05 14:56:00","2022-03-08 03:20:00","78.12999725341797"
"41319","28418","22669","17510","111550","Cancelled","2019-10-06 11:47:28",NULL,NULL,NULL,"78.12999725341797"
"141156","97356","78074","17510","381127","Cancelled","2022-01-14 13:00:21",NULL,NULL,NULL,"78.12999725341797"
"161576","111454","89361","17510","436263","Cancelled","2022-05-24 10:29:20",NULL,NULL,NULL,"78.12999725341797"
"163924","113075","90678","17510","442661","Processing","2021-10-12 15:13:44",NULL,NULL,NULL,"78.12999725341797"
"3633","2462","1991","18220","9822","Shipped","2022-05-06 02:29:39","2022-05-09 00:56:00",NULL,NULL,"35.189998626708984"
"7588","5196","4217","18220","20567","Shipped","2020-09-22 12:43:42","2020-09-23 00:36:00",NULL,NULL,"35.189998626708984"
"34756","23920","19099","18220","93886","Shipped","2022-05-05 05:22:00","2022-05-06 13:31:00",NULL,NULL,"35.189998626708984"
"73284","50477","40406","24556","197878","Shipped","2021-12-18 04:00:57","2021-12-19 20:14:00",NULL,NULL,"35.189998626708984"
"81641","56321","45015","18220","220476","Shipped","2021-08-10 10:04:33","2021-08-10 13:21:00",NULL,NULL,"35.189998626708984"
"22523","15485","12370","2158","60871","Complete","2021-05-06 04:30:36","2021-05-08 20:51:00","2021-05-12 07:25:00",NULL,"35.189998626708984"
"103062","71211","56925","2158","278370","Complete","2022-06-26 09:55:11","2022-06-27 00:55:00","2022-06-30 06:40:00",NULL,"35.189998626708984"
"125061","86276","69034","24556","337650","Complete","2022-08-03 12:38:10","2022-08-06 08:16:00","2022-08-06 08:31:00",NULL,"35.189998626708984"
"167655","115616","92669","24556","452759","Complete","2019-10-24 04:38:50","2019-10-25 10:12:00","2019-10-28 02:08:00",NULL,"35.189998626708984"
"18409","12658","10156","18220","49848","Returned","2022-02-20 15:37:38","2022-02-19 16:13:00","2022-02-23 06:50:00","2022-02-26 03:31:00","35.189998626708984"
"166459","114795","92021","18220","449576","Returned","2022-07-02 07:47:18","2022-07-04 04:10:00","2022-07-06 03:05:00","2022-07-08 14:07:00","35.189998626708984"
"21606","14856","11871","18220","58413","Cancelled","2021-06-24 13:36:00",NULL,NULL,NULL,"35.189998626708984"
"98199","67854","54218","2158","265279","Cancelled","2022-02-06 00:01:30",NULL,NULL,NULL,"35.189998626708984"
"5208","3550","2905","18220","14090","Processing","2022-03-05 22:42:01",NULL,NULL,NULL,"35.189998626708984"
"15068","10359","8337","24556","40821","Processing","2020-12-09 08:21:03",NULL,NULL,NULL,"35.189998626708984"
"29718","20472","16348","18220","80340","Processing","2022-08-04 15:43:20",NULL,NULL,NULL,"35.189998626708984"
"33488","23051","18399","2158","90478","Processing","2022-03-30 02:56:46",NULL,NULL,NULL,"35.189998626708984"
"63102","43446","34738","18220","170375","Processing","2022-08-31 00:03:18",NULL,NULL,NULL,"35.189998626708984"
"158413","109266","87633","18220","427707","Processing","2022-04-26 06:38:37",NULL,NULL,NULL,"35.189998626708984"
"159548","110063","88264","12187","430775","Complete","2020-10-25 06:40:04","2020-10-25 01:25:00","2020-10-25 13:57:00",NULL,"265.5199890136719"
"75856","52279","41858","12187","204833","Cancelled","2021-04-01 06:07:15",NULL,NULL,NULL,"265.5199890136719"
"5468","3733","3046","12187","14813","Processing","2021-01-16 07:04:09",NULL,NULL,NULL,"265.5199890136719"
"172802","119175","95535","12187","466708","Processing","2021-09-05 11:32:28",NULL,NULL,NULL,"265.5199890136719"
"14124","9719","7842","4569","38276","Shipped","2022-04-07 16:52:30","2022-04-10 16:18:00",NULL,NULL,"141.00999450683594"
"135075","93190","74660","4569","364755","Shipped","2021-10-10 16:12:10","2021-10-12 10:04:00",NULL,NULL,"141.00999450683594"
"164361","113374","90907","4569","443865","Shipped","2022-06-17 00:16:53","2022-06-18 06:04:00",NULL,NULL,"141.00999450683594"
"116161","80210","64203","4569","313735","Complete","2022-05-27 15:37:28","2022-05-27 13:15:00","2022-06-01 11:57:00",NULL,"141.00999450683594"
"15576","10687","8590","28913","42188","Shipped","2021-12-23 12:49:42","2021-12-22 10:07:00",NULL,NULL,"2.5899999141693115"
"80654","55624","44462","28913","217813","Complete","2022-05-18 21:46:48","2022-05-20 18:34:00","2022-05-24 02:59:00",NULL,"2.5899999141693115"
"103941","71829","57438","28913","280780","Complete","2022-08-04 08:46:59","2022-08-05 23:37:00","2022-08-08 23:09:00",NULL,"2.5899999141693115"
"100610","69526","55609","28913","271711","Returned","2020-08-14 06:20:33","2020-08-17 08:35:00","2020-08-19 14:44:00","2020-08-20 03:29:00","2.5899999141693115"
"2274","1556","1257","28913","6156","Cancelled","2021-04-26 10:44:26",NULL,NULL,NULL,"2.5899999141693115"
"40836","28088","22408","28913","110269","Cancelled","2020-09-26 13:53:44",NULL,NULL,NULL,"2.5899999141693115"
"147971","102112","81904","28913","399531","Cancelled","2022-03-28 17:14:46",NULL,NULL,NULL,"2.5899999141693115"
"43252","29751","23729","28913","116796","Processing","2022-09-06 14:27:12",NULL,NULL,NULL,"2.5899999141693115"
"20478","14081","11281","28972","55428","Shipped","2021-08-25 05:05:23","2021-08-23 18:26:00",NULL,NULL,"3.0899999141693115"
"21558","14823","11843","28972","58279","Shipped","2020-11-20 15:39:15","2020-11-21 17:09:00",NULL,NULL,"3.0899999141693115"
"117854","81353","65153","28972","318258","Shipped","2022-08-31 09:54:51","2022-09-02 05:04:00",NULL,NULL,"3.0899999141693115"
"31433","21626","17294","28972","84964","Complete","2020-10-18 06:29:46","2020-10-18 11:26:00","2020-10-21 08:33:00",NULL,"3.0899999141693115"
"156982","108281","86842","28972","423852","Complete","2022-01-06 22:44:44","2022-01-07 19:44:00","2022-01-09 03:17:00",NULL,"3.0899999141693115"
"163748","112962","90578","28972","442157","Complete","2021-02-11 02:04:48","2021-02-09 11:45:00","2021-02-12 09:03:00",NULL,"3.0899999141693115"
"166567","114868","92087","28972","449867","Cancelled","2021-11-24 04:51:16",NULL,NULL,NULL,"3.0899999141693115"
"78455","54091","43289","14064","211793","Shipped","2021-03-03 15:16:28","2021-03-05 18:17:00",NULL,NULL,"4.679999828338623"
"128894","88896","71215","14064","348025","Shipped","2020-09-02 05:21:03","2020-08-31 09:09:00",NULL,NULL,"4.679999828338623"
"117852","81351","65151","14064","318254","Returned","2022-06-07 09:17:42","2022-06-08 13:09:00","2022-06-12 16:55:00","2022-06-14 13:02:00","4.679999828338623"
"90675","62665","50164","14064","244967","Processing","2021-07-28 03:18:56",NULL,NULL,NULL,"4.679999828338623"
"20","17","12","12565","60","Shipped","2022-04-20 08:06:52","2022-04-18 11:50:00",NULL,NULL,"5.929999828338623"
"23030","15842","12666","12565","62251","Shipped","2021-03-20 07:55:45","2021-03-22 23:57:00",NULL,NULL,"5.929999828338623"
"36715","25265","20192","12565","99116","Complete","2022-04-29 22:53:23","2022-05-02 17:49:00","2022-05-06 11:51:00",NULL,"5.929999828338623"
"64992","44736","35777","12565","175509","Complete","2022-04-20 23:14:52","2022-04-20 01:14:00","2022-04-22 17:54:00",NULL,"5.929999828338623"
"13126","9063","7310","12565","35559","Returned","2021-01-19 00:04:07","2021-01-21 16:56:00","2021-01-26 08:56:00","2021-01-29 01:23:00","5.929999828338623"
"58487","40317","32191","28670","157853","Shipped","2022-07-24 16:50:47","2022-07-23 11:16:00",NULL,NULL,"6.179999828338623"
"59505","41005","32747","28670","160615","Shipped","2022-08-02 05:59:43","2022-07-31 18:07:00",NULL,NULL,"6.179999828338623"
"101927","70439","56313","28670","275290","Shipped","2020-07-21 09:17:14","2020-07-19 12:43:00",NULL,NULL,"6.179999828338623"
"122334","84394","67558","28670","330304","Shipped","2021-08-13 03:40:55","2021-08-12 18:34:00",NULL,NULL,"6.179999828338623"
"9435","6487","5269","28670","25581","Complete","2022-05-30 23:51:59","2022-06-02 09:12:00","2022-06-07 01:42:00",NULL,"6.179999828338623"
"108016","74619","59655","28670","291789","Complete","2021-09-23 08:51:21","2021-09-25 06:01:00","2021-09-28 18:24:00",NULL,"6.179999828338623"
"119838","82729","66226","28670","323545","Complete","2022-03-23 22:26:32","2022-03-22 02:44:00","2022-03-23 22:11:00",NULL,"6.179999828338623"
"77283","53284","42633","28670","208644","Returned","2022-09-02 11:50:19","2022-09-03 06:19:00","2022-09-04 16:04:00","2022-09-05 18:16:00","6.179999828338623"
"17701","12171","9790","28670","47949","Processing","2022-07-07 12:09:13",NULL,NULL,NULL,"6.179999828338623"
"24589","16920","13514","28670","66450","Processing","2022-03-25 02:05:33",NULL,NULL,NULL,"6.179999828338623"
"134306","92668","74239","28670","362660","Processing","2021-05-26 02:19:44",NULL,NULL,NULL,"6.179999828338623"
"137338","94766","75966","28670","370835","Processing","2022-05-30 06:17:43",NULL,NULL,NULL,"6.179999828338623"
"39813","27412","21889","11569","107476","Shipped","2022-06-17 08:56:02","2022-06-20 05:13:00",NULL,NULL,"6.679999828338623"
"62542","43074","34441","11569","168836","Shipped","2022-07-23 03:56:21","2022-07-24 16:18:00",NULL,NULL,"6.679999828338623"
"85374","58995","47163","11569","230603","Shipped","2022-08-23 10:39:03","2022-08-21 17:25:00",NULL,NULL,"6.679999828338623"
"132137","91156","73003","11569","356779","Shipped","2022-04-27 10:33:02","2022-04-30 09:28:00",NULL,NULL,"6.679999828338623"
"14844","10212","8215","11569","40207","Complete","2022-03-03 03:29:12","2022-03-04 11:03:00","2022-03-07 04:05:00",NULL,"6.679999828338623"
"78524","54140","43338","11569","211986","Complete","2022-04-11 03:16:50","2022-04-08 16:51:00","2022-04-09 17:24:00",NULL,"6.679999828338623"
"90801","62749","50231","11569","245296","Complete","2021-12-01 08:34:46","2021-11-29 19:53:00","2021-12-01 06:25:00",NULL,"6.679999828338623"
"98958","68375","54665","11569","267315","Processing","2022-01-30 10:29:40",NULL,NULL,NULL,"6.679999828338623"
"100791","69655","55700","11569","272218","Processing","2021-05-03 06:56:32",NULL,NULL,NULL,"6.679999828338623"
"21767","14965","11951","12545","58834","Shipped","2022-07-08 14:26:36","2022-07-09 22:43:00",NULL,NULL,"6.929999828338623"
"81575","56277","44973","28537","220303","Shipped","2021-05-09 07:39:15","2021-05-10 22:21:00",NULL,NULL,"6.929999828338623"
"93167","64383","51512","28537","251631","Shipped","2020-11-16 08:02:58","2020-11-16 16:25:00",NULL,NULL,"6.929999828338623"
"111171","76807","61446","28537","300241","Shipped","2021-06-22 08:33:09","2021-06-23 22:14:00",NULL,NULL,"6.929999828338623"
"134769","92969","74476","28537","363931","Shipped","2020-11-09 01:38:02","2020-11-05 14:26:00",NULL,NULL,"6.929999828338623"
"144550","99732","79965","12545","390273","Shipped","2021-03-27 03:15:33","2021-03-25 20:21:00",NULL,NULL,"6.929999828338623"
"72224","49738","39806","28537","194973","Complete","2022-07-19 00:49:03","2022-07-19 15:20:00","2022-07-22 08:21:00",NULL,"6.929999828338623"
"127555","87959","70431","28537","344369","Complete","2022-04-19 21:15:41","2022-04-17 14:33:00","2022-04-20 06:43:00",NULL,"6.929999828338623"
"168028","115880","92900","12545","453748","Complete","2022-08-12 14:35:45","2022-08-11 09:28:00","2022-08-12 05:32:00",NULL,"6.929999828338623"
"170966","117873","94526","12545","461753","Cancelled","2022-04-09 09:12:59",NULL,NULL,NULL,"6.929999828338623"
"19782","13605","10899","28537","53527","Processing","2022-05-01 16:43:04",NULL,NULL,NULL,"6.929999828338623"
"73077","50343","40300","28537","197324","Processing","2022-02-22 16:38:58",NULL,NULL,NULL,"6.929999828338623"
"150978","104185","83577","28537","407759","Processing","2022-02-20 05:00:18",NULL,NULL,NULL,"6.929999828338623"
"8796","6035","4880","14336","23852","Shipped","2022-06-26 08:26:18","2022-06-25 06:56:00",NULL,NULL,"7.179999828338623"
"60189","41454","33126","14336","162501","Shipped","2020-05-18 04:38:47","2020-05-17 19:29:00",NULL,NULL,"7.179999828338623"
"161637","111495","89398","14336","436436","Shipped","2020-07-19 14:30:13","2020-07-20 22:26:00",NULL,NULL,"7.179999828338623"
"41904","28829","23004","14336","113126","Complete","2020-08-11 12:07:53","2020-08-14 10:13:00","2020-08-16 02:11:00",NULL,"7.179999828338623"
"60880","41934","33517","14336","164365","Cancelled","2022-01-29 11:45:39",NULL,NULL,NULL,"7.179999828338623"
"99484","68749","54964","14336","268720","Cancelled","2021-12-06 16:46:23",NULL,NULL,NULL,"7.179999828338623"
"32236","22179","17739","14336","87094","Processing","2021-02-15 22:47:33",NULL,NULL,NULL,"7.179999828338623"
"14886","10237","8237","10836","40313","Shipped","2022-08-29 10:45:41","2022-08-31 01:54:00",NULL,NULL,"7.679999828338623"
"69128","47593","38054","11837","186605","Complete","2021-09-21 01:16:21","2021-09-21 10:45:00","2021-09-25 17:48:00",NULL,"7.679999828338623"
"73288","50480","40409","7855","197888","Complete","2022-07-05 11:24:43","2022-07-06 20:32:00","2022-07-11 16:58:00",NULL,"7.679999828338623"
"74688","51465","41180","10836","201654","Complete","2021-05-23 01:34:44","2021-05-23 06:24:00","2021-05-25 13:56:00",NULL,"7.679999828338623"
"84038","58045","46411","11837","226979","Complete","2022-06-08 08:20:03","2022-06-10 14:08:00","2022-06-14 09:08:00",NULL,"7.679999828338623"
"101304","70007","55972","11837","273591","Complete","2022-07-06 10:12:13","2022-07-06 19:28:00","2022-07-09 20:59:00",NULL,"7.679999828338623"
"25431","17521","13997","11837","68716","Returned","2020-01-10 06:14:48","2020-01-10 16:30:00","2020-01-13 22:54:00","2020-01-14 15:52:00","7.679999828338623"
"3315","2251","1806","10836","8974","Cancelled","2022-01-15 13:19:17",NULL,NULL,NULL,"7.679999828338623"
"8303","5689","4600","10836","22510","Cancelled","2021-11-07 03:52:24",NULL,NULL,NULL,"7.679999828338623"
"55839","38487","30757","7855","150689","Cancelled","2022-07-08 03:14:57",NULL,NULL,NULL,"7.679999828338623"
"67193","46228","36967","11837","181445","Cancelled","2022-02-03 03:57:32",NULL,NULL,NULL,"7.679999828338623"
"93102","64333","51480","11837","251461","Cancelled","2022-05-28 07:24:56",NULL,NULL,NULL,"7.679999828338623"
"113047","78086","62464","11837","305342","Cancelled","2020-04-29 06:09:03",NULL,NULL,NULL,"7.679999828338623"
"28706","19763","15799","11837","77591","Processing","2020-10-21 10:22:36",NULL,NULL,NULL,"7.679999828338623"
"45900","31596","25200","7855","123927","Processing","2021-10-15 02:23:26",NULL,NULL,NULL,"7.679999828338623"
"53473","36852","29444","11837","144298","Processing","2022-08-10 05:05:54",NULL,NULL,NULL,"7.679999828338623"
"71126","48970","39178","11837","192024","Processing","2022-05-26 06:08:09",NULL,NULL,NULL,"7.679999828338623"
"105558","72935","58337","10836","285107","Processing","2021-12-15 16:25:21",NULL,NULL,NULL,"7.679999828338623"
"3636","2464","1991","25255","9829","Shipped","2022-06-25 04:29:37","2022-06-26 18:41:00",NULL,NULL,"9.359999656677246"
"162561","112120","89882","25255","438951","Shipped","2022-03-25 07:09:55","2022-03-24 15:58:00",NULL,NULL,"9.359999656677246"
"19880","13676","10952","25255","53806","Complete","2022-07-09 09:32:05","2022-07-08 07:29:00","2022-07-10 12:19:00",NULL,"9.359999656677246"
"78191","53919","43133","25255","211097","Returned","2022-09-01 12:42:46","2022-09-04 10:09:00","2022-09-07 17:14:00","2022-09-10 00:09:00","9.359999656677246"
"103868","71782","57401","25255","280583","Processing","2022-08-08 11:08:43",NULL,NULL,NULL,"9.359999656677246"
"119099","82213","65824","25255","321567","Processing","2021-10-07 22:04:56",NULL,NULL,NULL,"9.359999656677246"
"138254","95402","76486","25255","373319","Processing","2022-02-01 13:01:11",NULL,NULL,NULL,"9.359999656677246"
"160753","110895","88915","25255","434036","Processing","2020-12-02 06:48:37",NULL,NULL,NULL,"9.359999656677246"
"11653","8020","6505","3221","31576","Shipped","2021-08-26 22:32:41","2021-08-27 03:16:00",NULL,NULL,"9.859999656677246"
"40314","27747","22160","3221","108817","Shipped","2022-06-04 04:42:21","2022-06-01 07:22:00",NULL,NULL,"9.859999656677246"
"71407","49175","39356","3221","192790","Complete","2021-07-01 02:34:19","2021-06-28 12:00:00","2021-07-03 00:30:00",NULL,"9.859999656677246"
"29911","20602","16479","3221","80861","Returned","2022-03-11 09:06:51","2022-03-11 06:14:00","2022-03-14 05:56:00","2022-03-15 06:44:00","9.859999656677246"
"49532","34117","27238","3221","133704","Cancelled","2021-02-01 23:08:32",NULL,NULL,NULL,"9.859999656677246"
"9882","6799","5514","3442","26812","Shipped","2021-10-30 21:45:18","2021-11-02 03:58:00",NULL,NULL,"10.359999656677246"
"20533","14116","11309","3760","55581","Shipped","2021-04-27 03:03:18","2021-04-29 01:22:00",NULL,NULL,"10.359999656677246"
"30840","21230","17007","25960","83368","Shipped","2021-08-21 08:48:59","2021-08-21 14:21:00",NULL,NULL,"10.359999656677246"
"39976","27513","21970","9195","107899","Shipped","2022-03-10 08:49:52","2022-03-07 21:27:00",NULL,NULL,"10.359999656677246"
"43773","30111","24005","3442","118220","Shipped","2022-07-07 13:22:21","2022-07-09 03:23:00",NULL,NULL,"10.359999656677246"
"62189","42829","34237","3760","167875","Shipped","2021-12-18 10:35:08","2021-12-19 05:54:00",NULL,NULL,"10.359999656677246"
"67052","46126","36890","9195","181052","Shipped","2022-03-04 23:32:17","2022-03-05 21:24:00",NULL,NULL,"10.359999656677246"
"107555","74311","59411","3442","290516","Shipped","2021-12-28 03:34:39","2021-12-25 18:14:00",NULL,NULL,"10.359999656677246"
"158552","109368","87709","25960","428076","Shipped","2019-07-05 02:29:35","2019-07-04 06:42:00",NULL,NULL,"10.359999656677246"
"159016","109692","87967","9195","429334","Shipped","2021-12-03 04:30:00","2021-12-03 15:14:00",NULL,NULL,"10.359999656677246"
"159627","110119","88303","3442","430996","Shipped","2021-03-19 05:10:18","2021-03-19 19:47:00",NULL,NULL,"10.359999656677246"
"13303","9175","7394","25960","36035","Complete","2022-09-05 13:58:30","2022-09-05 05:48:00","2022-09-05 13:11:00",NULL,"10.359999656677246"
"51542","35528","28383","3760","139120","Complete","2022-03-25 23:54:07","2022-03-27 08:36:00","2022-03-29 12:24:00",NULL,"10.359999656677246"
"97314","67259","53736","25960","262865","Complete","2022-05-16 01:03:35","2022-05-18 05:36:00","2022-05-21 04:56:00",NULL,"10.359999656677246"
"118405","81731","65441","3442","319713","Complete","2021-02-25 23:57:17","2021-02-28 09:04:00","2021-02-28 19:31:00",NULL,"10.359999656677246"
"168034","115884","92902","3442","453765","Complete","2020-06-20 14:16:59","2020-06-22 05:35:00","2020-06-22 22:35:00",NULL,"10.359999656677246"
"70717","48697","38955","25960","190913","Cancelled","2021-06-05 09:35:11",NULL,NULL,NULL,"10.359999656677246"
"72737","50101","40095","3760","196406","Cancelled","2021-11-03 01:24:46",NULL,NULL,NULL,"10.359999656677246"
"129925","89608","71769","25960","350793","Cancelled","2022-07-03 13:27:47",NULL,NULL,NULL,"10.359999656677246"
"134296","92662","74234","3442","362632","Cancelled","2019-05-28 13:29:56",NULL,NULL,NULL,"10.359999656677246"
"150721","104008","83447","9195","407055","Cancelled","2020-02-14 09:49:33",NULL,NULL,NULL,"10.359999656677246"
"41364","28445","22692","9195","111666","Processing","2022-07-13 07:26:31",NULL,NULL,NULL,"10.359999656677246"
"43262","29758","23733","25960","116819","Processing","2021-11-05 04:15:02",NULL,NULL,NULL,"10.359999656677246"
"107630","74355","59439","3760","290716","Processing","2022-05-25 16:38:36",NULL,NULL,NULL,"10.359999656677246"
"30822","21217","16998","6360","83319","Shipped","2022-04-18 08:54:49","2022-04-20 04:31:00",NULL,NULL,"11.359999656677246"
"84078","58074","46436","6360","227094","Shipped","2022-01-02 08:06:40","2022-01-03 09:44:00",NULL,NULL,"11.359999656677246"
"113123","78135","62499","703","305542","Shipped","2021-09-19 11:25:47","2021-09-19 22:17:00",NULL,NULL,"11.359999656677246"
"121106","83572","66917","703","327007","Shipped","2020-09-05 20:41:39","2020-09-06 07:10:00",NULL,NULL,"11.359999656677246"
"126557","87295","69863","703","341709","Shipped","2021-06-22 10:22:48","2021-06-23 08:58:00",NULL,NULL,"11.359999656677246"
"152996","105551","84684","6360","413160","Shipped","2021-01-18 13:51:31","2021-01-16 17:06:00",NULL,NULL,"11.359999656677246"
"169324","116778","93629","6360","457247","Shipped","2019-12-16 22:39:01","2019-12-17 14:25:00",NULL,NULL,"11.359999656677246"
"27029","18620","14873","6360","73067","Complete","2020-12-03 02:26:06","2020-12-03 19:16:00","2020-12-07 09:56:00",NULL,"11.359999656677246"
"161298","111262","89203","6360","435496","Complete","2021-01-17 05:10:48","2021-01-15 09:04:00","2021-01-17 02:28:00",NULL,"11.359999656677246"
"37449","25777","20592","703","101124","Returned","2021-02-20 03:24:44","2021-02-20 14:39:00","2021-02-24 22:09:00","2021-02-26 11:18:00","11.359999656677246"
"165962","114459","91754","703","448239","Returned","2022-07-24 12:34:26","2022-07-26 16:42:00","2022-07-29 22:35:00","2022-08-01 10:46:00","11.359999656677246"
"43001","29590","23603","703","116124","Cancelled","2021-04-15 03:01:00",NULL,NULL,NULL,"11.359999656677246"
"27571","18992","15188","27306","74526","Shipped","2020-03-29 08:52:02","2020-03-30 08:58:00",NULL,NULL,"11.859999656677246"
"36210","24931","19927","27306","97774","Shipped","2020-08-06 15:38:26","2020-08-07 17:06:00",NULL,NULL,"11.859999656677246"
"82985","57293","45797","6298","224120","Shipped","2021-03-17 00:25:57","2021-03-17 01:15:00",NULL,NULL,"11.859999656677246"
"145330","100267","80405","779","392423","Shipped","2021-03-01 23:14:20","2021-03-04 07:15:00",NULL,NULL,"11.859999656677246"
"156674","108071","86675","779","423018","Shipped","2022-05-28 05:01:18","2022-05-29 02:58:00",NULL,NULL,"11.859999656677246"
"50955","35129","28034","779","137538","Complete","2022-06-10 11:16:30","2022-06-09 22:14:00","2022-06-10 20:36:00",NULL,"11.859999656677246"
"155580","107330","86120","779","420100","Complete","2021-12-14 07:54:43","2021-12-15 07:08:00","2021-12-16 21:47:00",NULL,"11.859999656677246"
"53253","36702","29327","27306","143695","Returned","2022-03-19 14:50:21","2022-03-21 02:20:00","2022-03-24 06:36:00","2022-03-26 04:25:00","11.859999656677246"
"89262","61700","49399","779","241139","Returned","2021-09-21 04:57:58","2021-09-20 13:24:00","2021-09-22 09:39:00","2021-09-23 01:59:00","11.859999656677246"
"123901","85476","68395","6298","334502","Cancelled","2021-10-01 01:25:18",NULL,NULL,NULL,"11.859999656677246"
"105512","72904","58314","779","284986","Processing","2021-05-22 01:41:21",NULL,NULL,NULL,"11.859999656677246"
"140453","96885","77687","779","379248","Processing","2020-10-24 23:31:01",NULL,NULL,NULL,"11.859999656677246"
"141438","97566","78250","6298","381907","Processing","2021-12-08 00:09:44",NULL,NULL,NULL,"11.859999656677246"
"143661","99129","79477","27306","387883","Processing","2020-12-03 04:42:23",NULL,NULL,NULL,"11.859999656677246"
"35788","24629","19687","10825","96641","Shipped","2021-04-03 03:19:49","2021-04-06 05:43:00",NULL,NULL,"12.359999656677246"
"45911","31601","25203","23004","123956","Shipped","2022-08-24 12:09:32","2022-08-21 15:21:00",NULL,NULL,"12.359999656677246"
"95628","66101","52863","23004","258321","Shipped","2021-06-29 20:57:58","2021-07-02 04:00:00",NULL,NULL,"12.359999656677246"
"112005","77365","61899","10825","302512","Complete","2022-08-31 02:30:12","2022-09-01 12:25:00","2022-09-04 11:23:00",NULL,"12.359999656677246"
"143988","99354","79662","23004","388768","Complete","2021-01-26 05:37:09","2021-01-26 14:31:00","2021-01-30 04:50:00",NULL,"12.359999656677246"
"160492","110723","88790","23004","433341","Complete","2021-06-15 12:19:30","2021-06-18 09:49:00","2021-06-22 12:11:00",NULL,"12.359999656677246"
"173030","119328","95649","23004","467342","Complete","2021-07-28 06:12:17","2021-07-30 13:03:00","2021-08-04 08:07:00",NULL,"12.359999656677246"
"42893","29513","23532","23004","115836","Cancelled","2021-06-29 01:51:03",NULL,NULL,NULL,"12.359999656677246"
"102846","71058","56796","10825","277791","Processing","2022-09-04 00:29:24.010678",NULL,NULL,NULL,"12.359999656677246"
"105537","72921","58329","23004","285052","Processing","2020-11-09 01:22:27",NULL,NULL,NULL,"12.359999656677246"
"18787","12912","10362","6757","50853","Shipped","2020-11-06 02:55:49","2020-11-05 01:37:00",NULL,NULL,"12.859999656677246"
"77672","53558","42851","6941","209662","Shipped","2019-11-19 11:35:55","2019-11-16 17:41:00",NULL,NULL,"12.859999656677246"
"89901","62141","49744","6757","242850","Shipped","2021-09-20 13:03:55","2021-09-23 02:27:00",NULL,NULL,"12.859999656677246"
"111319","76899","61524","6757","300642","Shipped","2022-03-10 14:54:04","2022-03-09 00:54:00",NULL,NULL,"12.859999656677246"
"112206","77503","61998","6941","303072","Shipped","2021-06-18 09:25:44","2021-06-18 21:54:00",NULL,NULL,"12.859999656677246"
"121592","83909","67176","6757","328299","Shipped","2021-09-15 14:42:30","2021-09-12 05:58:00",NULL,NULL,"12.859999656677246"
"163416","112714","90380","6941","441259","Shipped","2022-07-21 21:58:11","2022-07-23 01:55:00",NULL,NULL,"12.859999656677246"
"179821","124011","99462","6757","485595","Shipped","2022-08-02 02:37:32","2022-08-02 16:01:00",NULL,NULL,"12.859999656677246"
"154031","106279","85243","6757","415945","Complete","2022-07-16 10:27:04","2022-07-18 04:24:00","2022-07-21 17:01:00",NULL,"12.859999656677246"
"41170","28312","22585","6941","111149","Returned","2022-04-02 05:55:34","2022-04-04 09:57:00","2022-04-08 10:07:00","2022-04-09 20:25:00","12.859999656677246"
"101855","70388","56282","6941","275078","Returned","2022-08-31 11:33:18","2022-09-02 09:57:00","2022-09-03 00:44:00","2022-09-03 09:49:00","12.859999656677246"
"41477","28527","22754","6941","111960","Processing","2022-08-24 13:17:38",NULL,NULL,NULL,"12.859999656677246"
"77336","53327","42666","6941","208778","Processing","2022-07-28 10:56:31",NULL,NULL,NULL,"12.859999656677246"
"98261","67902","54262","6941","265448","Processing","2021-11-07 01:39:47",NULL,NULL,NULL,"12.859999656677246"
"72209","49728","39803","9443","194929","Shipped","2021-04-15 14:16:04","2021-04-16 15:53:00",NULL,NULL,"14.359999656677246"
"128256","88459","70858","9443","346308","Shipped","2019-09-06 03:11:32","2019-09-06 16:05:00",NULL,NULL,"14.359999656677246"
"158639","109425","87753","9443","428307","Shipped","2022-08-02 05:52:31","2022-08-04 13:34:00",NULL,NULL,"14.359999656677246"
"60021","41343","33027","9443","162048","Complete","2021-12-14 15:48:42","2021-12-17 10:45:00","2021-12-20 04:00:00",NULL,"14.359999656677246"
"106202","73395","58709","9443","286864","Complete","2022-03-01 12:01:12","2022-02-28 22:42:00","2022-03-03 21:04:00",NULL,"14.359999656677246"
"121071","83552","66901","9443","326906","Complete","2022-09-02 17:21:51.348105","2022-09-03 05:51:38.348105","2022-09-07 03:23:38.348105",NULL,"14.359999656677246"
"151758","104699","84001","9443","409854","Cancelled","2022-02-19 11:11:55",NULL,NULL,NULL,"14.359999656677246"
"38206","26304","21014","9443","103142","Processing","2020-11-12 04:38:27",NULL,NULL,NULL,"14.359999656677246"
"28406","19567","15645","3609","76793","Shipped","2020-07-19 22:10:56","2020-07-20 13:34:00",NULL,NULL,"15.859999656677246"
"30310","20869","16699","3320","81952","Shipped","2022-07-19 09:54:19","2022-07-21 17:37:00",NULL,NULL,"15.859999656677246"
"35473","24418","19512","3609","95813","Shipped","2022-06-30 11:33:14","2022-06-30 15:43:00",NULL,NULL,"15.859999656677246"
"108017","74620","59656","3320","291792","Shipped","2021-04-20 07:53:10","2021-04-21 00:54:00",NULL,NULL,"15.859999656677246"
"132210","91207","73036","3609","356981","Shipped","2021-12-10 13:13:36","2021-12-11 06:21:00",NULL,NULL,"15.859999656677246"
"135427","93449","74871","22632","365704","Shipped","2022-06-17 16:12:22","2022-06-20 04:25:00",NULL,NULL,"15.859999656677246"
"143613","99092","79457","3609","387753","Shipped","2021-06-12 03:03:01","2021-06-11 15:19:00",NULL,NULL,"15.859999656677246"
"152948","105519","84651","3320","413028","Shipped","2022-05-16 09:02:27","2022-05-16 17:02:00",NULL,NULL,"15.859999656677246"
"22386","15394","12300","3609","60490","Complete","2022-08-01 13:24:08","2022-08-02 13:30:00","2022-08-06 22:06:00",NULL,"15.859999656677246"
"24945","17183","13731","3609","67430","Complete","2022-09-01 04:23:06","2022-09-01 15:29:00","2022-09-02 07:57:00",NULL,"15.859999656677246"
"27033","18622","14874","3320","73081","Complete","2020-02-05 05:53:03","2020-02-06 20:51:00","2020-02-11 05:08:00",NULL,"15.859999656677246"
"39614","27281","21794","22632","106933","Complete","2021-04-25 17:44:04","2021-04-26 15:59:00","2021-04-29 17:00:00",NULL,"15.859999656677246"
"74655","51445","41165","22632","201564","Complete","2021-01-30 11:24:40","2021-02-02 01:45:00","2021-02-04 17:25:00",NULL,"15.859999656677246"
"78699","54256","43436","22632","212462","Complete","2021-03-04 13:37:58","2021-03-01 19:56:00","2021-03-03 01:09:00",NULL,"15.859999656677246"
"131529","90726","72686","3609","355127","Complete","2021-08-23 15:56:15","2021-08-21 21:29:00","2021-08-26 07:02:00",NULL,"15.859999656677246"
"108920","75244","60158","3609","294221","Cancelled","2021-06-16 03:06:11",NULL,NULL,NULL,"15.859999656677246"
"170310","117429","94176","3320","459933","Cancelled","2022-05-23 06:14:23",NULL,NULL,NULL,"15.859999656677246"
"172621","119042","95420","22632","466216","Cancelled","2021-12-06 07:02:12",NULL,NULL,NULL,"15.859999656677246"
"57963","39943","31922","22632","156425","Processing","2021-10-26 05:59:43",NULL,NULL,NULL,"15.859999656677246"
"18022","12397","9971","23747","48828","Shipped","2020-06-19 09:16:11","2020-06-22 02:10:00",NULL,NULL,"134.00999450683594"
"23407","16109","12877","23747","63265","Shipped","2022-05-21 03:31:35","2022-05-22 17:07:00",NULL,NULL,"134.00999450683594"
"35356","24333","19434","23747","95509","Shipped","2022-02-27 15:00:24","2022-03-01 17:02:00",NULL,NULL,"134.00999450683594"
"81724","56384","45075","23747","220699","Shipped","2021-06-05 16:26:59","2021-06-06 13:54:00",NULL,NULL,"134.00999450683594"
"100983","69790","55803","23747","272734","Shipped","2021-09-26 03:17:57","2021-09-28 02:04:00",NULL,NULL,"134.00999450683594"
"137199","94674","75886","23747","370461","Shipped","2021-07-24 06:16:27","2021-07-25 17:29:00",NULL,NULL,"134.00999450683594"
"85249","58910","47094","23747","230275","Complete","2021-03-12 08:43:53","2021-03-13 13:52:00","2021-03-16 00:18:00",NULL,"134.00999450683594"
"85468","59061","47216","23747","230861","Complete","2022-06-27 03:54:24","2022-06-27 07:11:00","2022-07-01 12:22:00",NULL,"134.00999450683594"
"159518","110044","88247","23747","430692","Complete","2022-02-10 08:56:19","2022-02-09 12:44:00","2022-02-10 23:51:00",NULL,"134.00999450683594"
"178075","122819","98514","23747","480909","Complete","2021-05-15 23:10:46","2021-05-16 23:47:00","2021-05-18 23:09:00",NULL,"134.00999450683594"
"56833","39169","31312","23747","153397","Returned","2022-08-28 04:56:16","2022-08-30 20:29:00","2022-09-03 00:55:00","2022-09-05 06:59:00","134.00999450683594"
"125937","86859","69508","23747","340006","Processing","2022-07-14 22:46:02",NULL,NULL,NULL,"134.00999450683594"
"127907","88215","70645","23747","345350","Processing","2021-11-21 14:26:35",NULL,NULL,NULL,"134.00999450683594"
"102775","71005","56754","16970","277601","Complete","2021-08-13 08:24:06","2021-08-13 22:10:00","2021-08-14 07:49:00",NULL,"67.12999725341797"
"121314","83725","67034","16970","327564","Returned","2022-04-10 17:06:31","2022-04-12 16:34:00","2022-04-12 22:53:00","2022-04-13 16:50:00","67.12999725341797"
"159447","109992","88211","16970","430506","Returned","2021-07-23 06:07:18","2021-07-23 19:15:00","2021-07-28 03:04:00","2021-07-28 13:04:00","67.12999725341797"
"129871","89574","71746","16970","350642","Processing","2022-03-05 02:16:32",NULL,NULL,NULL,"67.12999725341797"
"4199","2855","2290","19486","11387","Shipped","2022-08-12 16:15:33","2022-08-13 19:41:00",NULL,NULL,"91.12999725341797"
"51592","35564","28417","19486","139260","Shipped","2021-05-16 02:29:18","2021-05-14 09:40:00",NULL,NULL,"91.12999725341797"
"122859","84763","67835","19486","331746","Shipped","2021-12-25 11:26:40","2021-12-26 16:46:00",NULL,NULL,"91.12999725341797"
"151040","104223","83608","19486","407917","Shipped","2021-10-25 13:14:04","2021-10-21 23:38:00",NULL,NULL,"91.12999725341797"
"151191","104320","83695","22584","408327","Shipped","2020-10-16 05:01:57","2020-10-18 21:29:00",NULL,NULL,"91.12999725341797"
"173981","120002","96228","19486","469817","Shipped","2022-07-11 08:45:35","2022-07-13 00:21:00",NULL,NULL,"91.12999725341797"
"67272","46288","37016","19486","181662","Complete","2022-08-02 09:32:26","2022-08-01 17:37:00","2022-08-06 02:36:00",NULL,"91.12999725341797"
"88241","60980","48817","22584","238377","Complete","2022-06-18 06:16:43","2022-06-18 11:54:00","2022-06-20 13:09:00",NULL,"91.12999725341797"
"169434","116856","93684","19486","457543","Complete","2022-07-25 00:07:43","2022-07-26 03:06:00","2022-07-27 05:36:00",NULL,"91.12999725341797"
"14979","10299","8278","19486","40573","Returned","2020-07-11 14:16:29","2020-07-14 00:57:00","2020-07-15 15:22:00","2020-07-18 14:46:00","91.12999725341797"
"51471","35478","28345","19486","138938","Cancelled","2022-02-13 05:44:12",NULL,NULL,NULL,"91.12999725341797"
"115716","79913","63952","19486","312513","Cancelled","2022-03-08 15:13:01",NULL,NULL,NULL,"91.12999725341797"
"143404","98955","79342","19486","387190","Cancelled","2022-09-02 03:58:40",NULL,NULL,NULL,"91.12999725341797"
"158088","109043","87448","19486","426831","Processing","2022-04-18 07:06:20",NULL,NULL,NULL,"91.12999725341797"
"93667","64721","51789","3497","252981","Shipped","2022-08-17 08:37:12","2022-08-19 01:39:00",NULL,NULL,"158.75999450683594"
"70640","48648","38915","3497","190714","Complete","2019-12-24 17:39:42","2019-12-27 13:41:00","2019-12-28 21:16:00",NULL,"158.75999450683594"
"1111","770","649","3497","2994","Returned","2022-03-06 01:02:47","2022-03-06 08:05:00","2022-03-07 14:51:00","2022-03-09 13:41:00","158.75999450683594"
"99346","68651","54883","3497","268357","Cancelled","2022-08-29 14:07:18",NULL,NULL,NULL,"158.75999450683594"
"170940","117854","94509","3497","461671","Cancelled","2020-11-26 12:11:20",NULL,NULL,NULL,"158.75999450683594"
"103210","71315","57007","3497","278776","Processing","2020-06-16 09:21:26",NULL,NULL,NULL,"158.75999450683594"
"160087","110440","88569","3497","432230","Processing","2022-09-02 06:15:31",NULL,NULL,NULL,"158.75999450683594"
"100657","69556","55629","16891","271839","Shipped","2022-09-03 00:56:28","2022-09-05 00:05:00",NULL,NULL,"75.62999725341797"
"136426","94151","75469","16891","368383","Shipped","2022-08-23 14:45:29","2022-08-25 03:44:00",NULL,NULL,"75.62999725341797"
"173991","120007","96232","16891","469844","Shipped","2022-07-01 22:44:15","2022-07-03 00:31:00",NULL,NULL,"75.62999725341797"
"6342","4327","3516","16891","17157","Returned","2020-03-15 21:40:55","2020-03-15 07:15:00","2020-03-19 23:12:00","2020-03-20 01:35:00","75.62999725341797"
"7537","5160","4184","16891","20429","Returned","2022-07-27 04:49:05","2022-07-28 17:18:00","2022-07-30 04:20:00","2022-07-31 07:10:00","75.62999725341797"
"135605","93578","74979","16891","366187","Cancelled","2022-02-22 07:54:34",NULL,NULL,NULL,"75.62999725341797"
"26504","18265","14593","16891","71635","Processing","2020-04-16 11:42:09",NULL,NULL,NULL,"75.62999725341797"
"33955","23383","18660","16891","91742","Processing","2022-03-08 14:24:33",NULL,NULL,NULL,"75.62999725341797"
"80215","55327","44242","16891","216592","Processing","2021-03-03 14:50:25",NULL,NULL,NULL,"75.62999725341797"
"164386","113393","90921","4691","443931","Shipped","2022-06-29 04:48:16","2022-06-28 01:27:00",NULL,NULL,"135.25999450683594"
"45718","31474","25119","4691","123449","Complete","2022-08-24 16:59:55","2022-08-27 05:49:00","2022-08-27 18:18:00",NULL,"135.25999450683594"
"46309","31871","25435","4691","125047","Complete","2019-05-15 06:43:21","2019-05-14 02:35:00","2019-05-14 17:31:00",NULL,"135.25999450683594"
"63669","43837","35060","4691","171880","Processing","2021-06-06 00:55:57",NULL,NULL,NULL,"135.25999450683594"
"74679","51462","41179","4691","201629","Processing","2021-04-22 04:24:58",NULL,NULL,NULL,"135.25999450683594"
"102480","70812","56614","4691","276822","Processing","2021-12-29 23:51:59",NULL,NULL,NULL,"135.25999450683594"
"32191","22151","17716","25737","86968","Shipped","2022-05-25 12:52:16","2022-05-24 02:51:00",NULL,NULL,"16.969999313354492"
"39124","26941","21514","27497","105633","Shipped","2022-06-18 11:48:42","2022-06-20 11:00:00",NULL,NULL,"16.969999313354492"
"39692","27332","21828","27760","107143","Shipped","2020-06-11 00:10:29","2020-06-13 20:01:00",NULL,NULL,"16.969999313354492"
"44945","30939","24700","17310","121385","Shipped","2022-09-02 10:28:08","2022-09-04 06:58:00",NULL,NULL,"16.969999313354492"
"50632","34884","27835","27760","136662","Shipped","2022-06-08 02:28:34","2022-06-09 10:13:00",NULL,NULL,"16.969999313354492"
"59099","40731","32528","27547","159484","Shipped","2021-12-21 00:09:19","2021-12-23 00:12:00",NULL,NULL,"16.969999313354492"
"60640","41765","33387","27760","163721","Shipped","2020-05-07 01:55:28","2020-05-09 14:44:00",NULL,NULL,"16.969999313354492"
"63453","43688","34938","17310","171315","Shipped","2020-07-27 04:39:49","2020-07-23 19:46:00",NULL,NULL,"16.969999313354492"
"71845","49486","39619","27832","193951","Shipped","2022-04-21 05:19:37","2022-04-22 19:17:00",NULL,NULL,"16.969999313354492"
"74165","51090","40894","27547","200262","Shipped","2022-09-03 21:21:37.165537","2022-09-06 16:38:02.165537",NULL,NULL,"16.969999313354492"
"79598","54896","43903","27547","214931","Shipped","2022-07-18 00:20:42","2022-07-19 14:35:00",NULL,NULL,"16.969999313354492"
"97115","67108","53622","27547","262325","Shipped","2020-02-11 11:52:07","2020-02-12 08:45:00",NULL,NULL,"16.969999313354492"
"98000","67728","54110","27604","264738","Shipped","2022-04-23 00:54:35","2022-04-25 02:24:00",NULL,NULL,"16.969999313354492"
"98058","67765","54140","27768","264899","Shipped","2022-08-26 02:24:47","2022-08-27 06:46:00",NULL,NULL,"16.969999313354492"
"98086","67781","54160","27768","264971","Shipped","2021-05-26 03:43:11","2021-05-23 03:48:00",NULL,NULL,"16.969999313354492"
"98097","67790","54165","25625","264998","Shipped","2021-02-27 16:19:04","2021-02-25 10:32:00",NULL,NULL,"16.969999313354492"
"106246","73423","58732","17310","286978","Shipped","2021-07-30 09:49:36","2021-07-28 13:17:00",NULL,NULL,"16.969999313354492"
"115912","80045","64064","27515","313046","Shipped","2020-09-27 06:34:44","2020-09-27 12:59:00",NULL,NULL,"16.969999313354492"
"120046","82864","66337","27760","324125","Shipped","2019-07-14 11:34:32","2019-07-14 20:10:00",NULL,NULL,"16.969999313354492"
"123940","85501","68410","27604","334605","Shipped","2022-04-08 02:41:32","2022-04-09 16:19:00",NULL,NULL,"16.969999313354492"
"128839","88863","71177","27832","347875","Shipped","2022-01-08 15:20:37","2022-01-08 21:01:00",NULL,NULL,"16.969999313354492"
"130352","89908","72023","25625","351950","Shipped","2022-03-11 07:04:42","2022-03-12 12:47:00",NULL,NULL,"16.969999313354492"
"130577","90071","72144","27832","352550","Shipped","2019-09-03 11:51:04","2019-09-03 03:43:00",NULL,NULL,"16.969999313354492"
"138327","95457","76532","25737","373520","Shipped","2021-09-25 09:08:46","2021-09-23 10:56:00",NULL,NULL,"16.969999313354492"
"147980","102119","81909","17310","399557","Shipped","2021-01-29 15:17:25","2021-01-29 08:52:00",NULL,NULL,"16.969999313354492"
"148344","102370","82116","25625","400556","Shipped","2022-08-30 02:32:29","2022-08-27 04:00:00",NULL,NULL,"16.969999313354492"
"162836","112318","90065","27760","439714","Shipped","2020-11-10 17:05:02","2020-11-11 19:32:00",NULL,NULL,"16.969999313354492"
"167382","115431","92522","27832","452047","Shipped","2021-11-09 08:43:58","2021-11-09 14:46:00",NULL,NULL,"16.969999313354492"
"167952","115824","92859","27497","453537","Shipped","2022-06-19 13:55:42","2022-06-21 12:43:00",NULL,NULL,"16.969999313354492"
"168791","116403","93323","17310","455812","Shipped","2022-08-26 11:08:02","2022-08-28 08:04:00",NULL,NULL,"16.969999313354492"
"179334","123690","99224","27895","484296","Shipped","2020-12-08 13:37:57","2020-12-10 18:47:00",NULL,NULL,"16.969999313354492"
"6867","4683","3803","27497","18598","Complete","2020-05-14 00:46:24","2020-05-14 23:27:00","2020-05-16 04:56:00",NULL,"16.969999313354492"
"8506","5829","4716","27768","23077","Complete","2022-07-17 00:02:46","2022-07-19 16:07:00","2022-07-23 01:49:00",NULL,"16.969999313354492"
"11243","7728","6279","27760","30459","Complete","2020-03-11 13:45:07","2020-03-12 00:28:00","2020-03-15 09:34:00",NULL,"16.969999313354492"
"16674","11471","9231","27895","45132","Complete","2022-05-23 16:09:48","2022-05-24 00:08:00","2022-05-24 12:04:00",NULL,"16.969999313354492"
"24239","16672","13330","27895","65513","Complete","2021-12-20 12:50:06","2021-12-22 15:18:00","2021-12-24 18:01:00",NULL,"16.969999313354492"
"43104","29651","23650","5490","116396","Complete","2021-01-12 17:21:49","2021-01-11 06:25:00","2021-01-12 04:29:00",NULL,"16.969999313354492"
"48899","33690","26905","27515","131962","Complete","2020-07-17 08:07:28","2020-07-14 22:11:00","2020-07-16 20:20:00",NULL,"16.969999313354492"
"105338","72790","58221","27760","284521","Complete","2020-10-11 05:03:06","2020-10-11 19:04:00","2020-10-15 13:19:00",NULL,"16.969999313354492"
"109473","75624","60446","27604","295707","Complete","2020-12-20 22:19:46","2020-12-23 23:58:00","2020-12-24 20:26:00",NULL,"16.969999313354492"
"117743","81280","65096","25737","317948","Complete","2022-03-23 16:28:06","2022-03-21 04:44:00","2022-03-21 19:21:00",NULL,"16.969999313354492"
"127883","88197","70630","17310","345281","Complete","2022-07-16 07:27:12","2022-07-16 21:20:00","2022-07-18 15:31:00",NULL,"16.969999313354492"
"140471","96896","77702","27768","379307","Complete","2022-07-27 09:17:42","2022-07-28 10:26:00","2022-07-28 15:29:00",NULL,"16.969999313354492"
"154409","106539","85462","27497","416941","Complete","2022-04-08 12:05:47","2022-04-11 12:28:00","2022-04-14 13:04:00",NULL,"16.969999313354492"
"162764","112269","90019","27895","439517","Complete","2020-08-03 04:13:39","2020-08-01 07:10:00","2020-08-03 11:37:00",NULL,"16.969999313354492"
"172719","119110","95478","27832","466477","Complete","2021-06-30 16:05:10","2021-07-02 18:16:00","2021-07-04 01:44:00",NULL,"16.969999313354492"
"180087","124200","99618","27768","486332","Complete","2021-05-25 09:21:34","2021-05-23 11:22:00","2021-05-23 22:41:00",NULL,"16.969999313354492"
"180215","124280","99678","25625","486670","Complete","2019-09-23 18:33:08","2019-09-24 08:17:00","2019-09-25 11:00:00",NULL,"16.969999313354492"
"35308","24301","19409","27604","95377","Returned","2021-07-26 16:38:30","2021-07-26 13:38:00","2021-07-26 14:16:00","2021-07-27 07:53:00","16.969999313354492"
"35427","24388","19483","27604","95698","Returned","2022-02-03 11:00:37","2022-02-04 03:19:00","2022-02-08 09:24:00","2022-02-08 10:10:00","16.969999313354492"
"62126","42786","34206","27760","167707","Returned","2020-08-06 17:40:22","2020-08-07 00:06:00","2020-08-11 05:51:00","2020-08-12 02:30:00","16.969999313354492"
"63488","43714","34952","27604","171411","Returned","2021-02-09 01:44:43","2021-02-09 17:18:00","2021-02-10 17:32:00","2021-02-13 09:27:00","16.969999313354492"
"107223","74080","59226","5490","289614","Returned","2022-02-08 01:22:32","2022-02-10 01:35:00","2022-02-11 10:48:00","2022-02-13 23:04:00","16.969999313354492"
"174399","120278","96449","27497","470946","Returned","2022-06-02 21:30:19","2022-06-05 21:17:00","2022-06-06 10:59:00","2022-06-08 03:25:00","16.969999313354492"
"176625","121802","97687","5490","477025","Returned","2021-06-27 13:56:52","2021-06-28 17:32:00","2021-07-03 06:55:00","2021-07-04 22:12:00","16.969999313354492"
"2770","1890","1532","25625","7502","Cancelled","2022-02-17 12:27:17",NULL,NULL,NULL,"16.969999313354492"
"4485","3070","2483","27832","12162","Cancelled","2021-07-10 01:14:01",NULL,NULL,NULL,"16.969999313354492"
"35644","24532","19602","25625","96257","Cancelled","2021-09-07 07:46:16",NULL,NULL,NULL,"16.969999313354492"
"35792","24631","19689","25737","96653","Cancelled","2022-01-04 07:24:57",NULL,NULL,NULL,"16.969999313354492"
"39634","27295","21802","5490","106986","Cancelled","2021-06-12 05:07:27",NULL,NULL,NULL,"16.969999313354492"
"63808","43930","35137","25625","172259","Cancelled","2021-10-23 11:48:44",NULL,NULL,NULL,"16.969999313354492"
"69306","47717","38146","27604","187079","Cancelled","2021-09-24 09:51:45",NULL,NULL,NULL,"16.969999313354492"
"82406","56873","45481","27604","222532","Cancelled","2022-09-01 02:30:28",NULL,NULL,NULL,"16.969999313354492"
"93878","64869","51912","27895","253561","Cancelled","2021-12-29 23:55:24",NULL,NULL,NULL,"16.969999313354492"
"94424","65238","52198","27768","255064","Cancelled","2022-07-24 00:45:15",NULL,NULL,NULL,"16.969999313354492"
"117544","81143","64989","27832","317401","Cancelled","2022-06-15 10:06:14",NULL,NULL,NULL,"16.969999313354492"
"140771","97105","77872","25737","380090","Cancelled","2022-05-16 14:03:32",NULL,NULL,NULL,"16.969999313354492"
"144100","99428","79721","27547","389070","Cancelled","2022-08-29 15:33:49",NULL,NULL,NULL,"16.969999313354492"
"152077","104931","84204","27547","410722","Cancelled","2022-07-19 05:24:35",NULL,NULL,NULL,"16.969999313354492"
"6002","4085","3317","25625","16242","Processing","2021-06-23 05:45:54",NULL,NULL,NULL,"16.969999313354492"
"11430","7863","6371","27497","30968","Processing","2022-06-19 22:26:41",NULL,NULL,NULL,"16.969999313354492"
"14593","10044","8077","27832","39536","Processing","2021-01-08 13:43:22",NULL,NULL,NULL,"16.969999313354492"
"21241","14601","11665","27832","57447","Processing","2022-05-06 08:06:51",NULL,NULL,NULL,"16.969999313354492"
"32750","22546","18004","27604","88503","Processing","2021-07-28 05:32:39",NULL,NULL,NULL,"16.969999313354492"
"33632","23154","18488","27547","90857","Processing","2022-02-14 12:50:24",NULL,NULL,NULL,"16.969999313354492"
"40798","28061","22382","5490","110169","Processing","2022-08-31 22:01:24",NULL,NULL,NULL,"16.969999313354492"
"83530","57683","46117","27760","225587","Processing","2022-07-24 06:52:46",NULL,NULL,NULL,"16.969999313354492"
"83902","57943","46328","27768","226618","Processing","2021-04-16 03:38:21",NULL,NULL,NULL,"16.969999313354492"
"92529","63934","51182","5490","249917","Processing","2022-06-26 22:42:07",NULL,NULL,NULL,"16.969999313354492"
"94193","65073","52057","27760","254415","Processing","2021-12-22 16:01:01",NULL,NULL,NULL,"16.969999313354492"
"97299","67250","53730","17310","262828","Processing","2020-04-16 08:01:59",NULL,NULL,NULL,"16.969999313354492"
"99509","68767","54982","27768","268783","Processing","2022-08-22 09:43:38",NULL,NULL,NULL,"16.969999313354492"
"103398","71449","57121","25737","279294","Processing","2022-03-13 20:39:09",NULL,NULL,NULL,"16.969999313354492"
"108774","75142","60083","25625","293823","Processing","2020-01-10 00:36:17",NULL,NULL,NULL,"16.969999313354492"
"118754","81981","65631","27832","320664","Processing","2022-08-14 16:11:24",NULL,NULL,NULL,"16.969999313354492"
"132418","91345","73146","27515","357557","Processing","2020-02-29 02:06:38",NULL,NULL,NULL,"16.969999313354492"
"136545","94228","75523","27832","368698","Processing","2021-10-09 16:59:57",NULL,NULL,NULL,"16.969999313354492"
"141539","97625","78286","27547","382174","Processing","2021-12-15 03:52:04",NULL,NULL,NULL,"16.969999313354492"
"170336","117447","94191","27760","460001","Processing","2021-09-03 06:46:40",NULL,NULL,NULL,"16.969999313354492"
"178958","123434","99014","25625","483285","Processing","2021-11-09 11:16:26",NULL,NULL,NULL,"16.969999313354492"
"840","598","499","12059","2254","Shipped","2022-09-04 22:38:34.248919","2022-09-07 11:35:02.248919",NULL,NULL,"17.969999313354492"
"1750","1220","982","475","4736","Shipped","2022-04-05 09:53:16","2022-04-05 22:01:00",NULL,NULL,"17.969999313354492"
"12163","8396","6778","475","32969","Shipped","2022-06-29 01:20:22","2022-07-01 19:25:00",NULL,NULL,"17.969999313354492"
"13414","9246","7454","27521","36346","Shipped","2022-05-17 12:24:47","2022-05-19 03:03:00",NULL,NULL,"17.969999313354492"
"29017","19980","15951","131","78450","Shipped","2021-03-04 01:14:09","2021-03-05 08:32:00",NULL,NULL,"17.969999313354492"
"42507","29242","23314","27741","114792","Shipped","2022-08-29 02:48:19","2022-08-29 15:09:00",NULL,NULL,"17.969999313354492"
"61320","42222","33758","27521","165531","Shipped","2021-02-09 07:29:11","2021-02-12 02:01:00",NULL,NULL,"17.969999313354492"
"74682","51463","41179","12059","201638","Shipped","2020-08-06 06:49:43","2020-08-05 18:48:00",NULL,NULL,"17.969999313354492"
"82663","57057","45613","475","223246","Shipped","2020-07-10 12:30:50","2020-07-10 00:45:00",NULL,NULL,"17.969999313354492"
"85453","59049","47207","475","230819","Shipped","2022-07-08 07:57:00","2022-07-08 15:32:00",NULL,NULL,"17.969999313354492"
"88807","61387","49156","27521","239940","Shipped","2022-06-16 05:31:14","2022-06-15 01:29:00",NULL,NULL,"17.969999313354492"
"92209","63712","51013","27508","249058","Shipped","2022-03-25 08:05:31","2022-03-27 15:07:00",NULL,NULL,"17.969999313354492"
"96857","66923","53486","18705","261612","Shipped","2022-09-03 08:09:38.102107","2022-09-04 06:59:37.102107",NULL,NULL,"17.969999313354492"
"98409","67998","54352","475","265838","Shipped","2021-09-07 15:19:46","2021-09-04 18:10:00",NULL,NULL,"17.969999313354492"
"102642","70915","56685","27521","277244","Shipped","2021-10-18 04:39:42","2021-10-20 08:05:00",NULL,NULL,"17.969999313354492"
"104317","72079","57626","12059","281783","Shipped","2022-04-08 10:45:16","2022-04-10 17:08:00",NULL,NULL,"17.969999313354492"
"113085","78111","62484","27508","305441","Shipped","2022-07-20 08:34:25","2022-07-23 10:10:00",NULL,NULL,"17.969999313354492"
"117825","81335","65132","12059","318172","Shipped","2022-06-04 00:36:28","2022-06-04 05:18:00",NULL,NULL,"17.969999313354492"
"122580","84572","67692","27741","330974","Shipped","2022-06-02 00:55:58","2022-06-03 00:44:00",NULL,NULL,"17.969999313354492"
"151543","104546","83885","12059","409280","Shipped","2022-04-03 02:10:40","2022-04-01 08:14:00",NULL,NULL,"17.969999313354492"
"166340","114713","91964","18705","449261","Shipped","2022-01-30 02:55:35","2022-01-27 16:31:00",NULL,NULL,"17.969999313354492"
"177248","122233","98008","27741","478708","Shipped","2021-07-15 13:14:28","2021-07-15 19:54:00",NULL,NULL,"17.969999313354492"
"179468","123777","99290","27564","484660","Shipped","2021-09-29 02:12:03","2021-09-29 18:03:00",NULL,NULL,"17.969999313354492"
"16669","11467","9227","27521","45118","Complete","2022-06-07 01:11:23","2022-06-07 06:29:00","2022-06-09 12:56:00",NULL,"17.969999313354492"
"20475","14079","11279","27508","55420","Complete","2020-04-22 12:26:44","2020-04-24 02:43:00","2020-04-27 16:47:00",NULL,"17.969999313354492"
"33350","22962","18325","27741","90102","Complete","2020-12-19 10:19:43","2020-12-21 23:14:00","2020-12-23 05:52:00",NULL,"17.969999313354492"
"64365","44299","35438","131","173776","Complete","2022-08-31 14:50:41","2022-09-03 05:29:00","2022-09-06 17:14:00",NULL,"17.969999313354492"
"66878","46007","36794","131","180573","Complete","2022-01-05 03:55:52","2022-01-04 10:53:00","2022-01-06 10:27:00",NULL,"17.969999313354492"
"94513","65295","52238","18705","255304","Complete","2022-02-23 10:01:02","2022-02-19 22:26:00","2022-02-24 20:53:00",NULL,"17.969999313354492"
"95149","65755","52603","27564","257014","Complete","2022-06-27 03:53:48","2022-06-27 12:48:00","2022-06-29 09:05:00",NULL,"17.969999313354492"
"103401","71450","57121","27508","279302","Complete","2021-12-23 21:25:33","2021-12-25 21:07:00","2021-12-30 02:34:00",NULL,"17.969999313354492"
"111932","77311","61860","27741","302307","Complete","2022-07-23 10:53:21","2022-07-23 18:43:00","2022-07-28 17:39:00",NULL,"17.969999313354492"
"114744","79256","63400","18705","309918","Complete","2020-03-27 23:25:40","2020-03-30 17:49:00","2020-03-30 23:34:00",NULL,"17.969999313354492"
"119237","82307","65898","475","321938","Complete","2021-10-11 06:02:20","2021-10-12 02:10:00","2021-10-13 15:51:00",NULL,"17.969999313354492"
"125868","86813","69470","27564","339809","Complete","2021-12-18 00:10:49","2021-12-19 04:36:00","2021-12-21 02:47:00",NULL,"17.969999313354492"
"134501","92802","74348","12059","363195","Complete","2021-10-10 14:08:24","2021-10-10 23:17:00","2021-10-12 01:39:00",NULL,"17.969999313354492"
"135551","93543","74951","27741","366046","Complete","2021-06-09 03:02:37","2021-06-10 07:30:00","2021-06-14 18:47:00",NULL,"17.969999313354492"
"161062","111096","89067","27508","434853","Complete","2022-04-15 01:51:31","2022-04-16 08:25:00","2022-04-19 16:09:00",NULL,"17.969999313354492"
"173318","119537","95839","27508","468086","Complete","2022-08-29 04:00:35","2022-08-31 12:06:00","2022-09-05 03:31:00",NULL,"17.969999313354492"
"5720","3896","3171","12059","15488","Returned","2022-07-31 16:58:46","2022-08-01 02:53:00","2022-08-01 06:39:00","2022-08-02 07:57:00","17.969999313354492"
"77001","53096","42478","27508","207928","Returned","2022-03-31 03:35:42","2022-04-01 22:30:00","2022-04-04 14:06:00","2022-04-06 13:32:00","17.969999313354492"
"890","633","526","131","2389","Cancelled","2022-08-07 16:56:21",NULL,NULL,NULL,"17.969999313354492"
"102136","70574","56424","475","275860","Cancelled","2019-12-09 15:19:50",NULL,NULL,NULL,"17.969999313354492"
"112683","77830","62250","27741","304350","Cancelled","2022-08-29 10:29:25",NULL,NULL,NULL,"17.969999313354492"
"117882","81369","65163","18705","318333","Cancelled","2022-02-28 11:36:37",NULL,NULL,NULL,"17.969999313354492"
"139451","96209","77162","27564","376576","Cancelled","2019-01-27 06:09:42",NULL,NULL,NULL,"17.969999313354492"
"140885","97179","77935","27508","380394","Cancelled","2022-08-09 14:25:23",NULL,NULL,NULL,"17.969999313354492"
"155920","107561","86285","27564","420983","Cancelled","2022-09-07 07:18:27.116355",NULL,NULL,NULL,"17.969999313354492"
"156127","107701","86401","27741","421539","Cancelled","2021-09-06 08:40:40",NULL,NULL,NULL,"17.969999313354492"
"503","359","311","12059","1326","Processing","2020-06-03 16:32:41",NULL,NULL,NULL,"17.969999313354492"
"14461","9947","8015","27741","39198","Processing","2022-04-20 01:57:14",NULL,NULL,NULL,"17.969999313354492"
"26969","18577","14837","27564","72892","Processing","2021-12-06 14:51:59",NULL,NULL,NULL,"17.969999313354492"
"38326","26390","21088","131","103454","Processing","2021-02-04 01:48:54",NULL,NULL,NULL,"17.969999313354492"
"43859","30169","24048","131","118449","Processing","2022-03-03 16:54:12",NULL,NULL,NULL,"17.969999313354492"
"90075","62254","49828","27521","243331","Processing","2022-03-16 13:21:14",NULL,NULL,NULL,"17.969999313354492"
"101222","69946","55930","27521","273362","Processing","2022-06-18 08:11:02",NULL,NULL,NULL,"17.969999313354492"
"101988","70479","56351","27521","275456","Processing","2020-11-06 15:22:31",NULL,NULL,NULL,"17.969999313354492"
"147294","101627","81513","27521","397703","Processing","2022-07-31 03:22:58",NULL,NULL,NULL,"17.969999313354492"
"164094","113189","90769","18705","443122","Processing","2020-05-20 08:48:28",NULL,NULL,NULL,"17.969999313354492"
"174107","120086","96300","12059","470158","Processing","2022-05-01 14:51:52",NULL,NULL,NULL,"17.969999313354492"
"64269","44230","35378","7709","173504","Shipped","2022-01-05 07:28:03","2022-01-07 21:08:00",NULL,NULL,"33.939998626708984"
"78381","54045","43239","7709","211595","Shipped","2022-01-15 12:53:03","2022-01-17 12:14:00",NULL,NULL,"33.939998626708984"
"97078","67085","53599","7709","262225","Complete","2022-08-22 04:10:39","2022-08-19 05:10:00","2022-08-23 00:15:00",NULL,"33.939998626708984"
"110742","76499","61183","7709","299070","Complete","2020-11-08 14:21:41","2020-11-08 05:30:00","2020-11-10 11:33:00",NULL,"33.939998626708984"
"83869","57920","46306","7709","226527","Returned","2020-08-24 14:51:59","2020-08-25 16:11:00","2020-08-25 21:01:00","2020-08-26 20:39:00","33.939998626708984"
"142644","98421","78915","7709","385139","Returned","2022-04-28 06:32:02","2022-04-28 05:19:00","2022-04-30 16:47:00","2022-05-02 22:16:00","33.939998626708984"
"55705","38399","30686","21973","150310","Shipped","2022-05-31 22:03:39","2022-05-29 18:04:00",NULL,NULL,"35.939998626708984"
"76021","52389","41941","21973","205286","Shipped","2022-07-09 06:44:42","2022-07-11 13:16:00",NULL,NULL,"35.939998626708984"
"86849","60014","48017","21973","234619","Shipped","2019-10-01 05:27:26","2019-10-02 08:54:00",NULL,NULL,"35.939998626708984"
"104336","72092","57636","21973","281839","Shipped","2021-09-01 07:02:58","2021-09-02 14:56:00",NULL,NULL,"35.939998626708984"
"166859","115071","92231","1331","450645","Shipped","2022-08-21 02:55:55","2022-08-22 21:05:00",NULL,NULL,"35.939998626708984"
"3120","2116","1700","21973","8438","Complete","2022-05-25 08:25:24","2022-05-24 00:36:00","2022-05-26 18:33:00",NULL,"35.939998626708984"
"27166","18713","14960","1331","73446","Complete","2022-01-31 02:57:42","2022-02-01 02:52:00","2022-02-03 06:24:00",NULL,"35.939998626708984"
"121223","83657","66986","21973","327327","Complete","2022-06-18 13:37:56","2022-06-19 15:26:00","2022-06-22 10:38:00",NULL,"35.939998626708984"
"5630","3836","3124","21973","15237","Returned","2022-01-02 14:01:30","2022-01-04 06:37:00","2022-01-06 01:18:00","2022-01-06 22:36:00","35.939998626708984"
"119202","82284","65877","21973","321848","Returned","2022-05-01 08:24:55","2022-05-01 14:01:00","2022-05-02 02:21:00","2022-05-02 15:44:00","35.939998626708984"
"128819","88847","71167","1331","347820","Cancelled","2022-03-27 04:39:27",NULL,NULL,NULL,"35.939998626708984"
"12639","8717","7039","1331","34243","Processing","2021-12-28 14:16:45",NULL,NULL,NULL,"35.939998626708984"
"14720","10131","8145","21973","39874","Processing","2022-03-11 07:25:40",NULL,NULL,NULL,"35.939998626708984"
"28924","19919","15912","1331","78200","Processing","2022-08-02 04:42:00",NULL,NULL,NULL,"35.939998626708984"
"52439","36133","28862","21973","141514","Processing","2022-08-26 21:49:20",NULL,NULL,NULL,"35.939998626708984"
"154118","106341","85294","21973","416178","Processing","2021-09-06 06:27:40",NULL,NULL,NULL,"35.939998626708984"
"47603","32799","26186","28705","128485","Shipped","2022-02-28 09:18:07","2022-03-01 04:11:00",NULL,NULL,"4.269999980926514"
"148145","102226","82007","28705","400013","Shipped","2021-09-28 12:53:00","2021-09-29 20:44:00",NULL,NULL,"4.269999980926514"
"106183","73382","58699","28705","286809","Complete","2022-08-27 14:49:10","2022-08-30 10:46:00","2022-09-01 23:28:00",NULL,"4.269999980926514"
"42114","28972","23109","28705","113692","Returned","2021-08-01 23:38:33","2021-08-03 17:17:00","2021-08-04 22:48:00","2021-08-07 21:46:00","4.269999980926514"
"11407","7845","6356","28705","30906","Processing","2020-07-29 09:48:54",NULL,NULL,NULL,"4.269999980926514"
"73407","50564","40463","28705","198206","Processing","2022-09-06 05:01:01.60738",NULL,NULL,NULL,"4.269999980926514"
"95203","65800","52639","28705","257161","Processing","2021-07-30 09:14:57",NULL,NULL,NULL,"4.269999980926514"
"42033","28919","23070","6790","113467","Shipped","2021-12-23 03:15:17","2021-12-23 06:19:00",NULL,NULL,"7.019999980926514"
"108324","74841","59850","14025","292624","Shipped","2022-05-24 05:03:13","2022-05-25 20:13:00",NULL,NULL,"7.019999980926514"
"108819","75175","60117","6790","293945","Shipped","2022-04-08 08:42:43","2022-04-06 10:44:00",NULL,NULL,"7.019999980926514"
"126372","87171","69753","6790","341199","Shipped","2022-08-30 08:22:55","2022-09-02 05:15:00",NULL,NULL,"7.019999980926514"
"130781","90214","72247","15958","353119","Shipped","2021-08-31 07:19:53","2021-09-01 14:13:00",NULL,NULL,"7.019999980926514"
"179716","123953","99420","15958","485316","Shipped","2022-08-18 06:39:50","2022-08-18 07:19:00",NULL,NULL,"7.019999980926514"
"39660","27312","21810","6790","107055","Complete","2021-08-23 09:18:20","2021-08-19 15:24:00","2021-08-21 12:22:00",NULL,"7.019999980926514"
"71819","49467","39601","6790","193890","Complete","2022-04-09 03:19:52","2022-04-10 21:31:00","2022-04-10 23:19:00",NULL,"7.019999980926514"
"97909","67663","54067","15958","264495","Complete","2022-05-04 07:36:26","2022-04-30 19:37:00","2022-05-04 21:10:00",NULL,"7.019999980926514"
"126421","87206","69793","14025","341336","Complete","2022-07-20 00:26:30","2022-07-16 15:39:00","2022-07-19 22:56:00",NULL,"7.019999980926514"
"133566","92152","73806","6790","360667","Complete","2022-04-24 07:12:50","2022-04-25 05:28:00","2022-04-26 17:18:00",NULL,"7.019999980926514"
"136019","93863","75225","6790","367309","Complete","2021-01-05 12:14:04","2021-01-07 12:34:00","2021-01-09 19:29:00",NULL,"7.019999980926514"
"159989","110377","88526","6790","431978","Complete","2020-11-19 11:38:10","2020-11-15 14:47:00","2020-11-16 23:46:00",NULL,"7.019999980926514"
"7524","5150","4178","14025","20390","Returned","2021-06-27 16:43:12","2021-06-29 05:40:00","2021-07-01 10:31:00","2021-07-03 22:19:00","7.019999980926514"
"71894","49522","39643","6790","194085","Returned","2022-04-11 09:58:37","2022-04-08 23:44:00","2022-04-09 06:20:00","2022-04-11 06:28:00","7.019999980926514"
"119757","82679","66183","14025","323313","Returned","2022-09-02 04:24:43.447529","2022-09-04 06:06:19.447529","2022-09-05 21:34:19.447529","2022-09-08 14:54:19.447529","7.019999980926514"
"133156","91879","73594","14025","359551","Returned","2022-08-15 10:17:26","2022-08-16 15:07:00","2022-08-21 00:25:00","2022-08-22 16:14:00","7.019999980926514"
"152610","105298","84478","6790","412128","Returned","2022-08-26 20:23:05","2022-08-23 15:51:00","2022-08-25 13:05:00","2022-08-27 20:38:00","7.019999980926514"
"72915","50229","40208","15958","196876","Cancelled","2020-08-11 07:08:28",NULL,NULL,NULL,"7.019999980926514"
"90893","62808","50291","6790","245533","Cancelled","2022-06-21 15:10:17",NULL,NULL,NULL,"7.019999980926514"
"117620","81194","65033","6790","317613","Cancelled","2021-06-11 22:40:27",NULL,NULL,NULL,"7.019999980926514"
"37386","25737","20560","15958","100959","Processing","2021-11-03 15:16:56",NULL,NULL,NULL,"7.019999980926514"
"169463","116873","93700","6790","457618","Processing","2022-07-17 18:57:46",NULL,NULL,NULL,"7.019999980926514"
"176674","121837","97711","6790","477168","Processing","2021-06-06 04:26:33",NULL,NULL,NULL,"7.019999980926514"
"47663","32843","26225","14217","128644","Shipped","2021-01-14 02:03:42","2021-01-12 17:27:00",NULL,NULL,"7.269999980926514"
"114568","79126","63290","14217","309431","Complete","2022-08-14 23:22:24","2022-08-15 07:56:00","2022-08-15 10:54:00",NULL,"7.269999980926514"
"80913","55796","44609","13745","218530","Shipped","2022-01-31 12:12:41","2022-01-30 04:59:00",NULL,NULL,"7.519999980926514"
"152450","105188","84392","13745","411719","Shipped","2020-01-16 04:31:31","2020-01-16 08:09:00",NULL,NULL,"7.519999980926514"
"152964","105527","84661","13745","413069","Shipped","2021-12-08 13:10:23","2021-12-05 19:01:00",NULL,NULL,"7.519999980926514"
"157982","108973","87392","13745","426548","Shipped","2022-09-07 02:55:12.537634","2022-09-05 14:03:45.537634",NULL,NULL,"7.519999980926514"
"179292","123661","99196","13745","484177","Shipped","2022-05-19 15:09:56","2022-05-19 13:22:00",NULL,NULL,"7.519999980926514"
"96485","66680","53304","15499","260625","Complete","2022-06-08 03:49:38","2022-06-09 09:17:00","2022-06-13 02:45:00",NULL,"7.519999980926514"
"139810","96443","77333","15499","377527","Complete","2022-08-27 03:46:27","2022-08-27 01:52:00","2022-08-27 10:05:00",NULL,"7.519999980926514"
"142605","98389","78896","13745","385036","Returned","2022-07-05 05:05:08","2022-07-06 03:36:00","2022-07-08 04:25:00","2022-07-10 13:19:00","7.519999980926514"
"18574","12760","10234","15499","50290","Cancelled","2021-07-10 15:18:19",NULL,NULL,NULL,"7.519999980926514"
"72133","49679","39765","15499","194737","Cancelled","2022-01-29 08:07:11",NULL,NULL,NULL,"7.519999980926514"
"20346","13990","11215","15499","55072","Processing","2020-12-31 02:26:05",NULL,NULL,NULL,"7.519999980926514"
"92903","64196","51377","13745","250927","Processing","2022-07-31 05:11:35",NULL,NULL,NULL,"7.519999980926514"
"151302","104392","83751","13745","408619","Processing","2021-02-08 02:00:07",NULL,NULL,NULL,"7.519999980926514"
"171635","118344","94904","9418","463528","Shipped","2022-09-06 02:52:21","2022-09-05 23:52:00",NULL,NULL,"8.039999961853027"
"33924","23361","18645","9418","91657","Complete","2022-03-28 07:54:58","2022-03-28 15:56:00","2022-03-31 07:59:00",NULL,"8.039999961853027"
"45182","31110","24832","9418","122018","Processing","2021-09-16 23:54:45",NULL,NULL,NULL,"8.039999961853027"
"93885","64872","51913","7320","253579","Shipped","2021-06-21 23:57:49","2021-06-23 14:01:00",NULL,NULL,"8.539999961853027"
"147147","101522","81436","7320","397314","Shipped","2020-08-18 17:02:27","2020-08-19 16:38:00",NULL,NULL,"8.539999961853027"
"180148","124239","99648","7320","486484","Complete","2021-09-25 16:39:58","2021-09-25 20:03:00","2021-09-27 16:37:00",NULL,"8.539999961853027"
"91956","63537","50868","7320","248380","Processing","2022-07-09 09:22:20",NULL,NULL,NULL,"8.539999961853027"
"51198","35292","28175","7901","138186","Shipped","2022-08-11 08:39:23","2022-08-13 22:03:00",NULL,NULL,"9.039999961853027"
"97449","67348","53813","7901","263223","Shipped","2022-02-18 23:52:26","2022-02-19 03:15:00",NULL,NULL,"9.039999961853027"
"99700","68909","55097","7901","269295","Shipped","2022-05-29 08:44:09","2022-05-29 23:00:00",NULL,NULL,"9.039999961853027"
"87834","60701","48603","627","237272","Complete","2020-04-16 12:54:10","2020-04-17 21:29:00","2020-04-21 08:22:00",NULL,"9.039999961853027"
"135275","93342","74775","627","365297","Complete","2020-11-06 02:56:37","2020-11-06 15:01:00","2020-11-10 09:45:00",NULL,"9.039999961853027"
"149746","103347","82896","627","404383","Complete","2022-07-20 01:16:31","2022-07-22 03:12:00","2022-07-26 06:05:00",NULL,"9.039999961853027"
"87964","60797","48672","627","237625","Returned","2022-07-06 13:34:49","2022-07-08 06:48:00","2022-07-11 20:08:00","2022-07-14 10:16:00","9.039999961853027"
"63770","43903","35112","7901","172158","Cancelled","2022-04-18 02:13:55",NULL,NULL,NULL,"9.039999961853027"
"133863","92357","73977","7901","361463","Cancelled","2022-05-12 04:21:06",NULL,NULL,NULL,"9.039999961853027"
"147568","101830","81677","627","398448","Cancelled","2022-05-24 17:16:18",NULL,NULL,NULL,"9.039999961853027"
"98348","67959","54317","627","265680","Processing","2022-08-22 01:53:26",NULL,NULL,NULL,"9.039999961853027"
"101830","70370","56267","7901","275011","Processing","2021-06-09 02:01:36",NULL,NULL,NULL,"9.039999961853027"
"41640","28639","22840","384","112401","Shipped","2021-12-22 13:05:20","2021-12-24 16:02:00",NULL,NULL,"9.539999961853027"
"46052","31703","25287","3022","124349","Shipped","2022-07-22 00:52:44","2022-07-23 04:21:00",NULL,NULL,"9.539999961853027"
"65230","44913","35914","3022","176136","Shipped","2020-06-28 15:45:25","2020-06-29 06:44:00",NULL,NULL,"9.539999961853027"
"65575","45160","36096","3022","177081","Shipped","2022-05-20 01:07:29","2022-05-19 10:38:00",NULL,NULL,"9.539999961853027"
"75726","52183","41784","3022","204453","Complete","2022-02-15 11:02:31","2022-02-15 09:10:00","2022-02-19 14:29:00",NULL,"9.539999961853027"
"141359","97504","78201","3022","381695","Cancelled","2021-07-18 03:15:58",NULL,NULL,NULL,"9.539999961853027"
"60915","41957","33536","384","164452","Processing","2022-03-21 23:14:44",NULL,NULL,NULL,"9.539999961853027"
"25276","17421","13913","3446","68304","Shipped","2022-04-14 02:16:17","2022-04-15 19:54:00",NULL,NULL,"11.039999961853027"
"157257","108473","86993","3446","424610","Shipped","2022-08-24 10:10:45","2022-08-24 16:18:00",NULL,NULL,"11.039999961853027"
"161372","111311","89249","15618","435701","Shipped","2021-11-30 16:18:33","2021-11-29 05:13:00",NULL,NULL,"11.039999961853027"
"75114","51764","41409","3446","202811","Complete","2022-09-04 18:20:02.02698","2022-09-05 19:25:16.02698","2022-09-09 17:00:16.02698",NULL,"11.039999961853027"
"136116","93930","75280","15618","367573","Complete","2021-03-24 00:15:08","2021-03-20 19:28:00","2021-03-22 10:35:00",NULL,"11.039999961853027"
"132911","91698","73452","15618","358903","Returned","2022-06-04 10:06:57","2022-06-02 21:10:00","2022-06-07 03:56:00","2022-06-09 23:17:00","11.039999961853027"
"167866","115761","92801","15618","453321","Returned","2019-11-29 02:34:43","2019-11-30 17:09:00","2019-12-03 17:39:00","2019-12-04 10:08:00","11.039999961853027"
"18131","12460","10018","3446","49121","Processing","2022-08-28 04:40:28",NULL,NULL,NULL,"11.039999961853027"
"67616","46522","37215","3446","182572","Processing","2021-12-11 02:00:48",NULL,NULL,NULL,"11.039999961853027"
"113739","78574","62832","3446","307186","Processing","2021-08-14 12:55:11",NULL,NULL,NULL,"11.039999961853027"
"148533","102485","82215","15618","401087","Processing","2022-05-04 10:18:30",NULL,NULL,NULL,"11.039999961853027"
"177793","122623","98358","15618","480161","Processing","2021-10-10 02:29:05",NULL,NULL,NULL,"11.039999961853027"
"100540","69478","55573","14130","271517","Complete","2022-09-05 02:10:41","2022-09-02 18:17:00","2022-09-03 12:34:00",NULL,"11.539999961853027"
"112657","77817","62241","14130","304284","Returned","2021-07-24 09:49:15","2021-07-24 19:33:00","2021-07-29 10:16:00","2021-07-29 23:56:00","11.539999961853027"
"57775","39815","31824","14130","155906","Cancelled","2022-06-23 01:19:09",NULL,NULL,NULL,"11.539999961853027"
"82156","56696","45343","14130","221842","Processing","2020-07-23 11:18:18",NULL,NULL,NULL,"11.539999961853027"
"13363","9208","7424","7904","36201","Shipped","2021-05-08 17:35:26","2021-05-07 04:03:00",NULL,NULL,"13.039999961853027"
"36356","25036","20018","19257","98158","Shipped","2022-06-12 00:54:21","2022-06-14 04:33:00",NULL,NULL,"13.039999961853027"
"40769","28045","22372","7904","110091","Shipped","2021-08-22 04:23:31","2021-08-20 09:53:00",NULL,NULL,"13.039999961853027"
"137887","95151","76273","19257","372315","Shipped","2022-07-08 12:16:45","2022-07-10 01:23:00",NULL,NULL,"13.039999961853027"
"148330","102363","82110","7904","400524","Shipped","2021-06-08 05:30:44","2021-06-06 06:07:00",NULL,NULL,"13.039999961853027"
"58720","40469","32325","19257","158482","Complete","2021-12-20 04:40:04","2021-12-20 07:37:00","2021-12-22 14:04:00",NULL,"13.039999961853027"
"113271","78244","62581","19257","305941","Complete","2022-06-15 08:47:47","2022-06-17 09:31:00","2022-06-20 07:46:00",NULL,"13.039999961853027"
"176053","121412","97375","19257","475464","Complete","2022-08-03 22:56:01","2022-08-06 19:53:00","2022-08-09 20:49:00",NULL,"13.039999961853027"
"18277","12557","10075","19257","49507","Returned","2021-09-17 13:45:17","2021-09-19 03:30:00","2021-09-23 01:04:00","2021-09-25 16:04:00","13.039999961853027"
"4958","3379","2753","7904","13421","Cancelled","2022-04-16 02:14:56",NULL,NULL,NULL,"13.039999961853027"
"100194","69245","55372","7904","270605","Cancelled","2021-08-29 09:56:49",NULL,NULL,NULL,"13.039999961853027"
"21465","14766","11800","19257","58022","Processing","2021-03-17 01:32:48",NULL,NULL,NULL,"13.039999961853027"
"32126","22109","17682","7904","86793","Processing","2021-12-27 17:29:03",NULL,NULL,NULL,"13.039999961853027"
"14256","9812","7909","4184","38636","Shipped","2022-02-09 09:31:58","2022-02-10 14:26:00",NULL,NULL,"13.539999961853027"
"78260","53969","43172","18434","211281","Shipped","2021-06-25 08:05:04","2021-06-25 16:39:00",NULL,NULL,"13.539999961853027"
"90491","62546","50068","18434","244455","Shipped","2021-05-12 00:52:41","2021-05-09 04:14:00",NULL,NULL,"13.539999961853027"
"98629","68146","54466","18434","266439","Shipped","2020-11-05 12:02:35","2020-11-06 05:56:00",NULL,NULL,"13.539999961853027"
"99397","68692","54922","24658","268490","Shipped","2021-11-10 04:38:48","2021-11-12 16:37:00",NULL,NULL,"13.539999961853027"
"133230","91932","73634","4184","359751","Shipped","2022-06-14 14:40:20","2022-06-15 08:22:00",NULL,NULL,"13.539999961853027"
"180204","124274","99670","4184","486638","Complete","2022-09-03 05:25:00.223512","2022-09-05 10:16:18.223512","2022-09-08 00:21:18.223512",NULL,"13.539999961853027"
"5705","3887","3166","18434","15450","Returned","2021-03-12 09:24:54","2021-03-13 06:53:00","2021-03-14 08:09:00","2021-03-17 00:41:00","13.539999961853027"
"87361","60366","48319","18434","236003","Returned","2021-04-03 07:01:24","2021-04-04 12:07:00","2021-04-09 08:17:00","2021-04-11 02:09:00","13.539999961853027"
"109502","75645","60466","4184","295779","Returned","2022-06-03 13:17:48","2022-06-03 04:24:00","2022-06-07 07:47:00","2022-06-08 17:45:00","13.539999961853027"
"121936","84127","67345","18434","329226","Returned","2021-08-19 14:15:24","2021-08-22 16:22:00","2021-08-24 23:40:00","2021-08-24 23:49:00","13.539999961853027"
"156364","107864","86522","24658","422193","Returned","2022-01-07 05:59:23","2022-01-05 14:03:00","2022-01-05 20:27:00","2022-01-08 10:32:00","13.539999961853027"
"159600","110097","88288","4184","430925","Returned","2020-04-27 08:20:05","2020-04-26 00:29:00","2020-04-30 06:30:00","2020-04-30 14:19:00","13.539999961853027"
"30939","21292","17049","24658","83641","Cancelled","2022-06-14 09:01:44",NULL,NULL,NULL,"13.539999961853027"
"73730","50776","40627","24658","199069","Cancelled","2022-06-09 10:54:13",NULL,NULL,NULL,"13.539999961853027"
"99285","68607","54849","24658","268195","Cancelled","2022-06-11 00:41:01",NULL,NULL,NULL,"13.539999961853027"
"155328","107163","85977","18434","419424","Cancelled","2021-12-29 02:11:25",NULL,NULL,NULL,"13.539999961853027"
"161864","111645","89515","18434","437060","Processing","2022-02-28 02:11:52",NULL,NULL,NULL,"13.539999961853027"
"1220","849","708","11400","3300","Shipped","2019-05-22 03:19:00","2019-05-21 13:44:00",NULL,NULL,"14.539999961853027"
"74285","51176","40959","11400","200579","Shipped","2022-05-29 01:06:00","2022-05-30 13:25:00",NULL,NULL,"14.539999961853027"
"175757","121213","97209","11400","474663","Shipped","2020-05-12 22:55:39","2020-05-13 20:54:00",NULL,NULL,"14.539999961853027"
"105426","72842","58261","11400","284748","Complete","2021-11-30 14:21:40","2021-12-03 14:16:00","2021-12-05 14:58:00",NULL,"14.539999961853027"
"176706","121857","97726","11400","477257","Returned","2021-12-15 02:07:40","2021-12-17 09:30:00","2021-12-20 14:36:00","2021-12-23 10:32:00","14.539999961853027"
"152535","105247","84446","11400","411937","Processing","2022-06-10 17:38:02",NULL,NULL,NULL,"14.539999961853027"
"165551","114176","91537","11400","447113","Processing","2021-12-25 02:49:46",NULL,NULL,NULL,"14.539999961853027"
"6372","4352","3533","9374","17237","Shipped","2022-01-18 10:12:38","2022-01-20 03:03:00",NULL,NULL,"15.539999961853027"
"76299","52585","42080","9374","206045","Shipped","2020-02-26 03:45:07","2020-02-27 09:00:00",NULL,NULL,"15.539999961853027"
"109933","75936","60719","9374","296933","Shipped","2021-04-22 05:37:40","2021-04-24 15:30:00",NULL,NULL,"15.539999961853027"
"36426","25084","20056","9374","98345","Returned","2020-10-01 12:01:47","2020-10-03 12:57:00","2020-10-04 21:46:00","2020-10-04 23:45:00","15.539999961853027"
"76952","53058","42450","9374","207800","Processing","2022-04-02 01:13:55",NULL,NULL,NULL,"15.539999961853027"
"4844","3308","2693","2457","13127","Shipped","2021-09-19 06:18:36","2021-09-21 15:08:00",NULL,NULL,"16.079999923706055"
"8402","5758","4651","17466","22797","Shipped","2022-03-22 09:46:39","2022-03-24 15:43:00",NULL,NULL,"16.079999923706055"
"45124","31077","24809","17466","121863","Shipped","2022-09-01 02:02:36.611582","2022-09-02 21:23:56.611582",NULL,NULL,"16.079999923706055"
"58624","40406","32278","20314","158220","Shipped","2021-04-08 09:56:15","2021-04-10 00:02:00",NULL,NULL,"16.079999923706055"
"8921","6113","4944","20314","24195","Complete","2022-01-29 13:50:46","2022-01-30 08:24:00","2022-01-31 07:12:00",NULL,"16.079999923706055"
"46452","31976","25529","20314","125442","Complete","2020-10-04 11:39:22","2020-10-02 18:25:00","2020-10-06 00:15:00",NULL,"16.079999923706055"
"68119","46879","37501","17466","183917","Complete","2022-07-13 11:17:23","2022-07-16 09:05:00","2022-07-17 00:08:00",NULL,"16.079999923706055"
"69815","48062","38430","22522","188465","Complete","2022-07-02 07:46:13","2022-06-29 21:57:00","2022-07-04 05:05:00",NULL,"16.079999923706055"
"77225","53244","42606","22522","208501","Complete","2022-06-03 10:47:30","2022-06-05 08:49:00","2022-06-05 17:40:00",NULL,"16.079999923706055"
"84406","58313","46639","22171","227968","Complete","2022-06-08 10:29:59","2022-06-05 23:05:00","2022-06-10 11:27:00",NULL,"16.079999923706055"
"100475","69433","55534","2457","271358","Complete","2020-09-22 12:54:21","2020-09-23 19:18:00","2020-09-28 10:12:00",NULL,"16.079999923706055"
"112417","77647","62111","22522","303638","Complete","2022-05-14 17:01:08","2022-05-15 23:52:00","2022-05-20 06:32:00",NULL,"16.079999923706055"
"126534","87281","69853","2457","341644","Complete","2022-01-27 15:15:41","2022-01-27 12:09:00","2022-02-01 06:50:00",NULL,"16.079999923706055"
"132299","91265","73078","22522","357232","Complete","2019-04-20 08:25:21","2019-04-22 09:22:00","2019-04-23 04:55:00",NULL,"16.079999923706055"
"58150","40078","32023","20314","156922","Returned","2021-06-10 00:51:52","2021-06-08 20:27:00","2021-06-09 01:31:00","2021-06-09 09:38:00","16.079999923706055"
"136125","93935","75283","20314","367593","Returned","2022-02-15 01:06:50","2022-02-14 07:23:00","2022-02-15 17:25:00","2022-02-15 17:41:00","16.079999923706055"
"136998","94548","75778","20314","369936","Returned","2020-01-23 03:03:09","2020-01-21 11:49:00","2020-01-21 12:46:00","2020-01-21 13:09:00","16.079999923706055"
"162065","111764","89598","20314","437603","Returned","2022-01-28 23:42:23","2022-01-26 01:12:00","2022-01-28 02:39:00","2022-01-28 14:10:00","16.079999923706055"
"23918","16454","13151","2457","64657","Cancelled","2022-04-05 15:33:27",NULL,NULL,NULL,"16.079999923706055"
"30132","20747","16591","17466","81455","Cancelled","2022-09-07 01:38:52",NULL,NULL,NULL,"16.079999923706055"
"37998","26163","20911","17466","102590","Cancelled","2022-06-20 16:43:26",NULL,NULL,NULL,"16.079999923706055"
"57832","39856","31855","20314","156064","Cancelled","2021-09-09 03:08:02",NULL,NULL,NULL,"16.079999923706055"
"91995","63566","50888","17466","248482","Cancelled","2021-03-09 08:33:37",NULL,NULL,NULL,"16.079999923706055"
"119325","82370","65948","2457","322175","Cancelled","2021-05-01 13:43:07",NULL,NULL,NULL,"16.079999923706055"
"155912","107558","86283","2457","420961","Cancelled","2022-04-25 13:38:55",NULL,NULL,NULL,"16.079999923706055"
"159335","109920","88148","22171","430198","Cancelled","2022-09-04 16:35:24",NULL,NULL,NULL,"16.079999923706055"
"178645","123221","98837","20314","482448","Cancelled","2022-04-30 20:41:54",NULL,NULL,NULL,"16.079999923706055"
"610","442","385","22171","1625","Processing","2022-05-04 10:53:11",NULL,NULL,NULL,"16.079999923706055"
"79193","54599","43680","22171","213822","Processing","2022-03-30 07:31:04",NULL,NULL,NULL,"16.079999923706055"
"101395","70067","56013","22171","273843","Processing","2022-03-23 07:36:16",NULL,NULL,NULL,"16.079999923706055"
"144446","99660","79907","22171","390003","Processing","2022-02-16 14:38:32",NULL,NULL,NULL,"16.079999923706055"
"169441","116863","93689","22522","457562","Processing","2022-09-03 17:19:34.539021",NULL,NULL,NULL,"16.079999923706055"
"171974","118578","95063","2457","464470","Processing","2021-12-08 08:40:01",NULL,NULL,NULL,"16.079999923706055"
"173668","119784","96051","22522","469000","Processing","2021-03-08 23:18:30",NULL,NULL,NULL,"16.079999923706055"
"177198","122197","97981","20314","478580","Processing","2022-03-11 06:37:00",NULL,NULL,NULL,"16.079999923706055"
"38034","26186","20930","17937","102679","Complete","2019-05-19 11:22:30","2019-05-21 03:34:00","2019-05-23 02:16:00",NULL,"34.15999984741211"
"103753","71701","57331","17937","280276","Complete","2022-08-08 08:34:52","2022-08-08 09:36:00","2022-08-11 02:53:00",NULL,"34.15999984741211"
"131983","91051","72935","27444","356354","Complete","2021-03-10 10:35:51","2021-03-11 13:19:00","2021-03-16 03:35:00",NULL,"34.15999984741211"
"156365","107864","86522","27444","422197","Returned","2022-01-05 04:26:14","2022-01-05 14:03:00","2022-01-05 20:27:00","2022-01-08 10:32:00","34.15999984741211"
"49032","33771","26976","27444","132327","Processing","2022-04-11 06:31:08",NULL,NULL,NULL,"34.15999984741211"
"96395","66612","53252","17937","260379","Processing","2020-12-12 13:50:56",NULL,NULL,NULL,"34.15999984741211"
"109322","75518","60373","27444","295296","Processing","2022-02-21 04:37:07",NULL,NULL,NULL,"34.15999984741211"
"154042","106287","85250","27444","415974","Processing","2020-12-01 05:07:17",NULL,NULL,NULL,"34.15999984741211"
"48669","33529","26780","14709","131340","Shipped","2021-11-19 04:15:02","2021-11-17 16:27:00",NULL,NULL,"68.31999969482422"
"156141","107710","86407","14709","421581","Shipped","2022-08-01 22:23:53","2022-08-02 11:32:00",NULL,NULL,"68.31999969482422"
"94583","65342","52271","14709","255490","Complete","2022-04-24 05:08:09","2022-04-26 03:39:00","2022-04-30 17:39:00",NULL,"68.31999969482422"
"126822","87468","70019","14709","342425","Complete","2022-02-11 00:24:21","2022-02-13 14:07:00","2022-02-13 19:38:00",NULL,"68.31999969482422"
"37014","25487","20374","14943","99942","Shipped","2022-04-16 13:04:51","2022-04-15 11:31:00",NULL,NULL,"68.56999969482422"
"96683","66806","53400","14943","261147","Shipped","2022-05-13 12:41:21","2022-05-13 21:06:00",NULL,NULL,"68.56999969482422"
"25451","17536","14010","14943","68774","Complete","2021-08-03 09:31:01","2021-08-05 07:20:00","2021-08-05 09:28:00",NULL,"68.56999969482422"
"148230","102293","82056","14943","400234","Complete","2020-12-27 12:50:36","2020-12-29 23:37:00","2021-01-03 11:48:00",NULL,"68.56999969482422"
"6621","4513","3658","14943","17926","Cancelled","2019-06-13 07:01:00",NULL,NULL,NULL,"68.56999969482422"
"97275","67230","53721","3857","262761","Shipped","2022-05-03 08:54:28","2022-05-06 00:29:00",NULL,NULL,"100.56999969482422"
"143893","99289","79614","3857","388502","Shipped","2019-12-11 03:23:34","2019-12-12 20:06:00",NULL,NULL,"100.56999969482422"
"92801","64120","51319","3857","250653","Complete","2021-07-19 13:31:48","2021-07-19 16:39:00","2021-07-22 14:20:00",NULL,"100.56999969482422"
"16073","11041","8862","3857","43501","Processing","2022-04-06 15:33:00",NULL,NULL,NULL,"100.56999969482422"
"32064","22069","17652","3857","86634","Processing","2022-07-01 13:02:12",NULL,NULL,NULL,"100.56999969482422"
"121646","83940","67204","3857","328449","Processing","2022-03-05 22:07:20",NULL,NULL,NULL,"100.56999969482422"
"33709","23210","18532","8276","91080","Shipped","2021-07-28 00:06:26","2021-07-29 18:07:00",NULL,NULL,"145.13999938964844"
"143959","99334","79647","8372","388686","Shipped","2022-08-30 10:15:17","2022-09-01 07:54:00",NULL,NULL,"145.13999938964844"
"154634","106699","85599","8276","417568","Shipped","2022-04-27 10:11:17","2022-04-29 03:34:00",NULL,NULL,"145.13999938964844"
"170675","117675","94380","8276","460948","Shipped","2022-04-29 06:09:37","2022-04-30 20:16:00",NULL,NULL,"145.13999938964844"
"34111","23490","18750","8712","92162","Complete","2022-06-26 10:19:39","2022-06-27 22:55:00","2022-07-01 23:16:00",NULL,"145.13999938964844"
"109711","75780","60583","8712","296353","Complete","2022-04-17 07:43:50","2022-04-15 12:28:00","2022-04-15 21:25:00",NULL,"145.13999938964844"
"135709","93653","75034","8712","366465","Complete","2020-05-09 10:26:40","2020-05-11 10:30:00","2020-05-13 16:33:00",NULL,"145.13999938964844"
"149898","103449","82980","8372","404801","Complete","2022-07-06 02:01:30","2022-07-07 05:58:00","2022-07-09 14:36:00",NULL,"145.13999938964844"
"168590","116263","93221","8276","455278","Complete","2021-04-07 04:04:49","2021-04-08 07:26:00","2021-04-12 04:05:00",NULL,"145.13999938964844"
"172271","118786","95233","8276","465274","Complete","2020-12-19 17:55:10","2020-12-19 01:26:00","2020-12-23 05:59:00",NULL,"145.13999938964844"
"84884","58643","46892","8276","229281","Returned","2022-08-06 07:42:56","2022-08-08 23:00:00","2022-08-11 03:49:00","2022-08-12 22:08:00","145.13999938964844"
"125357","86477","69203","8372","338446","Cancelled","2022-04-22 22:32:48",NULL,NULL,NULL,"145.13999938964844"
"119551","82527","66076","8276","322778","Processing","2021-04-19 07:05:37",NULL,NULL,NULL,"145.13999938964844"
"176875","121981","97828","8712","477702","Processing","2021-08-12 06:12:40",NULL,NULL,NULL,"145.13999938964844"
"68360","47045","37635","8672","184559","Complete","2022-01-12 23:11:21","2022-01-14 00:06:00","2022-01-16 20:16:00",NULL,"290.2799987792969"
"75185","51805","41440","8672","202991","Complete","2022-06-27 08:39:42","2022-06-28 21:43:00","2022-07-03 08:27:00",NULL,"290.2799987792969"
"7508","5139","4169","8672","20343","Cancelled","2022-08-06 16:35:30",NULL,NULL,NULL,"290.2799987792969"
"156558","107989","86611","8672","422711","Cancelled","2019-12-03 23:04:49",NULL,NULL,NULL,"290.2799987792969"
"131270","90549","72543","8672","354433","Processing","2022-08-30 07:00:33",NULL,NULL,NULL,"290.2799987792969"
"149294","103039","82648","8672","403152","Processing","2022-09-01 04:34:13",NULL,NULL,NULL,"290.2799987792969"
"61728","42508","33992","23374","166632","Shipped","2021-12-04 09:58:23","2021-12-05 09:53:00",NULL,NULL,"34.40999984741211"
"85782","59284","47419","23374","231708","Shipped","2022-04-28 01:07:07","2022-04-30 00:00:00",NULL,NULL,"34.40999984741211"
"148632","102556","82269","23374","401356","Shipped","2022-07-03 22:56:20","2022-07-06 00:09:00",NULL,NULL,"34.40999984741211"
"60980","42001","33570","23374","164622","Cancelled","2020-10-19 08:28:02",NULL,NULL,NULL,"34.40999984741211"
"32357","22266","17805","28875","87418","Shipped","2021-01-02 15:04:04","2021-01-03 14:51:00",NULL,NULL,"100.81999969482422"
"48891","33685","26903","28875","131933","Shipped","2022-04-25 12:22:33","2022-04-25 23:40:00",NULL,NULL,"100.81999969482422"
"71580","49294","39456","28875","193253","Complete","2022-01-20 10:51:53","2022-01-21 18:12:00","2022-01-24 05:39:00",NULL,"100.81999969482422"
"155228","107094","85923","28875","419157","Cancelled","2021-12-11 12:19:03",NULL,NULL,NULL,"100.81999969482422"
"161999","111728","89576","28875","437430","Cancelled","2022-03-15 12:27:13",NULL,NULL,NULL,"100.81999969482422"
"167230","115322","92437","28875","451642","Cancelled","2021-08-12 06:28:32",NULL,NULL,NULL,"100.81999969482422"
"88494","61159","48979","24011","239064","Shipped","2021-04-28 15:50:07","2021-04-30 19:44:00",NULL,NULL,"249.88999938964844"
"5791","3939","3193","24011","15675","Complete","2020-07-05 14:20:22","2020-07-07 21:16:00","2020-07-09 20:11:00",NULL,"249.88999938964844"
"16234","11160","8973","24011","43938","Complete","2022-07-19 15:25:20","2022-07-21 19:57:00","2022-07-21 21:35:00",NULL,"249.88999938964844"
"102716","70965","56723","24011","277443","Complete","2020-12-17 14:37:43","2020-12-17 21:20:00","2020-12-21 03:20:00",NULL,"249.88999938964844"
"126338","87148","69735","24011","341110","Returned","2022-08-20 08:00:53","2022-08-18 10:48:00","2022-08-19 07:09:00","2022-08-21 12:10:00","249.88999938964844"
"123665","85313","68273","24011","333871","Cancelled","2020-09-04 00:22:38",NULL,NULL,NULL,"249.88999938964844"
"132968","91746","73488","24011","359054","Cancelled","2022-05-17 09:31:27",NULL,NULL,NULL,"249.88999938964844"
"120162","82942","66409","24011","324421","Processing","2022-03-21 04:40:52",NULL,NULL,NULL,"249.88999938964844"
"80529","55543","44401","5536","217463","Shipped","2022-03-22 22:39:50","2022-03-23 03:06:00",NULL,NULL,"77.06999969482422"
"127435","87875","70355","5536","344044","Complete","2021-12-12 14:22:56","2021-12-13 16:51:00","2021-12-18 15:25:00",NULL,"77.06999969482422"
"149499","103180","82755","5536","403708","Complete","2022-05-24 13:23:59","2022-05-26 06:01:00","2022-05-28 16:21:00",NULL,"77.06999969482422"
"136966","94528","75764","5536","369856","Cancelled","2019-04-19 02:05:53",NULL,NULL,NULL,"77.06999969482422"
"157676","108747","87211","5536","425733","Cancelled","2022-04-22 02:54:31",NULL,NULL,NULL,"77.06999969482422"
"89040","61541","49267","5536","240549","Processing","2021-04-16 03:58:12",NULL,NULL,NULL,"77.06999969482422"
"138916","95862","76863","5536","375119","Processing","2022-02-05 13:27:20",NULL,NULL,NULL,"77.06999969482422"
"167998","115861","92886","5536","453662","Processing","2022-06-27 15:43:43",NULL,NULL,NULL,"77.06999969482422"
"31867","21929","17546","22325","86118","Shipped","2021-10-01 06:24:57","2021-10-02 16:36:00",NULL,NULL,"81.06999969482422"
"57745","39795","31809","22325","155831","Shipped","2022-07-19 00:43:37","2022-07-17 19:13:00",NULL,NULL,"81.06999969482422"
"99896","69049","55209","22617","269821","Shipped","2022-07-27 10:26:11","2022-07-27 18:57:00",NULL,NULL,"81.06999969482422"
"102107","70557","56411","22617","275781","Shipped","2022-03-11 22:26:11","2022-03-13 20:35:00",NULL,NULL,"81.06999969482422"
"51032","35178","28079","22617","137752","Returned","2020-04-03 13:16:53","2020-04-01 17:32:00","2020-04-03 19:49:00","2020-04-06 01:31:00","81.06999969482422"
"131474","90690","72661","22325","354980","Returned","2022-05-09 05:22:37","2022-05-09 15:37:00","2022-05-12 20:20:00","2022-05-15 01:36:00","81.06999969482422"
"136079","93903","75261","22325","367469","Returned","2021-12-15 13:25:36","2021-12-15 19:45:00","2021-12-17 06:58:00","2021-12-19 20:26:00","81.06999969482422"
"5783","3932","3189","22617","15652","Cancelled","2021-11-25 02:52:28",NULL,NULL,NULL,"81.06999969482422"
"6135","4186","3395","22617","16599","Processing","2022-02-10 06:57:37",NULL,NULL,NULL,"81.06999969482422"
"44460","30604","24426","22325","120084","Processing","2021-10-22 22:26:49",NULL,NULL,NULL,"81.06999969482422"
"64046","44082","35262","22325","172902","Processing","2022-04-18 01:46:27",NULL,NULL,NULL,"81.06999969482422"
"143015","98680","79111","22617","386145","Processing","2021-08-14 05:01:36",NULL,NULL,NULL,"81.06999969482422"
"173755","119843","96099","22617","469219","Processing","2020-07-01 06:17:04",NULL,NULL,NULL,"81.06999969482422"
"4487","3072","2485","4058","12166","Shipped","2022-05-09 22:00:30","2022-05-11 00:02:00",NULL,NULL,"17.329999923706055"
"114915","79372","63492","4058","310375","Shipped","2021-11-07 06:26:08","2021-11-10 03:47:00",NULL,NULL,"17.329999923706055"
"153643","106002","85029","14491","414913","Shipped","2022-08-19 07:56:02","2022-08-20 18:54:00",NULL,NULL,"17.329999923706055"
"161325","111283","89223","4058","435571","Shipped","2020-04-28 01:58:51","2020-04-28 14:44:00",NULL,NULL,"17.329999923706055"
"2144","1469","1191","14491","5809","Complete","2021-07-17 09:28:37","2021-07-19 10:32:00","2021-07-22 22:48:00",NULL,"17.329999923706055"
"20133","13842","11094","4058","54487","Complete","2019-11-22 15:33:28","2019-11-18 22:42:00","2019-11-21 22:31:00",NULL,"17.329999923706055"
"77850","53676","42947","4058","210169","Complete","2022-09-06 05:12:11.750483","2022-09-04 21:41:56.750483","2022-09-05 04:28:56.750483",NULL,"17.329999923706055"
"164873","113712","91163","4058","445267","Complete","2022-03-24 15:06:29","2022-03-23 20:29:00","2022-03-25 01:51:00",NULL,"17.329999923706055"
"176228","121534","97468","4058","475945","Complete","2022-09-07 01:35:20.572838","2022-09-05 20:51:19.572838","2022-09-09 06:12:19.572838",NULL,"17.329999923706055"
"19383","13323","10686","4058","52445","Returned","2020-10-05 01:17:37","2020-10-06 00:07:00","2020-10-06 22:01:00","2020-10-09 04:25:00","17.329999923706055"
"65110","44825","35843","14491","175810","Returned","2020-11-27 08:16:09","2020-11-29 05:53:00","2020-11-30 23:46:00","2020-12-02 20:49:00","17.329999923706055"
"963","676","568","4058","2589","Cancelled","2020-10-10 08:35:15",NULL,NULL,NULL,"17.329999923706055"
"16992","11688","9409","14491","46013","Cancelled","2022-08-31 21:32:14",NULL,NULL,NULL,"17.329999923706055"
"120424","83112","66542","4058","325161","Cancelled","2022-08-28 16:11:10",NULL,NULL,NULL,"17.329999923706055"
"24539","16882","13489","4058","66323","Processing","2021-12-23 12:17:27",NULL,NULL,NULL,"17.329999923706055"
"63350","43614","34873","4058","171053","Processing","2021-01-16 07:37:29",NULL,NULL,NULL,"17.329999923706055"
"27774","19137","15304","7811","75091","Shipped","2022-08-29 23:42:46","2022-08-28 03:52:00",NULL,NULL,"138.88999938964844"
"128867","88880","71197","7811","347945","Shipped","2022-06-08 14:35:42","2022-06-10 14:49:00",NULL,NULL,"138.88999938964844"
"27402","18877","15099","7811","74073","Complete","2019-10-28 11:20:01","2019-10-30 00:48:00","2019-11-01 10:21:00",NULL,"138.88999938964844"
"75438","51982","41595","7811","203674","Cancelled","2021-09-12 10:40:49",NULL,NULL,NULL,"138.88999938964844"
"83720","57822","46227","7811","226113","Processing","2021-02-04 04:10:15",NULL,NULL,NULL,"138.88999938964844"
"58576","40377","32248","7808","158094","Shipped","2022-06-30 18:32:49","2022-06-28 19:02:00",NULL,NULL,"81.56999969482422"
"97928","67675","54074","7808","264547","Cancelled","2022-01-06 09:18:24",NULL,NULL,NULL,"81.56999969482422"
"62543","43075","34442","4507","168840","Shipped","2020-06-11 13:05:25","2020-06-13 17:23:00",NULL,NULL,"163.63999938964844"
"114406","79022","63209","20771","309005","Shipped","2021-04-15 02:08:48","2021-04-15 14:10:00",NULL,NULL,"163.63999938964844"
"154161","106368","85318","20771","416285","Shipped","2021-11-02 23:49:01","2021-11-03 01:22:00",NULL,NULL,"163.63999938964844"
"42819","29466","23485","4507","115639","Complete","2022-09-02 22:27:06","2022-09-04 03:37:00","2022-09-05 04:59:00",NULL,"163.63999938964844"
"54075","37261","29769","20771","145937","Complete","2021-02-03 03:35:23","2021-02-04 02:27:00","2021-02-05 08:38:00",NULL,"163.63999938964844"
"78458","54094","43290","4507","211800","Complete","2022-08-01 04:13:55","2022-07-31 14:02:00","2022-08-01 16:27:00",NULL,"163.63999938964844"
"161728","111564","89448","20771","436684","Complete","2022-05-07 02:24:49","2022-05-08 14:28:00","2022-05-12 22:30:00",NULL,"163.63999938964844"
"173805","119879","96130","4507","469347","Complete","2021-10-30 03:03:26","2021-11-01 05:35:00","2021-11-04 13:40:00",NULL,"163.63999938964844"
"112412","77645","62111","20771","303624","Returned","2020-10-05 14:23:06","2020-10-04 11:56:00","2020-10-09 01:35:00","2020-10-11 12:51:00","163.63999938964844"
"36528","25145","20100","20771","98615","Cancelled","2020-11-13 06:46:55",NULL,NULL,NULL,"163.63999938964844"
"119039","82177","65796","20771","321402","Cancelled","2022-04-07 21:39:57",NULL,NULL,NULL,"163.63999938964844"
"169926","117180","93956","4507","458870","Processing","2021-11-04 13:45:11",NULL,NULL,NULL,"163.63999938964844"
"97370","67297","53773","27075","263014","Shipped","2020-05-11 06:48:16","2020-05-11 12:03:00",NULL,NULL,"227.63999938964844"
"28318","19517","15609","27075","76552","Complete","2022-08-11 04:43:02","2022-08-11 08:55:00","2022-08-15 10:45:00",NULL,"227.63999938964844"
"112466","77680","62139","27075","303764","Complete","2021-05-11 07:48:22","2021-05-12 23:50:00","2021-05-13 06:09:00",NULL,"227.63999938964844"
"145968","100721","80811","27075","394151","Complete","2021-06-15 11:47:25","2021-06-15 17:12:00","2021-06-18 07:42:00",NULL,"227.63999938964844"
"126239","87072","69687","27075","340841","Cancelled","2020-09-28 00:32:07",NULL,NULL,NULL,"227.63999938964844"
"150627","103941","83387","27075","406803","Processing","2022-04-10 14:46:39",NULL,NULL,NULL,"227.63999938964844"
"86432","59721","47783","10398","233482","Shipped","2020-09-01 15:59:12","2020-08-31 13:20:00",NULL,NULL,"86.06999969482422"
"111167","76804","61441","364","300232","Shipped","2020-02-22 06:36:46","2020-02-21 04:03:00",NULL,NULL,"11.789999961853027"
"145388","100311","80439","10398","392576","Complete","2022-03-29 08:48:22","2022-03-30 11:54:00","2022-04-02 19:40:00",NULL,"86.06999969482422"
"99331","68641","54877","10398","268315","Cancelled","2021-03-15 07:08:44",NULL,NULL,NULL,"86.06999969482422"
"7357","5030","4081","10398","19940","Processing","2019-07-26 21:52:25",NULL,NULL,NULL,"86.06999969482422"
"142494","98305","78826","10398","384743","Processing","2022-08-06 14:54:19",NULL,NULL,NULL,"86.06999969482422"
"65888","45357","36258","13618","177909","Shipped","2022-08-29 15:33:35","2022-08-28 03:45:00",NULL,NULL,"110.06999969482422"
"168709","116348","93276","13618","455594","Shipped","2022-06-17 16:01:26","2022-06-16 02:09:00",NULL,NULL,"110.06999969482422"
"24331","16740","13380","13618","65757","Returned","2022-08-15 15:10:38","2022-08-15 00:04:00","2022-08-19 06:08:00","2022-08-21 19:26:00","110.06999969482422"
"129484","89301","71542","13618","349619","Cancelled","2021-03-04 17:45:32",NULL,NULL,NULL,"110.06999969482422"
"26310","18128","14485","13618","71115","Processing","2021-11-01 18:01:22",NULL,NULL,NULL,"110.06999969482422"
"162183","111854","89676","5949","437934","Shipped","2021-11-20 16:04:07","2021-11-19 16:57:00",NULL,NULL,"528.8099975585938"
"15042","10339","8318","5949","40750","Complete","2022-08-21 05:34:49","2022-08-21 14:00:00","2022-08-25 17:12:00",NULL,"528.8099975585938"
"133980","92439","74049","5949","361763","Returned","2022-03-03 02:02:19","2022-03-04 01:15:00","2022-03-05 06:55:00","2022-03-07 00:01:00","528.8099975585938"
"147806","101994","81804","5949","399089","Cancelled","2021-08-26 04:06:33",NULL,NULL,NULL,"528.8099975585938"
"139615","96311","77246","7258","377006","Shipped","2022-07-28 06:17:05","2022-07-31 04:04:00",NULL,NULL,"8.289999961853027"
"172664","119072","95446","7258","466329","Complete","2022-04-21 17:02:18","2022-04-21 18:09:00","2022-04-25 03:09:00",NULL,"8.289999961853027"
"176034","121399","97366","7258","475412","Returned","2022-01-15 03:31:44","2022-01-17 18:18:00","2022-01-20 19:57:00","2022-01-21 18:47:00","8.289999961853027"
"110131","76074","60832","7258","297467","Cancelled","2022-09-05 05:38:51.681579",NULL,NULL,NULL,"8.289999961853027"
"12024","8304","6710","7258","32593","Processing","2020-12-08 10:52:50",NULL,NULL,NULL,"8.289999961853027"
"65984","45422","36315","7258","178173","Processing","2022-05-18 09:25:14",NULL,NULL,NULL,"8.289999961853027"
"142117","98034","78610","7258","383723","Processing","2019-08-30 14:10:21",NULL,NULL,NULL,"8.289999961853027"
"90327","62437","49987","13599","244013","Shipped","2022-04-22 11:02:12","2022-04-23 21:37:00",NULL,NULL,"8.789999961853027"
"135478","93490","74903","13599","365850","Shipped","2022-03-20 04:40:04","2022-03-22 06:46:00",NULL,NULL,"8.789999961853027"
"6481","4417","3583","709","17548","Complete","2022-02-01 07:22:25","2022-02-02 23:51:00","2022-02-06 04:38:00",NULL,"8.789999961853027"
"26010","17925","14326","13599","70282","Complete","2022-07-03 13:18:36","2022-07-03 18:53:00","2022-07-04 10:57:00",NULL,"8.789999961853027"
"169969","117203","93975","13599","458992","Complete","2021-01-25 06:25:40","2021-01-28 06:19:00","2021-01-30 05:07:00",NULL,"8.789999961853027"
"17603","12112","9737","13599","47672","Cancelled","2021-07-05 16:05:06",NULL,NULL,NULL,"8.789999961853027"
"51882","35752","28560","709","140048","Cancelled","2022-02-14 10:04:32",NULL,NULL,NULL,"8.789999961853027"
"180114","124218","99628","709","486398","Cancelled","2022-02-21 23:52:08",NULL,NULL,NULL,"8.789999961853027"
"12370","8525","6885","709","33535","Processing","2019-03-19 01:49:43",NULL,NULL,NULL,"8.789999961853027"
"18092","12441","10007","13599","49018","Processing","2022-03-09 23:17:33",NULL,NULL,NULL,"8.789999961853027"
"25551","17601","14060","13599","69043","Processing","2022-08-30 10:57:08",NULL,NULL,NULL,"8.789999961853027"
"23072","15870","12686","12525","62361","Complete","2022-05-12 01:24:13","2022-05-14 20:43:00","2022-05-15 13:39:00",NULL,"9.289999961853027"
"90669","62661","50163","12525","244951","Complete","2021-12-09 07:58:11","2021-12-12 03:57:00","2021-12-16 19:29:00",NULL,"9.289999961853027"
"145216","100195","80344","12525","392114","Returned","2021-08-10 15:47:29","2021-08-13 06:13:00","2021-08-14 19:11:00","2021-08-15 15:23:00","9.289999961853027"
"5552","3787","3089","14029","15034","Shipped","2022-04-04 22:12:57","2022-04-06 00:06:00",NULL,NULL,"9.789999961853027"
"20722","14247","11400","166","56089","Shipped","2022-06-14 12:41:50","2022-06-13 13:37:00",NULL,NULL,"9.789999961853027"
"28373","19546","15628","166","76702","Shipped","2020-07-02 00:17:03","2020-07-02 11:27:00",NULL,NULL,"9.789999961853027"
"49046","33780","26983","6566","132363","Shipped","2021-02-24 15:19:17","2021-02-26 16:23:00",NULL,NULL,"9.789999961853027"
"69283","47703","38135","14029","187014","Shipped","2022-04-27 09:39:03","2022-04-27 04:41:00",NULL,NULL,"9.789999961853027"
"76272","52564","42064","25308","205968","Shipped","2021-10-25 13:25:00","2021-10-27 19:46:00",NULL,NULL,"9.789999961853027"
"97501","67382","53845","6566","263378","Shipped","2020-10-16 01:00:51","2020-10-17 22:32:00",NULL,NULL,"9.789999961853027"
"155085","106998","85846","25308","418763","Shipped","2021-04-23 10:17:57","2021-04-23 21:29:00",NULL,NULL,"9.789999961853027"
"160351","110627","88704","6566","432954","Shipped","2022-01-04 06:24:35","2022-01-06 01:10:00",NULL,NULL,"9.789999961853027"
"26224","18064","14433","25308","70876","Complete","2022-03-22 06:47:32","2022-03-23 02:40:00","2022-03-23 14:56:00",NULL,"9.789999961853027"
"58659","40429","32294","25308","158316","Complete","2022-08-17 04:57:03","2022-08-13 19:32:00","2022-08-17 16:00:00",NULL,"9.789999961853027"
"62766","43218","34561","25308","169452","Complete","2021-07-11 14:37:34","2021-07-10 16:27:00","2021-07-11 14:07:00",NULL,"9.789999961853027"
"91745","63395","50755","6566","247813","Complete","2021-08-09 08:37:18","2021-08-08 14:28:00","2021-08-08 17:33:00",NULL,"9.789999961853027"
"143403","98954","79341","166","387188","Complete","2021-12-19 13:27:30","2021-12-18 22:00:00","2021-12-21 09:13:00",NULL,"9.789999961853027"
"147837","102015","81820","25308","399176","Complete","2021-05-07 18:26:59","2021-05-07 16:06:00","2021-05-11 19:32:00",NULL,"9.789999961853027"
"171080","117948","94586","25308","462043","Complete","2022-08-06 11:08:25","2022-08-07 13:51:00","2022-08-08 12:05:00",NULL,"9.789999961853027"
"1341","927","780","6566","3645","Returned","2021-08-05 22:19:38","2021-08-07 07:49:00","2021-08-08 20:32:00","2021-08-10 02:29:00","9.789999961853027"
"25687","17697","14130","25308","69424","Returned","2021-11-21 00:16:36","2021-11-21 12:55:00","2021-11-23 06:58:00","2021-11-24 20:47:00","9.789999961853027"
"5441","3714","3031","14029","14739","Cancelled","2022-04-12 17:34:13",NULL,NULL,NULL,"9.789999961853027"
"6197","4226","3427","25308","16764","Cancelled","2021-09-01 13:11:10",NULL,NULL,NULL,"9.789999961853027"
"158527","109352","87699","6566","428009","Cancelled","2019-12-15 18:32:34",NULL,NULL,NULL,"9.789999961853027"
"161574","111452","89358","25308","436257","Cancelled","2020-06-16 16:30:19",NULL,NULL,NULL,"9.789999961853027"
"9543","6567","5326","14029","25887","Processing","2022-05-21 12:37:47",NULL,NULL,NULL,"9.789999961853027"
"68445","47105","37681","14029","184776","Processing","2022-08-26 14:06:32",NULL,NULL,NULL,"9.789999961853027"
"77846","53674","42947","166","210157","Processing","2022-09-03 05:54:13.750483",NULL,NULL,NULL,"9.789999961853027"
"171841","118488","95000","166","464106","Processing","2022-08-11 08:06:46",NULL,NULL,NULL,"9.789999961853027"
"176468","121702","97610","14029","476600","Processing","2019-10-31 05:42:47",NULL,NULL,NULL,"9.789999961853027"
"135631","93602","74994","7007","366259","Complete","2022-03-29 14:55:07","2022-03-30 08:58:00","2022-03-31 05:27:00",NULL,"10.289999961853027"
"96947","66992","53535","7007","261864","Cancelled","2020-10-09 08:44:06",NULL,NULL,NULL,"10.289999961853027"
"114145","78842","63070","7007","308284","Cancelled","2021-09-29 02:16:30",NULL,NULL,NULL,"10.289999961853027"
"35587","24490","19571","7007","96109","Processing","2020-02-27 18:40:38",NULL,NULL,NULL,"10.289999961853027"
"80516","55535","44396","22432","217425","Shipped","2020-09-30 23:32:57","2020-10-02 05:20:00",NULL,NULL,"10.789999961853027"
"724","511","433","22432","1932","Complete","2022-04-12 04:42:30","2022-04-12 16:10:00","2022-04-16 20:37:00",NULL,"10.789999961853027"
"48254","33247","26564","22432","130236","Complete","2022-09-01 03:11:20","2022-08-31 05:52:00","2022-08-31 12:11:00",NULL,"10.789999961853027"
"62524","43060","34429","22432","168783","Complete","2020-04-23 07:42:06","2020-04-23 14:50:00","2020-04-24 01:30:00",NULL,"10.789999961853027"
"19653","13508","10837","22432","53174","Returned","2022-07-28 13:38:28","2022-07-31 09:26:00","2022-08-02 09:27:00","2022-08-04 20:51:00","10.789999961853027"
"28542","19652","15715","22432","77151","Returned","2020-12-19 10:26:35","2020-12-19 17:42:00","2020-12-20 08:40:00","2020-12-22 11:40:00","10.789999961853027"
"130519","90028","72113","22432","352389","Cancelled","2022-07-16 09:48:46",NULL,NULL,NULL,"10.789999961853027"
"180244","124294","99692","22432","486746","Processing","2022-04-22 04:14:26",NULL,NULL,NULL,"10.789999961853027"
"4433","3027","2440","10980","12023","Shipped","2021-08-14 03:57:13","2021-08-12 00:45:00",NULL,NULL,"11.789999961853027"
"6567","4469","3624","3251","17785","Shipped","2022-09-04 08:53:24","2022-09-04 09:17:00",NULL,NULL,"11.789999961853027"
"39237","27012","21572","3251","105940","Shipped","2021-10-27 08:21:40","2021-10-29 01:50:00",NULL,NULL,"11.789999961853027"
"47777","32917","26296","3251","128956","Shipped","2021-02-12 15:26:58","2021-02-15 12:31:00",NULL,NULL,"11.789999961853027"
"54201","37356","29849","364","146264","Shipped","2022-02-23 14:41:08","2022-02-26 16:18:00",NULL,NULL,"11.789999961853027"
"72292","49787","39844","3251","195159","Shipped","2022-07-24 09:16:45","2022-07-24 12:48:00",NULL,NULL,"11.789999961853027"
"114137","78837","63063","10980","308263","Shipped","2022-05-06 00:55:42","2022-05-08 06:20:00",NULL,NULL,"11.789999961853027"
"140643","97017","77809","364","379747","Shipped","2020-05-05 16:29:31","2020-05-05 13:52:00",NULL,NULL,"11.789999961853027"
"20127","13838","11091","10757","54471","Complete","2021-07-26 09:36:07","2021-07-25 02:04:00","2021-07-26 00:22:00",NULL,"11.789999961853027"
"79247","54639","43710","10980","213971","Complete","2020-08-29 04:56:00","2020-08-30 10:55:00","2020-09-02 04:22:00",NULL,"11.789999961853027"
"132285","91258","73072","10757","357193","Returned","2022-06-12 14:00:39","2022-06-14 01:12:00","2022-06-15 04:20:00","2022-06-16 14:29:00","11.789999961853027"
"163838","113013","90627","10757","442411","Returned","2021-10-06 03:45:12","2021-10-04 19:03:00","2021-10-06 21:48:00","2021-10-07 17:23:00","11.789999961853027"
"164484","113459","90973","364","444200","Returned","2022-05-14 01:09:10","2022-05-14 01:58:00","2022-05-15 07:34:00","2022-05-17 03:43:00","11.789999961853027"
"2281","1560","1259","3251","6175","Cancelled","2022-06-20 09:40:29",NULL,NULL,NULL,"11.789999961853027"
"13173","9096","7331","364","35684","Cancelled","2020-06-24 09:48:55",NULL,NULL,NULL,"11.789999961853027"
"154208","106401","85342","10757","416414","Cancelled","2022-01-15 09:22:10",NULL,NULL,NULL,"11.789999961853027"
"821","583","490","3251","2201","Processing","2022-03-01 13:57:52",NULL,NULL,NULL,"11.789999961853027"
"12110","8362","6752","10757","32815","Processing","2022-01-29 06:44:02",NULL,NULL,NULL,"11.789999961853027"
"12909","8906","7185","10757","34977","Processing","2022-01-09 04:05:28",NULL,NULL,NULL,"11.789999961853027"
"23208","15971","12761","364","62723","Processing","2022-03-18 03:01:14",NULL,NULL,NULL,"11.789999961853027"
"91496","63220","50622","3251","247149","Processing","2020-03-16 06:06:46",NULL,NULL,NULL,"11.789999961853027"
"99425","68710","54940","10757","268563","Processing","2022-04-19 07:30:04",NULL,NULL,NULL,"11.789999961853027"
"157032","108310","86861","10757","423993","Processing","2021-11-21 08:39:23",NULL,NULL,NULL,"11.789999961853027"
"161867","111647","89517","364","437067","Processing","2022-01-30 11:51:02",NULL,NULL,NULL,"11.789999961853027"
"163652","112887","90512","10757","441912","Processing","2022-08-07 00:56:50",NULL,NULL,NULL,"11.789999961853027"
"174934","120635","96727","10980","472414","Processing","2021-11-10 15:24:16",NULL,NULL,NULL,"11.789999961853027"
"43492","29920","23858","425","117450","Shipped","2022-08-17 02:00:59","2022-08-16 06:53:00",NULL,NULL,"12.289999961853027"
"45808","31537","25168","425","123688","Shipped","2022-09-07 02:24:12.704503","2022-09-04 03:22:05.704503",NULL,NULL,"12.289999961853027"
"50328","34672","27676","6639","135856","Shipped","2021-09-25 03:29:15","2021-09-27 14:43:00",NULL,NULL,"12.289999961853027"
"59888","41258","32958","425","161665","Shipped","2022-02-12 16:27:20","2022-02-14 15:39:00",NULL,NULL,"12.289999961853027"
"102454","70790","56595","425","276757","Shipped","2022-06-10 22:02:05","2022-06-07 13:35:00",NULL,NULL,"12.289999961853027"
"104139","71965","57539","425","281305","Shipped","2022-07-11 12:40:24","2022-07-14 04:10:00",NULL,NULL,"12.289999961853027"
"111702","77161","61742","6639","301682","Shipped","2022-06-14 01:24:15","2022-06-15 23:08:00",NULL,NULL,"12.289999961853027"
"136166","93964","75306","425","367702","Shipped","2021-10-22 17:35:04","2021-10-23 07:43:00",NULL,NULL,"12.289999961853027"
"168818","116425","93341","6639","455881","Shipped","2022-06-16 07:49:02","2022-06-14 14:17:00",NULL,NULL,"12.289999961853027"
"122057","84197","67396","425","329550","Complete","2021-12-18 04:07:29","2021-12-19 06:34:00","2021-12-23 03:36:00",NULL,"12.289999961853027"
"35690","24560","19628","6639","96381","Returned","2021-09-06 01:43:55","2021-09-08 13:56:00","2021-09-11 09:01:00","2021-09-11 17:00:00","12.289999961853027"
"35071","24137","19268","6639","94744","Cancelled","2021-03-30 07:45:17",NULL,NULL,NULL,"12.289999961853027"
"56373","38857","31069","425","152145","Cancelled","2022-06-02 23:59:33",NULL,NULL,NULL,"12.289999961853027"
"150349","103743","83227","425","406063","Processing","2022-05-13 21:38:38",NULL,NULL,NULL,"12.289999961853027"
"11799","8129","6586","241","31967","Shipped","2022-03-25 14:37:40","2022-03-22 20:50:00",NULL,NULL,"12.789999961853027"
"29787","20519","16395","241","80524","Shipped","2021-06-14 17:26:16","2021-06-16 13:32:00",NULL,NULL,"12.789999961853027"
"30773","21188","16977","241","83189","Shipped","2022-06-24 10:30:35","2022-06-21 23:43:00",NULL,NULL,"12.789999961853027"
"38069","26208","20941","241","102773","Shipped","2021-12-02 07:33:02","2021-12-04 10:35:00",NULL,NULL,"12.789999961853027"
"497","354","308","241","1310","Returned","2022-07-29 16:56:51","2022-07-29 07:03:00","2022-08-03 03:20:00","2022-08-04 01:50:00","12.789999961853027"
"1849","1290","1038","241","5006","Cancelled","2022-07-23 13:12:42",NULL,NULL,NULL,"12.789999961853027"
"160328","110609","88689","241","432896","Cancelled","2022-06-14 22:26:56",NULL,NULL,NULL,"12.789999961853027"
"160304","110592","88679","6477","432832","Shipped","2020-12-19 01:11:54","2020-12-17 03:07:00",NULL,NULL,"13.289999961853027"
"43884","30190","24065","6477","118521","Complete","2020-06-25 13:43:46","2020-06-22 23:10:00","2020-06-25 19:48:00",NULL,"13.289999961853027"
"172872","119224","95569","6477","466907","Complete","2022-08-30 23:54:26","2022-09-02 00:45:00","2022-09-05 21:32:00",NULL,"13.289999961853027"
"31942","21984","17585","6477","86312","Processing","2022-01-11 08:35:44",NULL,NULL,NULL,"13.289999961853027"
"62164","42814","34222","6477","167805","Processing","2019-06-27 10:20:13",NULL,NULL,NULL,"13.289999961853027"
"79261","54650","43716","6477","214010","Processing","2020-07-19 11:13:13",NULL,NULL,NULL,"13.289999961853027"
"9866","6786","5502","26143","26766","Shipped","2020-08-05 06:07:58","2020-08-06 14:49:00",NULL,NULL,"13.789999961853027"
"25984","17906","14310","15583","70211","Shipped","2021-10-04 09:48:57","2021-10-06 02:13:00",NULL,NULL,"13.789999961853027"
"66112","45500","36379","26346","178525","Shipped","2021-01-13 23:38:39","2021-01-11 00:28:00",NULL,NULL,"13.789999961853027"
"67452","46414","37122","26346","182141","Shipped","2022-02-12 14:57:17","2022-02-13 13:24:00",NULL,NULL,"13.789999961853027"
"76605","52803","42251","26346","206852","Shipped","2021-06-07 17:46:58","2021-06-07 23:36:00",NULL,NULL,"13.789999961853027"
"77761","53616","42902","26143","209903","Shipped","2021-08-12 04:55:18","2021-08-13 19:56:00",NULL,NULL,"13.789999961853027"
"86633","59855","47891","26346","234023","Shipped","2022-04-10 13:52:23","2022-04-13 14:39:00",NULL,NULL,"13.789999961853027"
"96363","66591","53232","10746","260295","Shipped","2022-05-15 07:48:49","2022-05-17 05:18:00",NULL,NULL,"13.789999961853027"
"97788","67581","54005","10746","264160","Shipped","2022-08-28 12:51:56","2022-08-28 00:57:00",NULL,NULL,"13.789999961853027"
"119612","82567","66104","3763","322941","Shipped","2022-07-30 06:38:11","2022-07-28 10:49:00",NULL,NULL,"13.789999961853027"
"124521","85904","68754","26346","336154","Shipped","2022-09-01 14:28:35","2022-09-02 00:34:00",NULL,NULL,"13.789999961853027"
"125212","86379","69124","10746","338062","Shipped","2021-08-17 03:17:01","2021-08-16 04:34:00",NULL,NULL,"13.789999961853027"
"175471","121007","97014","14726","473888","Shipped","2021-09-13 05:34:23","2021-09-11 02:53:00",NULL,NULL,"13.789999961853027"
"179612","123875","99360","15583","485048","Shipped","2021-10-21 15:23:10","2021-10-23 00:43:00",NULL,NULL,"13.789999961853027"
"434","308","267","26346","1151","Complete","2020-04-09 02:11:40","2020-04-10 22:29:00","2020-04-13 23:53:00",NULL,"13.789999961853027"
"17364","11949","9603","26304","47034","Complete","2022-06-11 14:41:34","2022-06-14 06:44:00","2022-06-14 18:32:00",NULL,"13.789999961853027"
"24687","16994","13569","26346","66725","Complete","2019-09-08 09:02:59","2019-09-09 01:31:00","2019-09-12 05:03:00",NULL,"13.789999961853027"
"25729","17734","14161","26346","69541","Complete","2021-12-14 00:25:59","2021-12-15 10:34:00","2021-12-18 15:02:00",NULL,"13.789999961853027"
"58062","40017","31976","15583","156695","Complete","2022-07-15 09:09:33","2022-07-15 17:33:00","2022-07-16 03:19:00",NULL,"13.789999961853027"
"60511","41675","33316","26143","163373","Complete","2020-03-31 05:16:38","2020-04-01 11:39:00","2020-04-02 14:09:00",NULL,"13.789999961853027"
"61227","42157","33701","3763","165294","Complete","2022-06-07 05:12:06","2022-06-07 06:55:00","2022-06-07 22:11:00",NULL,"13.789999961853027"
"63702","43860","35079","15583","171976","Complete","2022-03-10 07:55:29","2022-03-10 14:12:00","2022-03-11 14:08:00",NULL,"13.789999961853027"
"83226","57474","45944","26304","224777","Complete","2021-10-18 08:39:51","2021-10-19 22:47:00","2021-10-23 02:42:00",NULL,"13.789999961853027"
"98211","67865","54232","15583","265311","Complete","2020-06-17 12:46:07","2020-06-14 13:04:00","2020-06-16 02:11:00",NULL,"13.789999961853027"
"112573","77757","62193","3763","304050","Complete","2022-06-14 02:44:58","2022-06-12 10:04:00","2022-06-13 19:17:00",NULL,"13.789999961853027"
"147101","101487","81406","26304","397198","Complete","2021-10-31 03:52:53","2021-10-31 20:34:00","2021-11-05 07:02:00",NULL,"13.789999961853027"
"160685","110853","88885","10746","433849","Complete","2019-07-18 14:07:41","2019-07-19 03:06:00","2019-07-21 19:26:00",NULL,"13.789999961853027"
"176142","121478","97421","26304","475712","Complete","2022-07-24 09:03:07","2022-07-27 06:13:00","2022-07-30 08:59:00",NULL,"13.789999961853027"
"179126","123545","99102","26346","483729","Complete","2021-09-22 00:14:44","2021-09-22 09:14:00","2021-09-23 11:04:00",NULL,"13.789999961853027"
"11258","7739","6284","26346","30500","Returned","2021-02-23 00:23:25","2021-02-25 06:09:00","2021-02-25 16:37:00","2021-02-27 16:39:00","13.789999961853027"
"25910","17854","14268","26304","70021","Returned","2022-06-20 13:40:50","2022-06-21 14:59:00","2022-06-22 13:29:00","2022-06-24 02:16:00","13.789999961853027"
"116770","80613","64546","14726","315370","Returned","2022-07-09 07:05:53","2022-07-09 13:46:00","2022-07-13 20:31:00","2022-07-16 09:32:00","13.789999961853027"
"174526","120371","96516","26304","471287","Returned","2021-11-13 00:35:28","2021-11-14 20:24:00","2021-11-15 09:06:00","2021-11-17 11:56:00","13.789999961853027"
"56074","38653","30899","14726","151324","Cancelled","2021-05-25 00:43:35",NULL,NULL,NULL,"13.789999961853027"
"60384","41588","33229","10746","163024","Cancelled","2021-12-13 02:51:29",NULL,NULL,NULL,"13.789999961853027"
"60542","41694","33331","14726","163451","Cancelled","2022-09-04 00:36:24.691207",NULL,NULL,NULL,"13.789999961853027"
"117125","80863","64739","26143","316292","Cancelled","2020-09-15 01:20:48",NULL,NULL,NULL,"13.789999961853027"
"120314","83033","66480","10746","324849","Cancelled","2021-08-13 12:08:23",NULL,NULL,NULL,"13.789999961853027"
"143264","98855","79268","26346","386818","Cancelled","2021-10-17 06:36:43",NULL,NULL,NULL,"13.789999961853027"
"163971","113107","90701","14726","442794","Cancelled","2019-04-24 06:32:09",NULL,NULL,NULL,"13.789999961853027"
"31452","21638","17302","26346","85010","Processing","2022-09-04 02:46:21",NULL,NULL,NULL,"13.789999961853027"
"34854","23987","19151","14726","94160","Processing","2022-08-20 01:30:28",NULL,NULL,NULL,"13.789999961853027"
"95754","66185","52925","26143","258669","Processing","2022-07-30 16:52:10",NULL,NULL,NULL,"13.789999961853027"
"98329","67947","54303","3763","265627","Processing","2022-03-14 11:03:35",NULL,NULL,NULL,"13.789999961853027"
"122688","84644","67749","26346","331273","Processing","2022-04-05 09:02:44",NULL,NULL,NULL,"13.789999961853027"
"125328","86457","69186","14726","338371","Processing","2021-05-06 04:32:59",NULL,NULL,NULL,"13.789999961853027"
"135380","93414","74837","26304","365586","Processing","2022-06-04 16:49:25",NULL,NULL,NULL,"13.789999961853027"
"138871","95831","76837","26143","374998","Processing","2022-08-27 22:01:16",NULL,NULL,NULL,"13.789999961853027"
"98331","67948","54304","2335","265635","Shipped","2022-02-25 17:08:53","2022-02-25 06:55:00",NULL,NULL,"14.289999961853027"
"174879","120598","96694","2335","472269","Shipped","2020-04-29 09:46:49","2020-04-30 22:12:00",NULL,NULL,"14.289999961853027"
"105431","72844","58265","2335","284760","Complete","2021-02-07 11:49:55","2021-02-07 08:58:00","2021-02-07 09:35:00",NULL,"14.289999961853027"
"137676","95006","76157","2335","371738","Complete","2021-07-25 12:49:49","2021-07-23 20:43:00","2021-07-27 17:19:00",NULL,"14.289999961853027"
"37378","25732","20556","2335","100936","Returned","2022-04-28 08:53:15","2022-04-29 07:17:00","2022-05-02 18:13:00","2022-05-04 23:08:00","14.289999961853027"
"38590","26580","21240","2335","104178","Returned","2019-04-10 09:03:36","2019-04-12 01:02:00","2019-04-13 11:25:00","2019-04-14 17:22:00","14.289999961853027"
"154128","106347","85300","2335","416204","Cancelled","2022-08-25 04:20:57",NULL,NULL,NULL,"14.289999961853027"
"30147","20759","16600","2335","81502","Processing","2022-06-01 01:12:10",NULL,NULL,NULL,"14.289999961853027"
"947","666","557","19243","2548","Shipped","2022-08-25 04:15:11","2022-08-26 15:34:00",NULL,NULL,"14.789999961853027"
"4699","3216","2625","19243","12738","Shipped","2022-01-08 00:11:23","2022-01-06 02:04:00",NULL,NULL,"14.789999961853027"
"16363","11249","9038","19243","44290","Shipped","2020-06-07 01:57:57","2020-06-07 22:38:00",NULL,NULL,"14.789999961853027"
"85714","59237","47376","1576","231529","Shipped","2021-09-18 23:57:50","2021-09-19 23:49:00",NULL,NULL,"14.789999961853027"
"59484","40989","32733","1576","160559","Complete","2022-05-13 07:08:05","2022-05-15 17:10:00","2022-05-16 19:05:00",NULL,"14.789999961853027"
"90322","62433","49984","1576","244001","Complete","2022-05-13 04:50:39","2022-05-13 05:22:00","2022-05-16 09:03:00",NULL,"14.789999961853027"
"100045","69142","55284","1576","270219","Complete","2019-06-10 14:57:54","2019-06-10 17:04:00","2019-06-11 21:24:00",NULL,"14.789999961853027"
"93530","64624","51707","1576","252606","Returned","2022-02-17 22:04:57","2022-02-20 02:05:00","2022-02-24 16:17:00","2022-02-25 12:43:00","14.789999961853027"
"30200","20796","16637","19243","81654","Cancelled","2021-09-08 03:18:50",NULL,NULL,NULL,"14.789999961853027"
"39917","27478","21940","1576","107747","Processing","2020-09-21 12:50:53",NULL,NULL,NULL,"14.789999961853027"
"136361","94103","75427","19243","368220","Processing","2021-10-20 13:20:02",NULL,NULL,NULL,"14.789999961853027"
"19360","13309","10669","10598","52387","Shipped","2022-07-17 11:18:03","2022-07-20 07:50:00",NULL,NULL,"16.579999923706055"
"73575","50672","40547","10623","198664","Shipped","2021-12-01 07:20:53","2021-12-04 06:51:00",NULL,NULL,"16.579999923706055"
"81418","56162","44889","10598","219878","Shipped","2019-10-02 09:45:31","2019-10-03 10:41:00",NULL,NULL,"16.579999923706055"
"83047","57344","45840","10623","224279","Shipped","2020-05-18 01:17:22","2020-05-20 19:55:00",NULL,NULL,"16.579999923706055"
"114147","78843","63071","21578","308289","Shipped","2020-06-09 15:01:21","2020-06-11 11:48:00",NULL,NULL,"16.579999923706055"
"121566","83891","67158","10598","328232","Shipped","2022-09-05 16:12:17","2022-09-07 03:47:00",NULL,NULL,"16.579999923706055"
"15196","10440","8409","10598","41158","Complete","2022-05-01 05:04:47","2022-05-03 17:15:00","2022-05-05 06:34:00",NULL,"16.579999923706055"
"42307","29107","23214","10598","114230","Complete","2021-08-19 03:06:57","2021-08-15 12:44:00","2021-08-17 10:35:00",NULL,"16.579999923706055"
"45981","31649","25239","10623","124155","Complete","2022-08-24 05:00:18","2022-08-27 03:05:00","2022-08-31 01:29:00",NULL,"16.579999923706055"
"83222","57471","45943","21505","224767","Complete","2022-01-16 00:20:19","2022-01-17 22:01:00","2022-01-19 20:12:00",NULL,"16.579999923706055"
"127731","88087","70551","21578","344862","Complete","2022-03-27 07:24:09","2022-03-28 16:31:00","2022-04-02 00:09:00",NULL,"16.579999923706055"
"133021","91780","73516","10623","359205","Complete","2020-09-12 10:21:34","2020-09-13 03:23:00","2020-09-17 01:54:00",NULL,"16.579999923706055"
"158962","109650","87939","10598","429189","Complete","2022-05-12 06:17:52","2022-05-14 09:52:00","2022-05-17 23:39:00",NULL,"16.579999923706055"
"175485","121019","97022","10623","473925","Complete","2022-08-07 12:04:05","2022-08-08 23:21:00","2022-08-10 15:56:00",NULL,"16.579999923706055"
"18132","12461","10018","10598","49123","Returned","2022-09-03 05:39:26","2022-09-03 14:32:00","2022-09-03 15:15:00","2022-09-04 13:04:00","16.579999923706055"
"76902","53028","42431","21505","207668","Returned","2021-06-28 17:21:41","2021-06-28 12:53:00","2021-07-03 11:34:00","2021-07-04 13:13:00","16.579999923706055"
"97913","67665","54068","10623","264504","Returned","2022-08-29 15:24:41","2022-08-30 08:32:00","2022-08-31 17:40:00","2022-09-01 23:47:00","16.579999923706055"
"29458","20282","16208","21578","79628","Cancelled","2022-03-21 23:18:45",NULL,NULL,NULL,"16.579999923706055"
"33322","22941","18301","21578","90015","Cancelled","2022-06-29 03:41:20",NULL,NULL,NULL,"16.579999923706055"
"41264","28381","22640","21578","111406","Cancelled","2021-09-07 02:54:13",NULL,NULL,NULL,"16.579999923706055"
"58471","40305","32184","21578","157814","Cancelled","2021-08-11 12:41:00",NULL,NULL,NULL,"16.579999923706055"
"64989","44735","35777","10598","175502","Cancelled","2022-04-08 23:06:49",NULL,NULL,NULL,"16.579999923706055"
"75866","52285","41863","21578","204860","Cancelled","2022-08-26 15:02:38",NULL,NULL,NULL,"16.579999923706055"
"138379","95492","76566","10623","373667","Cancelled","2021-12-17 14:01:04",NULL,NULL,NULL,"16.579999923706055"
"169152","116663","93537","10598","456786","Cancelled","2021-10-28 02:51:23",NULL,NULL,NULL,"16.579999923706055"
"37426","25762","20579","10623","101067","Processing","2022-03-23 01:39:00",NULL,NULL,NULL,"16.579999923706055"
"81939","56531","45190","21578","221271","Processing","2022-09-05 11:54:45.05885",NULL,NULL,NULL,"16.579999923706055"
"91650","63327","50709","21505","247567","Processing","2020-10-25 01:54:17",NULL,NULL,NULL,"16.579999923706055"
"131191","90488","72486","21578","354218","Processing","2021-08-09 07:27:40",NULL,NULL,NULL,"16.579999923706055"
"4767","3263","2662","24497","12920","Shipped","2019-04-30 13:02:26","2019-05-03 01:35:00",NULL,NULL,"17.579999923706055"
"19370","13313","10678","24497","52413","Shipped","2022-04-05 12:09:23","2022-04-04 11:55:00",NULL,NULL,"17.579999923706055"
"33903","23348","18639","24497","91603","Shipped","2021-01-30 04:20:34","2021-01-30 14:05:00",NULL,NULL,"17.579999923706055"
"177388","122336","98109","24497","479083","Shipped","2021-01-02 07:08:50","2021-01-05 03:53:00",NULL,NULL,"17.579999923706055"
"98372","67974","54332","24497","265744","Complete","2020-06-13 03:42:17","2020-06-12 06:18:00","2020-06-16 01:35:00",NULL,"17.579999923706055"
"103671","71645","57285","24497","280049","Cancelled","2020-09-18 10:01:03",NULL,NULL,NULL,"17.579999923706055"
"133211","91922","73629","24497","359700","Cancelled","2021-03-25 11:32:25",NULL,NULL,NULL,"17.579999923706055"
"16148","11100","8912","24497","43710","Processing","2022-08-13 08:37:44",NULL,NULL,NULL,"17.579999923706055"
"49462","34061","27194","24497","133505","Processing","2021-11-07 17:40:08",NULL,NULL,NULL,"17.579999923706055"
"146892","101338","81298","24497","396648","Processing","2021-03-23 08:09:51",NULL,NULL,NULL,"17.579999923706055"
"92080","63626","50938","2282","248706","Shipped","2019-05-24 11:37:45","2019-05-26 21:27:00",NULL,NULL,"33.15999984741211"
"3687","2498","2018","2282","9973","Complete","2021-07-23 11:00:30","2021-07-20 14:28:00","2021-07-23 09:14:00",NULL,"33.15999984741211"
"62261","42879","34280","2282","168071","Complete","2021-10-23 06:18:44","2021-10-23 16:36:00","2021-10-25 03:46:00",NULL,"33.15999984741211"
"24473","16835","13451","2282","66149","Returned","2021-09-26 04:46:35","2021-09-27 20:29:00","2021-10-02 17:38:00","2021-10-05 05:59:00","33.15999984741211"
"56146","38705","30946","2282","151512","Returned","2021-07-17 23:47:40","2021-07-18 03:26:00","2021-07-22 19:22:00","2021-07-23 17:30:00","33.15999984741211"
"6159","4202","3409","2282","16667","Cancelled","2022-09-01 14:26:40",NULL,NULL,NULL,"33.15999984741211"
"22857","15718","12566","2282","61782","Cancelled","2021-04-19 04:01:09",NULL,NULL,NULL,"33.15999984741211"
"47329","32607","26039","2282","127751","Cancelled","2020-11-05 02:49:24",NULL,NULL,NULL,"33.15999984741211"
"128866","88879","71196","2282","347943","Processing","2022-07-09 18:09:42",NULL,NULL,NULL,"33.15999984741211"
"25564","17609","14066","13610","69077","Shipped","2021-12-06 20:30:12","2021-12-07 08:23:00",NULL,NULL,"102.31999969482422"
"62075","42749","34179","15247","167575","Shipped","2021-06-28 16:51:17","2021-06-29 11:03:00",NULL,NULL,"102.31999969482422"
"115430","79724","63783","13610","311757","Shipped","2022-09-01 22:40:24.623511","2022-09-04 06:28:15.623511",NULL,NULL,"102.31999969482422"
"144793","99905","80110","15247","390953","Shipped","2020-01-27 07:26:25","2020-01-27 14:58:00",NULL,NULL,"102.31999969482422"
"126152","87012","69642","15247","340611","Complete","2022-04-04 12:48:57","2022-04-02 19:36:00","2022-04-06 21:46:00",NULL,"102.31999969482422"
"159748","110210","88378","15247","431316","Complete","2022-08-29 00:18:18","2022-08-31 07:51:00","2022-09-02 06:11:00",NULL,"102.31999969482422"
"37432","25765","20583","15247","101082","Cancelled","2020-04-04 14:03:27",NULL,NULL,NULL,"102.31999969482422"
"138901","95852","76856","15247","375080","Cancelled","2020-01-23 16:44:14",NULL,NULL,NULL,"102.31999969482422"
"43068","29632","23635","13610","116295","Processing","2020-06-18 14:51:42",NULL,NULL,NULL,"102.31999969482422"
"59657","41107","32843","15247","161034","Processing","2022-07-06 02:24:36",NULL,NULL,NULL,"102.31999969482422"
"61782","42543","34026","13610","166790","Processing","2021-01-21 10:25:30",NULL,NULL,NULL,"102.31999969482422"
"85405","59013","47178","13610","230690","Processing","2022-09-03 07:01:21",NULL,NULL,NULL,"102.31999969482422"
"161797","111602","89482","19845","436877","Shipped","2021-10-27 10:55:22","2021-10-27 09:06:00",NULL,NULL,"118.56999969482422"
"139946","96536","77414","19845","377883","Complete","2022-02-12 23:51:43","2022-02-13 00:43:00","2022-02-14 01:55:00",NULL,"118.56999969482422"
"106422","73541","58808","19845","287452","Returned","2021-05-03 06:16:39","2021-05-02 12:02:00","2021-05-06 05:04:00","2021-05-07 11:23:00","118.56999969482422"
"29028","19986","15956","19845","78479","Processing","2022-06-11 06:11:26",NULL,NULL,NULL,"118.56999969482422"
"30979","21317","17068","19845","83746","Processing","2022-07-18 23:28:07",NULL,NULL,NULL,"118.56999969482422"
"75088","51744","41398","19845","202736","Processing","2021-06-08 22:13:22",NULL,NULL,NULL,"118.56999969482422"
"150221","103658","83147","19845","405715","Processing","2021-08-24 13:33:38",NULL,NULL,NULL,"118.56999969482422"
"1676","1167","947","7692","4537","Shipped","2021-06-05 14:11:04","2021-06-08 12:50:00",NULL,NULL,"122.56999969482422"
"32359","22267","17806","7692","87422","Shipped","2020-09-20 21:28:56","2020-09-17 22:06:00",NULL,NULL,"122.56999969482422"
"142683","98445","78932","7692","385252","Shipped","2019-05-09 06:29:37","2019-05-10 18:13:00",NULL,NULL,"122.56999969482422"
"158060","109023","87432","7692","426757","Shipped","2020-05-03 17:41:16","2020-05-06 03:04:00",NULL,NULL,"122.56999969482422"
"21168","14549","11628","7692","57261","Complete","2022-03-19 05:25:17","2022-03-17 04:33:00","2022-03-21 11:15:00",NULL,"122.56999969482422"
"42039","28924","23072","7692","113481","Complete","2021-06-16 14:13:30","2021-06-16 04:32:00","2021-06-18 17:12:00",NULL,"122.56999969482422"
"96410","66625","53265","7692","260420","Complete","2022-08-24 00:18:33","2022-08-25 02:24:00","2022-08-25 08:10:00",NULL,"122.56999969482422"
"15261","10488","8445","7692","41331","Returned","2022-07-18 06:50:27","2022-07-16 23:21:00","2022-07-21 19:11:00","2022-07-21 22:31:00","122.56999969482422"
"113735","78571","62831","7692","307175","Processing","2021-02-27 09:56:09",NULL,NULL,NULL,"122.56999969482422"
"143214","98812","79229","7692","386689","Processing","2020-02-25 09:02:52",NULL,NULL,NULL,"122.56999969482422"
"62318","42919","34310","8227","168222","Cancelled","2022-01-13 02:37:19",NULL,NULL,NULL,"122.81999969482422"
"38785","26716","21348","19899","104721","Shipped","2022-06-26 11:47:07","2022-06-27 04:49:00",NULL,NULL,"157.88999938964844"
"46696","32157","25683","20096","126080","Shipped","2021-09-13 05:23:58","2021-09-14 22:36:00",NULL,NULL,"157.88999938964844"
"50475","34771","27756","19992","136250","Shipped","2022-05-01 14:56:13","2022-05-04 12:47:00",NULL,NULL,"157.88999938964844"
"85263","58917","47098","20096","230314","Shipped","2022-04-18 16:02:18","2022-04-20 09:17:00",NULL,NULL,"157.88999938964844"
"93769","64791","51857","19899","253256","Shipped","2022-05-07 03:50:07","2022-05-07 19:02:00",NULL,NULL,"157.88999938964844"
"94573","65335","52269","19992","255465","Shipped","2022-02-01 06:35:51","2022-02-02 08:13:00",NULL,NULL,"157.88999938964844"
"104221","72017","57578","20096","281527","Shipped","2021-06-27 09:20:56","2021-06-26 00:28:00",NULL,NULL,"157.88999938964844"
"107377","74182","59304","20096","290030","Shipped","2021-02-20 09:58:21","2021-02-21 16:13:00",NULL,NULL,"157.88999938964844"
"111404","76959","61582","19992","300875","Shipped","2022-01-19 16:05:47","2022-01-18 15:41:00",NULL,NULL,"157.88999938964844"
"112430","77657","62121","20096","303674","Shipped","2021-06-15 13:23:23","2021-06-18 09:14:00",NULL,NULL,"157.88999938964844"
"121626","83930","67201","20096","328392","Shipped","2022-06-11 01:04:13","2022-06-12 09:40:00",NULL,NULL,"157.88999938964844"
"134579","92850","74390","20096","363420","Shipped","2021-12-22 04:55:11","2021-12-23 12:54:00",NULL,NULL,"157.88999938964844"
"162898","112365","90110","19899","439884","Shipped","2019-07-07 17:00:44","2019-07-08 13:03:00",NULL,NULL,"157.88999938964844"
"33748","23239","18552","19992","91175","Complete","2022-08-28 23:57:21","2022-08-30 21:10:00","2022-08-31 00:09:00",NULL,"157.88999938964844"
"143323","98896","79299","20096","386977","Complete","2020-12-12 22:07:38","2020-12-13 22:07:00","2020-12-16 01:45:00",NULL,"157.88999938964844"
"172327","118827","95259","19992","465432","Complete","2022-03-21 13:35:10","2022-03-21 23:07:00","2022-03-23 22:31:00",NULL,"157.88999938964844"
"150105","103581","83074","19899","405397","Returned","2021-10-02 00:44:39","2021-09-29 21:40:00","2021-10-03 09:08:00","2021-10-04 17:18:00","157.88999938964844"
"154763","106786","85684","19899","417904","Returned","2022-05-17 16:01:01","2022-05-18 01:20:00","2022-05-18 05:25:00","2022-05-20 03:25:00","157.88999938964844"
"14007","9646","7788","19992","37958","Cancelled","2022-09-07 11:20:52",NULL,NULL,NULL,"157.88999938964844"
"71109","48957","39167","19992","191975","Cancelled","2022-07-26 23:37:19",NULL,NULL,NULL,"157.88999938964844"
"175306","120894","96925","20096","473430","Cancelled","2022-01-22 11:48:18",NULL,NULL,NULL,"157.88999938964844"
"7829","5364","4341","19899","21237","Processing","2022-03-07 06:31:23",NULL,NULL,NULL,"157.88999938964844"
"67713","46597","37281","19992","182835","Processing","2019-11-14 14:03:16",NULL,NULL,NULL,"157.88999938964844"
"111286","76881","61510","20096","300550","Processing","2021-04-03 23:41:11",NULL,NULL,NULL,"157.88999938964844"
"118841","82043","65680","20096","320890","Processing","2020-05-28 09:00:50",NULL,NULL,NULL,"157.88999938964844"
"35453","24406","19496","12893","95764","Shipped","2021-04-07 03:25:51","2021-04-09 02:43:00",NULL,NULL,"71.06999969482422"
"49896","34361","27433","12881","134703","Shipped","2020-05-31 15:34:46","2020-05-28 17:21:00",NULL,NULL,"71.06999969482422"
"88053","60861","48717","12893","237868","Shipped","2021-04-18 14:01:17","2021-04-19 19:39:00",NULL,NULL,"71.06999969482422"
"113653","78512","62785","12881","306957","Shipped","2021-03-12 11:45:52","2021-03-12 17:57:00",NULL,NULL,"71.06999969482422"
"176607","121792","97682","12893","476978","Shipped","2022-05-07 11:49:42","2022-05-06 11:59:00",NULL,NULL,"71.06999969482422"
"179910","124074","99514","12881","485838","Shipped","2022-07-29 12:28:11","2022-07-31 02:54:00",NULL,NULL,"71.06999969482422"
"12629","8713","7035","12881","34222","Complete","2021-08-13 08:44:43","2021-08-12 15:32:00","2021-08-16 02:49:00",NULL,"71.06999969482422"
"58674","40438","32304","12881","158358","Complete","2021-02-17 04:48:11","2021-02-14 15:56:00","2021-02-17 02:06:00",NULL,"71.06999969482422"
"68529","47164","37722","12893","184999","Complete","2021-07-26 01:43:21","2021-07-26 23:46:00","2021-07-29 18:27:00",NULL,"71.06999969482422"
"70165","48315","38637","12893","189424","Complete","2022-07-12 08:10:09","2022-07-12 21:21:00","2022-07-14 06:13:00",NULL,"71.06999969482422"
"86107","59501","47604","12881","232607","Complete","2022-06-23 00:15:51","2022-06-19 16:11:00","2022-06-23 22:57:00",NULL,"71.06999969482422"
"135995","93847","75212","12881","367246","Returned","2021-04-28 13:27:28","2021-04-28 17:57:00","2021-04-29 12:53:00","2021-05-01 02:52:00","71.06999969482422"
"116507","80450","64400","12893","314668","Cancelled","2021-05-02 04:46:54",NULL,NULL,NULL,"71.06999969482422"
"11309","7777","6305","12893","30633","Processing","2022-06-22 23:03:33",NULL,NULL,NULL,"71.06999969482422"
"9145","6268","5077","15351","24784","Shipped","2020-02-19 01:20:08","2020-02-17 03:33:00",NULL,NULL,"75.06999969482422"
"9802","6742","5461","10374","26590","Shipped","2021-03-16 21:49:05","2021-03-16 20:04:00",NULL,NULL,"75.06999969482422"
"61282","42196","33737","2481","165438","Shipped","2020-11-09 17:10:45","2020-11-11 06:15:00",NULL,NULL,"75.06999969482422"
"78987","54460","43578","2481","213256","Shipped","2022-07-25 00:04:57","2022-07-24 02:32:00",NULL,NULL,"75.06999969482422"
"103846","71768","57385","2481","280524","Shipped","2022-06-15 03:08:37","2022-06-13 14:16:00",NULL,NULL,"75.06999969482422"
"105606","72967","58364","15351","285251","Shipped","2022-02-01 04:06:17","2022-02-02 07:26:00",NULL,NULL,"75.06999969482422"
"149311","103048","82656","2481","403194","Shipped","2022-08-07 04:28:55","2022-08-05 15:02:00",NULL,NULL,"75.06999969482422"
"44274","30463","24314","10374","119579","Complete","2021-09-02 08:35:31","2021-09-02 19:32:00","2021-09-04 08:29:00",NULL,"75.06999969482422"
"60078","41384","33055","15351","162203","Complete","2022-01-13 02:31:36","2022-01-15 06:39:00","2022-01-19 07:03:00",NULL,"75.06999969482422"
"74376","51243","40997","10374","200822","Complete","2022-05-19 05:19:16","2022-05-20 10:30:00","2022-05-22 06:50:00",NULL,"75.06999969482422"
"140223","96737","77569","10374","378629","Complete","2021-07-26 09:48:04","2021-07-26 12:32:00","2021-07-27 08:38:00",NULL,"75.06999969482422"
"167906","115790","92826","15351","453418","Complete","2022-09-05 22:46:04","2022-09-03 23:39:00","2022-09-08 23:12:00",NULL,"75.06999969482422"
"24034","16533","13216","2481","64972","Cancelled","2022-08-30 09:04:48",NULL,NULL,NULL,"75.06999969482422"
"24553","16892","13498","2481","66359","Cancelled","2022-04-30 08:47:16",NULL,NULL,NULL,"75.06999969482422"
"79647","54930","43928","15351","215062","Cancelled","2022-04-27 16:33:49",NULL,NULL,NULL,"75.06999969482422"
"133962","92428","74036","10374","361718","Cancelled","2021-10-24 10:14:22",NULL,NULL,NULL,"75.06999969482422"
"137322","94753","75955","15351","370792","Cancelled","2021-09-29 02:10:47",NULL,NULL,NULL,"75.06999969482422"
"37574","25867","20664","15351","101459","Processing","2022-08-10 07:22:58",NULL,NULL,NULL,"75.06999969482422"
"93449","64569","51666","2481","252380","Processing","2022-03-06 05:11:45",NULL,NULL,NULL,"75.06999969482422"
"124789","86094","68898","15351","336893","Processing","2022-09-06 00:11:09",NULL,NULL,NULL,"75.06999969482422"
"177162","122175","97964","15351","478480","Processing","2021-05-25 11:39:30",NULL,NULL,NULL,"75.06999969482422"
"345","248","213","8260","912","Shipped","2022-02-19 14:31:25","2022-02-22 00:05:00",NULL,NULL,"119.06999969482422"
"10954","7526","6114","7541","29693","Shipped","2022-01-16 00:46:50","2022-01-18 13:45:00",NULL,NULL,"119.06999969482422"
"44450","30597","24423","7541","120056","Shipped","2022-09-07 11:21:02.338256","2022-09-05 09:56:46.338256",NULL,NULL,"119.06999969482422"
"53212","36678","29312","7541","143585","Shipped","2021-06-13 14:33:04","2021-06-15 10:42:00",NULL,NULL,"119.06999969482422"
"60972","41994","33564","8260","164604","Shipped","2022-08-24 16:07:16","2022-08-24 15:32:00",NULL,NULL,"119.06999969482422"
"101909","70429","56306","7541","275237","Shipped","2022-06-23 11:54:13","2022-06-24 16:23:00",NULL,NULL,"119.06999969482422"
"151197","104325","83698","8260","408344","Shipped","2020-07-16 09:44:52","2020-07-16 21:30:00",NULL,NULL,"119.06999969482422"
"165464","114115","91487","8260","446884","Shipped","2021-07-29 02:25:33","2021-07-29 18:33:00",NULL,NULL,"119.06999969482422"
"171629","118339","94901","8260","463513","Shipped","2021-12-05 06:51:59","2021-12-06 23:54:00",NULL,NULL,"119.06999969482422"
"26762","18436","14719","7541","72339","Complete","2021-12-31 13:09:58","2022-01-01 15:43:00","2022-01-01 20:13:00",NULL,"119.06999969482422"
"111002","76686","61342","7541","299787","Complete","2022-03-25 04:36:06","2022-03-25 07:52:00","2022-03-28 16:45:00",NULL,"119.06999969482422"
"93454","64570","51666","8260","252395","Cancelled","2022-03-21 05:29:34",NULL,NULL,NULL,"119.06999969482422"
"124383","85809","68678","8260","335774","Cancelled","2020-12-05 10:02:03",NULL,NULL,NULL,"119.06999969482422"
"92157","63677","50979","7541","248917","Processing","2021-01-30 09:46:26",NULL,NULL,NULL,"119.06999969482422"
"111099","76756","61405","8260","300043","Processing","2020-04-28 00:22:44",NULL,NULL,NULL,"119.06999969482422"
"142428","98257","78785","8260","384565","Processing","2022-01-09 12:34:27",NULL,NULL,NULL,"119.06999969482422"
"167763","115691","92735","7541","453048","Processing","2021-04-20 06:53:16",NULL,NULL,NULL,"119.06999969482422"
"177648","122522","98271","24204","479772","Shipped","2020-02-14 04:06:06","2020-02-11 16:18:00",NULL,NULL,"230.13999938964844"
"8292","5683","4598","24204","22485","Complete","2020-03-07 09:52:25","2020-03-07 11:17:00","2020-03-09 08:19:00",NULL,"230.13999938964844"
"28162","19409","15522","24204","76121","Complete","2021-10-11 01:06:54","2021-10-10 13:13:00","2021-10-11 23:06:00",NULL,"230.13999938964844"
"115933","80058","64078","24204","313105","Returned","2020-04-28 16:56:33","2020-04-29 03:25:00","2020-05-02 20:26:00","2020-05-03 02:50:00","230.13999938964844"
"175314","120900","96930","24204","473453","Returned","2022-08-25 23:58:17","2022-08-22 21:12:00","2022-08-23 12:15:00","2022-08-26 01:02:00","230.13999938964844"
"5802","3946","3197","24204","15707","Processing","2022-07-31 08:25:47",NULL,NULL,NULL,"230.13999938964844"
"155639","107368","86144","7992","420250","Shipped","2020-08-30 12:52:22","2020-09-01 05:13:00",NULL,NULL,"16.829999923706055"
"82115","56664","45312","7992","221739","Returned","2020-08-22 06:36:36","2020-08-23 21:31:00","2020-08-24 17:26:00","2020-08-25 09:25:00","16.829999923706055"
"53015","36549","29204","27381","143059","Complete","2022-04-27 10:46:11","2022-04-26 12:42:00","2022-04-28 04:05:00",NULL,"33.65999984741211"
"116580","80495","64448","27381","314863","Complete","2022-09-06 00:44:17","2022-09-04 15:55:00","2022-09-09 08:10:00",NULL,"33.65999984741211"
"172102","118675","95145","27381","464825","Returned","2022-04-11 05:56:46","2022-04-12 06:37:00","2022-04-15 06:29:00","2022-04-15 15:32:00","33.65999984741211"
"104465","72180","57704","27381","282189","Cancelled","2021-08-19 10:41:23",NULL,NULL,NULL,"33.65999984741211"
"131916","91004","72896","27381","356169","Cancelled","2022-07-03 05:51:44",NULL,NULL,NULL,"33.65999984741211"
"146188","100871","80928","27381","394746","Cancelled","2019-11-30 15:44:54",NULL,NULL,NULL,"33.65999984741211"
"126110","86984","69614","27381","340499","Processing","2021-02-20 07:47:50",NULL,NULL,NULL,"33.65999984741211"
"172988","119302","95626","27381","467235","Processing","2022-05-25 02:42:14",NULL,NULL,NULL,"33.65999984741211"
"84919","58671","46913","16223","229374","Shipped","2021-10-14 00:49:27","2021-10-12 16:39:00",NULL,NULL,"75.31999969482422"
"91251","63051","50470","16223","246500","Shipped","2022-09-03 05:46:30","2022-09-02 03:24:00",NULL,NULL,"75.31999969482422"
"100212","69259","55381","18140","270649","Shipped","2022-08-16 12:08:56","2022-08-16 03:19:00",NULL,NULL,"75.31999969482422"
"153625","105989","85020","16223","414866","Shipped","2022-03-08 04:41:18","2022-03-09 10:00:00",NULL,NULL,"75.31999969482422"
"8142","5581","4517","18140","22085","Complete","2022-02-08 01:22:09","2022-02-10 02:50:00","2022-02-14 07:04:00",NULL,"75.31999969482422"
"44698","30768","24558","16223","120734","Complete","2019-02-26 16:25:33","2019-02-28 08:48:00","2019-03-03 08:07:00",NULL,"75.31999969482422"
"55900","38529","30792","2966","150858","Complete","2022-09-06 10:09:08.645835","2022-09-04 08:23:34.645835","2022-09-08 20:34:34.645835",NULL,"75.31999969482422"
"87835","60701","48603","2966","237275","Complete","2020-04-19 14:05:38","2020-04-17 21:29:00","2020-04-21 08:22:00",NULL,"75.31999969482422"
"89595","61935","49581","18140","242026","Complete","2022-09-05 09:47:20","2022-09-05 09:15:00","2022-09-06 10:48:00",NULL,"75.31999969482422"
"105134","72654","58095","16223","283980","Complete","2022-07-06 03:41:13","2022-07-07 23:45:00","2022-07-09 04:44:00",NULL,"75.31999969482422"
"167335","115398","92500","2966","451926","Complete","2022-02-13 23:02:10","2022-02-16 01:22:00","2022-02-20 23:19:00",NULL,"75.31999969482422"
"71100","48951","39163","2966","191947","Returned","2022-02-08 08:35:16","2022-02-06 05:38:00","2022-02-09 12:09:00","2022-02-11 15:58:00","75.31999969482422"
"168511","116213","93179","16223","455071","Returned","2022-03-26 09:45:02","2022-03-26 05:51:00","2022-03-30 12:16:00","2022-04-02 08:18:00","75.31999969482422"
"14430","9927","7998","2966","39120","Cancelled","2022-07-16 15:03:32",NULL,NULL,NULL,"75.31999969482422"
"16360","11247","9036","16223","44283","Cancelled","2021-02-20 08:34:00",NULL,NULL,NULL,"75.31999969482422"
"45269","31173","24885","16223","122255","Cancelled","2022-01-16 21:26:52",NULL,NULL,NULL,"75.31999969482422"
"115709","79906","63944","18140","312492","Cancelled","2022-09-03 14:58:10",NULL,NULL,NULL,"75.31999969482422"
"142021","97958","78548","16223","383466","Cancelled","2021-06-24 08:26:32",NULL,NULL,NULL,"75.31999969482422"
"176375","121634","97554","18140","476336","Cancelled","2021-10-18 13:01:18",NULL,NULL,NULL,"75.31999969482422"
"41901","28828","23003","2966","113119","Processing","2022-04-28 07:38:11",NULL,NULL,NULL,"75.31999969482422"
"49103","33815","27009","16223","132517","Processing","2020-10-01 15:48:27",NULL,NULL,NULL,"75.31999969482422"
"112020","77375","61909","16223","302554","Processing","2022-05-18 02:35:48",NULL,NULL,NULL,"75.31999969482422"
"131214","90506","72501","2966","354280","Processing","2021-11-22 05:26:17",NULL,NULL,NULL,"75.31999969482422"
"28362","19540","15624","20427","76673","Shipped","2022-08-21 02:09:01","2022-08-22 20:48:00",NULL,NULL,"71.56999969482422"
"75717","52178","41776","20427","204431","Shipped","2022-01-04 16:14:50","2022-01-06 20:48:00",NULL,NULL,"71.56999969482422"
"107492","74269","59376","20427","290341","Shipped","2022-07-23 13:56:30","2022-07-25 07:37:00",NULL,NULL,"71.56999969482422"
"105664","73015","58400","20427","285410","Complete","2022-09-05 12:00:49.142946","2022-09-06 17:36:49.142946","2022-09-10 08:33:49.142946",NULL,"71.56999969482422"
"131669","90829","72755","20427","355511","Complete","2022-06-15 00:19:21","2022-06-16 17:33:00","2022-06-19 19:04:00",NULL,"71.56999969482422"
"7232","4943","4007","20427","19597","Cancelled","2022-07-05 02:00:43",NULL,NULL,NULL,"71.56999969482422"
"64649","44502","35607","20427","174547","Cancelled","2022-06-17 05:33:31",NULL,NULL,NULL,"71.56999969482422"
"96368","66593","53234","20427","260310","Cancelled","2022-03-20 06:51:33",NULL,NULL,NULL,"71.56999969482422"
"90049","62239","49814","20427","243264","Processing","2021-11-13 12:29:17",NULL,NULL,NULL,"71.56999969482422"
"90661","62655","50157","20427","244926","Processing","2021-12-25 11:55:51",NULL,NULL,NULL,"71.56999969482422"
"130159","89775","71902","20427","351425","Processing","2022-07-12 02:01:11",NULL,NULL,NULL,"71.56999969482422"
"45307","31201","24904","1406","122347","Shipped","2022-09-03 03:53:52.915432","2022-09-04 13:48:58.915432",NULL,NULL,"75.56999969482422"
"113907","78680","62922","1406","307651","Shipped","2022-03-24 06:10:09","2022-03-26 18:29:00",NULL,NULL,"75.56999969482422"
"68446","47106","37682","1406","184778","Complete","2019-10-04 22:30:23","2019-10-07 03:19:00","2019-10-11 04:44:00",NULL,"75.56999969482422"
"87762","60653","48565","1406","237084","Complete","2022-02-06 08:43:50","2022-02-08 15:11:00","2022-02-08 20:00:00",NULL,"75.56999969482422"
"102822","71040","56787","1406","277726","Returned","2022-07-21 09:28:07","2022-07-19 09:56:00","2022-07-20 16:58:00","2022-07-21 15:17:00","75.56999969482422"
"149832","103405","82943","1406","404616","Processing","2022-07-22 11:28:16",NULL,NULL,NULL,"75.56999969482422"
"37639","25919","20703","14013","101631","Shipped","2022-08-17 15:48:31","2022-08-18 22:27:00",NULL,NULL,"79.56999969482422"
"64192","44178","35333","15941","173292","Shipped","2022-02-26 07:43:18","2022-02-26 12:41:00",NULL,NULL,"79.56999969482422"
"71581","49295","39456","28916","193255","Shipped","2022-08-03 13:55:24","2022-08-05 17:45:00",NULL,NULL,"79.56999969482422"
"96415","66630","53273","15941","260432","Shipped","2022-07-09 13:20:42","2022-07-11 04:09:00",NULL,NULL,"79.56999969482422"
"118940","82115","65740","15941","321136","Shipped","2022-08-05 12:53:25","2022-08-08 00:51:00",NULL,NULL,"79.56999969482422"
"131850","90956","72859","28916","355989","Shipped","2021-07-15 15:49:23","2021-07-16 00:17:00",NULL,NULL,"79.56999969482422"
"142763","98502","78973","28916","385464","Shipped","2021-12-21 07:46:02","2021-12-22 04:55:00",NULL,NULL,"79.56999969482422"
"143544","99051","79427","14013","387573","Shipped","2022-08-31 11:17:26","2022-09-02 17:47:00",NULL,NULL,"79.56999969482422"
"152821","105437","84591","28916","412695","Shipped","2022-08-30 15:42:38","2022-08-31 05:08:00",NULL,NULL,"79.56999969482422"
"156637","108043","86651","14013","422918","Shipped","2022-03-12 03:28:49","2022-03-13 02:19:00",NULL,NULL,"79.56999969482422"
"36057","24823","19845","15941","97378","Complete","2022-01-15 07:46:26","2022-01-16 03:20:00","2022-01-19 18:45:00",NULL,"79.56999969482422"
"66738","45917","36715","15941","180193","Complete","2020-10-23 01:00:48","2020-10-24 13:16:00","2020-10-25 23:37:00",NULL,"79.56999969482422"
"116832","80660","64577","28916","315522","Complete","2022-05-13 13:44:55","2022-05-14 19:01:00","2022-05-18 16:48:00",NULL,"79.56999969482422"
"124797","86099","68901","14013","336913","Complete","2021-07-17 06:48:33","2021-07-17 15:35:00","2021-07-19 06:42:00",NULL,"79.56999969482422"
"20927","14390","11519","14013","56639","Returned","2022-06-17 22:16:57","2022-06-19 15:42:00","2022-06-22 05:48:00","2022-06-22 06:15:00","79.56999969482422"
"99991","69114","55262","28916","270067","Returned","2022-04-08 07:46:08","2022-04-07 04:21:00","2022-04-07 04:23:00","2022-04-07 16:49:00","79.56999969482422"
"94454","65256","52206","28916","255149","Cancelled","2022-02-19 22:05:17",NULL,NULL,NULL,"79.56999969482422"
"37806","26025","20796","14013","102063","Processing","2022-02-11 23:59:36",NULL,NULL,NULL,"79.56999969482422"
"149098","102894","82535","15941","402624","Processing","2022-05-16 00:07:51",NULL,NULL,NULL,"79.56999969482422"
"173756","119843","96099","28916","469223","Processing","2020-06-29 06:21:35",NULL,NULL,NULL,"79.56999969482422"
"69697","47992","38373","19303","188137","Shipped","2020-06-25 14:16:41","2020-06-26 15:09:00",NULL,NULL,"87.56999969482422"
"134470","92781","74334","19303","363105","Shipped","2022-08-04 01:18:41","2022-08-06 01:32:00",NULL,NULL,"87.56999969482422"
"171534","118271","94854","19303","463263","Shipped","2021-02-05 16:16:35","2021-02-06 19:21:00",NULL,NULL,"87.56999969482422"
"172920","119258","95594","19303","467042","Shipped","2022-07-29 07:08:42","2022-07-26 18:09:00",NULL,NULL,"87.56999969482422"
"66390","45679","36515","19303","179273","Returned","2021-05-28 13:37:24","2021-05-29 09:54:00","2021-06-02 02:56:00","2021-06-03 10:19:00","87.56999969482422"
"173145","119411","95728","19303","467644","Processing","2021-07-30 00:23:08",NULL,NULL,NULL,"87.56999969482422"
"32960","22694","18123","7805","89046","Shipped","2022-06-22 14:14:14","2022-06-22 22:55:00",NULL,NULL,"247.38999938964844"
"39323","27070","21625","7805","106172","Shipped","2020-10-24 23:01:50","2020-10-25 23:10:00",NULL,NULL,"247.38999938964844"
"101805","70352","56252","7805","274941","Shipped","2022-04-23 00:18:09","2022-04-25 02:14:00",NULL,NULL,"247.38999938964844"
"139892","96501","77377","7805","377741","Shipped","2022-06-30 14:33:12","2022-07-02 14:04:00",NULL,NULL,"247.38999938964844"
"3508","2372","1909","7805","9486","Complete","2021-06-06 11:57:22","2021-06-07 04:02:00","2021-06-08 08:06:00",NULL,"247.38999938964844"
"108749","75125","60067","7805","293763","Complete","2021-11-06 15:14:18","2021-11-07 04:19:00","2021-11-09 12:07:00",NULL,"247.38999938964844"
"158982","109665","87949","7805","429243","Complete","2022-02-17 22:03:33","2022-02-16 07:54:00","2022-02-20 14:34:00",NULL,"247.38999938964844"
"111731","77181","61753","7805","301761","Cancelled","2022-06-25 11:48:31",NULL,NULL,NULL,"247.38999938964844"
"103282","71363","57043","7805","278979","Processing","2021-02-19 23:36:41",NULL,NULL,NULL,"247.38999938964844"
"75691","52160","41764","9791","204362","Complete","2022-07-22 23:10:39","2022-07-25 18:06:00","2022-07-27 11:53:00",NULL,"33.90999984741211"
"28264","19478","15583","9791","76408","Returned","2022-08-20 13:38:21","2022-08-23 01:37:00","2022-08-24 09:34:00","2022-08-25 05:14:00","33.90999984741211"
"133594","92169","73814","9791","360740","Cancelled","2021-10-16 07:25:23",NULL,NULL,NULL,"33.90999984741211"
"166599","114887","92101","9791","449950","Cancelled","2022-07-27 12:13:16",NULL,NULL,NULL,"33.90999984741211"
"138513","95580","76633","9791","374019","Processing","2021-02-17 12:02:14",NULL,NULL,NULL,"33.90999984741211"
"161710","111552","89440","9791","436634","Processing","2022-04-16 05:03:21",NULL,NULL,NULL,"33.90999984741211"
"18857","12959","10387","14173","51031","Shipped","2022-09-03 18:06:24.278189","2022-09-06 04:37:22.278189",NULL,NULL,"83.81999969482422"
"150504","103856","83320","14173","406482","Shipped","2021-07-28 00:53:05","2021-07-29 23:14:00",NULL,NULL,"83.81999969482422"
"2560","1751","1416","14173","6922","Complete","2022-04-27 12:47:07","2022-04-24 04:35:00","2022-04-25 11:37:00",NULL,"83.81999969482422"
"167673","115629","92680","14173","452810","Complete","2022-03-03 03:38:22","2022-03-02 12:43:00","2022-03-04 21:05:00",NULL,"83.81999969482422"
"160597","110800","88847","14173","433619","Cancelled","2021-05-19 11:44:43",NULL,NULL,NULL,"83.81999969482422"
"164490","113462","90977","14173","444217","Cancelled","2022-06-02 15:00:07",NULL,NULL,NULL,"83.81999969482422"
"129959","89631","71792","14173","350896","Processing","2021-06-16 05:25:31",NULL,NULL,NULL,"83.81999969482422"
"570","409","359","28504","1503","Shipped","2021-11-14 03:27:57","2021-11-15 01:19:00",NULL,NULL,"135.63999938964844"
"30974","21315","17068","28504","83735","Shipped","2022-05-12 23:45:53","2022-05-15 22:01:00",NULL,NULL,"135.63999938964844"
"33619","23144","18478","28504","90821","Shipped","2021-10-10 10:42:28","2021-10-09 01:37:00",NULL,NULL,"135.63999938964844"
"53404","36812","29412","28504","144114","Shipped","2022-05-05 04:51:55","2022-05-06 01:31:00",NULL,NULL,"135.63999938964844"
"14787","10172","8183","28504","40056","Complete","2021-06-06 14:19:34","2021-06-04 20:58:00","2021-06-05 20:30:00",NULL,"135.63999938964844"
"133121","91855","73574","28504","359462","Complete","2022-05-04 08:49:32","2022-05-03 09:12:00","2022-05-07 00:57:00",NULL,"135.63999938964844"
"164292","113325","90866","28504","443673","Returned","2021-12-20 08:03:01","2021-12-21 06:35:00","2021-12-22 04:51:00","2021-12-25 02:06:00","135.63999938964844"
"10174","6997","5695","28504","27589","Cancelled","2022-06-26 14:01:09",NULL,NULL,NULL,"135.63999938964844"
"102451","70789","56594","28504","276747","Processing","2020-11-20 18:15:52",NULL,NULL,NULL,"135.63999938964844"
"105349","72797","58227","28504","284551","Processing","2022-06-19 06:43:16",NULL,NULL,NULL,"135.63999938964844"
"141339","97486","78178","28504","381637","Processing","2021-11-26 05:08:20",NULL,NULL,NULL,"135.63999938964844"
"95195","65793","52635","1494","257138","Processing","2022-05-18 14:18:26",NULL,NULL,NULL,"143.63999938964844"
"84856","58621","46877","18524","229208","Shipped","2020-08-18 16:14:32","2020-08-19 08:00:00",NULL,NULL,"68.01000213623047"
"117594","81177","65021","18524","317542","Shipped","2022-01-23 10:52:11","2022-01-25 19:57:00",NULL,NULL,"68.01000213623047"
"175977","121367","97336","18524","475247","Complete","2022-09-08 10:58:48.005337","2022-09-07 04:12:16.005337","2022-09-08 04:30:16.005337",NULL,"68.01000213623047"
"117791","81315","65119","18524","318076","Returned","2022-07-15 22:20:12","2022-07-17 16:51:00","2022-07-19 18:02:00","2022-07-22 01:39:00","68.01000213623047"
"6965","4751","3855","18524","18862","Cancelled","2022-07-20 16:52:57",NULL,NULL,NULL,"68.01000213623047"
"13911","9584","7729","18524","37699","Processing","2022-03-04 00:23:10",NULL,NULL,NULL,"68.01000213623047"
"3736","2532","2048","13626","10103","Shipped","2021-02-06 10:43:18","2021-02-08 09:10:00",NULL,NULL,"136.27000427246094"
"28719","19773","15803","15256","77631","Shipped","2022-04-25 09:39:56","2022-04-25 15:25:00",NULL,NULL,"136.27000427246094"
"46595","32083","25612","13626","125808","Shipped","2021-08-19 15:14:48","2021-08-21 22:49:00",NULL,NULL,"136.27000427246094"
"112888","77971","62371","15256","304907","Shipped","2020-06-07 01:18:22","2020-06-08 19:06:00",NULL,NULL,"136.27000427246094"
"92307","63774","51057","15256","249318","Complete","2022-04-16 14:00:08","2022-04-19 15:30:00","2022-04-22 18:12:00",NULL,"136.27000427246094"
"122514","84526","67657","13626","330798","Complete","2021-12-19 23:55:41","2021-12-19 19:08:00","2021-12-20 03:13:00",NULL,"136.27000427246094"
"161284","111251","89193","13626","435459","Complete","2021-09-12 07:44:13","2021-09-12 15:05:00","2021-09-14 03:21:00",NULL,"136.27000427246094"
"168207","115999","92993","15256","454250","Processing","2020-01-24 12:16:36",NULL,NULL,NULL,"136.27000427246094"
"62743","43205","34552","7631","169385","Shipped","2020-06-16 10:37:44","2020-06-18 10:13:00",NULL,NULL,"144.27000427246094"
"145113","100127","80295","7631","391831","Shipped","2021-08-20 12:52:06","2021-08-17 17:36:00",NULL,NULL,"144.27000427246094"
"31207","21474","17184","11639","84348","Complete","2022-04-14 13:42:28","2022-04-15 23:04:00","2022-04-17 18:15:00",NULL,"32.130001068115234"
"99005","68407","54695","11639","267443","Complete","2022-04-03 00:44:23","2022-04-02 08:01:00","2022-04-05 15:06:00",NULL,"32.130001068115234"
"80105","55246","44187","11639","216291","Cancelled","2022-04-21 07:35:00",NULL,NULL,NULL,"32.130001068115234"
"84363","58285","46617","11639","227849","Processing","2022-07-22 02:48:52",NULL,NULL,NULL,"32.130001068115234"
"86278","59616","47697","22495","233052","Shipped","2021-06-30 08:06:03","2021-06-30 07:27:00",NULL,NULL,"36.130001068115234"
"102328","70707","56535","22495","276397","Shipped","2021-12-29 14:55:13","2021-12-31 09:59:00",NULL,NULL,"36.130001068115234"
"165674","114263","91607","22495","447457","Shipped","2020-03-17 08:43:40","2020-03-16 05:36:00",NULL,NULL,"36.130001068115234"
"71390","49159","39345","22495","192744","Complete","2021-05-10 22:12:24","2021-05-13 04:12:00","2021-05-14 19:09:00",NULL,"36.130001068115234"
"142300","98165","78713","22495","384218","Complete","2022-02-26 17:59:29","2022-02-25 19:27:00","2022-02-26 04:17:00",NULL,"36.130001068115234"
"151900","104804","84105","22495","410245","Complete","2021-04-15 18:00:03","2021-04-16 18:40:00","2021-04-17 05:09:00",NULL,"36.130001068115234"
"135174","93259","74709","22495","365026","Processing","2022-08-25 08:18:16",NULL,NULL,NULL,"36.130001068115234"
"75387","51944","41565","22033","203535","Shipped","2021-02-07 09:33:38","2021-02-10 06:49:00",NULL,NULL,"38.130001068115234"
"164455","113441","90956","22033","444120","Shipped","2022-02-25 12:23:44","2022-02-28 07:44:00",NULL,NULL,"38.130001068115234"
"34775","23931","19106","22033","93942","Cancelled","2022-09-03 01:50:25.054976",NULL,NULL,NULL,"38.130001068115234"
"74782","51525","41244","22033","201895","Cancelled","2022-04-25 06:52:45",NULL,NULL,NULL,"38.130001068115234"
"1202","836","697","23414","3253","Shipped","2022-06-21 05:40:35","2022-06-20 22:08:00",NULL,NULL,"40.130001068115234"
"9034","6192","5001","5558","24493","Shipped","2021-10-29 12:55:34","2021-10-30 17:58:00",NULL,NULL,"40.130001068115234"
"27149","18705","14954","5558","73405","Shipped","2022-05-08 11:16:10","2022-05-07 20:19:00",NULL,NULL,"40.130001068115234"
"34001","23415","18681","5558","91860","Shipped","2022-08-05 09:41:42","2022-08-03 18:50:00",NULL,NULL,"40.130001068115234"
"120546","83195","66614","5558","325500","Shipped","2019-11-16 12:36:52","2019-11-13 01:11:00",NULL,NULL,"40.130001068115234"
"129356","89205","71461","23414","349285","Shipped","2022-06-26 21:49:39","2022-06-25 19:25:00",NULL,NULL,"40.130001068115234"
"10760","7399","6020","26837","29160","Complete","2020-12-03 21:17:39","2020-12-04 09:52:00","2020-12-04 21:29:00",NULL,"40.130001068115234"
"70384","48473","38767","26837","190028","Complete","2021-04-29 10:23:50","2021-04-28 11:41:00","2021-05-03 04:47:00",NULL,"40.130001068115234"
"143413","98959","79344","26837","387212","Complete","2022-01-22 00:22:59","2022-01-24 17:48:00","2022-01-27 21:08:00",NULL,"40.130001068115234"
"74334","51213","40981","26837","200711","Cancelled","2022-04-20 00:13:51",NULL,NULL,NULL,"40.130001068115234"
"82001","56578","45225","23414","221437","Cancelled","2022-07-16 01:35:58",NULL,NULL,NULL,"40.130001068115234"
"125992","86895","69541","23414","340169","Cancelled","2021-10-15 07:28:11",NULL,NULL,NULL,"40.130001068115234"
"106468","73577","58836","5558","287578","Processing","2022-04-18 11:17:11",NULL,NULL,NULL,"40.130001068115234"
"150103","103579","83071","26837","405393","Processing","2022-05-05 00:15:51",NULL,NULL,NULL,"40.130001068115234"
"35895","24707","19757","6458","96929","Shipped","2021-08-10 09:33:57","2021-08-08 21:41:00",NULL,NULL,"44.130001068115234"
"82716","57098","45647","6458","223397","Cancelled","2022-06-15 09:01:22",NULL,NULL,NULL,"44.130001068115234"
"116178","80219","64214","6458","313779","Cancelled","2020-03-24 03:54:46",NULL,NULL,NULL,"44.130001068115234"
"42137","28991","23120","6458","113753","Processing","2020-10-02 00:49:37",NULL,NULL,NULL,"44.130001068115234"
"12686","8757","7070","3891","34375","Shipped","2022-03-19 22:58:12","2022-03-17 23:48:00",NULL,NULL,"52.130001068115234"
"26871","18515","14786","23139","72619","Shipped","2022-07-30 10:30:46","2022-07-30 22:14:00",NULL,NULL,"52.130001068115234"
"37468","25791","20604","22844","101182","Shipped","2021-11-21 11:27:39","2021-11-22 12:11:00",NULL,NULL,"52.130001068115234"
"39916","27477","21938","23309","107745","Shipped","2020-11-22 01:41:21","2020-11-21 18:46:00",NULL,NULL,"52.130001068115234"
"41205","28342","22608","22844","111245","Shipped","2020-08-03 23:35:40","2020-08-04 14:21:00",NULL,NULL,"52.130001068115234"
"46187","31793","25371","22844","124712","Shipped","2021-05-14 09:12:16","2021-05-16 10:03:00",NULL,NULL,"52.130001068115234"
"67257","46277","37006","23139","181621","Shipped","2022-04-12 09:14:42","2022-04-15 00:51:00",NULL,NULL,"52.130001068115234"
"73686","50747","40604","6926","198954","Shipped","2022-09-03 08:19:25.417676","2022-09-01 10:58:54.417676",NULL,NULL,"52.130001068115234"
"80891","55783","44593","7219","218466","Shipped","2022-03-09 07:40:48","2022-03-09 13:24:00",NULL,NULL,"52.130001068115234"
"86658","59878","47908","7219","234089","Shipped","2022-07-10 03:38:16","2022-07-10 05:30:00",NULL,NULL,"52.130001068115234"
"97887","67647","54054","23590","264437","Shipped","2021-12-11 16:16:43","2021-12-14 14:02:00",NULL,NULL,"52.130001068115234"
"108100","74678","59716","23242","292024","Shipped","2022-03-14 05:09:33","2022-03-12 06:08:00",NULL,NULL,"52.130001068115234"
"115594","79831","63878","23062","312182","Shipped","2022-02-09 09:45:48","2022-02-08 16:34:00",NULL,NULL,"52.130001068115234"
"128541","88649","71009","22844","347080","Shipped","2022-01-13 00:09:55","2022-01-11 20:20:00",NULL,NULL,"52.130001068115234"
"129092","89024","71322","23242","348575","Shipped","2022-08-24 07:18:14","2022-08-27 02:45:00",NULL,NULL,"52.130001068115234"
"131314","90584","72568","6926","354544","Shipped","2022-04-13 11:35:27","2022-04-14 12:32:00",NULL,NULL,"52.130001068115234"
"150467","103830","83303","23309","406386","Shipped","2022-04-29 06:07:39","2022-05-02 04:03:00",NULL,NULL,"52.130001068115234"
"161452","111366","89288","23242","435922","Shipped","2022-01-15 14:50:47","2022-01-18 06:42:00",NULL,NULL,"52.130001068115234"
"167720","115659","92705","22914","452927","Shipped","2022-06-24 23:42:39","2022-06-27 11:09:00",NULL,NULL,"52.130001068115234"
"17413","11981","9630","3891","47169","Complete","2021-04-22 18:03:16","2021-04-22 19:36:00","2021-04-25 14:09:00",NULL,"52.130001068115234"
"20993","14437","11552","7219","56815","Complete","2022-08-20 15:12:46","2022-08-21 16:24:00","2022-08-26 15:14:00",NULL,"52.130001068115234"
"63959","44029","35217","23139","172674","Complete","2022-03-28 12:09:12","2022-03-27 04:26:00","2022-03-30 00:27:00",NULL,"52.130001068115234"
"68730","47304","37834","3891","185544","Complete","2019-08-06 15:47:08","2019-08-08 03:57:00","2019-08-11 03:31:00",NULL,"52.130001068115234"
"69524","47874","38282","23590","187665","Complete","2021-12-01 14:29:56","2021-11-30 04:19:00","2021-12-02 08:46:00",NULL,"52.130001068115234"
"81529","56249","44952","22914","220180","Complete","2022-08-20 06:39:45","2022-08-21 23:20:00","2022-08-25 09:19:00",NULL,"52.130001068115234"
"83242","57485","45953","22914","224827","Complete","2022-09-02 01:03:39.243475","2022-09-02 12:03:16.243475","2022-09-05 07:45:16.243475",NULL,"52.130001068115234"
"85199","58878","47072","23590","230132","Complete","2020-10-28 11:53:43","2020-10-29 22:03:00","2020-11-01 13:15:00",NULL,"52.130001068115234"
"106440","73556","58822","7219","287502","Complete","2020-07-27 13:05:50","2020-07-28 06:01:00","2020-07-29 03:30:00",NULL,"52.130001068115234"
"128211","88422","70819","22844","346183","Complete","2022-06-16 08:42:20","2022-06-17 11:57:00","2022-06-18 05:33:00",NULL,"52.130001068115234"
"130672","90136","72188","23062","352820","Complete","2021-05-29 13:27:35","2021-05-30 06:41:00","2021-05-30 17:33:00",NULL,"52.130001068115234"
"156272","107795","86468","23309","421947","Complete","2021-03-12 09:29:26","2021-03-09 12:04:00","2021-03-11 10:36:00",NULL,"52.130001068115234"
"169767","117073","93873","23062","458450","Complete","2022-08-31 05:00:37","2022-09-01 00:38:00","2022-09-05 06:24:00",NULL,"52.130001068115234"
"177445","122375","98146","23139","479229","Complete","2022-08-31 18:41:21.228777","2022-09-01 07:27:37.228777","2022-09-04 10:28:37.228777",NULL,"52.130001068115234"
"19491","13402","10749","23062","52740","Returned","2020-02-15 02:30:28","2020-02-16 01:49:00","2020-02-16 12:58:00","2020-02-17 16:50:00","52.130001068115234"
"42303","29104","23212","23242","114217","Returned","2022-09-09 07:50:57.710908","2022-09-06 00:57:14.710908","2022-09-06 17:00:14.710908","2022-09-08 12:54:14.710908","52.130001068115234"
"81924","56520","45177","23139","221230","Returned","2022-04-01 00:47:59","2022-04-04 02:38:00","2022-04-05 19:23:00","2022-04-08 17:51:00","52.130001068115234"
"106617","73674","58919","6926","287979","Returned","2022-02-14 17:28:17","2022-02-10 20:43:00","2022-02-13 19:49:00","2022-02-16 12:30:00","52.130001068115234"
"155209","107082","85910","23062","419101","Returned","2021-11-05 13:39:26","2021-11-05 15:28:00","2021-11-08 02:53:00","2021-11-09 08:56:00","52.130001068115234"
"14468","9953","8019","22914","39216","Cancelled","2022-08-20 09:17:59",NULL,NULL,NULL,"52.130001068115234"
"20855","14341","11477","23062","56448","Cancelled","2022-04-28 03:34:19",NULL,NULL,NULL,"52.130001068115234"
"30880","21258","17027","3891","83479","Cancelled","2022-03-06 06:30:50",NULL,NULL,NULL,"52.130001068115234"
"56388","38865","31072","22914","152187","Cancelled","2019-06-02 09:34:25",NULL,NULL,NULL,"52.130001068115234"
"56492","38941","31129","3891","152472","Cancelled","2020-05-03 11:50:48",NULL,NULL,NULL,"52.130001068115234"
"62549","43079","34445","22844","168860","Cancelled","2021-11-10 05:13:49",NULL,NULL,NULL,"52.130001068115234"
"80925","55805","44618","22914","218563","Cancelled","2022-05-06 23:19:33",NULL,NULL,NULL,"52.130001068115234"
"84391","58306","46634","22844","227927","Cancelled","2022-02-09 00:45:14",NULL,NULL,NULL,"52.130001068115234"
"100168","69226","55356","23309","270540","Cancelled","2020-01-11 13:33:08",NULL,NULL,NULL,"52.130001068115234"
"109607","75714","60525","23242","296061","Cancelled","2019-07-06 00:19:05",NULL,NULL,NULL,"52.130001068115234"
"112128","77449","61959","23139","302856","Cancelled","2021-09-06 08:55:16",NULL,NULL,NULL,"52.130001068115234"
"133460","92080","73753","3891","360375","Cancelled","2021-06-11 04:00:48",NULL,NULL,NULL,"52.130001068115234"
"146252","100912","80967","23062","394926","Cancelled","2022-05-16 00:25:37",NULL,NULL,NULL,"52.130001068115234"
"154995","106940","85800","22914","418525","Cancelled","2022-04-25 06:48:21",NULL,NULL,NULL,"52.130001068115234"
"170361","117465","94205","23242","460067","Cancelled","2022-01-21 04:07:13",NULL,NULL,NULL,"52.130001068115234"
"180306","124337","99716","23309","486906","Cancelled","2022-04-29 07:53:52",NULL,NULL,NULL,"52.130001068115234"
"19099","13128","10519","23242","51681","Processing","2022-08-12 06:43:26",NULL,NULL,NULL,"52.130001068115234"
"45914","31604","25206","23590","123965","Processing","2021-08-23 15:11:42",NULL,NULL,NULL,"52.130001068115234"
"53583","36920","29499","23062","144593","Processing","2022-08-31 10:46:30",NULL,NULL,NULL,"52.130001068115234"
"83728","57828","46231","23309","226132","Processing","2022-06-07 01:06:23",NULL,NULL,NULL,"52.130001068115234"
"87424","60411","48366","23242","236177","Processing","2021-10-24 14:31:07",NULL,NULL,NULL,"52.130001068115234"
"108930","75253","60168","7219","294246","Processing","2020-08-10 23:42:21",NULL,NULL,NULL,"52.130001068115234"
"141887","97867","78467","23242","383101","Processing","2021-05-26 14:38:39",NULL,NULL,NULL,"52.130001068115234"
"143120","98748","79173","22914","386426","Processing","2021-10-12 05:04:58",NULL,NULL,NULL,"52.130001068115234"
"162845","112325","90075","22844","439736","Processing","2022-08-03 10:46:10",NULL,NULL,NULL,"52.130001068115234"
"83043","57340","45837","11960","224268","Shipped","2020-11-02 13:27:31","2020-11-03 16:06:00",NULL,NULL,"16.190000534057617"
"98554","68093","54426","24582","266234","Shipped","2021-04-22 20:41:17","2021-04-24 04:52:00",NULL,NULL,"16.190000534057617"
"152114","104957","84224","11960","410824","Complete","2022-01-17 23:22:07","2022-01-18 05:11:00","2022-01-20 05:48:00",NULL,"16.190000534057617"
"165308","114002","91402","11960","446464","Complete","2022-06-07 15:09:39","2022-06-07 21:41:00","2022-06-12 04:15:00",NULL,"16.190000534057617"
"150263","103686","83171","11960","405828","Returned","2022-08-14 01:02:44","2022-08-15 23:06:00","2022-08-20 14:13:00","2022-08-21 07:36:00","16.190000534057617"
"39591","27266","21784","24582","106871","Processing","2022-07-25 02:39:09",NULL,NULL,NULL,"16.190000534057617"
"43932","30223","24100","24582","118654","Processing","2022-08-18 09:37:47",NULL,NULL,NULL,"16.190000534057617"
"106818","73808","59018","24582","288516","Processing","2021-12-26 12:03:07",NULL,NULL,NULL,"16.190000534057617"
"36516","25139","20097","3504","98581","Shipped","2022-07-08 22:47:47","2022-07-10 04:14:00",NULL,NULL,"20.190000534057617"
"55209","38053","30403","3504","148951","Shipped","2020-10-11 10:27:01","2020-10-11 18:30:00",NULL,NULL,"20.190000534057617"
"87457","60432","48381","3504","236265","Shipped","2020-03-28 01:34:46","2020-03-26 05:24:00",NULL,NULL,"20.190000534057617"
"178433","123073","98725","3504","481865","Shipped","2022-05-10 14:00:40","2022-05-12 12:47:00",NULL,NULL,"20.190000534057617"
"62239","42865","34270","3504","168008","Complete","2021-10-15 04:41:07","2021-10-16 06:55:00","2021-10-20 08:53:00",NULL,"20.190000534057617"
"151284","104379","83741","3504","408573","Complete","2022-06-28 15:16:58","2022-06-30 01:27:00","2022-07-01 06:58:00",NULL,"20.190000534057617"
"156179","107733","86423","3504","421688","Complete","2019-09-27 15:24:31","2019-09-28 23:25:00","2019-10-01 10:31:00",NULL,"20.190000534057617"
"24762","17048","13617","3504","66920","Cancelled","2021-12-29 18:12:25",NULL,NULL,NULL,"20.190000534057617"
"53481","36855","29446","3504","144317","Processing","2020-10-14 15:42:40",NULL,NULL,NULL,"20.190000534057617"
"73550","50655","40532","14823","198596","Shipped","2021-06-25 12:39:53","2021-06-26 13:23:00",NULL,NULL,"22.190000534057617"
"45365","31243","24937","14823","122506","Complete","2022-09-04 15:10:47.738422","2022-09-06 04:44:59.738422","2022-09-07 21:49:59.738422",NULL,"22.190000534057617"
"112187","77487","61987","14823","303015","Complete","2022-04-06 12:22:08","2022-04-05 02:44:00","2022-04-05 03:01:00",NULL,"22.190000534057617"
"124730","86058","68875","14823","336732","Complete","2020-11-06 15:20:00","2020-11-04 16:34:00","2020-11-08 05:09:00",NULL,"22.190000534057617"
"46501","32014","25563","14823","125572","Cancelled","2022-08-05 01:10:22",NULL,NULL,NULL,"22.190000534057617"
"122996","84851","67911","14823","332121","Processing","2021-12-06 11:18:06",NULL,NULL,NULL,"22.190000534057617"
"48837","33641","26865","6685","131791","Shipped","2022-06-27 12:32:53","2022-06-28 18:56:00",NULL,NULL,"23.190000534057617"
"59871","41249","32954","6685","161615","Shipped","2021-02-28 04:50:29","2021-02-28 21:45:00",NULL,NULL,"23.190000534057617"
"29296","20170","16135","6685","79193","Complete","2022-06-30 01:25:55","2022-07-02 12:28:00","2022-07-05 14:43:00",NULL,"23.190000534057617"
"10062","6921","5621","7959","27297","Returned","2021-08-31 04:21:49","2021-08-29 05:10:00","2021-09-02 16:02:00","2021-09-03 07:57:00","23.190000534057617"
"55099","37985","30348","6685","148673","Processing","2022-06-09 05:06:07",NULL,NULL,NULL,"23.190000534057617"
"67476","46429","37136","6685","182202","Processing","2022-04-28 00:15:13",NULL,NULL,NULL,"23.190000534057617"
"70594","48618","38889","7959","190580","Processing","2022-08-02 16:24:11",NULL,NULL,NULL,"23.190000534057617"
"93664","64720","51789","6685","252974","Processing","2022-08-30 09:13:58",NULL,NULL,NULL,"23.190000534057617"
"94775","65475","52382","6685","256014","Processing","2021-11-16 15:22:41",NULL,NULL,NULL,"23.190000534057617"
"98222","67872","54236","7959","265343","Processing","2021-09-24 09:06:05",NULL,NULL,NULL,"23.190000534057617"
"101527","70154","56087","7959","274213","Processing","2022-08-21 15:56:58",NULL,NULL,NULL,"23.190000534057617"
"145637","100487","80595","7410","393261","Shipped","2020-12-18 14:53:43","2020-12-17 01:19:00",NULL,NULL,"24.190000534057617"
"179766","123982","99447","7410","485446","Complete","2022-07-31 09:18:21","2022-08-03 03:00:00","2022-08-06 22:46:00",NULL,"24.190000534057617"
"10046","6907","5607","7410","27256","Cancelled","2021-04-26 09:56:05",NULL,NULL,NULL,"24.190000534057617"
"27322","18814","15046","14804","73859","Shipped","2022-02-13 08:17:24","2022-02-14 10:33:00",NULL,NULL,"25.190000534057617"
"46262","31842","25410","19043","124912","Shipped","2019-08-21 11:42:58","2019-08-24 00:52:00",NULL,NULL,"25.190000534057617"
"78008","53792","43033","19043","210592","Shipped","2022-05-12 00:41:30","2022-05-13 12:36:00",NULL,NULL,"25.190000534057617"
"89457","61833","49507","14804","241649","Shipped","2021-07-25 13:44:55","2021-07-26 20:33:00",NULL,NULL,"25.190000534057617"
"107236","74089","59233","5455","289652","Shipped","2020-09-23 09:29:03","2020-09-24 06:43:00",NULL,NULL,"25.190000534057617"
"132394","91330","73135","5455","357484","Shipped","2022-03-11 23:15:51","2022-03-13 17:01:00",NULL,NULL,"25.190000534057617"
"163218","112578","90276","19043","440728","Shipped","2022-04-16 08:24:26","2022-04-16 17:49:00",NULL,NULL,"25.190000534057617"
"2222","1522","1235","19043","6020","Complete","2021-10-01 02:31:03","2021-10-04 03:30:00","2021-10-07 01:30:00",NULL,"25.190000534057617"
"3119","2115","1700","19043","8435","Complete","2022-04-14 08:01:46","2022-04-13 16:21:00","2022-04-14 16:50:00",NULL,"25.190000534057617"
"56324","38827","31042","14804","152011","Complete","2022-08-04 01:35:37","2022-08-03 02:08:00","2022-08-07 17:08:00",NULL,"25.190000534057617"
"95826","66235","52966","19043","258866","Complete","2022-08-11 03:30:59","2022-08-11 16:08:00","2022-08-15 01:32:00",NULL,"25.190000534057617"
"6779","4621","3749","5455","18358","Returned","2022-07-19 09:20:50","2022-07-21 02:38:00","2022-07-25 08:52:00","2022-07-27 21:35:00","25.190000534057617"
"15882","10904","8761","5455","43003","Returned","2021-05-16 06:17:35","2021-05-17 22:18:00","2021-05-21 14:06:00","2021-05-21 23:34:00","25.190000534057617"
"171159","117997","94626","19043","462258","Cancelled","2022-06-03 16:40:10",NULL,NULL,NULL,"25.190000534057617"
"119373","82403","65972","14804","322301","Processing","2022-02-07 13:52:29",NULL,NULL,NULL,"25.190000534057617"
"147265","101609","81499","19043","397626","Processing","2022-07-30 16:14:32",NULL,NULL,NULL,"25.190000534057617"
"64895","44673","35730","2498","175246","Shipped","2020-06-02 10:29:49","2020-06-04 01:41:00",NULL,NULL,"28.190000534057617"
"88586","61227","49035","2498","239333","Shipped","2019-07-22 21:18:35","2019-07-25 11:26:00",NULL,NULL,"28.190000534057617"
"30173","20776","16616","2498","81576","Complete","2022-09-01 00:54:12","2022-09-03 10:53:00","2022-09-05 08:09:00",NULL,"28.190000534057617"
"176447","121686","97596","2498","476537","Returned","2019-12-18 04:46:11","2019-12-20 12:09:00","2019-12-23 12:46:00","2019-12-24 15:36:00","28.190000534057617"
"62536","43069","34434","2498","168818","Cancelled","2021-01-14 05:03:38",NULL,NULL,NULL,"28.190000534057617"
"85425","59027","47190","24801","230748","Shipped","2022-04-24 01:36:00","2022-04-25 23:56:00",NULL,NULL,"31.190000534057617"
"110487","76319","61040","24801","298394","Shipped","2020-06-02 01:06:06","2020-06-02 17:49:00",NULL,NULL,"31.190000534057617"
"140870","97168","77929","24801","380354","Shipped","2022-08-10 09:29:46","2022-08-12 13:03:00",NULL,NULL,"31.190000534057617"
"19024","13080","10488","24801","51489","Complete","2021-12-07 23:56:54","2021-12-08 05:23:00","2021-12-10 00:00:00",NULL,"31.190000534057617"
"158159","109090","87487","24801","427016","Complete","2022-07-30 13:02:22","2022-08-01 12:06:00","2022-08-02 03:44:00",NULL,"31.190000534057617"
"8086","5541","4487","24801","21935","Cancelled","2022-04-07 22:23:29",NULL,NULL,NULL,"31.190000534057617"
"61201","42141","33685","24801","165222","Cancelled","2020-11-21 05:06:26",NULL,NULL,NULL,"31.190000534057617"
"123681","85326","68283","24801","333921","Cancelled","2022-03-17 05:41:44",NULL,NULL,NULL,"31.190000534057617"
"9881","6798","5513","17707","26809","Shipped","2020-12-10 09:14:58","2020-12-07 17:15:00",NULL,NULL,"36.380001068115234"
"11346","7803","6327","17707","30737","Shipped","2022-03-10 15:10:48","2022-03-12 14:35:00",NULL,NULL,"36.380001068115234"
"44634","30721","24519","19558","120552","Shipped","2022-07-24 20:40:04","2022-07-27 21:14:00",NULL,NULL,"36.380001068115234"
"85119","58822","47028","17821","229921","Shipped","2022-08-30 16:16:37","2022-08-30 13:10:00",NULL,NULL,"36.380001068115234"
"95464","65986","52783","19558","257879","Shipped","2019-12-21 11:33:31","2019-12-22 00:47:00",NULL,NULL,"36.380001068115234"
"98626","68145","54465","17707","266431","Shipped","2021-01-27 22:45:05","2021-01-24 19:49:00",NULL,NULL,"36.380001068115234"
"165571","114192","91552","19558","447167","Shipped","2021-12-29 12:13:48","2021-12-31 14:31:00",NULL,NULL,"36.380001068115234"
"168619","116281","93233","17821","455360","Shipped","2019-03-12 13:25:12","2019-03-14 09:15:00",NULL,NULL,"36.380001068115234"
"4984","3398","2767","17821","13489","Complete","2022-06-09 05:31:45","2022-06-11 15:12:00","2022-06-15 12:51:00",NULL,"36.380001068115234"
"148667","102583","82298","17707","401451","Cancelled","2021-06-15 01:37:03",NULL,NULL,NULL,"36.380001068115234"
"8557","5862","4742","17707","23220","Processing","2021-08-21 08:36:44",NULL,NULL,NULL,"36.380001068115234"
"15268","10491","8447","17821","41351","Processing","2022-01-26 15:02:57",NULL,NULL,NULL,"36.380001068115234"
"27626","19029","15215","19558","74677","Processing","2022-04-22 22:58:49",NULL,NULL,NULL,"36.380001068115234"
"138259","95405","76487","19558","373333","Processing","2022-04-19 03:27:04",NULL,NULL,NULL,"36.380001068115234"
"152233","105035","84292","19558","411130","Processing","2020-12-29 05:16:13",NULL,NULL,NULL,"36.380001068115234"
"170564","117603","94318","17707","460626","Processing","2022-01-05 15:52:01",NULL,NULL,NULL,"36.380001068115234"
"105819","73123","58482","20663","285838","Shipped","2021-12-09 18:58:00","2021-12-12 05:50:00",NULL,NULL,"42.380001068115234"
"173920","119958","96191","20663","469661","Shipped","2021-09-02 15:52:38","2021-09-03 16:14:00",NULL,NULL,"42.380001068115234"
"38093","26224","20952","20663","102835","Complete","2019-09-09 08:31:17","2019-09-07 21:25:00","2019-09-08 03:44:00",NULL,"42.380001068115234"
"99707","68915","55103","20663","269312","Complete","2022-01-15 23:54:56","2022-01-18 07:56:00","2022-01-21 01:00:00",NULL,"42.380001068115234"
"123841","85434","68366","20663","334344","Complete","2020-04-01 07:31:07","2020-04-02 19:03:00","2020-04-06 02:25:00",NULL,"42.380001068115234"
"131509","90709","72672","20663","355072","Complete","2021-07-27 03:50:13","2021-07-24 18:14:00","2021-07-27 21:02:00",NULL,"42.380001068115234"
"103208","71313","57002","20663","278769","Cancelled","2022-02-14 07:31:33",NULL,NULL,NULL,"42.380001068115234"
"4970","3387","2758","20663","13452","Processing","2022-06-10 13:35:48",NULL,NULL,NULL,"42.380001068115234"
"73864","50876","40699","20663","199434","Processing","2021-07-26 10:52:18",NULL,NULL,NULL,"42.380001068115234"
"110622","76414","61110","20663","298756","Processing","2022-05-13 09:30:27",NULL,NULL,NULL,"42.380001068115234"
"115037","79448","63572","11787","310714","Shipped","2022-02-27 08:58:37","2022-02-26 17:37:00",NULL,NULL,"44.380001068115234"
"19449","13372","10724","11787","52621","Cancelled","2021-12-14 20:37:43",NULL,NULL,NULL,"44.380001068115234"
"76403","52664","42138","7971","206313","Shipped","2020-03-02 07:14:28","2020-02-27 20:48:00",NULL,NULL,"50.380001068115234"
"98877","68319","54622","8010","267093","Shipped","2022-09-02 23:26:50.624951","2022-09-03 19:38:06.624951",NULL,NULL,"50.380001068115234"
"122140","84256","67455","8010","329779","Shipped","2019-12-09 02:43:27","2019-12-10 11:30:00",NULL,NULL,"50.380001068115234"
"130453","89977","72071","8182","352217","Shipped","2022-08-04 16:53:39","2022-08-06 19:48:00",NULL,NULL,"50.380001068115234"
"152152","104982","84250","8182","410920","Shipped","2021-08-15 15:49:15","2021-08-13 04:19:00",NULL,NULL,"50.380001068115234"
"15224","10463","8426","8010","41230","Complete","2022-07-25 03:11:31","2022-07-25 05:24:00","2022-07-26 22:34:00",NULL,"50.380001068115234"
"45080","31040","24782","8182","121746","Complete","2022-08-26 01:33:34","2022-08-27 18:40:00","2022-08-29 03:45:00",NULL,"50.380001068115234"
"76326","52609","42099","7971","206112","Complete","2021-08-21 04:25:26","2021-08-22 17:31:00","2021-08-26 19:15:00",NULL,"50.380001068115234"
"96688","66809","53403","8010","261162","Complete","2022-09-05 00:31:21.067999","2022-09-04 17:26:35.067999","2022-09-07 17:25:35.067999",NULL,"50.380001068115234"
"35717","24576","19644","7971","96445","Returned","2021-10-22 10:18:02","2021-10-19 15:28:00","2021-10-22 03:00:00","2021-10-23 09:22:00","50.380001068115234"
"73811","50831","40664","8010","199290","Returned","2021-07-31 03:15:21","2021-07-29 11:45:00","2021-08-02 21:44:00","2021-08-05 11:22:00","50.380001068115234"
"78690","54250","43432","7971","212440","Returned","2022-09-08 14:47:46.110054","2022-09-06 14:09:09.110054","2022-09-09 11:57:09.110054","2022-09-10 06:57:09.110054","50.380001068115234"
"80434","55474","44356","8182","217205","Returned","2022-08-01 17:14:06","2022-07-30 05:20:00","2022-08-02 01:21:00","2022-08-03 08:05:00","50.380001068115234"
"3676","2491","2010","8182","9941","Cancelled","2021-02-11 02:57:54",NULL,NULL,NULL,"50.380001068115234"
"64279","44237","35384","7971","173530","Cancelled","2020-01-19 08:04:22",NULL,NULL,NULL,"50.380001068115234"
"171786","118450","94974","8182","463952","Cancelled","2021-12-08 09:36:22",NULL,NULL,NULL,"50.380001068115234"
"45020","30996","24743","7971","121584","Processing","2019-07-18 08:03:44",NULL,NULL,NULL,"50.380001068115234"
"134644","92894","74425","8182","363592","Processing","2022-09-02 05:29:23",NULL,NULL,NULL,"50.380001068115234"
"138265","95409","76492","4982","373350","Shipped","2022-07-21 12:45:01","2022-07-23 13:15:00",NULL,NULL,"129.52000427246094"
"4661","3192","2603","4982","12632","Complete","2021-09-24 00:14:12","2021-09-24 10:50:00","2021-09-26 22:04:00",NULL,"129.52000427246094"
"95223","65813","52648","4982","257208","Cancelled","2019-09-02 15:54:25",NULL,NULL,NULL,"129.52000427246094"
"131681","90835","72760","4982","355542","Cancelled","2022-08-02 22:55:08",NULL,NULL,NULL,"129.52000427246094"
"106232","73414","58725","4982","286941","Processing","2022-08-08 00:47:22",NULL,NULL,NULL,"129.52000427246094"
"121294","83708","67025","4982","327514","Processing","2022-07-15 01:06:32",NULL,NULL,NULL,"129.52000427246094"
"49758","34275","27368","28956","134317","Shipped","2022-09-01 11:14:33","2022-09-02 10:08:00",NULL,NULL,"32.630001068115234"
"180531","124498","99831","28956","487505","Shipped","2021-07-15 11:17:41","2021-07-18 11:57:00",NULL,NULL,"32.630001068115234"
"44466","30609","24430","28956","120100","Complete","2022-02-19 03:17:14","2022-02-19 23:18:00","2022-02-19 23:34:00",NULL,"32.630001068115234"
"60970","41992","33562","28956","164599","Complete","2020-10-24 14:05:45","2020-10-27 07:56:00","2020-10-28 05:25:00",NULL,"32.630001068115234"
"166833","115051","92221","28956","450573","Complete","2021-12-08 14:25:38","2021-12-06 07:16:00","2021-12-10 15:53:00",NULL,"32.630001068115234"
"91363","63134","50546","28956","246796","Cancelled","2020-09-19 02:17:29",NULL,NULL,NULL,"32.630001068115234"
"29412","20249","16187","28956","79508","Processing","2022-08-03 13:27:52",NULL,NULL,NULL,"32.630001068115234"
"79696","54963","43959","28956","215193","Processing","2021-01-19 00:57:21",NULL,NULL,NULL,"32.630001068115234"
"109714","75783","60587","28956","296361","Processing","2021-06-29 14:01:38",NULL,NULL,NULL,"32.630001068115234"
"119322","82368","65947","28956","322167","Processing","2020-06-09 12:34:22",NULL,NULL,NULL,"32.630001068115234"
"11266","7746","6287","20752","30521","Shipped","2022-06-19 10:19:58","2022-06-20 19:52:00",NULL,NULL,"38.630001068115234"
"84932","58679","46922","20752","229407","Shipped","2022-02-06 04:07:24","2022-02-05 13:09:00",NULL,NULL,"38.630001068115234"
"95819","66229","52960","20752","258849","Complete","2020-02-16 12:21:30","2020-02-18 20:22:00","2020-02-18 20:23:00",NULL,"38.630001068115234"
"110143","76082","60840","20752","297493","Complete","2022-05-10 02:01:28","2022-05-10 12:43:00","2022-05-12 09:46:00",NULL,"38.630001068115234"
"74566","51388","41113","20752","201322","Returned","2020-10-25 12:19:56","2020-10-25 16:52:00","2020-10-28 21:10:00","2020-10-31 08:26:00","38.630001068115234"
"108333","74848","59855","20752","292646","Cancelled","2022-06-29 23:51:14",NULL,NULL,NULL,"38.630001068115234"
"80159","55286","44213","20752","216436","Processing","2022-01-10 23:44:56",NULL,NULL,NULL,"38.630001068115234"
"77915","53722","42978","23404","210349","Shipped","2021-11-03 03:26:14","2021-10-31 08:03:00",NULL,NULL,"44.630001068115234"
"43650","30027","23938","23097","117891","Complete","2020-12-04 17:41:03","2020-12-01 23:01:00","2020-12-04 20:41:00",NULL,"44.630001068115234"
"107007","73938","59128","23097","289023","Complete","2021-01-29 12:38:22","2021-01-31 17:41:00","2021-02-01 05:13:00",NULL,"44.630001068115234"
"151043","104225","83609","1296","407926","Complete","2021-08-11 03:09:03","2021-08-09 09:49:00","2021-08-13 16:16:00",NULL,"44.630001068115234"
"172090","118665","95132","1296","464789","Complete","2019-03-16 00:31:19","2019-03-16 19:21:00","2019-03-18 05:45:00",NULL,"44.630001068115234"
"69547","47890","38290","23404","187728","Returned","2022-02-13 01:56:18","2022-02-11 02:22:00","2022-02-15 18:40:00","2022-02-17 05:44:00","44.630001068115234"
"139383","96163","77114","23404","376398","Returned","2022-05-15 02:22:08","2022-05-17 09:39:00","2022-05-19 10:40:00","2022-05-21 09:05:00","44.630001068115234"
"146099","100807","80879","23097","394507","Cancelled","2021-06-19 00:10:27",NULL,NULL,NULL,"44.630001068115234"
"32427","22318","17842","23404","87609","Processing","2021-10-06 03:12:52",NULL,NULL,NULL,"44.630001068115234"
"41951","28863","23025","23097","113257","Processing","2020-11-25 04:00:26",NULL,NULL,NULL,"44.630001068115234"
"78319","54006","43207","23097","211435","Processing","2022-01-18 12:27:32",NULL,NULL,NULL,"44.630001068115234"
"129247","89136","71409","1296","348997","Processing","2021-12-05 04:48:49",NULL,NULL,NULL,"44.630001068115234"
"130108","89737","71872","23404","351295","Processing","2021-07-26 08:57:15",NULL,NULL,NULL,"44.630001068115234"
"177708","122561","98297","23097","479932","Processing","2020-12-08 07:55:24",NULL,NULL,NULL,"44.630001068115234"
"63165","43486","34770","28894","170555","Shipped","2020-09-20 10:11:40","2020-09-20 17:24:00",NULL,NULL,"46.630001068115234"
"174574","120404","96542","28894","471419","Shipped","2022-09-02 22:28:19.388565","2022-09-03 21:11:54.388565",NULL,NULL,"46.630001068115234"
"177745","122587","98322","28894","480039","Shipped","2022-08-15 10:53:04","2022-08-13 04:37:00",NULL,NULL,"46.630001068115234"
"830","590","495","28894","2224","Complete","2022-02-28 11:45:59","2022-03-02 19:39:00","2022-03-06 15:26:00",NULL,"46.630001068115234"
"8755","6007","4860","28894","23745","Complete","2021-12-16 11:57:52","2021-12-17 08:35:00","2021-12-21 08:28:00",NULL,"46.630001068115234"
"32629","22455","17952","28894","88179","Complete","2021-06-14 04:02:01","2021-06-15 17:35:00","2021-06-16 10:21:00",NULL,"46.630001068115234"
"166726","114982","92168","28894","450288","Cancelled","2022-03-27 03:37:13",NULL,NULL,NULL,"46.630001068115234"
"172467","118936","95352","28894","465809","Cancelled","2022-03-21 23:04:04",NULL,NULL,NULL,"46.630001068115234"
"19098","13128","10519","28894","51679","Processing","2022-08-10 06:20:35",NULL,NULL,NULL,"46.630001068115234"
"115428","79722","63780","23836","311753","Shipped","2020-07-15 22:09:50","2020-07-17 16:43:00",NULL,NULL,"50.630001068115234"
"14915","10258","8247","23836","40392","Complete","2019-07-27 07:30:20","2019-07-29 20:49:00","2019-08-03 05:28:00",NULL,"50.630001068115234"
"49356","33988","27142","23836","133221","Complete","2022-04-06 16:12:00","2022-04-06 21:56:00","2022-04-11 04:12:00",NULL,"50.630001068115234"
"84642","58475","46772","23836","228615","Complete","2022-08-05 08:08:14","2022-08-06 05:54:00","2022-08-09 20:52:00",NULL,"50.630001068115234"
"53397","36805","29407","23836","144096","Cancelled","2022-05-09 10:27:19",NULL,NULL,NULL,"50.630001068115234"
"68304","47011","37610","23836","184407","Processing","2022-09-03 00:35:56.857278",NULL,NULL,NULL,"50.630001068115234"
"36738","25283","20208","24370","99182","Complete","2020-10-13 15:33:29","2020-10-14 19:40:00","2020-10-16 16:32:00",NULL,"52.630001068115234"
"57553","39666","31696","24370","155327","Complete","2022-02-09 00:07:12","2022-02-09 04:57:00","2022-02-13 19:57:00",NULL,"52.630001068115234"
"150473","103835","83305","24370","406403","Complete","2021-10-08 06:27:26","2021-10-10 23:50:00","2021-10-15 12:19:00",NULL,"52.630001068115234"
"108822","75177","60118","24370","293955","Returned","2021-05-10 15:25:50","2021-05-12 15:49:00","2021-05-16 15:00:00","2021-05-19 13:16:00","52.630001068115234"
"52955","36503","29168","24370","142893","Cancelled","2022-09-03 13:21:26",NULL,NULL,NULL,"52.630001068115234"
"12270","8460","6832","24370","33251","Processing","2020-12-29 08:06:54",NULL,NULL,NULL,"52.630001068115234"
"15634","10721","8618","24457","42340","Shipped","2022-05-20 08:10:46","2022-05-20 11:13:00",NULL,NULL,"56.630001068115234"
"25027","17240","13774","24457","67648","Shipped","2022-06-06 17:08:29","2022-06-08 14:11:00",NULL,NULL,"56.630001068115234"
"43851","30164","24043","20377","118428","Shipped","2022-07-18 09:19:33","2022-07-18 02:48:00",NULL,NULL,"56.630001068115234"
"82536","56970","45551","20377","222896","Shipped","2020-11-24 13:59:37","2020-11-25 20:55:00",NULL,NULL,"56.630001068115234"
"101289","69993","55962","20377","273549","Shipped","2022-07-20 01:14:32","2022-07-19 06:07:00",NULL,NULL,"56.630001068115234"
"177078","122124","97930","24457","478250","Shipped","2022-02-25 02:36:29","2022-02-22 15:01:00",NULL,NULL,"56.630001068115234"
"179318","123679","99216","20377","484251","Shipped","2022-05-26 07:37:04","2022-05-27 19:44:00",NULL,NULL,"56.630001068115234"
"37922","26110","20864","24457","102378","Complete","2020-08-11 12:43:05","2020-08-13 14:02:00","2020-08-15 08:25:00",NULL,"56.630001068115234"
"93186","64396","51522","20377","251680","Complete","2021-05-02 13:34:40","2021-04-28 17:44:00","2021-05-02 22:04:00",NULL,"56.630001068115234"
"28718","19772","15802","20377","77628","Returned","2020-08-24 23:43:34","2020-08-27 23:55:00","2020-08-28 00:19:00","2020-08-28 01:55:00","56.630001068115234"
"13642","9395","7569","24457","36975","Cancelled","2022-08-12 05:49:03",NULL,NULL,NULL,"56.630001068115234"
"36864","25370","20286","24457","99519","Cancelled","2022-01-20 13:23:53",NULL,NULL,NULL,"56.630001068115234"
"143064","98711","79138","24457","386280","Cancelled","2022-07-26 00:06:12",NULL,NULL,NULL,"56.630001068115234"
"13280","9163","7386","20377","35977","Processing","2020-12-19 08:41:07",NULL,NULL,NULL,"56.630001068115234"
"114181","78867","63084","24457","308387","Processing","2021-11-02 06:23:04",NULL,NULL,NULL,"56.630001068115234"
"120010","82844","66320","24457","324029","Processing","2022-09-03 23:24:05",NULL,NULL,NULL,"56.630001068115234"
"101033","69822","55839","7055","272867","Shipped","2022-02-11 15:02:56","2022-02-14 03:31:00",NULL,NULL,"62.630001068115234"
"118252","81632","65367","7055","319304","Shipped","2019-10-21 07:26:52","2019-10-22 11:24:00",NULL,NULL,"62.630001068115234"
"144834","99936","80142","7055","391061","Shipped","2021-07-29 00:26:59","2021-07-30 16:19:00",NULL,NULL,"62.630001068115234"
"45978","31646","25239","7055","124144","Complete","2022-05-14 05:00:59","2022-05-13 14:12:00","2022-05-16 04:58:00",NULL,"62.630001068115234"
"54667","37685","30113","7055","147517","Complete","2021-05-16 07:04:33","2021-05-14 22:29:00","2021-05-16 21:02:00",NULL,"62.630001068115234"
"101346","70036","55989","7055","273709","Cancelled","2021-05-26 10:34:33",NULL,NULL,NULL,"62.630001068115234"
"39348","27085","21635","13000","106239","Complete","2022-08-25 08:51:51","2022-08-27 02:03:00","2022-08-28 20:33:00",NULL,"69.26000213623047"
"97231","67198","53691","13000","262648","Returned","2022-05-31 02:40:20","2022-06-02 01:18:00","2022-06-02 05:16:00","2022-06-02 10:21:00","69.26000213623047"
"174994","120670","96754","13000","472584","Returned","2022-07-21 01:12:15","2022-07-23 04:28:00","2022-07-27 02:10:00","2022-07-27 22:55:00","69.26000213623047"
"39651","27309","21808","13000","107032","Processing","2021-11-22 05:12:09",NULL,NULL,NULL,"69.26000213623047"
"47464","32699","26105","13000","128116","Processing","2020-11-24 23:56:46",NULL,NULL,NULL,"69.26000213623047"
"99948","69085","55239","13000","269963","Processing","2022-08-10 04:37:28",NULL,NULL,NULL,"69.26000213623047"
"124718","86049","68869","13000","336697","Processing","2021-11-27 00:15:51",NULL,NULL,NULL,"69.26000213623047"
"56760","39123","31281","12603","153201","Complete","2022-09-01 23:07:34.26139","2022-09-02 22:47:47.26139","2022-09-06 06:36:47.26139",NULL,"4.110000133514404"
"131080","90414","72419","12603","353915","Complete","2022-07-21 12:36:22","2022-07-18 15:01:00","2022-07-19 08:48:00",NULL,"4.110000133514404"
"166580","114874","92092","12603","449904","Returned","2019-05-16 23:46:28","2019-05-19 08:20:00","2019-05-23 02:57:00","2019-05-23 21:54:00","4.110000133514404"
"35822","24657","19720","25989","96731","Shipped","2022-05-05 03:36:16","2022-05-07 07:10:00",NULL,NULL,"6.360000133514404"
"58432","40280","32171","25989","157705","Shipped","2020-07-26 00:56:13","2020-07-26 18:29:00",NULL,NULL,"6.360000133514404"
"91748","63398","50756","25989","247822","Shipped","2022-05-11 13:49:11","2022-05-11 05:16:00",NULL,NULL,"6.360000133514404"
"174626","120441","96569","25896","471554","Shipped","2022-07-31 09:43:51","2022-07-30 00:21:00",NULL,NULL,"6.360000133514404"
"40176","27656","22091","25896","108447","Complete","2019-10-15 15:29:04","2019-10-15 19:30:00","2019-10-17 18:18:00",NULL,"6.360000133514404"
"50584","34850","27811","25989","136539","Complete","2021-12-08 03:58:50","2021-12-08 08:13:00","2021-12-13 07:42:00",NULL,"6.360000133514404"
"94797","65487","52388","25989","256077","Complete","2021-08-19 00:55:30","2021-08-22 00:12:00","2021-08-22 22:30:00",NULL,"6.360000133514404"
"138762","95755","76768","25989","374697","Returned","2022-06-16 11:17:09","2022-06-17 08:20:00","2022-06-17 19:10:00","2022-06-18 04:52:00","6.360000133514404"
"179963","124112","99551","25989","485981","Returned","2022-09-04 13:34:57","2022-09-07 12:50:00","2022-09-11 07:00:00","2022-09-12 13:22:00","6.360000133514404"
"3896","2652","2140","25896","10544","Processing","2022-07-31 08:24:08",NULL,NULL,NULL,"6.360000133514404"
"87145","60222","48199","6937","235425","Shipped","2022-01-10 05:00:04","2022-01-12 04:55:00",NULL,NULL,"6.610000133514404"
"143907","99300","79623","6937","388544","Cancelled","2022-06-13 02:03:42",NULL,NULL,NULL,"6.610000133514404"
"36148","24890","19896","6937","97617","Processing","2022-04-03 10:05:07",NULL,NULL,NULL,"6.610000133514404"
"171425","118190","94787","6937","462971","Processing","2020-09-25 22:22:38",NULL,NULL,NULL,"6.610000133514404"
"42594","29307","23369","28509","115018","Shipped","2021-05-18 23:45:16","2021-05-21 01:47:00",NULL,NULL,"7.110000133514404"
"66049","45457","36343","6977","178355","Shipped","2022-09-03 08:52:34","2022-09-04 05:22:00",NULL,NULL,"7.110000133514404"
"76084","52432","41966","28509","205455","Shipped","2022-08-03 08:23:20","2022-08-03 01:52:00",NULL,NULL,"7.110000133514404"
"68959","47464","37963","28509","186156","Complete","2022-07-18 05:10:18","2022-07-17 22:19:00","2022-07-22 19:45:00",NULL,"7.110000133514404"
"121549","83879","67150","28509","328189","Complete","2021-01-01 10:09:55","2020-12-31 22:20:00","2021-01-01 13:34:00",NULL,"7.110000133514404"
"133813","92329","73951","28509","361332","Complete","2021-11-09 22:47:04","2021-11-10 15:50:00","2021-11-11 16:09:00",NULL,"7.110000133514404"
"107573","74320","59415","28509","290564","Returned","2022-03-14 05:36:43","2022-03-16 18:48:00","2022-03-19 04:24:00","2022-03-20 21:28:00","7.110000133514404"
"156924","108240","86809","28509","423700","Returned","2020-05-21 00:22:32","2020-05-22 04:15:00","2020-05-23 19:32:00","2020-05-26 06:27:00","7.110000133514404"
"26760","18434","14717","6977","72334","Cancelled","2022-05-27 09:20:22",NULL,NULL,NULL,"7.110000133514404"
"53041","36566","29217","6977","143130","Cancelled","2022-05-31 01:35:42",NULL,NULL,NULL,"7.110000133514404"
"60154","41430","33106","6977","162413","Cancelled","2020-12-28 00:00:42",NULL,NULL,NULL,"7.110000133514404"
"133343","92006","73694","28509","360054","Cancelled","2022-08-29 11:36:14",NULL,NULL,NULL,"7.110000133514404"
"139062","95956","76940","28509","375525","Cancelled","2022-08-12 12:32:37",NULL,NULL,NULL,"7.110000133514404"
"142961","98639","79077","6977","385996","Cancelled","2021-08-06 15:39:04",NULL,NULL,NULL,"7.110000133514404"
"14463","9949","8016","6977","39205","Processing","2021-11-14 03:19:12",NULL,NULL,NULL,"7.110000133514404"
"88334","61042","48871","28509","238631","Processing","2020-04-14 10:34:27",NULL,NULL,NULL,"7.110000133514404"
"170412","117497","94237","28509","460211","Processing","2020-02-27 11:36:47",NULL,NULL,NULL,"7.110000133514404"
"99644","68868","55070","24567","269156","Shipped","2019-10-26 04:32:28","2019-10-28 10:53:00",NULL,NULL,"8.720000267028809"
"101897","70421","56303","3510","275204","Shipped","2021-09-24 22:37:56","2021-09-27 15:12:00",NULL,NULL,"8.720000267028809"
"116898","80704","64617","3363","315692","Shipped","2022-08-10 18:49:45","2022-08-12 07:06:00",NULL,NULL,"8.720000267028809"
"148939","102777","82446","3510","402186","Shipped","2021-03-07 11:54:51","2021-03-06 03:17:00",NULL,NULL,"8.720000267028809"
"159966","110362","88512","3363","431917","Shipped","2021-10-23 01:32:37","2021-10-25 15:01:00",NULL,NULL,"8.720000267028809"
"166786","115021","92199","3363","450445","Shipped","2020-09-21 00:13:56","2020-09-20 20:56:00",NULL,NULL,"8.720000267028809"
"17470","12023","9663","3510","47329","Complete","2021-10-16 10:57:27","2021-10-15 16:11:00","2021-10-19 20:24:00",NULL,"8.720000267028809"
"19990","13756","11024","24567","54102","Complete","2021-09-11 04:29:59","2021-09-13 07:29:00","2021-09-16 15:14:00",NULL,"8.720000267028809"
"20664","14207","11374","3510","55939","Complete","2019-11-05 22:03:18","2019-11-07 03:43:00","2019-11-09 21:15:00",NULL,"8.720000267028809"
"75418","51966","41582","3510","203621","Complete","2021-03-28 06:10:53","2021-03-29 08:59:00","2021-04-03 08:32:00",NULL,"8.720000267028809"
"110004","75984","60757","24567","297120","Complete","2021-08-07 05:27:37","2021-08-04 00:15:00","2021-08-06 18:02:00",NULL,"8.720000267028809"
"2236","1532","1240","3510","6060","Returned","2020-12-02 07:48:45","2020-12-03 18:33:00","2020-12-07 19:57:00","2020-12-08 21:37:00","8.720000267028809"
"142864","98569","79029","3363","385743","Returned","2021-10-11 17:31:21","2021-10-10 00:51:00","2021-10-12 14:26:00","2021-10-14 04:01:00","8.720000267028809"
"171514","118259","94846","24567","463209","Returned","2021-12-31 14:47:31","2022-01-03 07:52:00","2022-01-08 07:34:00","2022-01-09 09:09:00","8.720000267028809"
"24083","16565","13243","3510","65104","Cancelled","2022-01-23 07:24:35",NULL,NULL,NULL,"8.720000267028809"
"163631","112874","90502","3510","441855","Cancelled","2021-11-15 02:56:23",NULL,NULL,NULL,"8.720000267028809"
"92656","64021","51244","3510","250260","Processing","2022-01-22 14:59:23",NULL,NULL,NULL,"8.720000267028809"
"124057","85583","68486","28906","334918","Shipped","2022-05-17 14:34:28","2022-05-18 04:09:00",NULL,NULL,"9.720000267028809"
"148346","102371","82116","18260","400561","Shipped","2022-09-05 04:47:31","2022-09-05 03:33:00",NULL,NULL,"9.720000267028809"
"99706","68914","55103","18260","269310","Complete","2022-07-17 21:41:37","2022-07-18 15:49:00","2022-07-23 06:19:00",NULL,"9.720000267028809"
"178360","123022","98676","18260","481657","Complete","2022-03-24 07:30:02","2022-03-23 21:59:00","2022-03-24 21:07:00",NULL,"9.720000267028809"
"79259","54648","43715","18260","214003","Returned","2021-02-16 04:04:40","2021-02-18 05:16:00","2021-02-21 19:36:00","2021-02-24 09:52:00","9.720000267028809"
"87438","60422","48374","28906","236213","Returned","2022-01-01 01:13:07","2022-01-03 15:29:00","2022-01-04 02:00:00","2022-01-05 00:29:00","9.720000267028809"
"18939","13017","10440","28906","51257","Cancelled","2019-05-29 13:42:03",NULL,NULL,NULL,"9.720000267028809"
"34997","24091","19237","28906","94546","Cancelled","2022-05-10 17:07:02",NULL,NULL,NULL,"9.720000267028809"
"62613","43122","34482","18260","169033","Cancelled","2022-07-23 06:45:17",NULL,NULL,NULL,"9.720000267028809"
"68667","47258","37798","28906","185365","Cancelled","2020-05-24 05:40:13",NULL,NULL,NULL,"9.720000267028809"
"136113","93927","75278","28906","367566","Cancelled","2022-05-15 02:01:00",NULL,NULL,NULL,"9.720000267028809"
"10598","7289","5937","28906","28718","Processing","2022-07-11 06:24:21",NULL,NULL,NULL,"9.720000267028809"
"59401","40930","32689","18260","160329","Processing","2022-08-02 09:04:03",NULL,NULL,NULL,"9.720000267028809"
"34845","23981","19147","3479","94136","Shipped","2021-03-20 14:20:01","2021-03-21 20:06:00",NULL,NULL,"10.220000267028809"
"81076","55919","44707","3479","218960","Shipped","2022-08-27 13:05:13","2022-08-28 06:55:00",NULL,NULL,"10.220000267028809"
"121453","83822","67105","3479","327939","Shipped","2019-10-07 12:21:41","2019-10-09 14:43:00",NULL,NULL,"10.220000267028809"
"9785","6730","5452","3479","26545","Complete","2021-01-23 12:42:58","2021-01-23 08:11:00","2021-01-25 23:20:00",NULL,"10.220000267028809"
"65865","45342","36247","3479","177848","Complete","2021-11-23 02:45:06","2021-11-24 03:30:00","2021-11-25 12:28:00",NULL,"10.220000267028809"
"16250","11169","8977","23466","43983","Shipped","2020-08-06 22:39:53","2020-08-08 01:15:00",NULL,NULL,"10.720000267028809"
"99452","68727","54949","5698","268639","Shipped","2020-09-06 10:25:52","2020-09-07 02:17:00",NULL,NULL,"10.720000267028809"
"106477","73579","58836","5698","287600","Shipped","2022-09-01 10:41:29","2022-09-01 22:10:00",NULL,NULL,"10.720000267028809"
"133018","91779","73515","5698","359198","Shipped","2020-02-16 05:28:09","2020-02-16 18:51:00",NULL,NULL,"10.720000267028809"
"147424","101717","81584","23466","398056","Shipped","2019-11-11 03:11:34","2019-11-14 03:35:00",NULL,NULL,"10.720000267028809"
"28917","19913","15907","5387","78180","Complete","2021-08-20 01:56:04","2021-08-19 15:19:00","2021-08-23 22:30:00",NULL,"10.720000267028809"
"36284","24983","19971","23466","97969","Complete","2021-04-22 05:04:12","2021-04-22 22:19:00","2021-04-25 12:38:00",NULL,"10.720000267028809"
"54344","37447","29925","23466","146647","Complete","2021-06-29 15:24:04","2021-06-26 12:17:00","2021-06-27 15:37:00",NULL,"10.720000267028809"
"78384","54048","43240","5698","211601","Complete","2022-07-26 01:53:37","2022-07-28 01:37:00","2022-07-30 23:16:00",NULL,"10.720000267028809"
"145856","100647","80748","23466","393861","Complete","2021-12-17 09:15:44","2021-12-19 12:40:00","2021-12-20 03:19:00",NULL,"10.720000267028809"
"155474","107262","86068","5387","419813","Complete","2021-04-26 09:24:07","2021-04-24 03:14:00","2021-04-26 06:16:00",NULL,"10.720000267028809"
"173986","120004","96229","23466","469831","Complete","2021-10-20 23:48:20","2021-10-22 07:22:00","2021-10-23 01:18:00",NULL,"10.720000267028809"
"141905","97876","78475","5698","383148","Returned","2021-04-13 04:54:32","2021-04-13 08:51:00","2021-04-14 15:32:00","2021-04-16 06:02:00","10.720000267028809"
"75159","51787","41427","5698","202925","Cancelled","2019-06-18 17:52:34",NULL,NULL,NULL,"10.720000267028809"
"21136","14533","11618","5387","57172","Processing","2022-03-11 02:59:26",NULL,NULL,NULL,"10.720000267028809"
"27546","18972","15177","5387","74460","Processing","2021-05-09 05:30:59",NULL,NULL,NULL,"10.720000267028809"
"143279","98868","79277","5387","386860","Processing","2021-12-30 04:44:57",NULL,NULL,NULL,"10.720000267028809"
"3074","2091","1682","19887","8308","Shipped","2021-02-04 02:47:35","2021-02-04 04:15:00",NULL,NULL,"11.220000267028809"
"92953","64227","51406","276","251065","Shipped","2020-07-29 12:21:05","2020-07-30 06:58:00",NULL,NULL,"11.220000267028809"
"69389","47782","38201","19887","187295","Complete","2020-12-25 15:54:33","2020-12-25 12:23:00","2020-12-29 08:01:00",NULL,"11.220000267028809"
"149937","103473","83001","19887","404911","Complete","2021-02-15 02:57:34","2021-02-17 18:38:00","2021-02-18 18:36:00",NULL,"11.220000267028809"
"89226","61675","49381","19887","241036","Returned","2020-06-28 01:32:51","2020-06-27 04:51:00","2020-07-01 14:04:00","2020-07-02 05:17:00","11.220000267028809"
"118195","81589","65339","19887","319154","Cancelled","2022-05-16 11:21:42",NULL,NULL,NULL,"11.220000267028809"
"20671","14214","11377","19887","55956","Processing","2021-11-26 07:54:31",NULL,NULL,NULL,"11.220000267028809"
"31510","21679","17344","19887","85165","Processing","2022-06-19 22:02:25",NULL,NULL,NULL,"11.220000267028809"
"85736","59253","47393","19887","231587","Processing","2021-04-09 05:43:58",NULL,NULL,NULL,"11.220000267028809"
"90439","62513","50047","276","244316","Processing","2022-01-13 05:49:00",NULL,NULL,NULL,"11.220000267028809"
"5235","3568","2920","7911","14169","Shipped","2020-01-05 07:32:59","2020-01-06 08:32:00",NULL,NULL,"12.220000267028809"
"21165","14548","11628","7911","57252","Shipped","2019-12-04 03:59:23","2019-12-04 05:25:00",NULL,NULL,"12.220000267028809"
"60781","41862","33459","7911","164100","Shipped","2021-12-23 15:00:33","2021-12-24 05:19:00",NULL,NULL,"12.220000267028809"
"74713","51484","41198","7911","201720","Cancelled","2021-01-21 16:23:47",NULL,NULL,NULL,"12.220000267028809"
"108724","75111","60056","7911","293690","Cancelled","2022-09-03 00:39:09.250089",NULL,NULL,NULL,"12.220000267028809"
"166251","114656","91916","28587","449010","Shipped","2021-08-12 09:53:26","2021-08-08 14:03:00",NULL,NULL,"12.720000267028809"
"172125","118689","95156","28587","464884","Shipped","2021-11-22 08:46:40","2021-11-24 05:45:00",NULL,NULL,"12.720000267028809"
"25049","17256","13786","28587","67709","Complete","2020-08-04 05:54:19","2020-08-04 20:44:00","2020-08-09 09:16:00",NULL,"12.720000267028809"
"87440","60423","48375","28587","236220","Complete","2021-07-06 23:52:54","2021-07-05 11:18:00","2021-07-09 19:04:00",NULL,"12.720000267028809"
"157486","108619","87108","28587","425217","Complete","2022-08-19 09:09:01","2022-08-20 00:40:00","2022-08-23 22:53:00",NULL,"12.720000267028809"
"95401","65941","52749","28587","257706","Returned","2022-09-02 10:19:32.884055","2022-09-04 06:07:17.884055","2022-09-08 07:51:17.884055","2022-09-10 22:56:17.884055","12.720000267028809"
"166419","114767","92004","28587","449470","Returned","2020-08-19 16:27:49","2020-08-21 02:20:00","2020-08-21 09:52:00","2020-08-21 19:55:00","12.720000267028809"
"120069","82877","66346","28587","324185","Processing","2021-09-08 23:10:09",NULL,NULL,NULL,"12.720000267028809"
"50450","34750","27736","11078","136181","Complete","2022-09-01 07:39:35","2022-08-30 07:01:00","2022-09-03 01:56:00",NULL,"13.220000267028809"
"107312","74138","59267","11078","289861","Returned","2022-07-05 11:11:11","2022-07-05 08:35:00","2022-07-06 13:03:00","2022-07-09 10:56:00","13.220000267028809"
"44459","30603","24425","11078","120082","Processing","2021-09-04 13:50:10",NULL,NULL,NULL,"13.220000267028809"
"139119","95995","76974","11078","375675","Processing","2022-04-04 06:08:40",NULL,NULL,NULL,"13.220000267028809"
"146262","100917","80974","11078","394952","Processing","2022-06-15 02:45:20",NULL,NULL,NULL,"13.220000267028809"
"156359","107861","86520","11078","422178","Processing","2020-11-28 13:04:50",NULL,NULL,NULL,"13.220000267028809"
"22953","15787","12624","25110","62046","Shipped","2020-08-21 09:29:51","2020-08-20 11:22:00",NULL,NULL,"13.720000267028809"
"57536","39655","31686","18714","155281","Shipped","2021-02-25 03:58:19","2021-02-25 19:59:00",NULL,NULL,"13.720000267028809"
"71808","49461","39596","25110","193863","Shipped","2020-09-22 02:47:06","2020-09-22 10:35:00",NULL,NULL,"13.720000267028809"
"77749","53608","42895","18714","209870","Shipped","2020-08-03 02:55:34","2020-08-04 18:17:00",NULL,NULL,"13.720000267028809"
"179797","123996","99453","18714","485530","Shipped","2022-02-02 05:35:27","2022-02-04 02:50:00",NULL,NULL,"13.720000267028809"
"25689","17698","14130","25110","69430","Complete","2022-06-24 23:43:15","2022-06-24 23:52:00","2022-06-29 20:58:00",NULL,"13.720000267028809"
"36692","25252","20182","24786","99046","Complete","2021-02-12 13:38:47","2021-02-12 00:23:00","2021-02-14 23:20:00",NULL,"13.720000267028809"
"89410","61796","49474","25110","241524","Complete","2022-07-18 08:58:59","2022-07-16 17:07:00","2022-07-21 09:33:00",NULL,"13.720000267028809"
"110006","75985","60757","25110","297125","Complete","2021-07-25 01:56:45","2021-07-25 09:55:00","2021-07-28 06:16:00",NULL,"13.720000267028809"
"128357","88526","70908","24786","346589","Complete","2021-05-21 05:31:47","2021-05-22 08:34:00","2021-05-27 02:43:00",NULL,"13.720000267028809"
"151722","104676","83986","24786","409760","Complete","2022-09-04 07:42:32.795256","2022-09-02 01:14:11.795256","2022-09-03 12:20:11.795256",NULL,"13.720000267028809"
"122190","84294","67482","18714","329915","Cancelled","2022-08-24 08:52:02",NULL,NULL,NULL,"13.720000267028809"
"127526","87941","70414","18714","344290","Cancelled","2022-02-22 07:55:57",NULL,NULL,NULL,"13.720000267028809"
"13898","9577","7722","24786","37667","Processing","2021-05-01 06:04:21",NULL,NULL,NULL,"13.720000267028809"
"44549","30666","24478","25110","120322","Processing","2021-12-03 23:00:37",NULL,NULL,NULL,"13.720000267028809"
"62884","43294","34618","18714","169771","Processing","2021-10-24 06:52:36",NULL,NULL,NULL,"13.720000267028809"
"109022","75313","60213","25110","294504","Processing","2022-05-17 23:50:53",NULL,NULL,NULL,"13.720000267028809"
"120605","83237","66655","18714","325649","Processing","2020-07-23 06:09:24",NULL,NULL,NULL,"13.720000267028809"
"173175","119432","95753","18714","467723","Processing","2022-08-11 01:23:21",NULL,NULL,NULL,"13.720000267028809"
"175239","120848","96884","18714","473249","Processing","2021-09-08 20:47:46",NULL,NULL,NULL,"13.720000267028809"
"179657","123907","99383","18714","485163","Processing","2021-12-10 02:21:20",NULL,NULL,NULL,"13.720000267028809"
"36766","25304","20224","16790","99248","Complete","2022-05-20 11:13:13","2022-05-21 08:57:00","2022-05-23 21:45:00",NULL,"14.220000267028809"
"21551","14821","11840","16790","58263","Cancelled","2022-01-02 15:15:41",NULL,NULL,NULL,"14.220000267028809"
"63792","43918","35125","26368","172217","Shipped","2022-02-28 13:30:08","2022-02-27 12:03:00",NULL,NULL,"14.720000267028809"
"102614","70900","56673","26368","277174","Shipped","2022-01-31 09:47:54","2022-01-30 23:55:00",NULL,NULL,"14.720000267028809"
"166433","114776","92009","26368","449509","Shipped","2021-08-09 07:34:38","2021-08-09 11:57:00",NULL,NULL,"14.720000267028809"
"21837","15013","11991","26368","59014","Complete","2021-11-10 14:24:24","2021-11-12 09:35:00","2021-11-14 09:29:00",NULL,"14.720000267028809"
"46483","31998","25550","26368","125524","Complete","2022-02-28 03:06:45","2022-03-02 12:33:00","2022-03-06 21:55:00",NULL,"14.720000267028809"
"91315","63094","50510","26368","246677","Complete","2022-01-09 02:19:38","2022-01-11 21:32:00","2022-01-13 11:36:00",NULL,"14.720000267028809"
"159685","110164","88342","26368","431155","Returned","2022-08-25 03:31:33","2022-08-25 22:22:00","2022-08-26 11:30:00","2022-08-26 20:56:00","14.720000267028809"
"11034","7587","6161","26368","29901","Processing","2020-04-21 00:50:15",NULL,NULL,NULL,"14.720000267028809"
"11757","8098","6554","26368","31850","Processing","2021-08-12 04:09:27",NULL,NULL,NULL,"14.720000267028809"
"59797","41195","32919","26368","161421","Processing","2021-10-31 04:35:01",NULL,NULL,NULL,"14.720000267028809"
"78960","54442","43561","26368","213174","Processing","2020-10-23 04:58:09",NULL,NULL,NULL,"14.720000267028809"
"105309","72772","58200","26368","284440","Processing","2021-12-19 21:54:14",NULL,NULL,NULL,"14.720000267028809"
"141375","97517","78210","26368","381741","Processing","2022-02-23 15:20:22",NULL,NULL,NULL,"14.720000267028809"
"11681","8038","6520","17810","31647","Shipped","2021-07-01 11:25:40","2021-07-03 00:33:00",NULL,NULL,"15.720000267028809"
"21170","14550","11629","17810","57266","Shipped","2022-07-25 22:07:47","2022-07-27 00:56:00",NULL,NULL,"15.720000267028809"
"130478","89999","72089","17810","352287","Shipped","2021-04-23 07:30:15","2021-04-21 09:56:00",NULL,NULL,"15.720000267028809"
"23327","16045","12817","17810","63044","Returned","2020-03-16 13:37:28","2020-03-19 10:39:00","2020-03-19 10:57:00","2020-03-22 00:14:00","15.720000267028809"
"157227","108451","86977","17810","424528","Returned","2022-07-22 15:21:15","2022-07-24 05:09:00","2022-07-28 16:34:00","2022-07-29 03:37:00","15.720000267028809"
"46349","31899","25463","24666","125161","Shipped","2020-10-08 14:36:19","2020-10-11 05:59:00",NULL,NULL,"16.440000534057617"
"54486","37555","30004","24666","147018","Shipped","2021-12-01 15:28:31","2021-12-03 05:18:00",NULL,NULL,"16.440000534057617"
"174999","120675","96757","24666","472600","Shipped","2021-01-17 13:08:11","2021-01-18 19:56:00",NULL,NULL,"16.440000534057617"
"34493","23748","18952","24666","93184","Complete","2022-05-09 14:16:46","2022-05-11 16:31:00","2022-05-16 12:53:00",NULL,"16.440000534057617"
"107792","74466","59531","24666","291162","Complete","2020-04-26 10:22:02","2020-04-26 01:24:00","2020-04-26 15:28:00",NULL,"16.440000534057617"
"32132","22112","17685","24666","86806","Returned","2022-05-11 14:04:05","2022-05-08 19:36:00","2022-05-09 07:19:00","2022-05-10 14:25:00","16.440000534057617"
"97271","67226","53714","24666","262753","Returned","2021-11-12 00:45:22","2021-11-13 04:06:00","2021-11-15 22:04:00","2021-11-17 16:18:00","16.440000534057617"
"77438","53392","42726","24666","209046","Cancelled","2022-08-12 23:05:56",NULL,NULL,NULL,"16.440000534057617"
"117104","80849","64726","24666","316231","Cancelled","2021-12-12 02:47:27",NULL,NULL,NULL,"16.440000534057617"
"110337","76219","60950","24666","297995","Processing","2022-06-24 13:09:54",NULL,NULL,NULL,"16.440000534057617"
"16679","11476","9232","3594","45148","Shipped","2022-08-21 10:59:15","2022-08-22 16:42:00",NULL,NULL,"17.440000534057617"
"45842","31560","25183","3594","123771","Shipped","2022-05-23 23:26:59","2022-05-26 22:12:00",NULL,NULL,"17.440000534057617"
"65074","44799","35830","3594","175718","Shipped","2022-04-04 08:09:59","2022-04-05 06:14:00",NULL,NULL,"17.440000534057617"
"98508","68063","54401","3594","266110","Shipped","2021-06-21 10:46:31","2021-06-21 15:10:00",NULL,NULL,"17.440000534057617"
"140433","96872","77678","24046","379198","Complete","2022-09-03 11:42:57","2022-09-03 23:44:00","2022-09-05 20:33:00",NULL,"249.94999694824216"
"149258","103013","82622","2618","403057","Complete","2021-03-22 17:33:59","2021-03-23 13:27:00","2021-03-27 07:12:00",NULL,"249.94999694824216"
"154423","106551","85472","2618","416978","Complete","2022-03-06 00:27:02","2022-03-08 14:16:00","2022-03-09 18:46:00",NULL,"249.94999694824216"
"180092","124201","99618","20225","486344","Complete","2020-12-23 09:24:13","2020-12-21 18:41:00","2020-12-24 18:46:00",NULL,"249.94999694824216"
"55581","38315","30621","2618","149970","Returned","2021-10-27 10:06:53","2021-10-29 15:34:00","2021-11-03 02:23:00","2021-11-03 09:25:00","249.94999694824216"
"123927","85491","68403","24046","334572","Returned","2021-12-30 07:29:26","2022-01-01 01:20:00","2022-01-02 07:28:00","2022-01-03 07:40:00","249.94999694824216"
"136781","94385","75639","20040","369345","Returned","2022-02-19 23:52:17","2022-02-18 10:45:00","2022-02-22 01:54:00","2022-02-24 06:05:00","249.94999694824216"
"15346","10540","8478","24129","41569","Cancelled","2022-05-16 12:11:18",NULL,NULL,NULL,"249.94999694824216"
"30124","20743","16587","8348","81433","Cancelled","2020-07-10 23:35:11",NULL,NULL,NULL,"249.94999694824216"
"50162","34550","27584","24046","135406","Cancelled","2020-04-11 04:14:40",NULL,NULL,NULL,"249.94999694824216"
"54614","37652","30087","8348","147357","Cancelled","2021-06-14 16:14:36",NULL,NULL,NULL,"249.94999694824216"
"83531","57684","46117","20225","225589","Cancelled","2022-07-12 08:41:16",NULL,NULL,NULL,"249.94999694824216"
"138708","95717","76737","24129","374555","Cancelled","2019-10-04 23:23:47",NULL,NULL,NULL,"249.94999694824216"
"170758","117728","94419","24129","461171","Cancelled","2020-09-14 13:07:49",NULL,NULL,NULL,"249.94999694824216"
"172151","118710","95169","20225","464955","Cancelled","2022-05-13 15:14:22",NULL,NULL,NULL,"249.94999694824216"
"3509","2373","1909","2618","9488","Processing","2022-05-03 10:43:45",NULL,NULL,NULL,"249.94999694824216"
"31552","21708","17375","24129","85282","Processing","2022-07-31 10:42:52",NULL,NULL,NULL,"249.94999694824216"
"33767","23253","18563","8348","91221","Processing","2022-02-13 21:22:40",NULL,NULL,NULL,"249.94999694824216"
"69785","48045","38418","24129","188383","Processing","2022-09-07 17:48:57.451381",NULL,NULL,NULL,"249.94999694824216"
"107788","74465","59531","20040","291151","Processing","2021-01-25 12:45:17",NULL,NULL,NULL,"249.94999694824216"
"111725","77177","61752","24046","301746","Processing","2021-11-07 09:28:49",NULL,NULL,NULL,"249.94999694824216"
"122070","84207","67402","20040","329585","Processing","2022-07-11 16:58:29",NULL,NULL,NULL,"249.94999694824216"
"131127","90448","72450","8348","354049","Processing","2019-09-07 03:21:11",NULL,NULL,NULL,"249.94999694824216"
"158838","109561","87864","24046","428856","Processing","2020-06-14 15:02:52",NULL,NULL,NULL,"249.94999694824216"
"145115","100128","80297","10584","391837","Shipped","2022-07-07 23:34:08","2022-07-09 08:04:00",NULL,NULL,"218.19999694824216"
"113241","78226","62565","10584","305856","Returned","2021-11-22 07:42:23","2021-11-22 15:40:00","2021-11-26 07:27:00","2021-11-27 15:27:00","218.19999694824216"
"19807","13627","10913","10584","53602","Processing","2022-06-06 21:46:57",NULL,NULL,NULL,"218.19999694824216"
"51496","35496","28357","10584","139005","Processing","2022-09-01 23:48:27.87798",NULL,NULL,NULL,"218.19999694824216"
"26023","17933","14328","19959","70317","Shipped","2022-07-17 10:52:51","2022-07-17 12:49:00",NULL,NULL,"109.34999847412108"
"27442","18906","15124","19959","74192","Shipped","2021-07-02 08:05:01","2021-07-03 04:36:00",NULL,NULL,"109.34999847412108"
"139780","96427","77323","19959","377442","Complete","2022-02-10 01:45:12","2022-02-07 10:25:00","2022-02-09 20:52:00",NULL,"109.34999847412108"
"155986","107605","86319","19959","421159","Complete","2021-06-08 02:43:53","2021-06-10 10:56:00","2021-06-13 01:32:00",NULL,"109.34999847412108"
"171311","118105","94715","19959","462676","Complete","2021-04-28 23:09:58","2021-04-28 16:34:00","2021-04-29 02:06:00",NULL,"109.34999847412108"
"41406","28478","22720","19959","111777","Cancelled","2022-08-11 01:29:45",NULL,NULL,NULL,"109.34999847412108"
"155954","107580","86299","19959","421072","Cancelled","2021-08-28 08:38:41",NULL,NULL,NULL,"109.34999847412108"
"28690","19756","15792","19162","77542","Shipped","2021-09-08 02:27:24","2021-09-09 21:23:00",NULL,NULL,"186.94999694824216"
"102806","71029","56778","19162","277682","Shipped","2021-11-16 11:29:55","2021-11-17 16:57:00",NULL,NULL,"186.94999694824216"
"87453","60429","48379","19523","236251","Complete","2022-06-28 16:14:00","2022-06-28 17:29:00","2022-07-02 09:39:00",NULL,"186.94999694824216"
"144453","99664","79910","19162","390024","Complete","2022-06-20 05:26:32","2022-06-22 08:12:00","2022-06-24 05:58:00",NULL,"186.94999694824216"
"165257","113964","91371","19162","446323","Complete","2022-01-29 08:03:37","2022-01-26 18:50:00","2022-01-30 09:34:00",NULL,"186.94999694824216"
"174189","120138","96339","19523","470383","Complete","2022-07-24 01:44:55","2022-07-23 01:57:00","2022-07-25 16:38:00",NULL,"186.94999694824216"
"50425","34733","27724","19523","136115","Cancelled","2020-09-22 15:33:23",NULL,NULL,NULL,"186.94999694824216"
"121526","83866","67142","19523","328126","Processing","2021-01-03 12:08:54",NULL,NULL,NULL,"186.94999694824216"
"54597","37639","30075","28375","147314","Shipped","2021-10-08 01:58:54","2021-10-09 20:29:00",NULL,NULL,"194.94999694824216"
"63686","43848","35070","13623","171930","Shipped","2022-09-03 10:22:31","2022-09-06 12:35:00",NULL,NULL,"194.94999694824216"
"71146","48985","39189","13623","192084","Shipped","2022-04-08 09:01:02","2022-04-10 23:24:00",NULL,NULL,"194.94999694824216"
"75729","52185","41785","13623","204460","Shipped","2022-09-02 01:22:04","2022-09-03 18:29:00",NULL,NULL,"194.94999694824216"
"86062","59468","47579","15278","232473","Shipped","2022-06-25 01:51:33","2022-06-24 22:19:00",NULL,NULL,"194.94999694824216"
"131063","90408","72414","28375","353868","Shipped","2022-04-15 22:56:43","2022-04-13 16:22:00",NULL,NULL,"194.94999694824216"
"19441","13365","10719","13623","52601","Complete","2021-04-02 11:09:34","2021-04-03 05:37:00","2021-04-06 17:37:00",NULL,"194.94999694824216"
"74738","51499","41219","28375","201786","Complete","2021-07-24 05:55:00","2021-07-23 11:30:00","2021-07-27 13:06:00",NULL,"194.94999694824216"
"77999","53785","43026","28375","210570","Complete","2022-07-14 23:24:07","2022-07-17 07:20:00","2022-07-19 10:10:00",NULL,"194.94999694824216"
"115529","79792","63842","13623","312012","Complete","2022-04-24 15:00:00","2022-04-24 23:22:00","2022-04-27 12:48:00",NULL,"194.94999694824216"
"179402","123733","99264","15278","484480","Complete","2022-01-27 05:07:51","2022-01-28 11:08:00","2022-01-29 08:04:00",NULL,"194.94999694824216"
"11403","7843","6356","28375","30893","Cancelled","2021-10-27 07:03:33",NULL,NULL,NULL,"194.94999694824216"
"13780","9495","7640","13623","37348","Cancelled","2019-12-05 09:52:03",NULL,NULL,NULL,"194.94999694824216"
"61294","42203","33740","15278","165466","Cancelled","2021-10-06 22:51:59",NULL,NULL,NULL,"194.94999694824216"
"13220","9125","7357","28375","35817","Processing","2022-03-07 15:40:18",NULL,NULL,NULL,"194.94999694824216"
"63742","43887","35101","15278","172085","Processing","2019-11-30 06:23:15",NULL,NULL,NULL,"194.94999694824216"
"88196","60956","48797","13623","238257","Processing","2022-08-23 08:28:42",NULL,NULL,NULL,"194.94999694824216"
"99393","68688","54920","15278","268477","Processing","2022-07-18 16:21:24",NULL,NULL,NULL,"194.94999694824216"
"149288","103035","82641","14182","403138","Complete","2022-07-27 03:40:45","2022-07-29 06:55:00","2022-07-29 17:53:00",NULL,"218.94999694824216"
"47905","33005","26366","24444","129303","Shipped","2021-02-03 14:01:08","2021-02-05 07:15:00",NULL,NULL,"234.94999694824216"
"90480","62541","50065","24444","244427","Shipped","2021-08-27 07:23:22","2021-08-29 09:46:00",NULL,NULL,"234.94999694824216"
"120982","83495","66863","24444","326669","Shipped","2022-05-29 03:54:36","2022-05-29 15:33:00",NULL,NULL,"234.94999694824216"
"150056","103549","83054","24444","405251","Shipped","2022-07-01 04:33:15","2022-07-01 18:21:00",NULL,NULL,"234.94999694824216"
"56052","38640","30887","24444","151269","Complete","2022-08-30 06:29:22","2022-08-29 04:09:00","2022-08-29 15:40:00",NULL,"234.94999694824216"
"145096","100118","80286","24444","391784","Complete","2022-07-25 00:48:46","2022-07-27 15:16:00","2022-07-27 21:02:00",NULL,"234.94999694824216"
"59589","41061","32804","24444","160839","Cancelled","2022-04-30 06:01:06",NULL,NULL,NULL,"234.94999694824216"
"30699","21141","16930","24444","82999","Processing","2021-10-01 05:47:36",NULL,NULL,NULL,"234.94999694824216"
"134260","92635","74211","24444","362542","Processing","2022-09-05 16:38:52",NULL,NULL,NULL,"234.94999694824216"
"26389","18188","14539","718","71325","Shipped","2021-12-14 16:53:18","2021-12-11 21:23:00",NULL,NULL,"105.59999847412108"
"142797","98525","78989","14092","385556","Shipped","2022-08-16 16:59:04","2022-08-17 13:02:00",NULL,NULL,"105.59999847412108"
"163579","112835","90474","718","441715","Shipped","2022-05-22 09:50:00","2022-05-25 03:49:00",NULL,NULL,"105.59999847412108"
"29094","20028","15997","14092","78657","Complete","2020-03-21 16:07:30","2020-03-21 04:44:00","2020-03-23 03:12:00",NULL,"105.59999847412108"
"52248","36003","28757","718","140999","Complete","2019-06-02 11:55:50","2019-06-02 17:59:00","2019-06-07 16:34:00",NULL,"105.59999847412108"
"101661","70246","56166","718","274560","Complete","2021-12-17 08:05:19","2021-12-18 23:04:00","2021-12-22 12:54:00",NULL,"105.59999847412108"
"23344","16059","12831","14092","63093","Returned","2022-05-10 12:07:21","2022-05-13 12:05:00","2022-05-14 05:19:00","2022-05-17 00:03:00","105.59999847412108"
"47010","32379","25860","718","126892","Returned","2021-10-12 14:41:44","2021-10-14 16:44:00","2021-10-17 10:22:00","2021-10-18 05:30:00","105.59999847412108"
"2463","1688","1362","718","6665","Cancelled","2021-09-25 09:07:44",NULL,NULL,NULL,"105.59999847412108"
"43947","30232","24107","718","118695","Cancelled","2022-02-08 08:44:49",NULL,NULL,NULL,"105.59999847412108"
"83329","57540","46000","14092","225056","Cancelled","2020-05-23 12:57:29",NULL,NULL,NULL,"105.59999847412108"
"21283","14634","11695","718","57558","Processing","2020-12-28 07:17:13",NULL,NULL,NULL,"105.59999847412108"
"29844","20559","16439","718","80677","Processing","2022-09-04 07:08:31.179019",NULL,NULL,NULL,"105.59999847412108"
"146479","101066","81088","14092","395536","Processing","2022-09-03 05:47:56.293496",NULL,NULL,NULL,"105.59999847412108"
"237","175","141","18996","629","Shipped","2022-05-04 00:41:48","2022-05-05 00:04:00",NULL,NULL,"117.59999847412108"
"6622","4514","3661","18996","17928","Shipped","2022-02-06 03:03:02","2022-02-04 12:25:00",NULL,NULL,"117.59999847412108"
"25581","17619","14072","19384","69119","Shipped","2022-04-09 23:31:45","2022-04-12 12:48:00",NULL,NULL,"117.59999847412108"
"113936","78697","62937","18996","307734","Shipped","2022-07-28 09:54:13","2022-07-29 22:26:00",NULL,NULL,"117.59999847412108"
"150153","103609","83097","19384","405529","Shipped","2020-07-20 01:53:01","2020-07-20 21:25:00",NULL,NULL,"117.59999847412108"
"162357","111982","89782","19384","438399","Shipped","2020-02-04 00:56:15","2020-02-02 08:27:00",NULL,NULL,"117.59999847412108"
"128268","88466","70868","18996","346338","Returned","2022-07-09 04:29:56","2022-07-08 06:55:00","2022-07-12 08:42:00","2022-07-13 18:13:00","117.59999847412108"
"147132","101511","81428","18996","397277","Cancelled","2020-10-20 08:03:19",NULL,NULL,NULL,"117.59999847412108"
"169248","116726","93590","18996","457045","Cancelled","2022-07-07 07:14:57",NULL,NULL,NULL,"117.59999847412108"
"10413","7162","5834","19384","28229","Processing","2021-09-22 05:52:39",NULL,NULL,NULL,"117.59999847412108"
"129989","89653","71812","18996","350983","Processing","2021-01-11 03:46:38",NULL,NULL,NULL,"117.59999847412108"
"143431","98974","79357","19384","387259","Processing","2022-06-05 08:26:26",NULL,NULL,NULL,"117.59999847412108"
"149387","103101","82699","19384","403396","Processing","2021-05-16 02:10:44",NULL,NULL,NULL,"117.59999847412108"
"1487","1032","864","5542","4035","Shipped","2022-08-10 09:12:50","2022-08-11 04:24:00",NULL,NULL,"187.69999694824216"
"147700","101920","81744","5542","398798","Complete","2021-06-27 03:21:59","2021-06-27 05:58:00","2021-06-27 14:34:00",NULL,"187.69999694824216"
"103035","71189","56911","5542","278295","Cancelled","2022-05-11 15:13:19",NULL,NULL,NULL,"187.69999694824216"
"168247","116026","93015","5542","454357","Cancelled","2022-06-28 23:52:36",NULL,NULL,NULL,"187.69999694824216"
"8617","5908","4782","5542","23382","Processing","2022-09-04 01:33:48",NULL,NULL,NULL,"187.69999694824216"
"66437","45711","36550","5542","179399","Processing","2020-02-10 09:30:52",NULL,NULL,NULL,"187.69999694824216"
"3748","2538","2054","14105","10138","Shipped","2021-03-15 23:41:35","2021-03-16 01:30:00",NULL,NULL,"203.94999694824216"
"124228","85700","68579","14105","335370","Complete","2022-09-03 00:25:19","2022-08-31 15:54:00","2022-09-04 09:29:00",NULL,"203.94999694824216"
"161498","111398","89319","14105","436047","Complete","2022-07-28 04:59:56","2022-07-29 16:47:00","2022-08-03 00:18:00",NULL,"203.94999694824216"
"118942","82116","65741","14105","321140","Cancelled","2022-05-03 01:28:17",NULL,NULL,NULL,"203.94999694824216"
"1822","1271","1021","14105","4933","Processing","2021-12-01 10:19:02",NULL,NULL,NULL,"203.94999694824216"
"70426","48500","38789","14105","190138","Processing","2022-04-07 06:48:01",NULL,NULL,NULL,"203.94999694824216"
"27382","18861","15083","23845","74022","Shipped","2021-04-14 00:57:27","2021-04-15 02:28:00",NULL,NULL,"243.94999694824216"
"55118","37995","30356","21070","148718","Complete","2022-06-15 17:54:23","2022-06-16 06:58:00","2022-06-18 03:19:00",NULL,"243.94999694824216"
"60848","41912","33497","21070","164277","Complete","2022-04-18 10:56:06","2022-04-18 18:26:00","2022-04-19 17:24:00",NULL,"243.94999694824216"
"128659","88737","71076","23845","347403","Cancelled","2022-08-20 07:05:57",NULL,NULL,NULL,"243.94999694824216"
"147968","102109","81904","21070","399522","Cancelled","2022-03-02 16:36:01",NULL,NULL,NULL,"243.94999694824216"
"10068","6925","5625","23845","27312","Processing","2022-01-14 10:03:25",NULL,NULL,NULL,"243.94999694824216"
"90332","62442","49991","21070","244027","Processing","2022-08-18 09:02:38",NULL,NULL,NULL,"243.94999694824216"
"157125","108383","86917","23845","424246","Processing","2021-01-10 01:31:26",NULL,NULL,NULL,"243.94999694824216"
"31032","21351","17093","13932","83886","Shipped","2021-10-05 12:17:58","2021-10-06 14:29:00",NULL,NULL,"188.94999694824216"
"31381","21593","17272","13932","84817","Shipped","2021-06-04 15:31:48","2021-06-05 11:48:00",NULL,NULL,"188.94999694824216"
"34209","23556","18804","28765","92422","Shipped","2021-10-21 11:13:48","2021-10-20 05:10:00",NULL,NULL,"188.94999694824216"
"71777","49435","39575","28765","193778","Shipped","2022-06-08 03:17:03","2022-06-11 03:22:00",NULL,NULL,"188.94999694824216"
"85621","59167","47309","15783","231282","Shipped","2022-04-20 01:11:32","2022-04-21 23:08:00",NULL,NULL,"188.94999694824216"
"98601","68128","54450","28765","266364","Shipped","2021-11-05 12:53:39","2021-11-06 12:37:00",NULL,NULL,"188.94999694824216"
"114030","78763","62996","13932","307975","Shipped","2021-04-13 18:07:38","2021-04-15 22:12:00",NULL,NULL,"188.94999694824216"
"122675","84635","67740","15783","331236","Shipped","2022-05-21 16:08:53","2022-05-20 02:42:00",NULL,NULL,"188.94999694824216"
"145108","100126","80294","28765","391818","Shipped","2022-05-29 17:58:23","2022-05-27 21:51:00",NULL,NULL,"188.94999694824216"
"171873","118512","95012","13932","464192","Shipped","2021-03-26 10:12:52","2021-03-27 04:18:00",NULL,NULL,"188.94999694824216"
"23301","16028","12800","15783","62982","Complete","2020-04-03 22:19:31","2020-04-04 02:08:00","2020-04-05 14:31:00",NULL,"188.94999694824216"
"56981","39271","31388","13932","153786","Complete","2022-06-09 02:17:11","2022-06-11 17:36:00","2022-06-15 02:40:00",NULL,"188.94999694824216"
"118633","81893","65570","28765","320330","Complete","2022-07-03 12:09:10","2022-07-03 17:13:00","2022-07-04 05:00:00",NULL,"188.94999694824216"
"119177","82269","65868","15783","321779","Complete","2022-02-25 02:02:50","2022-02-23 03:25:00","2022-02-25 07:16:00",NULL,"188.94999694824216"
"155867","107529","86260","13932","420837","Complete","2022-03-20 14:53:36","2022-03-23 11:20:00","2022-03-25 12:39:00",NULL,"188.94999694824216"
"163878","113045","90653","13932","442529","Complete","2022-05-21 04:16:35","2022-05-22 23:01:00","2022-05-23 20:23:00",NULL,"188.94999694824216"
"176514","121734","97632","28765","476731","Complete","2021-07-19 16:19:05","2021-07-21 22:59:00","2021-07-26 18:38:00",NULL,"188.94999694824216"
"114491","79080","63249","13932","309232","Returned","2019-09-17 21:54:59","2019-09-19 17:33:00","2019-09-22 09:23:00","2019-09-23 03:47:00","188.94999694824216"
"160201","110516","88625","13932","432548","Returned","2022-08-11 06:38:35","2022-08-11 22:45:00","2022-08-14 12:48:00","2022-08-16 21:29:00","188.94999694824216"
"16506","11353","9129","13932","44680","Cancelled","2021-04-17 02:56:33",NULL,NULL,NULL,"188.94999694824216"
"27432","18897","15116","13932","74162","Cancelled","2021-01-21 01:23:14",NULL,NULL,NULL,"188.94999694824216"
"49372","34000","27149","28765","133264","Cancelled","2022-08-20 02:43:49",NULL,NULL,NULL,"188.94999694824216"
"177890","122694","98413","15783","480421","Cancelled","2021-07-17 08:31:14",NULL,NULL,NULL,"188.94999694824216"
"5960","4057","3293","28765","16128","Processing","2021-09-09 17:05:23",NULL,NULL,NULL,"188.94999694824216"
"7681","5265","4264","13932","20832","Processing","2022-05-27 02:39:26",NULL,NULL,NULL,"188.94999694824216"
"77423","53384","42719","28765","209006","Processing","2022-03-11 12:24:30",NULL,NULL,NULL,"188.94999694824216"
"115289","79627","63702","13932","311379","Processing","2022-05-31 23:40:09",NULL,NULL,NULL,"188.94999694824216"
"116079","80158","64163","15783","313502","Processing","2021-07-21 16:04:07",NULL,NULL,NULL,"188.94999694824216"
"21659","14891","11895","19377","58550","Shipped","2022-05-12 01:55:41","2022-05-12 12:19:00",NULL,NULL,"204.94999694824216"
"21698","14918","11916","24057","58651","Shipped","2022-08-16 01:25:19","2022-08-17 20:15:00",NULL,NULL,"204.94999694824216"
"38799","26727","21359","24057","104758","Shipped","2021-09-19 08:22:38","2021-09-16 23:32:00",NULL,NULL,"204.94999694824216"
"57177","39407","31500","24057","154322","Shipped","2019-11-09 22:50:11","2019-11-12 17:55:00",NULL,NULL,"204.94999694824216"
"102372","70734","56556","24057","276520","Shipped","2022-06-28 07:28:31","2022-06-27 20:29:00",NULL,NULL,"204.94999694824216"
"113216","78204","62550","24057","305785","Shipped","2021-12-13 08:08:41","2021-12-14 02:14:00",NULL,NULL,"204.94999694824216"
"25015","17231","13767","19377","67616","Complete","2021-04-22 23:57:02","2021-04-25 12:34:00","2021-04-26 07:00:00",NULL,"204.94999694824216"
"33907","23350","18639","24057","91613","Complete","2022-03-19 05:22:43","2022-03-19 00:15:00","2022-03-19 13:30:00",NULL,"204.94999694824216"
"110115","76063","60827","19377","297424","Complete","2022-05-25 15:11:54","2022-05-22 07:13:00","2022-05-22 08:11:00",NULL,"204.94999694824216"
"134587","92858","74397","24057","363440","Complete","2022-08-14 22:41:06","2022-08-11 08:13:00","2022-08-16 07:43:00",NULL,"204.94999694824216"
"36704","25259","20186","24057","99083","Returned","2022-05-12 10:20:05","2022-05-14 21:41:00","2022-05-19 18:24:00","2022-05-20 23:15:00","204.94999694824216"
"101506","70136","56070","24057","274155","Returned","2022-04-22 14:57:57","2022-04-24 15:33:00","2022-04-25 04:10:00","2022-04-28 03:57:00","204.94999694824216"
"133935","92408","74020","19377","361644","Returned","2022-08-19 23:48:31","2022-08-22 16:37:00","2022-08-22 23:25:00","2022-08-23 21:39:00","204.94999694824216"
"17485","12028","9668","19377","47370","Cancelled","2019-06-10 15:27:51",NULL,NULL,NULL,"204.94999694824216"
"36307","25003","19983","19377","98028","Cancelled","2022-01-21 23:00:39",NULL,NULL,NULL,"204.94999694824216"
"78885","54393","43530","19377","212957","Cancelled","2022-03-24 01:21:12",NULL,NULL,NULL,"204.94999694824216"
"146942","101374","81324","24057","396784","Cancelled","2022-07-11 04:49:24",NULL,NULL,NULL,"204.94999694824216"
"9238","6334","5136","19377","25053","Processing","2022-07-22 06:05:11",NULL,NULL,NULL,"204.94999694824216"
"12497","8612","6951","24057","33862","Processing","2021-05-23 00:03:29",NULL,NULL,NULL,"204.94999694824216"
"69685","47980","38361","6219","188106","Shipped","2022-08-01 08:26:43","2022-08-04 04:07:00",NULL,NULL,"102.59999847412108"
"124646","85993","68824","6219","336499","Shipped","2022-08-08 15:40:56","2022-08-10 10:44:00",NULL,NULL,"102.59999847412108"
"115392","79702","63760","6219","311659","Complete","2020-08-17 02:13:15","2020-08-18 16:57:00","2020-08-21 21:33:00",NULL,"102.59999847412108"
"134174","92580","74169","6219","362297","Complete","2022-08-07 16:04:25","2022-08-10 10:07:00","2022-08-13 15:43:00",NULL,"102.59999847412108"
"63693","43854","35074","6219","171950","Cancelled","2021-09-19 21:21:31",NULL,NULL,NULL,"102.59999847412108"
"73448","50592","40486","6219","198318","Cancelled","2020-06-21 12:19:44",NULL,NULL,NULL,"102.59999847412108"
"137665","94997","76147","6219","371712","Cancelled","2022-06-18 07:37:01",NULL,NULL,NULL,"102.59999847412108"
"147859","102033","81835","6219","399232","Processing","2021-10-14 14:39:59",NULL,NULL,NULL,"102.59999847412108"
"49438","34044","27178","19114","133437","Shipped","2020-07-02 09:31:33","2020-06-29 10:23:00",NULL,NULL,"110.59999847412108"
"72550","49968","39992","19114","195904","Shipped","2022-03-09 09:57:34","2022-03-08 01:46:00",NULL,NULL,"110.59999847412108"
"117377","81025","64891","19114","316960","Shipped","2021-09-08 07:53:34","2021-09-04 22:04:00",NULL,NULL,"110.59999847412108"
"138111","95309","76398","19114","372934","Shipped","2020-10-06 11:14:21","2020-10-07 19:17:00",NULL,NULL,"110.59999847412108"
"173590","119733","96001","19114","468784","Complete","2020-10-16 12:11:28","2020-10-14 18:36:00","2020-10-17 02:08:00",NULL,"110.59999847412108"
"163545","112812","90457","19114","441620","Returned","2022-08-23 14:49:48","2022-08-26 13:08:00","2022-08-28 18:55:00","2022-08-28 21:30:00","110.59999847412108"
"166079","114539","91827","19114","448535","Cancelled","2020-12-07 14:54:15",NULL,NULL,NULL,"110.59999847412108"
"70390","48477","38774","19114","190043","Processing","2022-02-13 23:52:44",NULL,NULL,NULL,"110.59999847412108"
"135999","93850","75214","19114","367258","Processing","2021-01-01 15:52:11",NULL,NULL,NULL,"110.59999847412108"
"1929","1338","1079","7629","5221","Shipped","2022-02-12 07:33:37","2022-02-13 14:25:00",NULL,NULL,"122.59999847412108"
"4348","2967","2380","8126","11792","Shipped","2019-12-13 10:09:48","2019-12-12 18:48:00",NULL,NULL,"122.59999847412108"
"5526","3772","3073","8176","14969","Shipped","2021-07-27 03:48:15","2021-07-25 23:23:00",NULL,NULL,"122.59999847412108"
"6743","4596","3729","8204","18265","Shipped","2022-07-30 10:32:07","2022-07-31 13:34:00",NULL,NULL,"122.59999847412108"
"7372","5041","4086","20332","19985","Shipped","2022-05-27 18:05:45","2022-05-29 11:16:00",NULL,NULL,"122.59999847412108"
"8203","5617","4543","8154","22248","Shipped","2022-08-28 21:12:19","2022-08-31 02:36:00",NULL,NULL,"122.59999847412108"
"14689","10111","8131","8127","39792","Shipped","2020-04-15 04:45:24","2020-04-16 17:12:00",NULL,NULL,"122.59999847412108"
"17578","12089","9718","8098","47609","Shipped","2022-06-21 09:25:16","2022-06-22 05:28:00",NULL,NULL,"122.59999847412108"
"18505","12713","10198","7629","50109","Shipped","2022-06-19 05:09:55","2022-06-18 16:35:00",NULL,NULL,"122.59999847412108"
"20932","14393","11520","8204","56652","Shipped","2021-05-07 01:21:09","2021-05-04 10:13:00",NULL,NULL,"122.59999847412108"
"23369","16077","12847","8150","63162","Shipped","2022-09-03 23:48:14","2022-09-02 13:36:00",NULL,NULL,"122.59999847412108"
"33000","22720","18144","8138","89155","Shipped","2021-12-21 23:52:17","2021-12-20 05:35:00",NULL,NULL,"122.59999847412108"
"43511","29930","23869","8196","117502","Shipped","2021-12-06 08:13:46","2021-12-03 11:55:00",NULL,NULL,"122.59999847412108"
"45221","31132","24850","8127","122118","Shipped","2022-07-28 07:14:45","2022-07-28 07:47:00",NULL,NULL,"122.59999847412108"
"60990","42004","33572","8138","164647","Shipped","2021-10-17 05:42:45","2021-10-20 06:19:00",NULL,NULL,"122.59999847412108"
"67010","46099","36866","8138","180939","Shipped","2022-03-18 23:32:16","2022-03-19 02:45:00",NULL,NULL,"122.59999847412108"
"78053","53824","43053","8138","210719","Shipped","2022-03-09 10:04:54","2022-03-11 18:52:00",NULL,NULL,"122.59999847412108"
"83808","57878","46278","7611","226352","Shipped","2021-07-29 10:16:29","2021-07-30 18:21:00",NULL,NULL,"122.59999847412108"
"84248","58201","46540","8127","227549","Shipped","2020-06-08 14:28:20","2020-06-09 04:30:00",NULL,NULL,"122.59999847412108"
"92501","63913","51169","8126","249843","Shipped","2021-09-24 21:55:47","2021-09-26 12:52:00",NULL,NULL,"122.59999847412108"
"101137","69894","55893","8127","273137","Shipped","2022-08-09 02:58:28","2022-08-09 12:40:00",NULL,NULL,"122.59999847412108"
"102308","70693","56527","8154","276343","Shipped","2021-11-02 03:23:08","2021-10-29 23:55:00",NULL,NULL,"122.59999847412108"
"104562","72250","57762","7629","282448","Shipped","2022-03-30 09:58:25","2022-03-31 02:29:00",NULL,NULL,"122.59999847412108"
"105630","72986","58380","8127","285315","Shipped","2019-09-03 14:28:36","2019-09-03 08:56:00",NULL,NULL,"122.59999847412108"
"113246","78229","62566","8126","305868","Shipped","2021-10-16 07:36:10","2021-10-18 16:53:00",NULL,NULL,"122.59999847412108"
"115714","79911","63949","8132","312507","Shipped","2021-11-23 10:37:58","2021-11-25 11:51:00",NULL,NULL,"122.59999847412108"
"133360","92017","73706","8138","360103","Shipped","2020-01-25 18:37:12","2020-01-25 02:13:00",NULL,NULL,"122.59999847412108"
"151411","104467","83821","8204","408922","Shipped","2020-09-07 00:29:01","2020-09-08 20:05:00",NULL,NULL,"122.59999847412108"
"166025","114496","91784","20332","448400","Shipped","2022-06-21 06:07:44","2022-06-23 06:45:00",NULL,NULL,"122.59999847412108"
"171271","118075","94689","7629","462560","Shipped","2021-07-20 03:57:02","2021-07-18 07:34:00",NULL,NULL,"122.59999847412108"
"180616","124562","99880","7629","487735","Shipped","2022-07-19 13:42:37","2022-07-20 00:36:00",NULL,NULL,"122.59999847412108"
"8057","5523","4473","8204","21858","Complete","2022-07-10 08:40:27","2022-07-08 23:52:00","2022-07-12 04:44:00",NULL,"122.59999847412108"
"13881","9568","7713","8176","37623","Complete","2020-01-11 02:30:18","2020-01-11 01:52:00","2020-01-11 07:24:00",NULL,"122.59999847412108"
"25879","17831","14252","7629","69932","Complete","2019-12-15 06:38:25","2019-12-15 09:47:00","2019-12-18 02:34:00",NULL,"122.59999847412108"
"28965","19945","15930","8132","78311","Complete","2022-04-02 03:42:47","2022-04-01 20:15:00","2022-04-04 10:25:00",NULL,"122.59999847412108"
"34891","24017","19177","8204","94258","Complete","2020-01-12 07:18:24","2020-01-13 01:45:00","2020-01-15 13:24:00",NULL,"122.59999847412108"
"45619","31410","25068","20332","123180","Complete","2021-01-20 14:58:04","2021-01-19 18:37:00","2021-01-22 16:34:00",NULL,"122.59999847412108"
"57364","39544","31602","7629","154826","Complete","2020-12-21 16:55:24","2020-12-21 17:27:00","2020-12-21 19:33:00",NULL,"122.59999847412108"
"59662","41110","32847","8196","161050","Complete","2021-11-21 11:41:43","2021-11-22 13:26:00","2021-11-26 02:24:00",NULL,"122.59999847412108"
"64352","44289","35427","8126","173737","Complete","2021-08-08 09:14:52","2021-08-10 13:51:00","2021-08-11 02:45:00",NULL,"122.59999847412108"
"67472","46426","37133","20332","182191","Complete","2022-03-07 15:12:14","2022-03-08 02:37:00","2022-03-09 22:44:00",NULL,"122.59999847412108"
"74638","51432","41154","8132","201519","Complete","2022-05-14 05:41:41","2022-05-14 16:27:00","2022-05-19 15:56:00",NULL,"122.59999847412108"
"81282","56067","44811","8132","219511","Complete","2022-09-03 11:37:27","2022-09-03 17:07:00","2022-09-06 05:36:00",NULL,"122.59999847412108"
"85347","58979","47148","8176","230530","Complete","2021-11-14 11:16:06","2021-11-12 18:06:00","2021-11-16 17:40:00",NULL,"122.59999847412108"
"91217","63025","50457","8150","246413","Complete","2022-09-03 07:38:19","2022-09-06 02:07:00","2022-09-06 06:49:00",NULL,"122.59999847412108"
"91242","63046","50468","8196","246475","Complete","2022-05-10 14:06:33","2022-05-12 10:29:00","2022-05-14 13:57:00",NULL,"122.59999847412108"
"100144","69211","55342","7629","270474","Complete","2022-05-03 09:38:32","2022-05-06 06:59:00","2022-05-07 20:53:00",NULL,"122.59999847412108"
"135109","93214","74677","20332","364854","Complete","2022-07-31 04:10:00","2022-08-02 16:59:00","2022-08-05 11:49:00",NULL,"122.59999847412108"
"140938","97214","77967","8196","380540","Complete","2022-04-02 15:25:25","2022-04-05 05:49:00","2022-04-07 21:40:00",NULL,"122.59999847412108"
"158553","109369","87709","20332","428079","Complete","2020-02-26 01:43:27","2020-02-27 03:14:00","2020-03-02 02:17:00",NULL,"122.59999847412108"
"160326","110607","88687","8138","432891","Complete","2022-06-12 14:09:15","2022-06-15 00:09:00","2022-06-15 23:54:00",NULL,"122.59999847412108"
"5535","3779","3080","8176","14992","Returned","2021-12-16 07:00:27","2021-12-17 07:09:00","2021-12-22 03:52:00","2021-12-24 04:44:00","122.59999847412108"
"16729","11514","9268","8204","45290","Returned","2020-10-20 00:51:02","2020-10-18 17:20:00","2020-10-22 19:32:00","2020-10-23 02:11:00","122.59999847412108"
"53886","37135","29668","8127","145432","Returned","2022-08-29 02:56:52","2022-08-30 15:38:00","2022-09-02 23:10:00","2022-09-03 17:43:00","122.59999847412108"
"142880","98582","79033","8196","385788","Returned","2020-10-18 14:28:43","2020-10-20 17:01:00","2020-10-23 21:45:00","2020-10-26 10:34:00","122.59999847412108"
"175907","121319","97296","7611","475057","Returned","2021-09-18 08:15:46","2021-09-20 00:25:00","2021-09-21 05:39:00","2021-09-22 04:41:00","122.59999847412108"
"161","118","92","7629","427","Cancelled","2022-08-16 11:42:58",NULL,NULL,NULL,"122.59999847412108"
"39285","27038","21597","8150","106070","Cancelled","2021-08-06 23:31:42",NULL,NULL,NULL,"122.59999847412108"
"40775","28049","22373","8154","110108","Cancelled","2022-09-02 11:01:37.277144",NULL,NULL,NULL,"122.59999847412108"
"40865","28107","22423","7611","110337","Cancelled","2020-05-07 06:27:59",NULL,NULL,NULL,"122.59999847412108"
"48698","33548","26791","8098","131420","Cancelled","2022-08-05 15:40:42",NULL,NULL,NULL,"122.59999847412108"
"49063","33789","26989","8138","132408","Cancelled","2021-05-09 09:20:18",NULL,NULL,NULL,"122.59999847412108"
"50559","34832","27798","7611","136470","Cancelled","2021-12-08 14:30:20",NULL,NULL,NULL,"122.59999847412108"
"74174","51096","40903","8176","200284","Cancelled","2021-10-27 17:10:06",NULL,NULL,NULL,"122.59999847412108"
"76321","52605","42095","8098","206101","Cancelled","2021-11-09 10:36:27",NULL,NULL,NULL,"122.59999847412108"
"80700","55654","44485","8126","217941","Cancelled","2020-05-20 21:54:50",NULL,NULL,NULL,"122.59999847412108"
"86469","59743","47799","8132","233584","Cancelled","2020-07-05 03:08:46",NULL,NULL,NULL,"122.59999847412108"
"97663","67497","53944","20332","263823","Cancelled","2022-08-09 00:14:18",NULL,NULL,NULL,"122.59999847412108"
"177750","122591","98327","8126","480052","Cancelled","2021-02-10 07:05:50",NULL,NULL,NULL,"122.59999847412108"
"29753","20496","16379","8150","80429","Processing","2022-03-28 05:54:22",NULL,NULL,NULL,"122.59999847412108"
"65010","44750","35786","8196","175550","Processing","2020-05-09 07:36:45",NULL,NULL,NULL,"122.59999847412108"
"73969","50951","40769","8098","199724","Processing","2022-05-22 01:28:41",NULL,NULL,NULL,"122.59999847412108"
"74211","51125","40922","20332","200386","Processing","2021-01-11 23:54:37",NULL,NULL,NULL,"122.59999847412108"
"79351","54718","43764","8150","214241","Processing","2021-09-07 03:57:02",NULL,NULL,NULL,"122.59999847412108"
"102976","71150","56873","8176","278137","Processing","2021-07-25 15:08:42",NULL,NULL,NULL,"122.59999847412108"
"115734","79924","63961","7629","312562","Processing","2021-11-02 02:04:53",NULL,NULL,NULL,"122.59999847412108"
"125405","86510","69231","8196","338575","Processing","2022-07-17 21:46:11",NULL,NULL,NULL,"122.59999847412108"
"144331","99583","79848","8154","389708","Processing","2022-07-18 07:00:00",NULL,NULL,NULL,"122.59999847412108"
"162169","111845","89667","8138","437892","Processing","2022-08-03 08:21:44",NULL,NULL,NULL,"122.59999847412108"
"163923","113075","90678","20332","442658","Processing","2021-10-14 16:59:30",NULL,NULL,NULL,"122.59999847412108"
"175434","120986","96996","8127","473789","Processing","2022-02-23 07:18:37",NULL,NULL,NULL,"122.59999847412108"
"23796","16382","13096","17897","64339","Shipped","2020-07-19 10:34:45","2020-07-19 03:31:00",NULL,NULL,"205.19999694824216"
"61091","42066","33621","17897","164933","Shipped","2021-11-09 12:07:04","2021-11-11 00:25:00",NULL,NULL,"205.19999694824216"
"67019","46107","36872","17897","180964","Shipped","2021-11-16 08:45:36","2021-11-17 11:03:00",NULL,NULL,"205.19999694824216"
"1916","1329","1067","17897","5186","Complete","2022-08-27 11:18:08","2022-08-28 19:50:00","2022-08-29 04:39:00",NULL,"205.19999694824216"
"53201","36673","29308","17897","143555","Complete","2021-10-02 12:26:29","2021-10-03 05:04:00","2021-10-08 04:48:00",NULL,"205.19999694824216"
"179332","123688","99222","17897","484290","Returned","2021-08-22 16:54:58","2021-08-21 19:57:00","2021-08-23 09:54:00","2021-08-23 12:06:00","205.19999694824216"
"130137","89758","71887","17897","351369","Cancelled","2022-08-23 11:56:15",NULL,NULL,NULL,"205.19999694824216"
"163386","112694","90363","17897","441180","Cancelled","2021-08-24 02:19:33",NULL,NULL,NULL,"205.19999694824216"
"64592","44461","35569","17897","174394","Processing","2020-07-07 14:07:57",NULL,NULL,NULL,"205.19999694824216"
"140240","96744","77578","17897","378676","Processing","2022-03-16 15:07:47",NULL,NULL,NULL,"205.19999694824216"
"166540","114849","92072","17897","449798","Processing","2022-06-18 02:08:01",NULL,NULL,NULL,"205.19999694824216"
"48049","33094","26440","19171","129700","Shipped","2022-05-04 10:05:28","2022-05-07 04:14:00",NULL,NULL,"122.84999847412108"
"71038","48908","39124","19171","191780","Shipped","2021-07-31 22:23:00","2021-07-29 10:25:00",NULL,NULL,"122.84999847412108"
"151577","104572","83899","19171","409370","Shipped","2022-08-31 23:55:28","2022-09-02 19:21:00",NULL,NULL,"122.84999847412108"
"20221","13905","11147","19171","54720","Complete","2022-05-22 06:42:10","2022-05-23 10:52:00","2022-05-26 12:14:00",NULL,"122.84999847412108"
"62624","43128","34484","19171","169058","Complete","2020-10-12 02:32:30","2020-10-12 03:24:00","2020-10-14 18:26:00",NULL,"122.84999847412108"
"6129","4182","3392","19171","16583","Cancelled","2022-03-13 03:50:09",NULL,NULL,NULL,"122.84999847412108"
"66559","45794","36615","19171","179722","Cancelled","2022-03-24 07:57:36",NULL,NULL,NULL,"122.84999847412108"
"8186","5605","4534","19171","22198","Processing","2022-06-19 13:34:32",NULL,NULL,NULL,"122.84999847412108"
"55835","38484","30756","19171","150676","Processing","2021-03-23 01:42:00",NULL,NULL,NULL,"122.84999847412108"
"180548","124509","99843","21002","487552","Shipped","2022-03-18 21:38:25","2022-03-21 22:54:00",NULL,NULL,"181.94999694824216"
"29661","20427","16314","21002","80178","Complete","2022-02-13 10:31:14","2022-02-15 22:09:00","2022-02-17 06:41:00",NULL,"181.94999694824216"
"145987","100733","80823","21002","394199","Complete","2020-01-20 13:25:08","2020-01-21 14:30:00","2020-01-25 16:59:00",NULL,"181.94999694824216"
"100491","69443","55543","21002","271394","Cancelled","2022-07-07 12:31:10",NULL,NULL,NULL,"181.94999694824216"
"64830","44627","35703","21002","175061","Processing","2021-09-16 17:16:24",NULL,NULL,NULL,"181.94999694824216"
"154526","106625","85528","21002","417267","Processing","2022-06-13 10:43:31",NULL,NULL,NULL,"181.94999694824216"
"23280","16014","12789","23885","62926","Shipped","2022-04-18 01:47:27","2022-04-20 15:08:00",NULL,NULL,"189.94999694824216"
"24568","16904","13505","24339","66396","Shipped","2022-05-27 23:38:06","2022-05-28 08:53:00",NULL,NULL,"189.94999694824216"
"37941","26122","20877","23770","102431","Shipped","2022-03-31 01:17:23","2022-03-28 18:06:00",NULL,NULL,"189.94999694824216"
"41399","28473","22715","23770","111758","Shipped","2022-09-08 13:58:13.10583","2022-09-05 21:18:02.10583",NULL,NULL,"189.94999694824216"
"46447","31972","25525","23770","125427","Shipped","2021-11-20 07:54:54","2021-11-23 03:12:00",NULL,NULL,"189.94999694824216"
"76637","52825","42266","6482","206942","Shipped","2020-03-15 21:21:33","2020-03-15 12:14:00",NULL,NULL,"189.94999694824216"
"82959","57277","45790","24339","224045","Shipped","2021-12-03 15:23:38","2021-12-05 21:50:00",NULL,NULL,"189.94999694824216"
"91459","63195","50601","23885","247059","Shipped","2022-08-25 23:48:34","2022-08-24 10:55:00",NULL,NULL,"189.94999694824216"
"106356","73500","58775","23885","287282","Shipped","2022-08-14 00:52:07","2022-08-16 03:24:00",NULL,NULL,"189.94999694824216"
"111709","77168","61745","24413","301701","Shipped","2022-08-09 09:27:28","2022-08-12 06:35:00",NULL,NULL,"189.94999694824216"
"122803","84725","67806","24413","331592","Shipped","2022-02-09 13:29:11","2022-02-11 21:58:00",NULL,NULL,"189.94999694824216"
"146657","101176","81181","23770","396019","Shipped","2021-12-22 14:56:31","2021-12-23 20:04:00",NULL,NULL,"189.94999694824216"
"152568","105272","84461","24413","412025","Shipped","2022-03-20 00:11:38","2022-03-20 14:33:00",NULL,NULL,"189.94999694824216"
"170790","117750","94435","24413","461262","Shipped","2022-05-20 04:41:23","2022-05-22 15:26:00",NULL,NULL,"189.94999694824216"
"180139","124234","99644","6482","486464","Shipped","2021-06-22 10:16:35","2021-06-18 20:17:00",NULL,NULL,"189.94999694824216"
"708","496","423","23770","1888","Complete","2021-09-02 23:31:00","2021-09-03 03:49:00","2021-09-06 19:53:00",NULL,"189.94999694824216"
"12227","8433","6810","24413","33139","Complete","2020-05-07 16:20:43","2020-05-09 18:19:00","2020-05-10 06:22:00",NULL,"189.94999694824216"
"19692","13542","10861","6482","53277","Complete","2019-12-04 07:55:26","2019-12-05 05:15:00","2019-12-05 15:31:00",NULL,"189.94999694824216"
"28013","19312","15439","23885","75719","Complete","2019-09-27 13:45:00","2019-09-26 01:01:00","2019-09-28 07:41:00",NULL,"189.94999694824216"
"37006","25480","20370","24339","99921","Complete","2019-11-09 23:44:56","2019-11-11 21:18:00","2019-11-13 16:21:00",NULL,"189.94999694824216"
"43764","30103","23999","23770","118195","Complete","2022-08-22 10:30:19","2022-08-25 08:35:00","2022-08-28 19:07:00",NULL,"189.94999694824216"
"53099","36606","29251","23770","143283","Complete","2020-03-21 15:10:47","2020-03-21 00:06:00","2020-03-25 11:29:00",NULL,"189.94999694824216"
"62372","42955","34340","23770","168357","Complete","2019-10-06 02:41:17","2019-10-06 09:26:00","2019-10-10 08:44:00",NULL,"189.94999694824216"
"71986","49582","39695","6482","194334","Complete","2022-09-02 01:33:39.308592","2022-09-04 10:02:30.308592","2022-09-04 21:52:30.308592",NULL,"189.94999694824216"
"86536","59785","47830","6482","233759","Complete","2022-08-11 17:17:12","2022-08-12 20:22:00","2022-08-13 20:31:00",NULL,"189.94999694824216"
"117258","80944","64818","24339","316656","Complete","2021-10-31 13:48:23","2021-11-02 11:31:00","2021-11-06 16:38:00",NULL,"189.94999694824216"
"120172","82947","66412","23885","324452","Complete","2021-05-25 22:14:38","2021-05-26 01:05:00","2021-05-28 21:59:00",NULL,"189.94999694824216"
"138083","95290","76388","24413","372855","Complete","2022-09-03 14:18:04.748635","2022-09-05 05:11:48.748635","2022-09-09 23:23:48.748635",NULL,"189.94999694824216"
"151202","104327","83699","7315","408358","Complete","2022-08-03 14:59:16","2022-08-04 01:52:00","2022-08-07 21:54:00",NULL,"189.94999694824216"
"160666","110842","88880","6482","433800","Complete","2021-12-12 00:45:51","2021-12-10 06:53:00","2021-12-11 12:14:00",NULL,"189.94999694824216"
"97633","67476","53930","6482","263737","Cancelled","2022-07-03 07:56:37",NULL,NULL,NULL,"189.94999694824216"
"40214","27678","22111","24339","108551","Processing","2021-10-11 03:25:46",NULL,NULL,NULL,"189.94999694824216"
"92909","64201","51379","7315","250947","Processing","2021-04-13 14:30:17",NULL,NULL,NULL,"189.94999694824216"
"94522","65301","52244","23885","255326","Processing","2022-02-20 09:02:42",NULL,NULL,NULL,"189.94999694824216"
"105871","73162","58521","24413","285981","Processing","2022-05-25 08:39:35",NULL,NULL,NULL,"189.94999694824216"
"134600","92866","74403","24413","363475","Processing","2022-07-06 08:24:41",NULL,NULL,NULL,"189.94999694824216"
"138257","95405","76487","24413","373327","Processing","2022-04-19 03:01:14",NULL,NULL,NULL,"189.94999694824216"
"143510","99027","79403","6482","387476","Processing","2022-06-24 03:25:05",NULL,NULL,NULL,"189.94999694824216"
"147595","101850","81692","23885","398517","Processing","2019-09-16 05:21:37",NULL,NULL,NULL,"189.94999694824216"
"174989","120667","96753","23885","472568","Processing","2021-05-14 07:12:22",NULL,NULL,NULL,"189.94999694824216"
"39597","27269","21784","21050","106887","Shipped","2022-05-25 06:09:04","2022-05-23 00:29:00",NULL,NULL,"213.94999694824216"
"87443","60424","48376","21050","236227","Shipped","2021-12-07 01:23:14","2021-12-04 17:59:00",NULL,NULL,"213.94999694824216"
"102891","71092","56827","21050","277914","Complete","2020-05-27 05:47:40","2020-05-27 08:47:00","2020-05-28 02:04:00",NULL,"213.94999694824216"
"173344","119559","95858","21050","468158","Complete","2021-07-27 00:52:33","2021-07-29 00:27:00","2021-07-31 18:00:00",NULL,"213.94999694824216"
"180102","124209","99624","21050","486370","Complete","2021-10-17 22:43:40","2021-10-15 17:43:00","2021-10-19 05:05:00",NULL,"213.94999694824216"
"149642","103280","82840","21050","404096","Returned","2022-02-26 01:02:10","2022-02-26 03:09:00","2022-03-02 11:01:00","2022-03-03 11:47:00","213.94999694824216"
"48215","33217","26540","21050","130135","Processing","2021-04-24 07:40:21",NULL,NULL,NULL,"213.94999694824216"
"52087","35896","28680","22354","140579","Shipped","2022-07-13 00:23:14","2022-07-14 02:21:00",NULL,NULL,"245.94999694824216"
"98339","67952","54311","22354","265656","Returned","2019-10-04 15:02:28","2019-10-05 16:40:00","2019-10-09 05:45:00","2019-10-11 07:19:00","245.94999694824216"
"142071","97995","78576","22354","383603","Cancelled","2020-09-11 09:30:13",NULL,NULL,NULL,"245.94999694824216"
"175299","120889","96918","22354","473408","Cancelled","2021-01-28 17:00:05",NULL,NULL,NULL,"245.94999694824216"
"39150","26955","21528","22354","105706","Processing","2022-08-03 04:05:45",NULL,NULL,NULL,"245.94999694824216"
"55397","38183","30507","22354","149470","Processing","2021-11-13 07:16:40",NULL,NULL,NULL,"245.94999694824216"
"92749","64085","51291","22354","250510","Processing","2020-06-23 23:26:34",NULL,NULL,NULL,"245.94999694824216"
"162378","111993","89790","22354","438458","Processing","2022-07-16 09:24:27",NULL,NULL,NULL,"245.94999694824216"
"111177","76811","61450","19607","300257","Shipped","2021-10-04 14:53:13","2021-10-05 19:10:00",NULL,NULL,"107.09999847412108"
"135355","93398","74825","19205","365511","Shipped","2022-07-28 08:17:07","2022-07-29 14:18:00",NULL,NULL,"107.09999847412108"
"149986","103505","83023","19205","405051","Shipped","2022-06-04 05:46:39","2022-06-05 23:45:00",NULL,NULL,"107.09999847412108"
"152429","105175","84380","19205","411666","Shipped","2021-09-30 03:36:55","2021-10-01 22:48:00",NULL,NULL,"107.09999847412108"
"29927","20616","16490","19205","80902","Complete","2022-01-29 12:26:38","2022-01-30 02:18:00","2022-01-30 16:22:00",NULL,"107.09999847412108"
"45155","31093","24820","19205","121945","Complete","2022-06-13 06:12:50","2022-06-13 08:35:00","2022-06-16 06:49:00",NULL,"107.09999847412108"
"67930","46743","37393","19205","183414","Complete","2021-11-16 05:40:25","2021-11-12 17:06:00","2021-11-14 19:25:00",NULL,"107.09999847412108"
"120997","83505","66871","19205","326706","Complete","2022-04-12 15:28:59","2022-04-14 02:28:00","2022-04-14 05:49:00",NULL,"107.09999847412108"
"134972","93117","74606","19205","364478","Complete","2022-04-24 07:56:12","2022-04-26 19:46:00","2022-04-28 20:44:00",NULL,"107.09999847412108"
"64008","44058","35239","19607","172797","Returned","2021-02-11 16:09:19","2021-02-11 13:53:00","2021-02-14 19:39:00","2021-02-17 16:29:00","107.09999847412108"
"34910","24032","19188","19607","94309","Cancelled","2021-02-13 09:58:58",NULL,NULL,NULL,"107.09999847412108"
"110432","76280","61004","19607","298246","Cancelled","2020-06-25 08:54:26",NULL,NULL,NULL,"107.09999847412108"
"121164","83614","66947","19607","327163","Cancelled","2020-10-21 08:51:29",NULL,NULL,NULL,"107.09999847412108"
"462","327","284","19205","1223","Processing","2020-11-17 08:04:38",NULL,NULL,NULL,"107.09999847412108"
"6578","4478","3629","19607","17813","Processing","2021-07-21 04:57:24",NULL,NULL,NULL,"107.09999847412108"
"43196","29713","23696","24276","116647","Shipped","2021-10-25 05:06:11","2021-10-23 16:14:00",NULL,NULL,"198.94999694824216"
"85302","58948","47127","24276","230422","Shipped","2021-11-09 17:03:04","2021-11-12 00:09:00",NULL,NULL,"198.94999694824216"
"125555","86612","69301","24276","338982","Complete","2022-07-15 02:45:30","2022-07-14 13:13:00","2022-07-16 04:14:00",NULL,"198.94999694824216"
"18337","12605","10112","24276","49663","Cancelled","2021-08-14 11:29:09",NULL,NULL,NULL,"198.94999694824216"
"32727","22531","17993","24276","88442","Processing","2021-01-16 15:44:17",NULL,NULL,NULL,"198.94999694824216"
"34817","23961","19130","23904","94062","Shipped","2021-10-10 16:52:06","2021-10-10 11:40:00",NULL,NULL,"254.94999694824216"
"49857","34338","27410","23904","134587","Shipped","2021-09-11 23:16:45","2021-09-12 14:43:00",NULL,NULL,"254.94999694824216"
"114921","79376","63495","24174","310392","Shipped","2022-04-11 06:36:31","2022-04-13 15:51:00",NULL,NULL,"254.94999694824216"
"166187","114618","91889","24174","448844","Shipped","2022-04-17 03:30:01","2022-04-15 00:09:00",NULL,NULL,"254.94999694824216"
"167706","115649","92697","24174","452892","Shipped","2020-11-14 15:02:39","2020-11-12 18:08:00",NULL,NULL,"254.94999694824216"
"93349","64508","51623","24174","252107","Complete","2022-09-01 10:33:35","2022-09-01 10:21:00","2022-09-03 02:44:00",NULL,"254.94999694824216"
"122046","84187","67390","23904","329523","Complete","2019-05-12 08:40:17","2019-05-10 14:43:00","2019-05-15 12:51:00",NULL,"254.94999694824216"
"74752","51507","41229","24174","201823","Processing","2021-06-03 02:51:11",NULL,NULL,NULL,"254.94999694824216"
"107276","74112","59249","24174","289761","Processing","2022-01-23 22:15:11",NULL,NULL,NULL,"254.94999694824216"
"145541","100418","80529","24174","392999","Processing","2022-08-30 07:01:55",NULL,NULL,NULL,"254.94999694824216"
"175955","121351","97322","23904","475188","Processing","2022-08-07 23:32:44",NULL,NULL,NULL,"254.94999694824216"
"64163","44161","35324","3109","173214","Shipped","2022-06-21 07:14:26","2022-06-21 00:33:00",NULL,NULL,"127.59999847412108"
"64976","44727","35768","3109","175466","Shipped","2022-07-27 12:30:55","2022-07-29 19:24:00",NULL,NULL,"127.59999847412108"
"83457","57632","46071","3109","225396","Shipped","2020-07-01 07:51:51","2020-06-29 16:42:00",NULL,NULL,"127.59999847412108"
"100796","69659","55701","3109","272231","Complete","2022-07-31 13:31:49","2022-07-31 19:30:00","2022-08-04 21:10:00",NULL,"127.59999847412108"
"109498","75641","60463","3109","295769","Complete","2022-08-08 14:04:50","2022-08-08 20:06:00","2022-08-09 00:57:00",NULL,"127.59999847412108"
"55884","38519","30778","3109","150812","Processing","2021-08-13 16:59:27",NULL,NULL,NULL,"127.59999847412108"
"161640","111497","89399","3109","436444","Processing","2021-06-29 04:14:41",NULL,NULL,NULL,"127.59999847412108"
"33818","23292","18592","18816","91359","Shipped","2022-07-03 00:36:08","2022-07-02 19:17:00",NULL,NULL,"103.84999847412108"
"36335","25022","20002","18816","98105","Shipped","2022-05-11 08:39:25","2022-05-11 15:25:00",NULL,NULL,"103.84999847412108"
"97975","67708","54098","18816","264673","Shipped","2022-09-05 04:10:36","2022-09-08 02:19:00",NULL,NULL,"103.84999847412108"
"48416","33366","26644","18816","130665","Complete","2021-04-12 23:23:45","2021-04-13 16:57:00","2021-04-18 11:47:00",NULL,"103.84999847412108"
"92122","63651","50957","18816","248820","Cancelled","2022-05-26 15:31:43",NULL,NULL,NULL,"103.84999847412108"
"5248","3578","2927","18816","14205","Processing","2020-06-14 16:30:24",NULL,NULL,NULL,"103.84999847412108"
"27268","18780","15012","18816","73717","Processing","2022-07-04 09:17:04",NULL,NULL,NULL,"103.84999847412108"
"78752","54298","43466","18816","212605","Processing","2021-10-27 07:43:45",NULL,NULL,NULL,"103.84999847412108"
"94308","65157","52123","18816","254737","Processing","2021-11-16 03:13:03",NULL,NULL,NULL,"103.84999847412108"
"108029","74628","59665","18816","291829","Processing","2022-04-17 03:43:53",NULL,NULL,NULL,"103.84999847412108"
"109103","75367","60256","18816","294711","Processing","2020-10-27 05:11:11",NULL,NULL,NULL,"103.84999847412108"
"1164","805","677","20238","3144","Shipped","2022-07-15 09:28:36","2022-07-16 16:51:00",NULL,NULL,"199.94999694824216"
"9648","6643","5389","20238","26186","Shipped","2020-11-17 15:52:03","2020-11-17 11:48:00",NULL,NULL,"199.94999694824216"
"82572","56996","45568","20238","222997","Shipped","2022-04-29 00:52:27","2022-04-30 12:51:00",NULL,NULL,"199.94999694824216"
"110927","76636","61299","20238","299584","Shipped","2022-03-19 11:07:46","2022-03-20 06:52:00",NULL,NULL,"199.94999694824216"
"132670","91518","73293","24252","358255","Shipped","2021-09-04 12:03:43","2021-09-05 02:44:00",NULL,NULL,"199.94999694824216"
"45181","31109","24831","22380","122015","Complete","2022-09-03 08:13:51.136813","2022-09-03 12:48:57.136813","2022-09-05 22:43:57.136813",NULL,"199.94999694824216"
"121847","84073","67306","8036","328991","Complete","2022-06-20 09:04:29","2022-06-16 10:30:00","2022-06-21 01:34:00",NULL,"199.94999694824216"
"123039","84879","67930","2455","332237","Complete","2021-10-12 07:48:56","2021-10-10 23:00:00","2021-10-11 05:19:00",NULL,"199.94999694824216"
"137245","94699","75909","17163","370594","Complete","2022-05-02 05:22:31","2022-05-02 04:21:00","2022-05-03 12:20:00",NULL,"199.94999694824216"
"140854","97158","77921","2455","380314","Complete","2020-11-29 02:40:12","2020-12-01 23:17:00","2020-12-05 18:46:00",NULL,"199.94999694824216"
"144577","99752","79981","24252","390345","Complete","2022-08-23 02:28:08","2022-08-24 08:25:00","2022-08-28 01:55:00",NULL,"199.94999694824216"
"145894","100670","80766","20238","393961","Complete","2021-08-20 14:06:06","2021-08-22 09:40:00","2021-08-24 00:32:00",NULL,"199.94999694824216"
"15436","10598","8521","24252","41810","Returned","2020-07-24 21:38:01","2020-07-26 03:08:00","2020-07-30 15:51:00","2020-08-02 06:32:00","199.94999694824216"
"62962","43349","34661","24252","169990","Returned","2022-02-28 01:56:10","2022-02-25 05:05:00","2022-03-01 03:50:00","2022-03-02 22:22:00","199.94999694824216"
"76835","52976","42380","24252","207494","Returned","2022-07-25 00:06:47","2022-07-25 21:08:00","2022-07-30 08:20:00","2022-08-01 08:17:00","199.94999694824216"
"85700","59227","47365","8036","231495","Returned","2021-07-05 13:15:30","2021-07-08 06:08:00","2021-07-09 14:01:00","2021-07-10 01:32:00","199.94999694824216"
"8596","5890","4769","17163","23324","Cancelled","2022-05-07 03:33:39",NULL,NULL,NULL,"199.94999694824216"
"19770","13599","10895","20238","53495","Cancelled","2021-08-24 02:00:58",NULL,NULL,NULL,"199.94999694824216"
"75081","51738","41396","22380","202716","Cancelled","2020-11-18 07:21:32",NULL,NULL,NULL,"199.94999694824216"
"80255","55351","44261","2455","216711","Cancelled","2021-07-25 09:23:39",NULL,NULL,NULL,"199.94999694824216"
"82443","56898","45500","8036","222628","Cancelled","2020-02-02 23:47:20",NULL,NULL,NULL,"199.94999694824216"
"128349","88521","70901","24252","346566","Cancelled","2022-03-10 21:57:06",NULL,NULL,NULL,"199.94999694824216"
"152810","105429","84582","24252","412668","Cancelled","2022-03-30 04:44:18",NULL,NULL,NULL,"199.94999694824216"
"160503","110730","88800","22380","433371","Cancelled","2022-01-08 08:33:27",NULL,NULL,NULL,"199.94999694824216"
"174521","120368","96515","22380","471276","Cancelled","2022-07-06 17:14:04",NULL,NULL,NULL,"199.94999694824216"
"1194","828","693","24252","3228","Processing","2022-08-08 21:52:02",NULL,NULL,NULL,"199.94999694824216"
"44102","30342","24203","2455","119116","Processing","2022-07-19 13:01:24",NULL,NULL,NULL,"199.94999694824216"
"61385","42269","33795","20238","165713","Processing","2021-01-01 13:54:20",NULL,NULL,NULL,"199.94999694824216"
"84417","58321","46644","8036","227999","Processing","2020-12-23 22:42:18",NULL,NULL,NULL,"199.94999694824216"
"92858","64165","51354","24252","250799","Processing","2021-12-08 09:11:10",NULL,NULL,NULL,"199.94999694824216"
"106118","73338","58663","24252","286636","Processing","2020-01-26 08:54:40",NULL,NULL,NULL,"199.94999694824216"
"109688","75764","60571","17163","296296","Processing","2022-06-07 10:32:38",NULL,NULL,NULL,"199.94999694824216"
"117555","81150","64994","22380","317434","Processing","2020-03-12 17:15:35",NULL,NULL,NULL,"199.94999694824216"
"134131","92551","74139","24252","362177","Processing","2022-01-20 13:47:22",NULL,NULL,NULL,"199.94999694824216"
"135021","93148","74627","17163","364603","Processing","2022-08-30 12:48:34",NULL,NULL,NULL,"199.94999694824216"
"135987","93841","75208","17163","367226","Processing","2019-02-17 05:43:32",NULL,NULL,NULL,"199.94999694824216"
"5390","3678","3003","21612","14596","Shipped","2019-08-05 14:24:06","2019-08-08 02:02:00",NULL,NULL,"207.94999694824216"
"5434","3710","3029","21612","14720","Shipped","2022-08-15 09:11:24","2022-08-14 06:14:00",NULL,NULL,"207.94999694824216"
"33544","23089","18432","21612","90623","Shipped","2022-02-06 08:21:12","2022-02-07 08:25:00",NULL,NULL,"207.94999694824216"
"82583","57001","45571","21612","223024","Shipped","2022-07-30 08:04:32","2022-08-01 23:56:00",NULL,NULL,"207.94999694824216"
"115422","79718","63779","21506","311736","Shipped","2021-06-12 16:35:46","2021-06-13 12:07:00",NULL,NULL,"207.94999694824216"
"129289","89162","71430","21506","349112","Shipped","2022-07-16 09:18:39","2022-07-19 04:56:00",NULL,NULL,"207.94999694824216"
"158082","109041","87447","21506","426814","Shipped","2022-01-29 04:26:08","2022-01-30 15:38:00",NULL,NULL,"207.94999694824216"
"91764","63408","50766","21506","247863","Complete","2022-05-08 23:08:28","2022-05-09 11:22:00","2022-05-10 22:56:00",NULL,"207.94999694824216"
"95020","65662","52535","21612","256674","Complete","2021-10-02 13:50:07","2021-10-05 11:17:00","2021-10-08 00:31:00",NULL,"207.94999694824216"
"136360","94102","75427","21506","368218","Complete","2022-08-06 13:18:14","2022-08-08 01:08:00","2022-08-13 00:53:00",NULL,"207.94999694824216"
"53875","37126","29662","21506","145405","Returned","2022-06-18 11:41:01","2022-06-20 08:34:00","2022-06-24 18:31:00","2022-06-26 05:07:00","207.94999694824216"
"149228","102992","82608","21506","402977","Returned","2020-11-30 08:40:35","2020-11-30 22:19:00","2020-12-01 05:09:00","2020-12-02 03:47:00","207.94999694824216"
"13195","9109","7348","21612","35744","Cancelled","2022-01-11 14:13:52",NULL,NULL,NULL,"207.94999694824216"
"133706","92257","73892","21612","361040","Cancelled","2020-01-29 14:53:38",NULL,NULL,NULL,"207.94999694824216"
"150462","103827","83301","21612","406373","Cancelled","2021-04-22 01:24:58",NULL,NULL,NULL,"207.94999694824216"
"22466","15445","12340","21506","60716","Processing","2021-11-29 01:01:11",NULL,NULL,NULL,"207.94999694824216"
"140257","96754","77589","21612","378724","Processing","2020-10-26 13:41:32",NULL,NULL,NULL,"207.94999694824216"
"155019","106956","85816","21612","418595","Processing","2022-06-24 07:46:46",NULL,NULL,NULL,"207.94999694824216"
"164258","113296","90841","21506","443575","Processing","2022-06-19 06:33:52",NULL,NULL,NULL,"207.94999694824216"
"95649","66111","52870","21173","258378","Complete","2020-08-12 06:55:15","2020-08-11 09:57:00","2020-08-12 11:19:00",NULL,"223.94999694824216"
"161573","111451","89358","21173","436253","Complete","2022-08-13 16:44:19","2022-08-14 11:55:00","2022-08-17 14:59:00",NULL,"223.94999694824216"
"27562","18984","15183","21173","74500","Returned","2021-05-10 07:44:04","2021-05-10 04:54:00","2021-05-10 21:54:00","2021-05-13 08:09:00","223.94999694824216"
"148434","102420","82160","21173","400804","Cancelled","2022-06-07 12:25:36",NULL,NULL,NULL,"223.94999694824216"
"12239","8440","6817","21173","33169","Processing","2022-04-24 15:05:56",NULL,NULL,NULL,"223.94999694824216"
"135468","93481","74893","21173","365823","Processing","2021-06-26 05:38:15",NULL,NULL,NULL,"223.94999694824216"
"41416","28485","22723","8769","111800","Shipped","2022-04-05 11:31:06","2022-04-07 17:20:00",NULL,NULL,"239.94999694824216"
"96118","66432","53111","8769","259635","Shipped","2022-08-30 11:47:46","2022-09-01 19:21:00",NULL,NULL,"239.94999694824216"
"109265","75478","60340","21646","295149","Shipped","2021-01-19 02:44:14","2021-01-20 21:10:00",NULL,NULL,"239.94999694824216"
"128975","88948","71252","21646","348245","Shipped","2019-01-27 06:49:22","2019-01-26 15:10:00",NULL,NULL,"239.94999694824216"
"171694","118380","94924","21646","463692","Shipped","2019-10-21 04:19:21","2019-10-21 17:25:00",NULL,NULL,"239.94999694824216"
"46677","32146","25671","13843","126029","Complete","2021-05-08 08:22:54","2021-05-10 04:14:00","2021-05-14 02:10:00",NULL,"239.94999694824216"
"79425","54772","43809","13843","214451","Complete","2022-06-23 09:08:33","2022-06-20 11:04:00","2022-06-22 23:58:00",NULL,"239.94999694824216"
"84876","58636","46888","8769","229258","Complete","2022-02-27 08:13:29","2022-02-25 18:42:00","2022-02-26 08:28:00",NULL,"239.94999694824216"
"89953","62176","49770","13843","242989","Complete","2019-02-01 12:28:12","2019-02-02 22:10:00","2019-02-07 21:58:00",NULL,"239.94999694824216"
"91334","63111","50523","15677","246728","Complete","2021-07-22 04:19:57","2021-07-23 20:25:00","2021-07-28 10:43:00",NULL,"239.94999694824216"
"102367","70732","56555","21646","276508","Complete","2021-02-17 20:37:28","2021-02-16 04:19:00","2021-02-19 08:09:00",NULL,"239.94999694824216"
"123089","84917","67956","15677","332361","Complete","2022-08-08 13:38:29","2022-08-08 18:21:00","2022-08-11 13:37:00",NULL,"239.94999694824216"
"128252","88456","70855","13843","346296","Complete","2022-09-03 04:36:33","2022-09-04 19:08:00","2022-09-09 18:03:00",NULL,"239.94999694824216"
"9517","6548","5312","8769","25811","Returned","2022-07-19 07:48:04","2022-07-19 21:36:00","2022-07-22 08:28:00","2022-07-24 19:36:00","239.94999694824216"
"53522","36881","29467","8769","144427","Returned","2020-12-21 12:57:28","2020-12-23 15:07:00","2020-12-27 07:52:00","2020-12-28 06:06:00","239.94999694824216"
"120936","83459","66832","21646","326530","Returned","2022-06-23 01:44:33","2022-06-25 11:51:00","2022-06-25 14:33:00","2022-06-27 04:16:00","239.94999694824216"
"9192","6304","5110","21646","24923","Cancelled","2021-06-30 10:55:13",NULL,NULL,NULL,"239.94999694824216"
"16535","11379","9152","13843","44755","Cancelled","2020-07-18 03:49:56",NULL,NULL,NULL,"239.94999694824216"
"18310","12585","10091","8769","49588","Cancelled","2021-12-12 11:32:50",NULL,NULL,NULL,"239.94999694824216"
"56131","38694","30934","13843","151473","Cancelled","2020-03-08 06:53:23",NULL,NULL,NULL,"239.94999694824216"
"96334","66571","53218","21646","260215","Cancelled","2021-03-13 12:10:47",NULL,NULL,NULL,"239.94999694824216"
"178646","123221","98837","21646","482452","Cancelled","2022-04-29 00:00:25",NULL,NULL,NULL,"239.94999694824216"
"69379","47775","38193","8769","187268","Processing","2022-03-29 14:00:07",NULL,NULL,NULL,"239.94999694824216"
"112513","77710","62163","13843","303894","Processing","2022-07-13 14:30:28",NULL,NULL,NULL,"239.94999694824216"
"136307","94067","75394","13843","368075","Processing","2022-01-27 05:04:51",NULL,NULL,NULL,"239.94999694824216"
"20321","13969","11199","15367","54999","Shipped","2022-08-21 05:54:21","2022-08-22 00:27:00",NULL,NULL,"6.920000076293944"
"81711","56373","45064","15367","220663","Complete","2021-03-07 01:45:16","2021-03-08 18:15:00","2021-03-08 21:01:00",NULL,"6.920000076293944"
"160090","110443","88574","13676","432239","Complete","2022-03-10 00:31:36","2022-03-12 10:50:00","2022-03-13 00:51:00",NULL,"6.920000076293944"
"46855","32273","25778","15367","126499","Returned","2021-05-01 09:16:58","2021-05-04 08:42:00","2021-05-06 12:02:00","2021-05-08 23:26:00","6.920000076293944"
"82420","56884","45490","13676","222570","Returned","2021-03-28 09:48:14","2021-03-27 15:10:00","2021-03-28 06:45:00","2021-03-28 14:40:00","6.920000076293944"
"143293","98879","79292","15367","386899","Returned","2022-06-17 08:09:15","2022-06-17 12:22:00","2022-06-18 22:42:00","2022-06-19 11:08:00","6.920000076293944"
"62545","43077","34443","13676","168846","Cancelled","2021-07-12 23:22:43",NULL,NULL,NULL,"6.920000076293944"
"87511","60471","48407","15367","236404","Cancelled","2021-12-02 13:19:20",NULL,NULL,NULL,"6.920000076293944"
"94726","65440","52356","13676","255894","Cancelled","2022-05-22 01:07:31",NULL,NULL,NULL,"6.920000076293944"
"115695","79896","63937","15367","312455","Cancelled","2021-07-02 02:05:50",NULL,NULL,NULL,"6.920000076293944"
"135833","93736","75111","15367","366795","Cancelled","2021-01-29 08:08:36",NULL,NULL,NULL,"6.920000076293944"
"25327","17451","13935","13676","68438","Processing","2022-02-16 15:15:31",NULL,NULL,NULL,"6.920000076293944"
"102500","70827","56626","15367","276878","Processing","2022-02-06 12:22:23",NULL,NULL,NULL,"6.920000076293944"
"57415","39573","31622","12098","154971","Shipped","2022-04-09 13:31:48","2022-04-10 04:08:00",NULL,NULL,"96.66000366210936"
"91054","62924","50386","12098","245965","Shipped","2022-04-17 03:59:52","2022-04-15 19:32:00",NULL,NULL,"96.66000366210936"
"100473","69431","55531","12098","271351","Shipped","2022-04-16 09:15:54","2022-04-16 23:08:00",NULL,NULL,"96.66000366210936"
"133558","92146","73804","12098","360644","Shipped","2022-08-26 08:07:04","2022-08-27 12:42:00",NULL,NULL,"96.66000366210936"
"90144","62305","49875","12098","243533","Complete","2021-06-23 23:28:15","2021-06-24 20:49:00","2021-06-24 21:32:00",NULL,"96.66000366210936"
"125587","86633","69317","12098","339065","Complete","2021-05-24 04:17:55","2021-05-23 01:41:00","2021-05-26 10:11:00",NULL,"96.66000366210936"
"87526","60481","48416","12098","236446","Cancelled","2020-06-19 00:03:48",NULL,NULL,NULL,"96.66000366210936"
"144878","99967","80163","12098","391182","Cancelled","2022-01-01 15:02:52",NULL,NULL,NULL,"96.66000366210936"
"7576","5187","4210","12098","20536","Processing","2022-09-07 09:49:01",NULL,NULL,NULL,"96.66000366210936"
"145047","100083","80257","12098","391643","Processing","2022-08-07 09:51:46",NULL,NULL,NULL,"96.66000366210936"
"171276","118078","94693","12098","462573","Processing","2021-09-07 04:15:56",NULL,NULL,NULL,"96.66000366210936"
"81562","56267","44969","14012","220267","Shipped","2022-09-08 12:33:26.266487","2022-09-07 00:15:50.266487",NULL,NULL,"97.91000366210936"
"118646","81901","65573","14012","320367","Complete","2022-08-29 17:30:25","2022-09-01 12:44:00","2022-09-05 23:40:00",NULL,"97.91000366210936"
"136585","94255","75541","14012","368810","Complete","2022-04-11 12:17:17","2022-04-10 22:13:00","2022-04-12 21:03:00",NULL,"97.91000366210936"
"158095","109048","87455","14012","426850","Complete","2021-03-02 09:33:35","2021-03-01 13:41:00","2021-03-01 23:24:00",NULL,"97.91000366210936"
"66232","45583","36440","14012","178850","Cancelled","2021-10-27 04:39:00",NULL,NULL,NULL,"97.91000366210936"
"112914","77988","62382","14012","304982","Cancelled","2021-07-12 08:08:32",NULL,NULL,NULL,"97.91000366210936"
"146662","101179","81182","14012","396031","Cancelled","2022-06-25 08:03:58",NULL,NULL,NULL,"97.91000366210936"
"119889","82764","66252","14012","323686","Processing","2022-03-31 10:08:07",NULL,NULL,NULL,"97.91000366210936"
"128896","88897","71216","14012","348030","Processing","2022-02-09 09:42:06",NULL,NULL,NULL,"97.91000366210936"
"62375","42957","34342","28588","168368","Shipped","2022-08-12 09:00:25","2022-08-12 02:51:00",NULL,NULL,"90.41000366210936"
"131393","90634","72616","28588","354769","Shipped","2022-04-23 22:19:55","2022-04-24 21:04:00",NULL,NULL,"90.41000366210936"
"140000","96576","77442","28588","378030","Shipped","2022-08-01 08:37:31","2022-08-01 06:19:00",NULL,NULL,"90.41000366210936"
"180360","124374","99740","28588","487048","Shipped","2021-04-07 13:14:19","2021-04-07 08:22:00",NULL,NULL,"90.41000366210936"
"84405","58313","46639","28588","227965","Complete","2022-06-05 09:09:49","2022-06-05 23:05:00","2022-06-10 11:27:00",NULL,"90.41000366210936"
"140652","97020","77810","28588","379769","Returned","2020-10-12 07:48:01","2020-10-14 11:44:00","2020-10-19 03:36:00","2020-10-19 19:24:00","90.41000366210936"
"77833","53665","42939","28588","210116","Cancelled","2020-04-19 09:18:37",NULL,NULL,NULL,"90.41000366210936"
"166585","114877","92096","28588","449917","Cancelled","2020-09-30 08:46:12",NULL,NULL,NULL,"90.41000366210936"
"170065","117268","94038","28588","459253","Cancelled","2022-09-07 09:58:48",NULL,NULL,NULL,"90.41000366210936"
"93023","64277","51442","28588","251247","Processing","2022-03-10 07:19:15",NULL,NULL,NULL,"90.41000366210936"
"122599","84583","67701","7624","331024","Shipped","2022-04-29 10:11:04","2022-04-29 17:21:00",NULL,NULL,"98.66000366210936"
"177272","122252","98023","7624","478767","Complete","2022-07-24 01:43:55","2022-07-25 10:10:00","2022-07-27 02:53:00",NULL,"98.66000366210936"
"137657","94991","76139","7624","371684","Returned","2022-06-02 03:13:22","2022-06-03 10:39:00","2022-06-04 20:05:00","2022-06-06 11:22:00","98.66000366210936"
"57281","39483","31550","7624","154610","Processing","2022-05-18 14:54:05",NULL,NULL,NULL,"98.66000366210936"
"93494","64597","51685","15551","252506","Shipped","2021-04-22 21:24:40","2021-04-25 08:05:00",NULL,NULL,"91.16000366210936"
"99816","68995","55161","15551","269606","Shipped","2021-10-14 02:22:02","2021-10-11 18:48:00",NULL,NULL,"91.16000366210936"
"100124","69199","55332","13777","270421","Shipped","2022-01-29 16:38:15","2022-01-30 12:48:00",NULL,NULL,"91.16000366210936"
"130454","89978","72073","13777","352221","Shipped","2022-09-01 14:47:13","2022-09-03 08:07:00",NULL,NULL,"91.16000366210936"
"45565","31372","25044","15551","123038","Complete","2021-08-02 07:39:15","2021-08-01 02:51:00","2021-08-01 11:20:00",NULL,"91.16000366210936"
"46807","32236","25752","13777","126370","Complete","2022-03-29 08:12:28","2022-03-30 19:41:00","2022-04-02 05:09:00",NULL,"91.16000366210936"
"64511","44402","35506","13777","174169","Complete","2022-08-10 04:32:14","2022-08-07 19:23:00","2022-08-10 08:46:00",NULL,"91.16000366210936"
"67090","46154","36907","13777","181159","Complete","2019-12-22 13:46:53","2019-12-20 06:23:00","2019-12-21 01:02:00",NULL,"91.16000366210936"
"98792","68264","54574","13777","266869","Complete","2020-02-16 10:36:22","2020-02-16 11:06:00","2020-02-20 07:30:00",NULL,"91.16000366210936"
"172050","118634","95110","15551","464680","Complete","2022-03-04 21:16:12","2022-03-05 15:20:00","2022-03-06 06:24:00",NULL,"91.16000366210936"
"3887","2646","2137","13777","10519","Returned","2021-05-04 13:57:22","2021-05-06 07:47:00","2021-05-07 05:52:00","2021-05-08 09:40:00","91.16000366210936"
"108618","75042","60003","28576","293409","Returned","2020-09-04 21:45:34","2020-09-05 23:58:00","2020-09-06 21:29:00","2020-09-07 19:39:00","91.16000366210936"
"122067","84206","67402","28576","329577","Returned","2022-07-13 16:57:21","2022-07-16 09:01:00","2022-07-20 00:45:00","2022-07-22 21:44:00","91.16000366210936"
"145383","100307","80436","13777","392562","Returned","2022-05-22 03:02:50","2022-05-24 07:26:00","2022-05-25 20:55:00","2022-05-26 01:54:00","91.16000366210936"
"9249","6343","5140","15551","25081","Cancelled","2021-06-02 13:40:31",NULL,NULL,NULL,"91.16000366210936"
"51215","35302","28183","13777","138234","Cancelled","2022-08-18 10:47:42",NULL,NULL,NULL,"91.16000366210936"
"115544","79802","63853","28576","312053","Cancelled","2022-02-17 04:04:05",NULL,NULL,NULL,"91.16000366210936"
"157660","108739","87205","28576","425692","Cancelled","2021-10-11 02:03:46",NULL,NULL,NULL,"91.16000366210936"
"158847","109570","87871","13777","428879","Cancelled","2021-06-06 07:39:46",NULL,NULL,NULL,"91.16000366210936"
"73274","50473","40405","15551","197852","Processing","2022-03-14 02:26:38",NULL,NULL,NULL,"91.16000366210936"
"159032","109701","87973","15551","429377","Processing","2021-08-16 15:27:55",NULL,NULL,NULL,"91.16000366210936"
"100342","69345","55448","6601","271004","Shipped","2021-03-20 08:20:00","2021-03-16 21:33:00",NULL,NULL,"95.66000366210936"
"165327","114017","91414","6601","446518","Shipped","2021-11-29 05:43:12","2021-12-02 01:24:00",NULL,NULL,"95.66000366210936"
"73406","50563","40462","6601","198204","Complete","2022-01-06 16:41:33","2022-01-07 12:25:00","2022-01-10 08:56:00",NULL,"95.66000366210936"
"90283","62407","49959","6601","243899","Complete","2022-05-03 15:51:43","2022-05-03 13:03:00","2022-05-03 14:20:00",NULL,"95.66000366210936"
"55552","38293","30603","6601","149894","Cancelled","2021-11-23 00:07:45",NULL,NULL,NULL,"95.66000366210936"
"78267","53975","43178","6601","211298","Cancelled","2022-01-16 09:08:21",NULL,NULL,NULL,"95.66000366210936"
"110967","76666","61325","6601","299694","Cancelled","2020-07-28 00:46:00",NULL,NULL,NULL,"95.66000366210936"
"37654","25930","20714","6601","101667","Processing","2022-09-03 09:33:13.620404",NULL,NULL,NULL,"95.66000366210936"
"104146","71970","57542","6601","281324","Processing","2021-02-15 01:19:08",NULL,NULL,NULL,"95.66000366210936"
"134237","92622","74199","6601","362477","Processing","2021-04-09 01:05:50",NULL,NULL,NULL,"95.66000366210936"
"81461","56198","44922","28747","219994","Shipped","2022-07-22 09:38:34","2022-07-25 08:15:00",NULL,NULL,"7.489999771118163"
"93278","64465","51586","28747","251921","Complete","2020-11-26 01:26:07","2020-11-27 21:16:00","2020-12-02 14:14:00",NULL,"7.489999771118163"
"67584","46498","37189","28747","182489","Cancelled","2022-08-31 12:03:06",NULL,NULL,NULL,"7.489999771118163"
"36615","25197","20147","6122","98846","Shipped","2020-11-26 23:49:43","2020-11-30 01:11:00",NULL,NULL,"7.739999771118163"
"52217","35982","28743","507","140917","Shipped","2022-07-24 01:05:04","2022-07-26 15:06:00",NULL,NULL,"7.739999771118163"
"133584","92164","73811","6122","360716","Shipped","2022-01-28 22:31:04","2022-01-30 11:32:00",NULL,NULL,"7.739999771118163"
"142780","98511","78980","507","385512","Shipped","2021-06-07 01:33:50","2021-06-07 16:16:00",NULL,NULL,"7.739999771118163"
"66754","45927","36726","507","180237","Complete","2021-11-21 00:19:39","2021-11-23 19:36:00","2021-11-24 11:16:00",NULL,"7.739999771118163"
"78164","53899","43117","507","211022","Complete","2021-09-10 09:53:34","2021-09-10 04:57:00","2021-09-14 17:34:00",NULL,"7.739999771118163"
"121321","83730","67039","507","327582","Complete","2022-02-19 22:42:46","2022-02-20 18:04:00","2022-02-25 00:12:00",NULL,"7.739999771118163"
"102746","70983","56732","507","277524","Returned","2022-07-16 23:25:46","2022-07-18 17:05:00","2022-07-19 01:06:00","2022-07-19 19:09:00","7.739999771118163"
"15461","10614","8535","507","41884","Cancelled","2020-11-09 05:32:45",NULL,NULL,NULL,"7.739999771118163"
"65233","44914","35916","507","176146","Cancelled","2020-10-24 16:20:23",NULL,NULL,NULL,"7.739999771118163"
"73223","50433","40368","6122","197720","Cancelled","2021-09-13 04:11:26",NULL,NULL,NULL,"7.739999771118163"
"155650","107374","86152","507","420279","Cancelled","2022-05-09 13:52:13",NULL,NULL,NULL,"7.739999771118163"
"166397","114751","91992","507","449413","Cancelled","2021-04-10 13:14:19",NULL,NULL,NULL,"7.739999771118163"
"43058","29626","23631","6122","116267","Processing","2020-07-20 15:59:22",NULL,NULL,NULL,"7.739999771118163"
"50508","34795","27776","6122","136337","Processing","2020-04-02 10:13:23",NULL,NULL,NULL,"7.739999771118163"
"61826","42570","34041","6122","166907","Processing","2020-04-29 01:46:37",NULL,NULL,NULL,"7.739999771118163"
"121625","83929","67197","507","328388","Processing","2020-02-14 02:58:37",NULL,NULL,NULL,"7.739999771118163"
"3260","2219","1781","14229","8823","Shipped","2022-01-25 08:42:14","2022-01-25 15:23:00",NULL,NULL,"7.989999771118163"
"7106","4841","3924","13492","19247","Shipped","2020-02-29 16:04:04","2020-02-26 13:13:00",NULL,NULL,"7.989999771118163"
"7218","4932","3996","12987","19557","Shipped","2022-05-31 10:11:10","2022-05-30 18:55:00",NULL,NULL,"7.989999771118163"
"7500","5132","4162","9047","20319","Shipped","2020-10-05 08:09:51","2020-10-03 08:05:00",NULL,NULL,"7.989999771118163"
"10050","6910","5611","15269","27264","Shipped","2022-06-16 16:16:16","2022-06-18 04:15:00",NULL,NULL,"7.989999771118163"
"10322","7101","5786","15465","27986","Shipped","2021-05-21 05:11:00","2021-05-20 19:40:00",NULL,NULL,"7.989999771118163"
"12043","8313","6715","13874","32646","Shipped","2022-04-27 07:26:13","2022-04-23 12:23:00",NULL,NULL,"7.989999771118163"
"12668","8742","7058","29032","34327","Shipped","2022-06-16 23:38:54","2022-06-19 19:57:00",NULL,NULL,"7.989999771118163"
"14752","10147","8157","13624","39965","Shipped","2021-10-23 08:56:40","2021-10-23 20:18:00",NULL,NULL,"7.989999771118163"
"15559","10679","8584","3053","42147","Shipped","2022-06-12 10:42:15","2022-06-12 18:32:00",NULL,NULL,"7.989999771118163"
"15599","10700","8604","13492","42248","Shipped","2022-03-06 10:44:16","2022-03-09 08:34:00",NULL,NULL,"7.989999771118163"
"15888","10909","8767","25302","43018","Shipped","2022-01-18 00:56:03","2022-01-19 22:58:00",NULL,NULL,"7.989999771118163"
"17591","12101","9729","13874","47645","Shipped","2022-04-21 08:09:13","2022-04-23 23:03:00",NULL,NULL,"7.989999771118163"
"19347","13296","10662","13695","52351","Shipped","2021-12-13 15:00:20","2021-12-15 01:13:00",NULL,NULL,"7.989999771118163"
"21927","15078","12044","14098","59268","Shipped","2021-08-13 11:41:06","2021-08-13 16:40:00",NULL,NULL,"7.989999771118163"
"23071","15869","12686","3349","62359","Shipped","2021-10-08 02:09:46","2021-10-09 15:16:00",NULL,NULL,"7.989999771118163"
"25330","17452","13935","13732","68446","Shipped","2022-01-04 13:59:43","2022-01-03 16:30:00",NULL,NULL,"7.989999771118163"
"29250","20137","16093","15465","79072","Shipped","2021-05-24 11:20:02","2021-05-26 23:39:00",NULL,NULL,"7.989999771118163"
"29283","20160","16117","3841","79162","Shipped","2022-09-03 07:46:26","2022-09-03 19:01:00",NULL,NULL,"7.989999771118163"
"32702","22512","17984","14022","88375","Shipped","2021-07-10 21:21:56","2021-07-11 04:49:00",NULL,NULL,"7.989999771118163"
"35639","24527","19598","9363","96247","Shipped","2022-07-19 00:06:32","2022-07-19 18:53:00",NULL,NULL,"7.989999771118163"
"36788","25318","20238","9412","99305","Shipped","2021-06-16 13:27:07","2021-06-14 15:05:00",NULL,NULL,"7.989999771118163"
"36907","25404","20317","16263","99652","Shipped","2022-08-13 11:33:00","2022-08-15 22:33:00",NULL,NULL,"7.989999771118163"
"36940","25432","20336","29032","99745","Shipped","2022-05-20 06:30:47","2022-05-21 12:07:00",NULL,NULL,"7.989999771118163"
"41557","28582","22798","9363","112171","Shipped","2021-07-16 21:37:38","2021-07-17 00:56:00",NULL,NULL,"7.989999771118163"
"42090","28956","23096","14188","113623","Shipped","2019-10-16 03:46:26","2019-10-18 07:21:00",NULL,NULL,"7.989999771118163"
"45010","30989","24739","236","121558","Shipped","2020-09-17 08:55:37","2020-09-16 09:59:00",NULL,NULL,"7.989999771118163"
"45423","31280","24966","13492","122665","Shipped","2021-08-03 09:29:50","2021-08-04 21:53:00",NULL,NULL,"7.989999771118163"
"47109","32457","25928","1132","127156","Shipped","2022-02-22 12:20:54","2022-02-21 15:29:00",NULL,NULL,"7.989999771118163"
"48543","33444","26711","25302","131008","Shipped","2021-06-01 23:02:59","2021-06-04 01:17:00",NULL,NULL,"7.989999771118163"
"56124","38689","30932","14031","151457","Shipped","2022-02-27 12:40:24","2022-02-28 13:38:00",NULL,NULL,"7.989999771118163"
"58356","40234","32145","236","157494","Shipped","2020-02-22 14:29:08","2020-02-23 13:57:00",NULL,NULL,"7.989999771118163"
"59007","40666","32482","14292","159248","Shipped","2022-04-15 06:04:18","2022-04-13 20:01:00",NULL,NULL,"7.989999771118163"
"60969","41991","33561","28505","164597","Shipped","2020-08-04 01:03:26","2020-08-05 19:20:00",NULL,NULL,"7.989999771118163"
"62188","42829","34237","14022","167873","Shipped","2021-12-22 11:01:37","2021-12-19 05:54:00",NULL,NULL,"7.989999771118163"
"63602","43787","35012","2499","171709","Shipped","2021-05-12 10:43:31","2021-05-13 00:48:00",NULL,NULL,"7.989999771118163"
"63933","44011","35201","25302","172592","Shipped","2020-05-31 15:49:13","2020-06-01 04:19:00",NULL,NULL,"7.989999771118163"
"65111","44826","35844","28505","175813","Shipped","2021-04-29 08:03:29","2021-04-29 23:40:00",NULL,NULL,"7.989999771118163"
"68106","46868","37492","16231","183883","Shipped","2019-12-29 06:05:34","2019-12-31 16:52:00",NULL,NULL,"7.989999771118163"
"68389","47065","37652","13786","184637","Shipped","2022-03-15 10:10:31","2022-03-16 17:45:00",NULL,NULL,"7.989999771118163"
"68704","47288","37823","15713","185470","Shipped","2020-07-03 07:32:39","2020-07-03 13:10:00",NULL,NULL,"7.989999771118163"
"69345","47750","38176","13874","187181","Shipped","2021-03-12 05:16:29","2021-03-15 01:01:00",NULL,NULL,"7.989999771118163"
"69886","48113","38472","14229","188659","Shipped","2022-07-18 22:36:19","2022-07-21 19:02:00",NULL,NULL,"7.989999771118163"
"69928","48139","38496","12532","188773","Shipped","2022-09-04 23:18:20","2022-09-05 15:41:00",NULL,NULL,"7.989999771118163"
"73533","50646","40526","28505","198546","Shipped","2022-05-14 13:18:45","2022-05-14 15:34:00",NULL,NULL,"7.989999771118163"
"76057","52413","41952","3822","205379","Shipped","2021-04-24 13:03:00","2021-04-25 13:19:00",NULL,NULL,"7.989999771118163"
"79953","55134","44099","15987","215897","Shipped","2022-04-22 14:37:48","2022-04-21 07:28:00",NULL,NULL,"7.989999771118163"
"81215","56022","44783","14188","219331","Shipped","2021-10-04 23:29:33","2021-10-02 05:51:00",NULL,NULL,"7.989999771118163"
"81794","56435","45111","14292","220892","Shipped","2021-05-05 13:10:53","2021-05-06 03:15:00",NULL,NULL,"7.989999771118163"
"82387","56860","45471","15465","222480","Shipped","2022-05-09 16:36:21","2022-05-11 03:02:00",NULL,NULL,"7.989999771118163"
"85236","58900","47088","25075","230242","Shipped","2022-09-02 21:06:10.683373","2022-09-04 05:02:47.683373",NULL,NULL,"7.989999771118163"
"87907","60755","48641","14292","237470","Shipped","2022-06-22 13:48:25","2022-06-20 19:03:00",NULL,NULL,"7.989999771118163"
"89944","62172","49767","5762","242964","Shipped","2021-11-19 03:09:40","2021-11-19 00:02:00",NULL,NULL,"7.989999771118163"
"91024","62905","50368","16263","245884","Shipped","2022-02-09 13:48:33","2022-02-07 12:48:00",NULL,NULL,"7.989999771118163"
"92526","63932","51182","9247","249910","Shipped","2022-05-20 01:16:03","2022-05-20 23:34:00",NULL,NULL,"7.989999771118163"
"92786","64108","51307","28340","250611","Shipped","2021-04-07 02:49:29","2021-04-04 22:25:00",NULL,NULL,"7.989999771118163"
"93142","64364","51502","10226","251566","Shipped","2022-08-25 00:16:14","2022-08-27 18:10:00",NULL,NULL,"7.989999771118163"
"95746","66180","52920","14292","258644","Shipped","2022-01-09 18:30:04","2022-01-09 23:34:00",NULL,NULL,"7.989999771118163"
"97040","67059","53583","16987","262111","Shipped","2021-10-02 15:46:35","2021-10-04 15:16:00",NULL,NULL,"7.989999771118163"
"97213","67183","53681","3349","262596","Shipped","2020-11-07 07:58:52","2020-11-05 03:33:00",NULL,NULL,"7.989999771118163"
"97450","67348","53813","14229","263227","Shipped","2022-02-19 01:31:35","2022-02-19 03:15:00",NULL,NULL,"7.989999771118163"
"97758","67561","53994","3303","264078","Shipped","2021-12-12 10:54:12","2021-12-11 14:34:00",NULL,NULL,"7.989999771118163"
"99773","68964","55139","29032","269491","Shipped","2022-06-25 10:12:39","2022-06-24 04:57:00",NULL,NULL,"7.989999771118163"
"101459","70105","56044","3303","274014","Shipped","2022-08-02 16:42:47","2022-08-03 06:52:00",NULL,NULL,"7.989999771118163"
"103769","71714","57344","9357","280315","Shipped","2021-02-27 00:12:41","2021-02-26 05:08:00",NULL,NULL,"7.989999771118163"
"106747","73754","58979","14188","288335","Shipped","2021-09-21 01:23:00","2021-09-23 00:06:00",NULL,NULL,"7.989999771118163"
"107005","73936","59126","15407","289018","Shipped","2021-10-19 07:11:06","2021-10-21 01:06:00",NULL,NULL,"7.989999771118163"
"110539","76357","61071","9412","298541","Shipped","2022-04-15 05:20:16","2022-04-16 13:36:00",NULL,NULL,"7.989999771118163"
"112436","77661","62123","24807","303689","Shipped","2022-01-12 17:55:16","2022-01-11 12:02:00",NULL,NULL,"7.989999771118163"
"113034","78081","62460","15713","305310","Shipped","2022-08-07 09:47:28","2022-08-07 06:50:00",NULL,NULL,"7.989999771118163"
"114644","79184","63334","25062","309633","Shipped","2020-08-11 13:03:57","2020-08-13 12:01:00",NULL,NULL,"7.989999771118163"
"114856","79335","63464","28309","310228","Shipped","2022-01-28 13:54:37","2022-01-30 00:12:00",NULL,NULL,"7.989999771118163"
"116015","80118","64132","14188","313334","Shipped","2022-03-08 05:33:23","2022-03-09 19:57:00",NULL,NULL,"7.989999771118163"
"117391","81033","64897","28309","316996","Shipped","2021-02-09 12:20:06","2021-02-10 04:26:00",NULL,NULL,"7.989999771118163"
"118016","81458","65230","13492","318676","Shipped","2022-08-18 02:54:06","2022-08-19 16:17:00",NULL,NULL,"7.989999771118163"
"118164","81567","65323","13909","319071","Shipped","2019-10-31 04:45:36","2019-10-31 15:35:00",NULL,NULL,"7.989999771118163"
"119529","82513","66064","28309","322716","Shipped","2020-06-08 03:45:30","2020-06-11 00:12:00",NULL,NULL,"7.989999771118163"
"121475","83838","67118","16263","327992","Shipped","2022-08-20 00:25:25","2022-08-20 06:28:00",NULL,NULL,"7.989999771118163"
"122405","84447","67593","9412","330505","Shipped","2022-03-12 10:26:34","2022-03-09 13:11:00",NULL,NULL,"7.989999771118163"
"123659","85311","68271","24807","333855","Shipped","2020-04-08 07:41:50","2020-04-09 17:35:00",NULL,NULL,"7.989999771118163"
"125227","86389","69135","14292","338101","Shipped","2020-12-04 09:26:54","2020-12-05 04:20:00",NULL,NULL,"7.989999771118163"
"125821","86781","69440","12987","339687","Shipped","2021-06-19 11:57:24","2021-06-21 07:11:00",NULL,NULL,"7.989999771118163"
"127185","87707","70214","14098","343388","Shipped","2022-07-17 12:36:49","2022-07-18 14:17:00",NULL,NULL,"7.989999771118163"
"127343","87814","70308","15741","343795","Shipped","2022-08-23 09:30:03","2022-08-24 03:21:00",NULL,NULL,"7.989999771118163"
"131451","90675","72645","8948","354920","Shipped","2022-08-18 07:42:02","2022-08-18 15:23:00",NULL,NULL,"7.989999771118163"
"132988","91760","73503","12532","359113","Shipped","2022-07-05 08:14:43","2022-07-05 23:24:00",NULL,NULL,"7.989999771118163"
"133601","92175","73818","16231","360757","Shipped","2022-05-08 10:19:13","2022-05-08 14:02:00",NULL,NULL,"7.989999771118163"
"134175","92581","74169","13492","362301","Shipped","2022-07-02 17:25:30","2022-07-05 09:31:00",NULL,NULL,"7.989999771118163"
"135739","93673","75057","12987","366547","Shipped","2020-06-26 16:17:05","2020-06-29 06:15:00",NULL,NULL,"7.989999771118163"
"136631","94283","75566","12592","368938","Shipped","2022-09-04 02:29:35.579895","2022-09-04 13:18:27.579895",NULL,NULL,"7.989999771118163"
"137058","94586","75814","9379","370092","Shipped","2020-07-28 03:31:17","2020-07-29 20:27:00",NULL,NULL,"7.989999771118163"
"141734","97765","78389","3349","382697","Shipped","2022-06-16 15:02:41","2022-06-16 02:45:00",NULL,NULL,"7.989999771118163"
"146374","100995","81030","1132","395258","Shipped","2022-01-23 03:05:19","2022-01-24 00:24:00",NULL,NULL,"7.989999771118163"
"148403","102405","82150","9047","400715","Shipped","2022-07-22 21:14:04","2022-07-24 00:40:00",NULL,NULL,"7.989999771118163"
"149138","102924","82556","12592","402729","Shipped","2022-01-05 12:20:40","2022-01-06 21:09:00",NULL,NULL,"7.989999771118163"
"152702","105363","84529","13641","412379","Shipped","2021-09-17 13:37:01","2021-09-17 06:53:00",NULL,NULL,"7.989999771118163"
"153586","105962","84997","25075","414763","Shipped","2022-07-14 14:16:41","2022-07-15 11:59:00",NULL,NULL,"7.989999771118163"
"154511","106613","85520","14188","417223","Shipped","2022-03-30 12:25:19","2022-04-01 03:00:00",NULL,NULL,"7.989999771118163"
"154587","106664","85564","16263","417438","Shipped","2022-08-31 07:37:40.055443","2022-09-02 14:17:56.055443",NULL,NULL,"7.989999771118163"
"155960","107583","86302","16987","421089","Shipped","2022-09-03 05:11:09","2022-09-02 05:32:00",NULL,NULL,"7.989999771118163"
"161069","111100","89069","13909","434869","Shipped","2020-12-20 09:15:37","2020-12-20 04:26:00",NULL,NULL,"7.989999771118163"
"161331","111286","89226","15835","435585","Shipped","2022-09-03 11:06:48.735024","2022-09-04 18:51:34.735024",NULL,NULL,"7.989999771118163"
"163222","112581","90279","25302","440737","Shipped","2022-05-09 12:54:17","2022-05-09 14:27:00",NULL,NULL,"7.989999771118163"
"163274","112619","90304","14031","440872","Shipped","2022-01-25 06:07:21","2022-01-26 10:40:00",NULL,NULL,"7.989999771118163"
"166239","114647","91912","13492","448981","Shipped","2020-03-09 11:57:11","2020-03-11 16:27:00",NULL,NULL,"7.989999771118163"
"169100","116628","93509","13695","456651","Shipped","2022-03-28 01:18:18","2022-03-29 04:43:00",NULL,NULL,"7.989999771118163"
"175113","120754","96815","14229","472909","Shipped","2022-06-18 07:54:00","2022-06-19 08:39:00",NULL,NULL,"7.989999771118163"
"175780","121228","97220","16987","474726","Shipped","2020-01-24 13:25:46","2020-01-26 03:39:00",NULL,NULL,"7.989999771118163"
"178241","122935","98602","13492","481347","Shipped","2022-07-08 06:18:11","2022-07-08 22:07:00",NULL,NULL,"7.989999771118163"
"178727","123277","98877","29000","482665","Shipped","2022-07-27 13:59:28","2022-07-29 06:56:00",NULL,NULL,"7.989999771118163"
"179824","124012","99462","14022","485602","Shipped","2022-06-15 03:42:37","2022-06-14 02:35:00",NULL,NULL,"7.989999771118163"
"115","85","69","15713","313","Complete","2022-08-15 10:35:47","2022-08-18 04:29:00","2022-08-22 20:26:00",NULL,"7.989999771118163"
"417","296","256","15299","1101","Complete","2022-05-13 00:05:36","2022-05-13 23:10:00","2022-05-16 15:48:00",NULL,"7.989999771118163"
"2874","1960","1583","29000","7780","Complete","2021-12-17 06:28:31","2021-12-18 11:21:00","2021-12-18 21:26:00",NULL,"7.989999771118163"
"5839","3973","3224","11059","15803","Complete","2020-10-11 00:41:22","2020-10-12 06:03:00","2020-10-15 08:33:00",NULL,"7.989999771118163"
"8621","5909","4782","14292","23393","Complete","2022-09-06 01:12:43","2022-09-03 06:41:00","2022-09-05 22:32:00",NULL,"7.989999771118163"
"9928","6833","5539","15987","26939","Complete","2020-04-28 10:00:38","2020-04-29 06:10:00","2020-04-30 14:06:00",NULL,"7.989999771118163"
"11126","7651","6208","3822","30151","Complete","2021-07-07 05:24:37","2021-07-09 14:02:00","2021-07-13 02:31:00",NULL,"7.989999771118163"
"14290","9835","7933","29032","38729","Complete","2022-04-30 12:29:34","2022-04-30 16:47:00","2022-05-04 06:51:00",NULL,"7.989999771118163"
"16237","11163","8974","11420","43947","Complete","2022-09-04 15:18:51.416901","2022-09-05 22:06:44.416901","2022-09-10 09:25:44.416901",NULL,"7.989999771118163"
"23910","16450","13147","29032","64636","Complete","2020-08-13 15:31:23","2020-08-14 02:49:00","2020-08-14 23:22:00",NULL,"7.989999771118163"
"23916","16453","13151","13492","64652","Complete","2022-01-03 17:17:05","2022-01-02 23:23:00","2022-01-03 03:02:00",NULL,"7.989999771118163"
"26257","18085","14444","28309","70969","Complete","2021-11-21 03:04:54","2021-11-21 21:27:00","2021-11-22 17:55:00",NULL,"7.989999771118163"
"27086","18660","14910","16987","73234","Complete","2020-03-19 01:36:19","2020-03-20 16:48:00","2020-03-22 04:16:00",NULL,"7.989999771118163"
"29144","20062","16030","25075","78786","Complete","2021-05-28 11:23:32","2021-05-29 10:18:00","2021-06-02 17:23:00",NULL,"7.989999771118163"
"30433","20962","16783","14098","82288","Complete","2022-05-23 08:37:49","2022-05-24 12:26:00","2022-05-26 00:55:00",NULL,"7.989999771118163"
"31145","21429","17149","15835","84191","Complete","2020-11-26 16:21:18","2020-11-24 23:00:00","2020-11-27 05:43:00",NULL,"7.989999771118163"
"35307","24300","19408","25075","95375","Complete","2022-01-15 13:31:40","2022-01-18 10:33:00","2022-01-21 08:21:00",NULL,"7.989999771118163"
"37763","25996","20773","11059","101947","Complete","2022-08-01 01:28:08","2022-08-03 15:02:00","2022-08-04 21:34:00",NULL,"7.989999771118163"
"41089","28256","22539","13909","110928","Complete","2022-04-07 11:48:37","2022-04-08 13:39:00","2022-04-12 00:51:00",NULL,"7.989999771118163"
"41882","28814","22991","3349","113066","Complete","2019-07-22 00:54:59","2019-07-21 21:38:00","2019-07-26 20:25:00",NULL,"7.989999771118163"
"43372","29837","23788","25302","117117","Complete","2022-03-14 15:44:52","2022-03-15 02:34:00","2022-03-15 15:26:00",NULL,"7.989999771118163"
"45976","31646","25239","15269","124138","Complete","2022-05-16 05:52:20","2022-05-13 14:12:00","2022-05-16 04:58:00",NULL,"7.989999771118163"
"46836","32260","25769","11398","126452","Complete","2021-03-18 13:32:14","2021-03-17 17:09:00","2021-03-18 09:43:00",NULL,"7.989999771118163"
"47302","32589","26026","14229","127680","Complete","2022-09-03 08:01:33.113264","2022-09-04 03:05:28.113264","2022-09-09 03:03:28.113264",NULL,"7.989999771118163"
"52879","36450","29131","24807","142689","Complete","2022-06-12 02:14:15","2022-06-14 02:41:00","2022-06-19 01:17:00",NULL,"7.989999771118163"
"56025","38621","30871","9363","151194","Complete","2022-03-21 22:46:57","2022-03-19 16:26:00","2022-03-22 10:05:00",NULL,"7.989999771118163"
"56577","39002","31178","15407","152693","Complete","2022-08-14 12:33:07","2022-08-14 06:21:00","2022-08-18 00:43:00",NULL,"7.989999771118163"
"56830","39167","31310","11059","153388","Complete","2021-06-09 22:24:03","2021-06-10 18:15:00","2021-06-11 23:39:00",NULL,"7.989999771118163"
"57983","39957","31933","14188","156479","Complete","2020-11-14 05:44:55","2020-11-13 13:58:00","2020-11-16 02:54:00",NULL,"7.989999771118163"
"58293","40187","32104","10226","157315","Complete","2022-06-10 10:15:29","2022-06-12 15:21:00","2022-06-16 21:25:00",NULL,"7.989999771118163"
"61022","42023","33592","13909","164734","Complete","2021-04-10 13:26:59","2021-04-06 21:55:00","2021-04-10 21:18:00",NULL,"7.989999771118163"
"63722","43874","35089","15835","172030","Complete","2020-04-27 14:35:25","2020-04-30 13:43:00","2020-05-03 11:46:00",NULL,"7.989999771118163"
"72201","49724","39799","13732","194907","Complete","2021-03-02 06:41:39","2021-02-28 01:42:00","2021-03-03 22:31:00",NULL,"7.989999771118163"
"73917","50915","40734","13624","199579","Complete","2022-08-17 06:13:59","2022-08-20 07:14:00","2022-08-22 09:10:00",NULL,"7.989999771118163"
"74910","51617","41308","14074","202255","Complete","2022-09-03 16:09:28.112305","2022-09-04 06:21:13.112305","2022-09-08 04:29:13.112305",NULL,"7.989999771118163"
"75895","52304","41874","25075","204939","Complete","2021-09-22 04:27:14","2021-09-20 19:05:00","2021-09-24 11:37:00",NULL,"7.989999771118163"
"76908","53032","42434","15299","207688","Complete","2021-08-04 03:14:59","2021-08-02 02:12:00","2021-08-04 18:30:00",NULL,"7.989999771118163"
"77626","53523","42821","28309","209553","Complete","2020-05-28 07:34:37","2020-05-30 01:15:00","2020-05-31 17:08:00",NULL,"7.989999771118163"
"82926","57252","45770","24807","223959","Complete","2021-09-11 17:41:53","2021-09-13 14:56:00","2021-09-15 06:31:00",NULL,"7.989999771118163"
"84354","58276","46607","15987","227825","Complete","2020-08-15 00:36:27","2020-08-15 09:23:00","2020-08-18 07:15:00",NULL,"7.989999771118163"
"84465","58353","46676","13695","228126","Complete","2022-06-25 23:17:09","2022-06-27 00:51:00","2022-06-30 16:08:00",NULL,"7.989999771118163"
"84641","58475","46772","16263","228612","Complete","2022-08-05 07:58:17","2022-08-06 05:54:00","2022-08-09 20:52:00",NULL,"7.989999771118163"
"86135","59518","47616","3053","232681","Complete","2021-10-16 04:36:51","2021-10-17 22:21:00","2021-10-20 22:27:00",NULL,"7.989999771118163"
"86159","59537","47632","15987","232745","Complete","2020-12-10 09:01:52","2020-12-12 21:55:00","2020-12-16 04:41:00",NULL,"7.989999771118163"
"91153","62986","50428","15713","246240","Complete","2020-11-24 11:25:22","2020-11-24 14:22:00","2020-11-26 02:17:00",NULL,"7.989999771118163"
"91844","63462","50814","9739","248087","Complete","2021-12-24 09:47:08","2021-12-24 15:48:00","2021-12-28 20:36:00",NULL,"7.989999771118163"
"93256","64448","51571","5762","251864","Complete","2022-04-05 10:19:57","2022-04-08 11:00:00","2022-04-12 18:25:00",NULL,"7.989999771118163"
"94294","65144","52116","1132","254700","Complete","2022-03-25 05:35:14","2022-03-25 12:06:00","2022-03-27 11:05:00",NULL,"7.989999771118163"
"95129","65741","52591","13909","256965","Complete","2021-06-04 09:31:43","2021-06-03 11:42:00","2021-06-06 23:06:00",NULL,"7.989999771118163"
"96315","66562","53211","9357","260167","Complete","2022-03-16 08:18:24","2022-03-19 05:19:00","2022-03-23 07:20:00",NULL,"7.989999771118163"
"100869","69713","55747","10618","272431","Complete","2022-07-07 09:45:30","2022-07-08 00:09:00","2022-07-08 06:04:00",NULL,"7.989999771118163"
"106789","73787","59002","8948","288439","Complete","2021-10-04 05:49:59","2021-10-03 22:14:00","2021-10-05 12:10:00",NULL,"7.989999771118163"
"111316","76897","61523","29032","300633","Complete","2022-05-03 04:52:26","2022-05-02 08:16:00","2022-05-03 23:36:00",NULL,"7.989999771118163"
"112313","77575","62056","9412","303355","Complete","2021-11-22 13:18:05","2021-11-22 07:48:00","2021-11-22 11:17:00",NULL,"7.989999771118163"
"114866","79339","63466","5762","310253","Complete","2022-02-18 08:47:46","2022-02-19 02:48:00","2022-02-21 18:42:00",NULL,"7.989999771118163"
"116581","80495","64448","16231","314865","Complete","2022-09-04 00:30:13","2022-09-04 15:55:00","2022-09-09 08:10:00",NULL,"7.989999771118163"
"119175","82268","65867","14188","321771","Complete","2022-08-18 15:22:19","2022-08-20 07:37:00","2022-08-21 13:16:00",NULL,"7.989999771118163"
"121377","83772","67072","13624","327728","Complete","2022-08-07 02:54:07","2022-08-08 21:22:00","2022-08-10 02:44:00",NULL,"7.989999771118163"
"121801","84039","67281","25062","328870","Complete","2022-05-05 02:50:30","2022-05-07 09:42:00","2022-05-11 10:49:00",NULL,"7.989999771118163"
"124788","86093","68898","9739","336889","Complete","2022-08-29 22:49:49","2022-08-30 01:56:00","2022-09-03 04:14:00",NULL,"7.989999771118163"
"126956","87561","70103","16987","342787","Complete","2020-09-10 16:44:57","2020-09-07 04:24:00","2020-09-11 04:40:00",NULL,"7.989999771118163"
"129231","89122","71397","3822","348952","Complete","2020-01-25 15:49:20","2020-01-28 05:35:00","2020-01-31 11:44:00",NULL,"7.989999771118163"
"129583","89366","71587","29000","349870","Complete","2021-06-09 16:08:48","2021-06-06 00:41:00","2021-06-08 13:28:00",NULL,"7.989999771118163"
"131386","90630","72614","3349","354745","Complete","2021-10-17 06:57:07","2021-10-20 00:49:00","2021-10-20 22:43:00",NULL,"7.989999771118163"
"132066","91108","72974","14074","356575","Complete","2022-05-25 11:30:11","2022-05-28 01:37:00","2022-05-30 06:56:00",NULL,"7.989999771118163"
"132216","91210","73037","13874","356997","Complete","2021-10-01 10:02:06","2021-09-30 05:04:00","2021-10-02 08:59:00",NULL,"7.989999771118163"
"132489","91390","73186","28309","357747","Complete","2022-01-06 03:05:01","2022-01-03 09:18:00","2022-01-04 15:06:00",NULL,"7.989999771118163"
"5200","3545","2896","16231","14071","Cancelled","2021-04-10 10:03:00",NULL,NULL,NULL,"7.989999771118163"
"135140","93237","74697","15299","364935","Complete","2022-06-10 14:13:31","2022-06-10 21:39:00","2022-06-13 21:51:00",NULL,"7.989999771118163"
"136117","93930","75280","14022","367575","Complete","2021-03-20 00:23:30","2021-03-20 19:28:00","2021-03-22 10:35:00",NULL,"7.989999771118163"
"136738","94352","75623","9357","369229","Complete","2022-09-06 13:19:22","2022-09-05 15:35:00","2022-09-06 01:40:00",NULL,"7.989999771118163"
"137449","94838","76015","9363","371130","Complete","2022-03-04 09:47:50","2022-03-06 04:38:00","2022-03-08 22:40:00",NULL,"7.989999771118163"
"138825","95797","76806","13624","374867","Complete","2022-03-17 11:34:53","2022-03-18 10:37:00","2022-03-20 04:52:00",NULL,"7.989999771118163"
"139233","96066","77033","3053","375987","Complete","2022-05-29 14:03:05","2022-06-01 14:58:00","2022-06-04 16:27:00",NULL,"7.989999771118163"
"139967","96553","77426","11420","377946","Complete","2021-06-19 09:30:35","2021-06-17 15:02:00","2021-06-20 12:59:00",NULL,"7.989999771118163"
"145107","100125","80293","25075","391815","Complete","2022-05-30 05:45:38","2022-06-01 02:10:00","2022-06-03 15:17:00",NULL,"7.989999771118163"
"147668","101899","81727","16231","398711","Complete","2020-07-18 07:56:33","2020-07-20 18:42:00","2020-07-24 18:56:00",NULL,"7.989999771118163"
"148744","102638","82331","13624","401669","Complete","2021-07-17 02:10:46","2021-07-14 06:53:00","2021-07-17 08:55:00",NULL,"7.989999771118163"
"150904","104137","83540","14229","407567","Complete","2021-01-07 20:28:20","2021-01-08 09:51:00","2021-01-11 00:46:00",NULL,"7.989999771118163"
"151913","104814","84113","14098","410279","Complete","2022-03-10 07:25:43","2022-03-09 17:12:00","2022-03-10 04:14:00",NULL,"7.989999771118163"
"154329","106481","85410","3168","416724","Complete","2020-11-09 16:19:53","2020-11-07 04:27:00","2020-11-09 15:13:00",NULL,"7.989999771118163"
"155743","107440","86200","15987","420527","Complete","2021-11-23 21:25:04","2021-11-25 16:02:00","2021-11-29 19:29:00",NULL,"7.989999771118163"
"156097","107682","86384","3349","421455","Complete","2021-04-09 08:05:53","2021-04-07 12:34:00","2021-04-11 08:13:00",NULL,"7.989999771118163"
"161889","111662","89527","3841","437131","Complete","2022-07-15 22:56:36","2022-07-16 16:49:00","2022-07-19 10:29:00",NULL,"7.989999771118163"
"165599","114212","91568","15407","447250","Complete","2022-07-12 07:07:52","2022-07-13 07:55:00","2022-07-18 06:08:00",NULL,"7.989999771118163"
"165660","114252","91597","15465","447418","Complete","2022-08-05 17:38:43","2022-08-07 11:22:00","2022-08-10 07:08:00",NULL,"7.989999771118163"
"167332","115395","92499","13786","451915","Complete","2022-03-30 05:50:06","2022-03-31 05:40:00","2022-04-03 12:17:00",NULL,"7.989999771118163"
"167601","115579","92639","13909","452627","Complete","2021-09-05 09:10:15","2021-09-07 16:58:00","2021-09-11 02:20:00",NULL,"7.989999771118163"
"168298","116059","93051","12532","454501","Complete","2020-08-29 11:18:36","2020-08-27 07:13:00","2020-08-29 22:16:00",NULL,"7.989999771118163"
"171674","118366","94914","29000","463637","Complete","2021-02-24 14:06:52","2021-02-26 13:16:00","2021-02-27 04:30:00",NULL,"7.989999771118163"
"171970","118577","95062","13874","464460","Complete","2021-08-13 00:50:58","2021-08-14 17:22:00","2021-08-15 18:01:00",NULL,"7.989999771118163"
"173111","119388","95710","15713","467558","Complete","2021-04-18 16:05:36","2021-04-18 02:17:00","2021-04-20 16:41:00",NULL,"7.989999771118163"
"174207","120147","96350","10618","470435","Complete","2022-08-19 09:14:23","2022-08-20 06:38:00","2022-08-23 03:21:00",NULL,"7.989999771118163"
"175540","121055","97053","24807","474079","Complete","2022-09-04 06:54:43.349908","2022-09-04 05:21:08.349908","2022-09-04 17:19:08.349908",NULL,"7.989999771118163"
"176310","121592","97513","9247","476168","Complete","2022-05-06 10:23:37","2022-05-08 12:24:00","2022-05-12 04:21:00",NULL,"7.989999771118163"
"178837","123354","98941","9739","482950","Complete","2021-11-10 22:54:21","2021-11-10 06:16:00","2021-11-12 14:08:00",NULL,"7.989999771118163"
"588","423","369","13786","1557","Returned","2022-07-09 01:03:34","2022-07-11 11:30:00","2022-07-15 20:30:00","2022-07-17 13:01:00","7.989999771118163"
"1310","906","758","13874","3556","Returned","2021-07-14 05:57:32","2021-07-15 23:08:00","2021-07-20 17:51:00","2021-07-21 09:39:00","7.989999771118163"
"1529","1062","878","13786","4146","Returned","2022-06-24 06:49:21","2022-06-26 22:32:00","2022-06-27 03:32:00","2022-06-28 16:13:00","7.989999771118163"
"14695","10115","8133","28309","39809","Returned","2022-02-09 22:50:21","2022-02-10 02:18:00","2022-02-14 13:55:00","2022-02-16 10:17:00","7.989999771118163"
"18620","12794","10260","12987","50412","Returned","2021-07-11 05:47:03","2021-07-13 09:25:00","2021-07-15 17:11:00","2021-07-15 21:32:00","7.989999771118163"
"21352","14684","11729","28340","57734","Returned","2021-04-27 14:30:17","2021-04-27 11:30:00","2021-04-30 15:26:00","2021-05-02 19:12:00","7.989999771118163"
"24942","17181","13731","13492","67420","Returned","2022-08-02 06:18:57","2022-08-03 01:52:00","2022-08-06 12:29:00","2022-08-06 23:32:00","7.989999771118163"
"27416","18888","15110","29032","74117","Returned","2022-02-14 03:16:40","2022-02-11 13:14:00","2022-02-15 09:07:00","2022-02-17 14:03:00","7.989999771118163"
"31391","21600","17275","15987","84845","Returned","2022-05-01 07:51:01","2022-05-01 23:17:00","2022-05-02 08:29:00","2022-05-03 09:26:00","7.989999771118163"
"32296","22224","17766","24807","87260","Returned","2021-05-22 15:25:35","2021-05-23 06:47:00","2021-05-23 11:03:00","2021-05-24 03:00:00","7.989999771118163"
"33799","23279","18583","9451","91308","Returned","2022-06-09 14:54:04","2022-06-10 06:02:00","2022-06-11 07:18:00","2022-06-12 07:04:00","7.989999771118163"
"54770","37762","30168","29000","147811","Returned","2021-08-02 08:33:38","2021-08-04 02:48:00","2021-08-09 01:27:00","2021-08-09 15:54:00","7.989999771118163"
"56902","39218","31350","11398","153582","Returned","2022-01-19 04:16:20","2022-01-20 14:41:00","2022-01-24 08:05:00","2022-01-26 01:26:00","7.989999771118163"
"58149","40077","32022","2499","156918","Returned","2019-10-28 04:31:17","2019-10-25 23:33:00","2019-10-28 08:22:00","2019-10-29 20:53:00","7.989999771118163"
"63161","43485","34769","13624","170545","Returned","2022-03-11 10:05:23","2022-03-11 22:56:00","2022-03-13 18:40:00","2022-03-15 02:59:00","7.989999771118163"
"65053","44784","35817","15835","175666","Returned","2022-02-14 00:53:46","2022-02-14 23:45:00","2022-02-16 08:09:00","2022-02-17 02:26:00","7.989999771118163"
"69841","48080","38441","16987","188534","Returned","2022-07-03 05:12:40","2022-07-05 13:59:00","2022-07-10 05:34:00","2022-07-11 11:08:00","7.989999771118163"
"74872","51591","41286","9739","202146","Returned","2022-07-16 01:50:52","2022-07-16 13:10:00","2022-07-17 16:35:00","2022-07-17 17:39:00","7.989999771118163"
"88474","61143","48964","15835","239017","Returned","2022-07-31 02:52:36","2022-07-28 07:19:00","2022-08-01 05:32:00","2022-08-01 19:14:00","7.989999771118163"
"94241","65110","52089","14292","254548","Returned","2020-11-21 15:07:54","2020-11-22 06:27:00","2020-11-22 23:02:00","2020-11-25 14:47:00","7.989999771118163"
"102428","70770","56583","2499","276682","Returned","2022-04-17 13:49:01","2022-04-15 15:49:00","2022-04-16 19:10:00","2022-04-18 05:40:00","7.989999771118163"
"107624","74351","59436","25062","290700","Returned","2022-06-02 08:29:57","2022-05-29 22:52:00","2022-06-02 05:14:00","2022-06-04 16:46:00","7.989999771118163"
"112325","77583","62062","13641","303385","Returned","2022-03-23 01:43:08","2022-03-24 22:39:00","2022-03-25 19:05:00","2022-03-26 02:52:00","7.989999771118163"
"113171","78168","62525","14188","305667","Returned","2022-01-07 06:40:32","2022-01-08 20:12:00","2022-01-13 03:30:00","2022-01-14 22:46:00","7.989999771118163"
"117458","81080","64939","16263","317177","Returned","2019-11-08 08:40:27","2019-11-09 06:46:00","2019-11-11 02:00:00","2019-11-12 11:04:00","7.989999771118163"
"123082","84912","67953","14188","332344","Returned","2022-09-01 08:35:15.979431","2022-09-02 13:41:05.979431","2022-09-06 06:19:05.979431","2022-09-07 08:22:05.979431","7.989999771118163"
"124366","85796","68667","3841","335733","Returned","2022-09-08 15:57:46.762565","2022-09-05 18:29:24.762565","2022-09-07 22:02:24.762565","2022-09-09 23:29:24.762565","7.989999771118163"
"125402","86509","69231","15987","338566","Returned","2020-04-15 22:50:37","2020-04-15 08:28:00","2020-04-18 05:00:00","2020-04-18 11:00:00","7.989999771118163"
"127024","87603","70136","9451","342973","Returned","2020-10-13 16:03:56","2020-10-13 04:11:00","2020-10-16 05:07:00","2020-10-17 03:28:00","7.989999771118163"
"128916","88911","71225","10016","348087","Returned","2021-04-30 11:13:53","2021-05-02 06:57:00","2021-05-06 00:55:00","2021-05-08 16:18:00","7.989999771118163"
"136787","94390","75646","29032","369364","Returned","2022-04-18 14:08:25","2022-04-21 10:38:00","2022-04-25 09:50:00","2022-04-28 05:46:00","7.989999771118163"
"140534","96945","77746","28340","379467","Returned","2022-07-11 23:55:02","2022-07-11 04:40:00","2022-07-14 18:15:00","2022-07-16 12:38:00","7.989999771118163"
"148502","102465","82198","13732","401002","Returned","2021-10-23 11:56:48","2021-10-23 23:13:00","2021-10-28 21:53:00","2021-10-30 10:22:00","7.989999771118163"
"148918","102761","82435","25062","402130","Returned","2021-12-30 13:34:00","2021-12-31 15:53:00","2021-12-31 19:07:00","2022-01-01 04:02:00","7.989999771118163"
"151159","104301","83680","12987","408237","Returned","2022-01-27 02:07:46","2022-01-27 16:15:00","2022-01-31 07:42:00","2022-01-31 19:12:00","7.989999771118163"
"159882","110304","88457","12987","431689","Returned","2022-09-05 16:36:40","2022-09-07 03:32:00","2022-09-07 10:21:00","2022-09-10 05:52:00","7.989999771118163"
"161618","111484","89387","16231","436381","Returned","2022-09-01 17:23:40","2022-09-01 22:37:00","2022-09-03 11:40:00","2022-09-03 13:04:00","7.989999771118163"
"164782","113656","91123","15407","445014","Returned","2020-04-21 10:32:03","2020-04-19 18:22:00","2020-04-22 00:09:00","2020-04-23 00:39:00","7.989999771118163"
"167162","115277","92398","15741","451464","Returned","2020-03-17 13:04:24","2020-03-16 12:35:00","2020-03-20 00:40:00","2020-03-20 07:31:00","7.989999771118163"
"178225","122925","98597","9451","481298","Returned","2021-01-04 13:56:24","2021-01-07 06:46:00","2021-01-09 23:00:00","2021-01-11 20:57:00","7.989999771118163"
"180786","124690","99984","6029","488208","Returned","2019-06-19 03:41:31","2019-06-22 00:50:00","2019-06-22 22:50:00","2019-06-25 01:39:00","7.989999771118163"
"639","457","395","25062","1707","Cancelled","2022-06-27 21:08:26",NULL,NULL,NULL,"7.989999771118163"
"2860","1949","1573","3822","7741","Cancelled","2022-06-13 14:25:05",NULL,NULL,NULL,"7.989999771118163"
"4193","2851","2287","9451","11370","Cancelled","2021-12-21 04:14:32",NULL,NULL,NULL,"7.989999771118163"
"4578","3139","2551","13695","12408","Cancelled","2022-09-05 13:31:33.463896",NULL,NULL,NULL,"7.989999771118163"
"11124","7650","6208","10226","30146","Cancelled","2021-05-22 05:55:13",NULL,NULL,NULL,"7.989999771118163"
"18452","12682","10178","10618","49959","Cancelled","2020-06-14 16:09:08",NULL,NULL,NULL,"7.989999771118163"
"21154","14543","11623","16987","57221","Cancelled","2022-08-17 01:33:20",NULL,NULL,NULL,"7.989999771118163"
"21365","14693","11741","5762","57767","Cancelled","2021-08-23 07:37:37",NULL,NULL,NULL,"7.989999771118163"
"22342","15367","12278","13695","60372","Cancelled","2022-09-05 10:28:13.239773",NULL,NULL,NULL,"7.989999771118163"
"22761","15657","12508","6029","61527","Cancelled","2022-09-01 02:17:34",NULL,NULL,NULL,"7.989999771118163"
"23185","15957","12753","15407","62663","Cancelled","2022-01-05 13:56:28",NULL,NULL,NULL,"7.989999771118163"
"24845","17114","13664","9379","67147","Cancelled","2021-05-09 06:28:56",NULL,NULL,NULL,"7.989999771118163"
"25724","17731","14159","29032","69528","Cancelled","2022-07-01 06:12:38",NULL,NULL,NULL,"7.989999771118163"
"26267","18094","14450","3841","70998","Cancelled","2020-04-06 21:03:13",NULL,NULL,NULL,"7.989999771118163"
"26824","18482","14758","2499","72500","Cancelled","2022-06-15 12:58:15",NULL,NULL,NULL,"7.989999771118163"
"28269","19483","15587","13624","76422","Cancelled","2021-10-21 10:38:28",NULL,NULL,NULL,"7.989999771118163"
"28271","19485","15588","9412","76427","Cancelled","2022-07-25 01:04:57",NULL,NULL,NULL,"7.989999771118163"
"32506","22373","17886","28340","87836","Cancelled","2020-06-23 01:01:02",NULL,NULL,NULL,"7.989999771118163"
"33689","23197","18523","14074","91025","Cancelled","2022-07-08 04:24:18",NULL,NULL,NULL,"7.989999771118163"
"34848","23983","19148","9451","94145","Cancelled","2020-04-11 07:56:27",NULL,NULL,NULL,"7.989999771118163"
"36450","25102","20069","9363","98408","Cancelled","2021-02-26 06:57:01",NULL,NULL,NULL,"7.989999771118163"
"40351","27768","22175","12987","108930","Cancelled","2020-08-29 12:02:31",NULL,NULL,NULL,"7.989999771118163"
"44196","30410","24265","25062","119368","Cancelled","2022-02-17 06:15:27",NULL,NULL,NULL,"7.989999771118163"
"48235","33230","26550","9363","130183","Cancelled","2022-09-01 14:36:38",NULL,NULL,NULL,"7.989999771118163"
"51213","35302","28183","13874","138228","Cancelled","2022-08-20 08:14:11",NULL,NULL,NULL,"7.989999771118163"
"58375","40246","32153","12592","157546","Cancelled","2021-11-16 08:52:27",NULL,NULL,NULL,"7.989999771118163"
"60294","41529","33186","12987","162775","Cancelled","2022-07-06 12:58:07",NULL,NULL,NULL,"7.989999771118163"
"68046","46822","37461","6029","183723","Cancelled","2020-04-06 10:52:35",NULL,NULL,NULL,"7.989999771118163"
"68543","47175","37736","14031","185034","Cancelled","2021-01-16 03:27:03",NULL,NULL,NULL,"7.989999771118163"
"75906","52314","41881","16231","204968","Cancelled","2021-12-31 17:21:01",NULL,NULL,NULL,"7.989999771118163"
"84235","58189","46528","12987","227514","Cancelled","2020-03-23 02:45:20",NULL,NULL,NULL,"7.989999771118163"
"84562","58420","46728","28505","228395","Cancelled","2021-06-13 00:36:45",NULL,NULL,NULL,"7.989999771118163"
"85529","59102","47249","1132","231026","Cancelled","2022-01-03 02:48:16",NULL,NULL,NULL,"7.989999771118163"
"86179","59554","47643","10618","232794","Cancelled","2022-09-05 07:09:58",NULL,NULL,NULL,"7.989999771118163"
"86468","59743","47799","9357","233582","Cancelled","2020-07-04 03:49:13",NULL,NULL,NULL,"7.989999771118163"
"88883","61436","49190","6029","240136","Cancelled","2022-01-10 06:43:38",NULL,NULL,NULL,"7.989999771118163"
"92116","63648","50953","3841","248805","Cancelled","2021-04-14 06:15:11",NULL,NULL,NULL,"7.989999771118163"
"101788","70340","56245","25302","274898","Cancelled","2021-10-26 11:48:10",NULL,NULL,NULL,"7.989999771118163"
"103547","71561","57216","2499","279705","Cancelled","2022-06-10 00:25:52",NULL,NULL,NULL,"7.989999771118163"
"106745","73752","58978","14098","288327","Cancelled","2020-12-13 06:26:49",NULL,NULL,NULL,"7.989999771118163"
"111604","77092","61672","12592","301415","Cancelled","2020-05-24 22:02:31",NULL,NULL,NULL,"7.989999771118163"
"113503","78410","62706","8948","306555","Cancelled","2022-08-25 03:51:12",NULL,NULL,NULL,"7.989999771118163"
"118982","82140","65765","16231","321250","Cancelled","2022-07-26 06:29:52",NULL,NULL,NULL,"7.989999771118163"
"120371","83069","66508","15407","325006","Cancelled","2021-02-10 21:59:00",NULL,NULL,NULL,"7.989999771118163"
"129449","89277","71525","1132","349530","Cancelled","2021-06-11 14:20:02",NULL,NULL,NULL,"7.989999771118163"
"129710","89459","71661","11398","350198","Cancelled","2022-03-30 05:13:31",NULL,NULL,NULL,"7.989999771118163"
"132954","91735","73479","29000","359012","Cancelled","2020-07-05 14:13:04",NULL,NULL,NULL,"7.989999771118163"
"133229","91931","73634","14074","359749","Cancelled","2022-06-25 15:07:40",NULL,NULL,NULL,"7.989999771118163"
"138550","95607","76655","15299","374127","Cancelled","2021-07-03 15:35:30",NULL,NULL,NULL,"7.989999771118163"
"143774","99203","79535","9412","388175","Cancelled","2022-05-27 02:35:51",NULL,NULL,NULL,"7.989999771118163"
"148102","102198","81984","16231","399892","Cancelled","2020-11-03 13:21:28",NULL,NULL,NULL,"7.989999771118163"
"161589","111464","89369","25302","436297","Cancelled","2021-03-19 11:17:00",NULL,NULL,NULL,"7.989999771118163"
"161843","111628","89502","13874","437008","Cancelled","2022-08-12 04:40:57",NULL,NULL,NULL,"7.989999771118163"
"162100","111793","89617","11420","437699","Cancelled","2022-01-26 15:41:33",NULL,NULL,NULL,"7.989999771118163"
"164489","113462","90977","13909","444215","Cancelled","2022-06-01 16:20:42",NULL,NULL,NULL,"7.989999771118163"
"166230","114641","91905","16987","448957","Cancelled","2021-09-10 09:21:16",NULL,NULL,NULL,"7.989999771118163"
"168492","116200","93167","14074","455017","Cancelled","2020-09-27 14:34:02",NULL,NULL,NULL,"7.989999771118163"
"171700","118384","94926","10226","463712","Cancelled","2022-02-23 12:50:13",NULL,NULL,NULL,"7.989999771118163"
"175302","120892","96923","10618","473418","Cancelled","2019-05-18 02:48:51",NULL,NULL,NULL,"7.989999771118163"
"178029","122786","98485","11398","480788","Cancelled","2021-07-27 13:47:12",NULL,NULL,NULL,"7.989999771118163"
"178720","123272","98872","28340","482645","Cancelled","2020-07-19 03:04:32",NULL,NULL,NULL,"7.989999771118163"
"448","318","276","28505","1190","Processing","2022-02-06 01:16:05",NULL,NULL,NULL,"7.989999771118163"
"1253","866","723","13641","3392","Processing","2021-02-07 03:01:53",NULL,NULL,NULL,"7.989999771118163"
"4871","3322","2702","11059","13198","Processing","2022-08-16 06:55:41",NULL,NULL,NULL,"7.989999771118163"
"7402","5062","4105","13641","20065","Processing","2020-12-23 17:48:26",NULL,NULL,NULL,"7.989999771118163"
"10715","7367","5995","13732","29037","Processing","2022-06-29 10:09:22",NULL,NULL,NULL,"7.989999771118163"
"13505","9309","7505","3168","36600","Processing","2021-10-29 22:25:11",NULL,NULL,NULL,"7.989999771118163"
"14315","9852","7941","29000","38795","Processing","2021-09-15 08:51:04",NULL,NULL,NULL,"7.989999771118163"
"15514","10654","8563","15713","42026","Processing","2022-08-20 02:56:30",NULL,NULL,NULL,"7.989999771118163"
"16018","11001","8829","16231","43356","Processing","2022-07-10 05:08:27",NULL,NULL,NULL,"7.989999771118163"
"20047","13788","11050","14292","54250","Processing","2022-03-13 08:39:41",NULL,NULL,NULL,"7.989999771118163"
"23806","16387","13100","28505","64364","Processing","2019-11-14 17:40:42",NULL,NULL,NULL,"7.989999771118163"
"25423","17515","13991","15269","68695","Processing","2021-10-16 03:05:45",NULL,NULL,NULL,"7.989999771118163"
"25730","17735","14162","28309","69545","Processing","2022-07-28 12:24:36",NULL,NULL,NULL,"7.989999771118163"
"30776","21189","16977","3822","83197","Processing","2022-02-06 10:25:10",NULL,NULL,NULL,"7.989999771118163"
"32203","22158","17724","14292","87006","Processing","2021-04-07 03:53:50",NULL,NULL,NULL,"7.989999771118163"
"33724","23220","18539","13786","91120","Processing","2022-07-17 23:42:30",NULL,NULL,NULL,"7.989999771118163"
"36637","25211","20157","13492","98902","Processing","2021-10-31 02:14:17",NULL,NULL,NULL,"7.989999771118163"
"42432","29190","23276","28340","114578","Processing","2021-09-02 03:40:18",NULL,NULL,NULL,"7.989999771118163"
"46102","31739","25321","11059","124485","Processing","2021-08-07 14:08:59",NULL,NULL,NULL,"7.989999771118163"
"46670","32142","25669","14074","126011","Processing","2022-04-14 22:32:35",NULL,NULL,NULL,"7.989999771118163"
"47171","32504","25954","15835","127324","Processing","2022-07-11 11:34:43",NULL,NULL,NULL,"7.989999771118163"
"47607","32803","26188","15269","128496","Processing","2020-09-30 03:55:25",NULL,NULL,NULL,"7.989999771118163"
"55539","38283","30598","3822","149856","Processing","2022-07-17 21:34:35",NULL,NULL,NULL,"7.989999771118163"
"55896","38528","30791","15465","150847","Processing","2022-07-12 04:28:14",NULL,NULL,NULL,"7.989999771118163"
"55984","38589","30846","15741","151083","Processing","2019-10-05 04:07:25",NULL,NULL,NULL,"7.989999771118163"
"59328","40882","32650","11398","160130","Processing","2021-10-05 04:49:48",NULL,NULL,NULL,"7.989999771118163"
"61780","42543","34026","10226","166785","Processing","2021-01-22 09:13:27",NULL,NULL,NULL,"7.989999771118163"
"62793","43235","34573","14031","169526","Processing","2022-01-23 23:49:49",NULL,NULL,NULL,"7.989999771118163"
"68174","46914","37524","2499","184065","Processing","2021-09-25 03:31:33",NULL,NULL,NULL,"7.989999771118163"
"75589","52088","41710","11420","204084","Processing","2021-11-16 05:07:49",NULL,NULL,NULL,"7.989999771118163"
"84986","58723","46950","16263","229549","Processing","2022-03-27 23:06:23",NULL,NULL,NULL,"7.989999771118163"
"85761","59268","47410","12987","231654","Processing","2022-04-29 03:35:27",NULL,NULL,NULL,"7.989999771118163"
"87013","60136","48125","14188","235060","Processing","2021-07-12 14:39:13",NULL,NULL,NULL,"7.989999771118163"
"90811","62755","50235","9451","245320","Processing","2020-08-09 12:01:29",NULL,NULL,NULL,"7.989999771118163"
"91389","63149","50560","29032","246866","Processing","2020-08-28 21:17:25",NULL,NULL,NULL,"7.989999771118163"
"92109","63645","50951","13732","248783","Processing","2021-07-29 06:42:49",NULL,NULL,NULL,"7.989999771118163"
"92419","63853","51117","3841","249627","Processing","2022-02-06 01:25:56",NULL,NULL,NULL,"7.989999771118163"
"93169","64384","51513","24807","251637","Processing","2022-01-30 09:36:59",NULL,NULL,NULL,"7.989999771118163"
"101160","69906","55900","10618","273198","Processing","2022-01-18 08:44:44",NULL,NULL,NULL,"7.989999771118163"
"108258","74789","59805","15407","292450","Processing","2022-04-07 10:02:26",NULL,NULL,NULL,"7.989999771118163"
"108929","75252","60168","3349","294243","Processing","2021-06-03 00:06:37",NULL,NULL,NULL,"7.989999771118163"
"118817","82027","65666","9363","320829","Processing","2020-12-28 16:36:05",NULL,NULL,NULL,"7.989999771118163"
"118836","82039","65678","25302","320877","Processing","2022-08-20 04:00:12",NULL,NULL,NULL,"7.989999771118163"
"122653","84620","67731","14031","331175","Processing","2022-01-13 00:44:10",NULL,NULL,NULL,"7.989999771118163"
"123013","84859","67919","25075","332168","Processing","2022-08-21 06:18:31",NULL,NULL,NULL,"7.989999771118163"
"124895","86162","68944","9451","337194","Processing","2022-06-13 14:14:50",NULL,NULL,NULL,"7.989999771118163"
"127156","87689","70201","11420","343316","Processing","2022-08-09 04:37:49",NULL,NULL,NULL,"7.989999771118163"
"128581","88678","71033","13641","347189","Processing","2022-08-30 02:00:09",NULL,NULL,NULL,"7.989999771118163"
"129597","89377","71597","13641","349910","Processing","2020-04-17 14:43:32",NULL,NULL,NULL,"7.989999771118163"
"131991","91056","72939","11398","356374","Processing","2022-03-29 15:31:36",NULL,NULL,NULL,"7.989999771118163"
"133496","92101","73769","25075","360472","Processing","2020-09-10 07:31:40",NULL,NULL,NULL,"7.989999771118163"
"133649","92213","73858","9412","360888","Processing","2019-06-15 13:55:52",NULL,NULL,NULL,"7.989999771118163"
"134137","92555","74143","3303","362196","Processing","2022-06-23 12:59:35",NULL,NULL,NULL,"7.989999771118163"
"135791","93706","75084","13909","366685","Processing","2022-01-14 11:47:29",NULL,NULL,NULL,"7.989999771118163"
"137905","95166","76282","10618","372362","Processing","2022-04-14 10:02:54",NULL,NULL,NULL,"7.989999771118163"
"141817","97823","78433","9357","382905","Processing","2022-05-01 08:32:31",NULL,NULL,NULL,"7.989999771118163"
"144643","99798","80020","13641","390532","Processing","2022-05-24 14:05:16",NULL,NULL,NULL,"7.989999771118163"
"146367","100989","81028","14074","395239","Processing","2021-11-23 22:01:56",NULL,NULL,NULL,"7.989999771118163"
"150590","103913","83363","16231","406707","Processing","2021-08-08 02:00:10",NULL,NULL,NULL,"7.989999771118163"
"150857","104101","83512","14031","407436","Processing","2020-08-01 06:04:36",NULL,NULL,NULL,"7.989999771118163"
"153051","105587","84716","3822","413310","Processing","2022-06-29 18:28:46",NULL,NULL,NULL,"7.989999771118163"
"154314","106472","85402","11420","416686","Processing","2021-10-17 15:26:02",NULL,NULL,NULL,"7.989999771118163"
"157122","108381","86914","3822","424239","Processing","2022-08-19 11:39:59",NULL,NULL,NULL,"7.989999771118163"
"158356","109230","87600","15987","427545","Processing","2022-07-16 23:52:02",NULL,NULL,NULL,"7.989999771118163"
"161235","111215","89169","3053","435328","Processing","2021-02-09 01:10:19",NULL,NULL,NULL,"7.989999771118163"
"161613","111481","89386","15741","436365","Processing","2020-11-24 09:23:14",NULL,NULL,NULL,"7.989999771118163"
"161622","111487","89389","8948","436394","Processing","2022-06-14 12:59:52",NULL,NULL,NULL,"7.989999771118163"
"161748","111574","89456","15465","436740","Processing","2022-02-20 13:51:42",NULL,NULL,NULL,"7.989999771118163"
"161866","111647","89517","9739","437064","Processing","2022-01-28 12:01:43",NULL,NULL,NULL,"7.989999771118163"
"164648","113564","91060","3349","444646","Processing","2021-08-05 23:33:19",NULL,NULL,NULL,"7.989999771118163"
"165111","113867","91293","9412","445911","Processing","2022-03-14 04:54:36",NULL,NULL,NULL,"7.989999771118163"
"167540","115534","92600","14188","452463","Processing","2021-07-11 08:46:10",NULL,NULL,NULL,"7.989999771118163"
"170699","117690","94391","28309","461012","Processing","2020-12-27 11:40:15",NULL,NULL,NULL,"7.989999771118163"
"173178","119434","95755","236","467730","Processing","2020-06-17 09:46:34",NULL,NULL,NULL,"7.989999771118163"
"173730","119826","96085","14188","469156","Processing","2022-04-26 05:31:09",NULL,NULL,NULL,"7.989999771118163"
"174936","120635","96727","15713","472421","Processing","2021-11-07 16:43:50",NULL,NULL,NULL,"7.989999771118163"
"175327","120909","96937","14031","473490","Processing","2022-07-24 02:08:55",NULL,NULL,NULL,"7.989999771118163"
"175716","121188","97187","28309","474555","Processing","2022-05-16 18:48:16",NULL,NULL,NULL,"7.989999771118163"
"180007","124145","99571","10226","486099","Processing","2021-07-18 04:08:52",NULL,NULL,NULL,"7.989999771118163"
"32422","22314","17837","17258","87596","Complete","2022-04-25 23:58:39","2022-04-28 10:55:00","2022-05-02 09:22:00",NULL,"22.069999694824215"
"158154","109088","87486","17258","427001","Complete","2022-07-20 14:35:42","2022-07-19 18:21:00","2022-07-22 16:42:00",NULL,"22.069999694824215"
"129769","89502","71692","17258","350364","Returned","2020-09-05 09:53:54","2020-09-08 01:27:00","2020-09-10 00:53:00","2020-09-10 16:44:00","22.069999694824215"
"32130","22111","17684","17725","86801","Shipped","2020-01-23 02:56:18","2020-01-26 01:02:00",NULL,NULL,"24.069999694824215"
"65397","45032","35992","17725","176593","Shipped","2022-04-03 12:03:55","2022-04-03 14:27:00",NULL,NULL,"24.069999694824215"
"3277","2230","1789","17725","8872","Complete","2022-03-27 09:47:04","2022-03-29 07:53:00","2022-03-31 13:51:00",NULL,"24.069999694824215"
"11288","7761","6295","17725","30575","Complete","2021-12-24 14:44:40","2021-12-25 10:43:00","2021-12-27 08:57:00",NULL,"24.069999694824215"
"127943","88241","70661","17725","345446","Complete","2022-08-21 11:39:41","2022-08-23 16:22:00","2022-08-25 16:35:00",NULL,"24.069999694824215"
"141972","97924","78525","17725","383329","Complete","2020-03-17 00:26:01","2020-03-14 12:38:00","2020-03-16 22:56:00",NULL,"24.069999694824215"
"142708","98462","78943","17725","385313","Complete","2020-08-30 12:35:07","2020-08-29 13:17:00","2020-09-03 01:53:00",NULL,"24.069999694824215"
"150743","104023","83453","17725","407114","Complete","2022-05-25 05:23:21","2022-05-26 22:16:00","2022-05-28 17:36:00",NULL,"24.069999694824215"
"156156","107719","86412","17725","421621","Complete","2022-04-27 09:39:57","2022-04-25 01:03:00","2022-04-29 21:39:00",NULL,"24.069999694824215"
"172587","119016","95406","17725","466123","Complete","2020-09-11 16:45:52","2020-09-14 03:50:00","2020-09-14 08:22:00",NULL,"24.069999694824215"
"128070","88325","70739","17725","345799","Cancelled","2022-01-08 14:23:17",NULL,NULL,NULL,"24.069999694824215"
"78148","53889","43108","2749","210977","Shipped","2022-05-21 00:00:20","2022-05-22 11:47:00",NULL,NULL,"27.069999694824215"
"42004","28903","23057","2749","113392","Complete","2022-07-04 12:04:01","2022-07-05 18:39:00","2022-07-05 22:11:00",NULL,"27.069999694824215"
"36425","25083","20056","2749","98343","Processing","2020-06-10 12:30:16",NULL,NULL,NULL,"27.069999694824215"
"56246","38771","31001","2749","151794","Processing","2022-08-18 15:59:37",NULL,NULL,NULL,"27.069999694824215"
"29281","20159","16116","6873","79156","Shipped","2022-08-19 07:13:10","2022-08-17 02:35:00",NULL,NULL,"28.069999694824215"
"112461","77678","62138","6873","303752","Shipped","2022-08-09 08:22:06","2022-08-11 09:08:00",NULL,NULL,"28.069999694824215"
"142407","98242","78774","6873","384504","Shipped","2022-02-03 09:32:57","2022-02-04 09:30:00",NULL,NULL,"28.069999694824215"
"1367","949","799","6873","3717","Complete","2022-05-06 00:10:59","2022-05-06 18:03:00","2022-05-09 16:41:00",NULL,"28.069999694824215"
"71568","49286","39449","6873","193221","Complete","2022-05-29 10:20:09","2022-05-27 08:15:00","2022-05-28 11:45:00",NULL,"28.069999694824215"
"135164","93253","74705","22258","365000","Complete","2021-05-02 14:21:14","2021-05-03 22:21:00","2021-05-07 09:39:00",NULL,"31.069999694824215"
"158741","109492","87807","22258","428597","Cancelled","2022-09-01 07:27:07.584926",NULL,NULL,NULL,"31.069999694824215"
"93686","64731","51798","24210","253034","Shipped","2022-07-20 00:34:06","2022-07-22 03:16:00",NULL,NULL,"76.27999877929686"
"98089","67784","54161","24210","264978","Complete","2021-08-23 13:18:29","2021-08-25 16:25:00","2021-08-26 19:44:00",NULL,"76.27999877929686"
"177847","122664","98389","24210","480304","Complete","2020-12-20 14:56:48","2020-12-17 20:56:00","2020-12-18 10:26:00",NULL,"76.27999877929686"
"60909","41954","33534","24210","164437","Cancelled","2021-08-28 07:20:50",NULL,NULL,NULL,"76.27999877929686"
"70807","48759","39009","24210","191158","Cancelled","2022-04-09 12:16:01",NULL,NULL,NULL,"76.27999877929686"
"174992","120669","96753","24210","472578","Cancelled","2020-06-08 08:26:07",NULL,NULL,NULL,"76.27999877929686"
"2829","1926","1557","24210","7660","Processing","2021-05-18 02:36:06",NULL,NULL,NULL,"76.27999877929686"
"34692","23880","19070","24210","93717","Processing","2020-01-04 00:42:49",NULL,NULL,NULL,"76.27999877929686"
"68154","46902","37517","24210","184013","Processing","2020-11-01 02:30:38",NULL,NULL,NULL,"76.27999877929686"
"11998","8280","6694","14832","32526","Complete","2022-04-28 01:27:27","2022-04-28 10:22:00","2022-05-02 00:10:00",NULL,"84.27999877929686"
"28796","19823","15840","14832","77843","Complete","2020-06-02 02:15:19","2020-06-04 10:42:00","2020-06-06 06:05:00",NULL,"84.27999877929686"
"63599","43786","35011","14832","171701","Complete","2022-07-12 18:49:37","2022-07-12 16:21:00","2022-07-14 01:54:00",NULL,"84.27999877929686"
"83678","57794","46203","14832","225996","Complete","2022-06-16 11:03:00","2022-06-16 02:08:00","2022-06-17 17:35:00",NULL,"84.27999877929686"
"90088","62265","49841","14832","243366","Cancelled","2022-08-26 13:10:18",NULL,NULL,NULL,"84.27999877929686"
"5449","3719","3035","14832","14762","Processing","2021-12-02 15:13:39",NULL,NULL,NULL,"84.27999877929686"
"41650","28646","22843","14832","112426","Processing","2021-03-07 13:04:36",NULL,NULL,NULL,"84.27999877929686"
"25118","17308","13825","8646","67891","Complete","2020-08-25 08:35:59","2020-08-22 14:03:00","2020-08-25 20:14:00",NULL,"76.52999877929686"
"91561","63266","50655","8646","247324","Returned","2022-05-07 02:49:07","2022-05-04 21:07:00","2022-05-05 08:58:00","2022-05-08 07:54:00","76.52999877929686"
"7581","5190","4213","8646","20550","Cancelled","2022-02-22 12:47:49",NULL,NULL,NULL,"76.52999877929686"
"166949","115134","92279","8646","450898","Cancelled","2021-02-11 02:24:34",NULL,NULL,NULL,"76.52999877929686"
"136953","94517","75758","8213","369823","Shipped","2022-08-31 06:27:42","2022-09-03 00:36:00",NULL,NULL,"72.77999877929686"
"16989","11687","9408","8213","46003","Complete","2021-01-11 04:59:10","2021-01-11 02:06:00","2021-01-12 12:31:00",NULL,"72.77999877929686"
"68124","46883","37505","8213","183929","Complete","2020-03-09 09:24:42","2020-03-11 06:38:00","2020-03-11 21:03:00",NULL,"72.77999877929686"
"74912","51618","41309","8213","202259","Returned","2022-01-17 07:20:25","2022-01-18 06:29:00","2022-01-23 05:09:00","2022-01-23 21:55:00","72.77999877929686"
"172072","118647","95119","7715","464741","Cancelled","2021-07-24 23:42:00",NULL,NULL,NULL,"72.77999877929686"
"114784","79281","63425","8213","310033","Processing","2022-04-21 09:03:49",NULL,NULL,NULL,"72.77999877929686"
"144381","99618","79876","7715","389838","Processing","2022-02-06 09:05:51",NULL,NULL,NULL,"72.77999877929686"
"164356","113371","90902","8213","443854","Processing","2022-05-26 18:51:51",NULL,NULL,NULL,"72.77999877929686"
"7281","4974","4034","16053","19723","Shipped","2022-05-21 22:11:39","2022-05-23 07:36:00",NULL,NULL,"73.02999877929686"
"114153","78846","63071","16053","308307","Shipped","2021-03-30 13:51:45","2021-03-29 22:48:00",NULL,NULL,"73.02999877929686"
"46233","31828","25400","16053","124833","Cancelled","2022-06-30 07:06:24",NULL,NULL,NULL,"73.02999877929686"
"54998","37919","30288","16053","148406","Cancelled","2020-12-31 21:21:17",NULL,NULL,NULL,"73.02999877929686"
"124170","85661","68547","16053","335217","Processing","2020-12-10 23:43:40",NULL,NULL,NULL,"73.02999877929686"
"140621","97006","77799","16053","379686","Processing","2020-10-13 16:59:12",NULL,NULL,NULL,"73.02999877929686"
"70532","48577","38855","478","190411","Shipped","2022-08-31 00:45:44","2022-08-31 07:14:00",NULL,NULL,"10.659999847412108"
"144168","99469","79752","478","389251","Shipped","2022-07-01 04:10:15","2022-07-03 10:11:00",NULL,NULL,"10.659999847412108"
"123800","85407","68350","478","334233","Complete","2022-01-03 12:47:29","2022-01-04 00:37:00","2022-01-08 15:51:00",NULL,"10.659999847412108"
"148849","102708","82389","478","401944","Complete","2022-04-18 21:49:44","2022-04-19 15:37:00","2022-04-19 21:05:00",NULL,"10.659999847412108"
"69961","48166","38519","478","188860","Cancelled","2021-06-20 01:21:19",NULL,NULL,NULL,"10.659999847412108"
"138069","95281","76382","478","372818","Cancelled","2019-06-20 14:00:36",NULL,NULL,NULL,"10.659999847412108"
"28597","19685","15740","212","77300","Shipped","2022-06-02 08:23:38","2022-06-01 20:17:00",NULL,NULL,"11.159999847412108"
"60988","42004","33572","212","164643","Shipped","2021-10-19 05:57:29","2021-10-20 06:19:00",NULL,NULL,"11.159999847412108"
"96898","66953","53509","212","261725","Shipped","2021-10-01 10:29:22","2021-10-01 19:39:00",NULL,NULL,"11.159999847412108"
"101444","70096","56039","12674","273974","Shipped","2019-11-12 22:22:50","2019-11-11 11:41:00",NULL,NULL,"11.159999847412108"
"173494","119662","95944","212","468540","Shipped","2021-08-11 01:25:57","2021-08-12 09:47:00",NULL,NULL,"11.159999847412108"
"2915","1993","1607","212","7891","Complete","2020-11-20 14:43:03","2020-11-21 07:13:00","2020-11-25 00:59:00",NULL,"11.159999847412108"
"148085","102185","81972","212","399848","Complete","2021-11-24 12:17:55","2021-11-25 22:18:00","2021-11-29 19:51:00",NULL,"11.159999847412108"
"56973","39265","31383","12674","153761","Returned","2020-12-04 00:41:21","2020-12-03 04:51:00","2020-12-03 17:06:00","2020-12-05 20:10:00","11.159999847412108"
"87880","60735","48624","212","237392","Returned","2021-11-10 00:42:30","2021-11-10 10:59:00","2021-11-12 01:53:00","2021-11-12 18:40:00","11.159999847412108"
"92673","64035","51255","212","250309","Cancelled","2020-03-03 12:10:41",NULL,NULL,NULL,"11.159999847412108"
"112130","77451","61961","212","302860","Cancelled","2022-08-24 00:56:25",NULL,NULL,NULL,"11.159999847412108"
"20016","13771","11041","12674","54173","Processing","2022-01-03 01:53:44",NULL,NULL,NULL,"11.159999847412108"
"28592","19684","15738","12674","77288","Processing","2021-12-14 09:40:40",NULL,NULL,NULL,"11.159999847412108"
"59402","40931","32690","212","160333","Processing","2021-07-25 03:57:47",NULL,NULL,NULL,"11.159999847412108"
"78492","54119","43315","12674","211893","Processing","2021-08-05 04:46:10",NULL,NULL,NULL,"11.159999847412108"
"23303","16029","12802","7861","62988","Shipped","2020-11-13 01:18:15","2020-11-15 11:40:00",NULL,NULL,"11.659999847412108"
"31505","21678","17343","15634","85152","Shipped","2021-05-06 13:43:22","2021-05-05 21:39:00",NULL,NULL,"11.659999847412108"
"59530","41017","32759","548","160686","Shipped","2020-01-20 04:24:32","2020-01-19 21:50:00",NULL,NULL,"11.659999847412108"
"86385","59689","47756","7861","233350","Shipped","2022-05-28 12:54:37","2022-05-31 11:05:00",NULL,NULL,"11.659999847412108"
"100750","69623","55678","7861","272106","Shipped","2020-02-05 03:35:25","2020-02-08 05:50:00",NULL,NULL,"11.659999847412108"
"112789","77907","62314","2621","304639","Shipped","2022-09-02 07:17:30","2022-09-03 10:22:00",NULL,NULL,"11.659999847412108"
"147005","101427","81364","548","396953","Shipped","2022-07-08 14:27:49","2022-07-06 06:10:00",NULL,NULL,"11.659999847412108"
"154137","106352","85306","548","416225","Shipped","2022-02-06 11:33:44","2022-02-06 23:23:00",NULL,NULL,"11.659999847412108"
"4679","3205","2614","7861","12684","Complete","2022-06-26 11:40:19","2022-06-25 03:49:00","2022-06-25 13:17:00",NULL,"11.659999847412108"
"8871","6081","4916","15634","24060","Complete","2022-04-12 08:39:35","2022-04-11 00:57:00","2022-04-11 19:03:00",NULL,"11.659999847412108"
"23192","15960","12756","548","62681","Complete","2021-06-08 21:54:21","2021-06-11 19:50:00","2021-06-15 09:28:00",NULL,"11.659999847412108"
"57928","39922","31907","15634","156327","Complete","2021-06-09 11:17:36","2021-06-07 03:47:00","2021-06-08 18:22:00",NULL,"11.659999847412108"
"144601","99770","79993","7861","390413","Complete","2019-11-10 04:13:42","2019-11-11 15:57:00","2019-11-14 20:33:00",NULL,"11.659999847412108"
"144942","100009","80199","548","391358","Complete","2022-09-01 14:30:45","2022-09-01 13:06:00","2022-09-02 07:12:00",NULL,"11.659999847412108"
"139027","95934","76923","15634","375425","Returned","2020-11-30 22:55:57","2020-12-03 10:02:00","2020-12-07 06:50:00","2020-12-07 07:44:00","11.659999847412108"
"156566","107994","86615","2621","422730","Returned","2022-07-18 06:33:10","2022-07-21 04:00:00","2022-07-22 10:37:00","2022-07-25 07:12:00","11.659999847412108"
"56398","38874","31077","15634","152217","Cancelled","2020-05-10 22:05:29",NULL,NULL,NULL,"11.659999847412108"
"72335","49816","39873","548","195283","Cancelled","2020-10-11 12:16:09",NULL,NULL,NULL,"11.659999847412108"
"164391","113397","90923","7861","443947","Cancelled","2021-07-08 00:25:24",NULL,NULL,NULL,"11.659999847412108"
"167934","115813","92849","2621","453492","Cancelled","2022-09-03 04:36:45.329204",NULL,NULL,NULL,"11.659999847412108"
"51353","35396","28271","2621","138604","Processing","2022-08-29 01:58:45",NULL,NULL,NULL,"11.659999847412108"
"101784","70336","56240","15634","274889","Processing","2022-06-24 23:05:16",NULL,NULL,NULL,"11.659999847412108"
"138236","95388","76470","2621","373267","Processing","2022-07-05 05:11:06",NULL,NULL,NULL,"11.659999847412108"
"86837","60006","48010","7889","234590","Complete","2021-11-24 09:50:55","2021-11-25 01:03:00","2021-11-26 05:26:00",NULL,"12.159999847412108"
"180386","124393","99750","7889","487115","Complete","2022-04-13 09:18:30","2022-04-14 06:36:00","2022-04-14 10:29:00",NULL,"12.159999847412108"
"5727","3898","3173","7889","15508","Cancelled","2022-05-17 02:48:41",NULL,NULL,NULL,"12.159999847412108"
"8991","6160","4974","7889","24382","Cancelled","2022-04-28 22:52:38",NULL,NULL,NULL,"12.159999847412108"
"35951","24748","19787","7889","97079","Cancelled","2022-01-23 02:59:15",NULL,NULL,NULL,"12.159999847412108"
"106274","73440","58742","7889","287058","Processing","2021-11-14 13:58:58",NULL,NULL,NULL,"12.159999847412108"
"137556","94915","76082","7889","371420","Processing","2022-07-22 11:21:43",NULL,NULL,NULL,"12.159999847412108"
"74851","51573","41273","5844","202092","Shipped","2020-01-08 08:18:41","2020-01-10 04:55:00",NULL,NULL,"12.659999847412108"
"80995","55861","44664","5844","218751","Shipped","2021-11-18 00:23:24","2021-11-20 10:01:00",NULL,NULL,"12.659999847412108"
"79030","54490","43605","5844","213371","Complete","2020-09-21 14:09:53","2020-09-22 23:04:00","2020-09-23 13:08:00",NULL,"12.659999847412108"
"92724","64067","51280","5844","250443","Returned","2022-03-13 11:40:49","2022-03-16 08:27:00","2022-03-18 10:47:00","2022-03-18 13:52:00","12.659999847412108"
"59705","41137","32868","5844","161174","Cancelled","2022-08-08 11:19:58",NULL,NULL,NULL,"12.659999847412108"
"20638","14190","11364","9108","55868","Shipped","2021-11-17 15:06:15","2021-11-17 19:51:00",NULL,NULL,"13.659999847412108"
"30894","21266","17033","9108","83519","Shipped","2022-04-25 02:26:53","2022-04-26 14:39:00",NULL,NULL,"13.659999847412108"
"72239","49750","39817","9108","195020","Complete","2022-08-07 03:04:56","2022-08-08 09:10:00","2022-08-11 20:24:00",NULL,"13.659999847412108"
"89070","61561","49283","9108","240625","Returned","2022-08-08 08:18:01","2022-08-08 22:19:00","2022-08-11 20:22:00","2022-08-13 00:12:00","13.659999847412108"
"33656","23172","18501","9108","90925","Processing","2020-12-26 06:11:38",NULL,NULL,NULL,"13.659999847412108"
"68173","46914","37524","9108","184061","Processing","2021-09-27 04:01:28",NULL,NULL,NULL,"13.659999847412108"
"1305","902","756","15452","3544","Shipped","2022-04-05 06:55:19","2022-04-07 13:55:00",NULL,NULL,"15.159999847412108"
"11835","8153","6601","13715","32060","Shipped","2022-06-30 15:16:26","2022-07-01 04:03:00",NULL,NULL,"15.159999847412108"
"16980","11682","9404","22086","45977","Shipped","2020-04-13 07:22:31","2020-04-14 14:31:00",NULL,NULL,"15.159999847412108"
"75707","52172","41773","22086","204407","Shipped","2021-12-13 11:55:45","2021-12-14 09:23:00",NULL,NULL,"15.159999847412108"
"97770","67570","54000","15452","264116","Shipped","2022-06-09 15:01:17","2022-06-10 22:55:00",NULL,NULL,"15.159999847412108"
"115922","80051","64068","15452","313069","Shipped","2022-09-02 00:22:25","2022-09-03 07:41:00",NULL,NULL,"15.159999847412108"
"136289","94053","75381","23125","368027","Shipped","2020-06-13 17:41:15","2020-06-14 16:43:00",NULL,NULL,"15.159999847412108"
"162180","111851","89672","22086","437926","Shipped","2021-02-15 21:05:15","2021-02-17 02:43:00",NULL,NULL,"15.159999847412108"
"163738","112953","90570","22086","442133","Shipped","2021-11-22 07:11:41","2021-11-21 06:49:00",NULL,NULL,"15.159999847412108"
"169217","116707","93578","15452","456957","Shipped","2020-12-05 04:49:04","2020-12-05 22:05:00",NULL,NULL,"15.159999847412108"
"172199","118741","95196","13715","465079","Shipped","2022-08-13 13:49:56","2022-08-15 08:13:00",NULL,NULL,"15.159999847412108"
"172820","119189","95544","15452","466765","Shipped","2021-04-04 10:31:58","2021-03-31 14:43:00",NULL,NULL,"15.159999847412108"
"31744","21843","17478","22086","85790","Complete","2022-01-15 06:43:13","2022-01-13 23:24:00","2022-01-14 00:48:00",NULL,"15.159999847412108"
"32700","22510","17983","22086","88370","Complete","2022-06-04 15:43:53","2022-06-06 02:08:00","2022-06-10 20:23:00",NULL,"15.159999847412108"
"55709","38402","30688","13715","150322","Complete","2021-08-02 09:55:57","2021-08-04 11:56:00","2021-08-09 09:07:00",NULL,"15.159999847412108"
"91416","63168","50575","13715","246934","Complete","2022-03-27 03:36:28","2022-03-27 07:43:00","2022-03-31 12:51:00",NULL,"15.159999847412108"
"107075","73984","59157","22086","289201","Complete","2022-02-10 01:34:56","2022-02-12 16:57:00","2022-02-13 02:56:00",NULL,"15.159999847412108"
"109025","75315","60214","15452","294510","Complete","2022-06-06 14:08:05","2022-06-07 21:30:00","2022-06-09 10:43:00",NULL,"15.159999847412108"
"110407","76266","60992","22086","298175","Complete","2021-11-29 12:51:47","2021-11-28 01:38:00","2021-12-03 00:28:00",NULL,"15.159999847412108"
"110566","76375","61082","15452","298610","Complete","2021-11-18 02:11:29","2021-11-20 23:33:00","2021-11-24 19:38:00",NULL,"15.159999847412108"
"165849","114382","91690","15452","447933","Complete","2020-11-29 10:05:03","2020-11-30 22:05:00","2020-12-02 12:25:00",NULL,"15.159999847412108"
"173157","119420","95739","15452","467675","Complete","2022-07-22 01:14:23","2022-07-24 00:02:00","2022-07-28 22:35:00",NULL,"15.159999847412108"
"87537","60487","48421","23125","236480","Returned","2021-04-04 11:44:20","2021-04-06 23:51:00","2021-04-11 02:16:00","2021-04-12 12:10:00","15.159999847412108"
"128546","88653","71011","22086","347094","Returned","2021-06-20 04:51:06","2021-06-20 14:57:00","2021-06-22 13:38:00","2021-06-22 19:35:00","15.159999847412108"
"1068","742","620","15452","2874","Cancelled","2022-08-15 15:43:35",NULL,NULL,NULL,"15.159999847412108"
"100886","69725","55755","13715","272486","Cancelled","2022-03-13 12:37:03",NULL,NULL,NULL,"15.159999847412108"
"36743","25287","20212","22086","99194","Processing","2022-09-02 07:19:17",NULL,NULL,NULL,"15.159999847412108"
"44573","30684","24488","13715","120396","Processing","2022-09-05 12:59:11.048015",NULL,NULL,NULL,"15.159999847412108"
"88389","61084","48911","22086","238786","Processing","2022-03-02 13:15:40",NULL,NULL,NULL,"15.159999847412108"
"164220","113272","90827","13715","443476","Processing","2021-02-08 07:43:50",NULL,NULL,NULL,"15.159999847412108"
"42589","29303","23366","19478","115003","Shipped","2022-08-23 07:22:25","2022-08-19 13:55:00",NULL,NULL,"15.659999847412108"
"45046","31016","24762","19478","121655","Shipped","2022-06-16 05:14:10","2022-06-16 20:47:00",NULL,NULL,"15.659999847412108"
"176616","121796","97684","19478","477001","Shipped","2022-06-13 12:22:35","2022-06-11 14:17:00",NULL,NULL,"15.659999847412108"
"38240","26328","21035","19478","103236","Complete","2022-08-12 00:42:50","2022-08-10 23:49:00","2022-08-12 19:14:00",NULL,"15.659999847412108"
"67761","46630","37303","19478","182960","Complete","2022-09-01 01:09:25","2022-09-01 03:44:00","2022-09-04 21:32:00",NULL,"15.659999847412108"
"32121","22105","17678","19478","86779","Processing","2022-03-05 05:26:55",NULL,NULL,NULL,"15.659999847412108"
"36005","24787","19820","2165","97235","Complete","2021-05-26 06:04:21","2021-05-25 13:39:00","2021-05-26 14:13:00",NULL,"18.319999694824215"
"58331","40216","32128","2165","157422","Cancelled","2020-03-03 03:30:45",NULL,NULL,NULL,"18.319999694824215"
"59201","40797","32584","2165","159777","Cancelled","2022-08-01 15:50:23",NULL,NULL,NULL,"18.319999694824215"
"126039","86929","69571","2165","340301","Cancelled","2022-08-25 12:13:51",NULL,NULL,NULL,"18.319999694824215"
"13753","9481","7625","2165","37271","Processing","2021-02-28 06:05:31",NULL,NULL,NULL,"18.319999694824215"
"158036","109007","87421","17316","426695","Shipped","2022-06-06 10:47:30","2022-06-08 21:44:00",NULL,NULL,"25.319999694824215"
"115128","79511","63620","17316","310954","Complete","2021-10-20 05:26:18","2021-10-20 09:50:00","2021-10-22 02:05:00",NULL,"25.319999694824215"
"138958","95891","76890","17316","375232","Complete","2022-03-26 00:11:53","2022-03-27 20:52:00","2022-03-28 16:16:00",NULL,"25.319999694824215"
"41530","28563","22783","23026","112103","Shipped","2021-05-28 03:28:44","2021-05-29 10:09:00",NULL,NULL,"27.319999694824215"
"107654","74376","59459","23026","290778","Shipped","2022-07-26 03:07:09","2022-07-26 19:44:00",NULL,NULL,"27.319999694824215"
"46936","32325","25819","23026","126700","Complete","2022-08-03 17:49:51","2022-08-03 07:24:00","2022-08-04 05:06:00",NULL,"27.319999694824215"
"69543","47889","38290","23026","187718","Complete","2020-05-17 22:34:45","2020-05-14 11:30:00","2020-05-16 22:21:00",NULL,"27.319999694824215"
"77642","53534","42827","23026","209592","Complete","2022-03-30 11:42:51","2022-03-30 00:37:00","2022-03-30 19:29:00",NULL,"27.319999694824215"
"152570","105274","84463","23026","412031","Returned","2021-01-03 15:34:35","2021-01-04 04:07:00","2021-01-05 07:27:00","2021-01-07 07:33:00","27.319999694824215"
"28906","19906","15902","23026","78150","Cancelled","2021-06-19 04:12:19",NULL,NULL,NULL,"27.319999694824215"
"74298","51187","40965","23026","200611","Processing","2022-02-27 17:14:42",NULL,NULL,NULL,"27.319999694824215"
"128877","88885","71203","28606","347972","Shipped","2022-01-05 14:32:17","2022-01-05 23:07:00",NULL,NULL,"28.319999694824215"
"165124","113874","91296","28606","445943","Shipped","2022-05-25 02:31:10","2022-05-27 21:51:00",NULL,NULL,"28.319999694824215"
"32351","22262","17802","28606","87404","Complete","2021-01-02 13:26:02","2021-01-04 16:19:00","2021-01-06 04:51:00",NULL,"28.319999694824215"
"138694","95708","76729","28606","374518","Complete","2022-06-14 11:25:39","2022-06-16 07:04:00","2022-06-17 08:55:00",NULL,"28.319999694824215"
"107648","74371","59455","28606","290762","Returned","2022-05-12 17:05:10","2022-05-14 10:09:00","2022-05-15 16:06:00","2022-05-15 18:23:00","28.319999694824215"
"11428","7862","6371","28606","30964","Cancelled","2022-07-25 21:24:36",NULL,NULL,NULL,"28.319999694824215"
"169684","117008","93823","28606","458216","Cancelled","2022-06-13 14:16:29",NULL,NULL,NULL,"28.319999694824215"
"77565","53479","42791","28606","209386","Processing","2022-02-09 02:24:33",NULL,NULL,NULL,"28.319999694824215"
"83750","57844","46247","28606","226190","Processing","2022-04-13 13:21:30",NULL,NULL,NULL,"28.319999694824215"
"86717","59924","47943","17245","234254","Shipped","2020-04-05 06:30:09","2020-04-06 07:34:00",NULL,NULL,"29.319999694824215"
"143327","98899","79300","17245","386988","Shipped","2022-09-04 07:52:41","2022-09-01 15:29:00",NULL,NULL,"29.319999694824215"
"30818","21216","16997","17245","83307","Complete","2022-05-31 00:13:44","2022-05-31 20:19:00","2022-06-02 10:31:00",NULL,"29.319999694824215"
"61475","42330","33833","17245","165947","Complete","2021-11-20 17:34:18","2021-11-19 19:39:00","2021-11-23 21:07:00",NULL,"29.319999694824215"
"162621","112167","89924","17245","439117","Complete","2022-05-26 22:42:51","2022-05-28 20:36:00","2022-05-31 02:17:00",NULL,"29.319999694824215"
"69859","48093","38454","17245","188586","Cancelled","2021-07-31 00:47:42",NULL,NULL,NULL,"29.319999694824215"
"117450","81075","64936","17245","317151","Cancelled","2021-12-18 04:47:06",NULL,NULL,NULL,"29.319999694824215"
"60034","41352","33037","17245","162085","Processing","2022-01-29 10:54:07",NULL,NULL,NULL,"29.319999694824215"
"117338","80994","64865","6759","316857","Shipped","2022-06-20 22:13:36","2022-06-21 11:31:00",NULL,NULL,"81.77999877929686"
"162961","112408","90143","6759","440049","Shipped","2021-09-22 04:00:58","2021-09-24 03:41:00",NULL,NULL,"81.77999877929686"
"43951","30236","24110","6759","118707","Complete","2022-01-20 04:44:53","2022-01-19 02:50:00","2022-01-23 00:34:00",NULL,"81.77999877929686"
"98355","67964","54322","6759","265698","Complete","2022-01-08 22:28:12","2022-01-07 15:10:00","2022-01-11 23:48:00",NULL,"81.77999877929686"
"145035","100074","80250","6759","391611","Complete","2021-11-06 03:25:25","2021-11-08 23:30:00","2021-11-09 12:58:00",NULL,"81.77999877929686"
"137362","94783","75976","6759","370904","Cancelled","2021-08-03 03:03:29",NULL,NULL,NULL,"81.77999877929686"
"118720","81956","65614","6759","320571","Processing","2021-06-26 18:05:28",NULL,NULL,NULL,"81.77999877929686"
"159319","109910","88143","6759","430157","Processing","2021-09-25 09:21:42",NULL,NULL,NULL,"81.77999877929686"
"11882","8193","6627","28368","32196","Shipped","2021-06-01 12:56:29","2021-06-01 11:32:00",NULL,NULL,"89.77999877929686"
"16145","11097","8910","1466","43702","Shipped","2021-12-11 10:49:18","2021-12-13 15:20:00",NULL,NULL,"89.77999877929686"
"35378","24348","19445","1466","95563","Shipped","2021-04-12 05:28:42","2021-04-11 06:19:00",NULL,NULL,"89.77999877929686"
"46921","32315","25807","15305","126665","Shipped","2022-01-29 05:45:19","2022-01-29 19:03:00",NULL,NULL,"89.77999877929686"
"58053","40010","31969","13643","156673","Shipped","2021-09-07 21:52:07","2021-09-09 01:18:00",NULL,NULL,"89.77999877929686"
"74650","51443","41160","15305","201552","Shipped","2021-10-28 02:52:44","2021-10-27 10:48:00",NULL,NULL,"89.77999877929686"
"79324","54697","43750","1466","214174","Shipped","2019-12-31 23:14:22","2019-12-29 19:08:00",NULL,NULL,"89.77999877929686"
"87556","60501","48435","1466","236532","Shipped","2021-10-01 04:12:47","2021-10-03 14:43:00",NULL,NULL,"89.77999877929686"
"118119","81536","65298","13643","318949","Shipped","2021-09-11 09:34:40","2021-09-12 05:24:00",NULL,NULL,"89.77999877929686"
"127050","87620","70153","13643","343044","Shipped","2022-05-08 22:09:20","2022-05-09 22:25:00",NULL,NULL,"89.77999877929686"
"143619","99096","79460","13643","387769","Shipped","2022-09-04 05:41:19","2022-09-03 20:03:00",NULL,NULL,"89.77999877929686"
"902","643","536","28368","2423","Complete","2022-04-10 23:13:48","2022-04-13 04:27:00","2022-04-15 22:31:00",NULL,"89.77999877929686"
"25254","17404","13900","28368","68242","Complete","2021-01-19 00:22:46","2021-01-15 08:22:00","2021-01-15 18:43:00",NULL,"89.77999877929686"
"77666","53555","42847","15305","209648","Complete","2020-07-14 01:15:43","2020-07-16 10:42:00","2020-07-18 23:15:00",NULL,"89.77999877929686"
"87627","60551","48487","13643","236718","Complete","2021-07-16 15:31:54","2021-07-16 19:09:00","2021-07-21 08:42:00",NULL,"89.77999877929686"
"123328","85092","68100","28368","332984","Complete","2021-11-16 12:02:23","2021-11-18 06:37:00","2021-11-22 20:44:00",NULL,"89.77999877929686"
"139453","96211","77164","28368","376581","Complete","2020-09-12 13:00:20","2020-09-12 16:39:00","2020-09-13 15:55:00",NULL,"89.77999877929686"
"156465","107931","86572","28368","422460","Complete","2021-10-29 01:19:50","2021-10-29 19:23:00","2021-11-02 16:18:00",NULL,"89.77999877929686"
"1383","960","805","28368","3757","Returned","2022-03-31 07:30:57","2022-04-03 01:22:00","2022-04-06 02:21:00","2022-04-07 18:36:00","89.77999877929686"
"16902","11633","9366","13643","45784","Returned","2021-07-24 02:37:05","2021-07-26 23:27:00","2021-07-29 09:41:00","2021-07-29 21:56:00","89.77999877929686"
"65569","45158","36093","15305","177067","Returned","2022-09-05 22:28:00.583581","2022-09-03 13:32:54.583581","2022-09-05 09:49:54.583581","2022-09-05 18:26:54.583581","89.77999877929686"
"71896","49522","39643","13643","194089","Returned","2022-04-11 09:21:35","2022-04-08 23:44:00","2022-04-09 06:20:00","2022-04-11 06:28:00","89.77999877929686"
"3606","2440","1973","15305","9748","Cancelled","2022-03-23 09:55:58",NULL,NULL,NULL,"89.77999877929686"
"65510","45115","36061","28368","176901","Cancelled","2022-08-11 09:05:01",NULL,NULL,NULL,"89.77999877929686"
"132857","91660","73415","13643","358760","Cancelled","2019-10-29 17:30:09",NULL,NULL,NULL,"89.77999877929686"
"21142","14535","11620","28368","57192","Processing","2022-02-24 12:18:54",NULL,NULL,NULL,"89.77999877929686"
"22293","15331","12252","28368","60242","Processing","2021-06-07 08:17:59",NULL,NULL,NULL,"89.77999877929686"
"31348","21566","17257","1466","84725","Processing","2020-10-27 14:53:09",NULL,NULL,NULL,"89.77999877929686"
"37393","25743","20562","1466","100980","Processing","2020-10-05 16:33:06",NULL,NULL,NULL,"89.77999877929686"
"48320","33294","26598","13643","130411","Processing","2019-09-29 06:18:34",NULL,NULL,NULL,"89.77999877929686"
"73939","50929","40750","15305","199638","Processing","2022-04-24 08:46:30",NULL,NULL,NULL,"89.77999877929686"
"98913","68344","54641","15305","267191","Processing","2022-08-23 18:02:09",NULL,NULL,NULL,"89.77999877929686"
"152213","105023","84283","15305","411077","Processing","2021-08-25 05:30:04",NULL,NULL,NULL,"89.77999877929686"
"158588","109393","87722","13643","428176","Processing","2022-01-14 11:25:57",NULL,NULL,NULL,"89.77999877929686"
"170639","117651","94361","28368","460841","Processing","2020-10-29 00:52:15",NULL,NULL,NULL,"89.77999877929686"
"165102","113861","91285","268","445884","Shipped","2020-11-24 11:19:28","2020-11-25 13:26:00",NULL,NULL,"18.569999694824215"
"12991","8967","7237","268","35192","Complete","2020-05-20 12:41:07","2020-05-21 17:24:00","2020-05-26 02:49:00",NULL,"18.569999694824215"
"52499","36178","28899","268","141675","Complete","2022-06-21 13:53:10","2022-06-23 19:38:00","2022-06-24 18:58:00",NULL,"18.569999694824215"
"988","690","577","268","2652","Returned","2022-08-05 01:25:29","2022-08-03 16:47:00","2022-08-05 15:10:00","2022-08-08 00:31:00","18.569999694824215"
"167300","115373","92482","268","451832","Returned","2020-09-06 22:52:00","2020-09-06 01:25:00","2020-09-08 09:07:00","2020-09-11 08:06:00","18.569999694824215"
"117787","81312","65115","8660","318063","Shipped","2022-03-07 06:52:31","2022-03-08 14:32:00",NULL,NULL,"19.569999694824215"
"125123","86318","69073","8660","337821","Shipped","2022-02-18 09:01:57","2022-02-21 09:15:00",NULL,NULL,"19.569999694824215"
"33181","22845","18233","8660","89632","Complete","2019-01-15 07:41:17","2019-01-16 19:39:00","2019-01-18 06:50:00",NULL,"19.569999694824215"
"128167","88390","70795","8660","346067","Returned","2022-04-04 02:35:39","2022-03-31 21:03:00","2022-04-04 05:00:00","2022-04-06 13:50:00","19.569999694824215"
"174360","120252","96427","8660","470842","Returned","2022-03-26 22:46:05","2022-03-25 16:36:00","2022-03-27 02:17:00","2022-03-29 11:46:00","19.569999694824215"
"69610","47930","38321","8660","187903","Processing","2021-08-20 12:28:08",NULL,NULL,NULL,"19.569999694824215"
"84848","58615","46873","8660","229184","Processing","2020-08-09 09:56:18",NULL,NULL,NULL,"19.569999694824215"
"130699","90157","72203","15004","352896","Shipped","2022-07-02 07:10:22","2022-07-03 07:54:00",NULL,NULL,"25.569999694824215"
"137682","95007","76157","15004","371754","Shipped","2020-03-06 10:42:18","2020-03-08 07:06:00",NULL,NULL,"25.569999694824215"
"139181","96037","77007","5599","375850","Shipped","2022-08-25 06:32:57","2022-08-26 10:50:00",NULL,NULL,"25.569999694824215"
"1246","862","718","15004","3375","Complete","2019-06-28 04:41:09","2019-06-26 03:31:00","2019-06-27 12:28:00",NULL,"25.569999694824215"
"72479","49918","39950","5599","195704","Complete","2020-12-11 10:41:15","2020-12-12 07:12:00","2020-12-15 12:02:00",NULL,"25.569999694824215"
"179790","123993","99452","15004","485511","Complete","2022-02-06 13:03:27","2022-02-09 08:50:00","2022-02-12 17:17:00",NULL,"25.569999694824215"
"1843","1287","1035","5599","4990","Returned","2022-06-08 07:30:25","2022-06-06 14:22:00","2022-06-07 15:30:00","2022-06-08 14:41:00","25.569999694824215"
"119593","82555","66096","5599","322888","Returned","2020-04-11 06:41:23","2020-04-10 18:32:00","2020-04-13 23:19:00","2020-04-16 07:10:00","25.569999694824215"
"143706","99158","79499","5599","387993","Returned","2021-10-26 15:06:35","2021-10-29 13:11:00","2021-11-02 06:54:00","2021-11-02 22:39:00","25.569999694824215"
"154015","106267","85237","15004","415899","Cancelled","2021-08-14 11:57:42",NULL,NULL,NULL,"25.569999694824215"
"74924","51624","41311","15004","202293","Processing","2021-07-18 04:36:02",NULL,NULL,NULL,"25.569999694824215"
"80330","55400","44295","15004","216913","Processing","2022-08-30 09:37:53",NULL,NULL,NULL,"25.569999694824215"
"2010","1390","1122","22132","5444","Shipped","2021-03-10 00:58:04","2021-03-08 13:27:00",NULL,NULL,"26.569999694824215"
"38636","26611","21265","22132","104312","Shipped","2021-06-03 11:37:29","2021-06-02 15:44:00",NULL,NULL,"26.569999694824215"
"110349","76230","60956","22132","298026","Shipped","2022-03-14 08:08:32","2022-03-12 05:55:00",NULL,NULL,"26.569999694824215"
"111120","76772","61420","22132","300103","Shipped","2021-07-25 15:42:06","2021-07-28 10:22:00",NULL,NULL,"26.569999694824215"
"158486","109315","87673","22132","427900","Shipped","2021-04-09 04:43:01","2021-04-10 09:44:00",NULL,NULL,"26.569999694824215"
"109927","75931","60712","22132","296918","Complete","2020-12-20 09:48:26","2020-12-22 14:34:00","2020-12-25 09:53:00",NULL,"26.569999694824215"
"40736","28022","22351","22132","109999","Returned","2022-03-14 09:43:47","2022-03-15 17:16:00","2022-03-19 15:20:00","2022-03-20 02:18:00","26.569999694824215"
"22054","15164","12110","22132","59612","Processing","2021-12-18 06:50:40",NULL,NULL,NULL,"26.569999694824215"
"127952","88246","70669","22132","345471","Processing","2022-07-09 13:14:56",NULL,NULL,NULL,"26.569999694824215"
"159691","110168","88346","22132","431170","Processing","2021-07-29 08:24:08",NULL,NULL,NULL,"26.569999694824215"
"89352","61756","49446","7640","241375","Shipped","2022-07-13 10:27:07","2022-07-14 16:44:00",NULL,NULL,"30.569999694824215"
"126471","87240","69824","7640","341466","Shipped","2022-08-02 23:32:26","2022-08-03 16:40:00",NULL,NULL,"30.569999694824215"
"52324","36060","28799","7640","141194","Complete","2020-06-25 06:48:31","2020-06-26 02:46:00","2020-06-29 03:04:00",NULL,"30.569999694824215"
"165870","114397","91705","7640","447989","Returned","2022-03-01 17:35:10","2022-03-04 17:21:00","2022-03-04 17:53:00","2022-03-07 00:16:00","30.569999694824215"
"88961","61486","49230","7640","240350","Cancelled","2022-08-19 00:31:28",NULL,NULL,NULL,"30.569999694824215"
"42968","29566","23589","3423","116032","Shipped","2021-10-27 01:12:36","2021-10-27 14:15:00",NULL,NULL,"10.409999847412108"
"58071","40021","31979","7856","156719","Shipped","2022-07-07 10:32:21","2022-07-06 12:53:00",NULL,NULL,"10.409999847412108"
"69238","47670","38107","3423","186896","Shipped","2021-06-08 08:20:19","2021-06-11 08:12:00",NULL,NULL,"10.409999847412108"
"119283","82342","65928","7856","322063","Shipped","2022-02-08 13:54:40","2022-02-08 19:22:00",NULL,NULL,"10.409999847412108"
"125884","86825","69486","7856","339855","Shipped","2021-12-23 05:08:02","2021-12-26 02:06:00",NULL,NULL,"10.409999847412108"
"145576","100446","80557","3423","393096","Shipped","2021-07-26 09:43:36","2021-07-25 22:39:00",NULL,NULL,"10.409999847412108"
"147037","101441","81371","7856","397037","Shipped","2022-03-25 14:53:02","2022-03-23 21:09:00",NULL,NULL,"10.409999847412108"
"179398","123731","99262","4138","484468","Shipped","2020-04-15 15:39:45","2020-04-15 16:29:00",NULL,NULL,"10.409999847412108"
"51743","35658","28492","7856","139668","Complete","2022-07-17 14:06:08","2022-07-19 06:02:00","2022-07-22 15:26:00",NULL,"10.409999847412108"
"75780","52223","41816","3423","204614","Complete","2021-10-25 03:56:49","2021-10-25 21:57:00","2021-10-28 10:57:00",NULL,"10.409999847412108"
"163127","112513","90221","7856","440490","Complete","2022-08-10 04:21:49","2022-08-13 03:56:00","2022-08-14 16:31:00",NULL,"10.409999847412108"
"16397","11271","9059","7856","44384","Returned","2022-09-03 15:30:42","2022-09-03 19:58:00","2022-09-05 03:09:00","2022-09-08 01:01:00","10.409999847412108"
"151034","104218","83606","4138","407902","Returned","2021-04-30 08:31:09","2021-04-29 06:06:00","2021-05-02 14:19:00","2021-05-03 07:49:00","10.409999847412108"
"59605","41072","32813","4138","160889","Cancelled","2022-05-20 11:02:00",NULL,NULL,NULL,"10.409999847412108"
"136532","94221","75519","3423","368663","Cancelled","2022-06-16 01:04:39",NULL,NULL,NULL,"10.409999847412108"
"86404","59703","47766","7856","233401","Processing","2021-10-06 06:50:33",NULL,NULL,NULL,"10.409999847412108"
"119814","82717","66216","4138","323478","Processing","2020-07-22 02:31:06",NULL,NULL,NULL,"10.409999847412108"
"128265","88465","70867","4138","346330","Processing","2021-02-19 23:11:52",NULL,NULL,NULL,"10.409999847412108"
"27404","18878","15100","3415","74077","Shipped","2020-10-04 07:29:22","2020-10-02 06:30:00",NULL,NULL,"10.909999847412108"
"76348","52623","42108","3415","206168","Complete","2022-05-17 15:05:19","2022-05-13 21:08:00","2022-05-16 20:12:00",NULL,"10.909999847412108"
"83163","57424","45907","3415","224610","Complete","2021-01-04 15:09:01","2021-01-04 23:39:00","2021-01-05 01:33:00",NULL,"10.909999847412108"
"83362","57563","46016","3417","225144","Complete","2022-05-11 10:21:21","2022-05-09 00:20:00","2022-05-10 19:20:00",NULL,"10.909999847412108"
"106436","73553","58820","3415","287492","Complete","2021-08-03 08:10:06","2021-08-03 12:28:00","2021-08-03 14:27:00",NULL,"10.909999847412108"
"173386","119585","95875","3415","468262","Returned","2020-04-24 06:57:35","2020-04-26 19:13:00","2020-04-30 00:49:00","2020-05-02 07:08:00","10.909999847412108"
"89887","62133","49735","3417","242818","Cancelled","2022-06-02 11:53:11",NULL,NULL,NULL,"10.909999847412108"
"166011","114488","91778","3417","448369","Cancelled","2022-09-02 03:45:23",NULL,NULL,NULL,"10.909999847412108"
"68838","47381","37892","3417","185839","Processing","2022-02-14 07:17:45",NULL,NULL,NULL,"10.909999847412108"
"124395","85817","68684","3415","335808","Processing","2022-07-30 12:03:42",NULL,NULL,NULL,"10.909999847412108"
"19068","13110","10508","202","51603","Shipped","2019-12-31 06:45:49","2020-01-03 08:01:00",NULL,NULL,"11.409999847412108"
"81337","56105","44839","7511","219659","Shipped","2022-05-17 12:04:37","2022-05-18 13:46:00",NULL,NULL,"11.409999847412108"
"99506","68765","54979","202","268776","Shipped","2022-04-25 06:02:45","2022-04-23 11:13:00",NULL,NULL,"11.409999847412108"
"127041","87612","70146","747","343017","Shipped","2022-09-04 07:19:53.340709","2022-09-04 19:57:03.340709",NULL,NULL,"11.409999847412108"
"144805","99913","80118","747","390982","Shipped","2020-12-14 14:40:59","2020-12-17 01:42:00",NULL,NULL,"11.409999847412108"
"153875","106174","85170","202","415516","Shipped","2022-08-30 06:44:48","2022-08-30 14:25:00",NULL,NULL,"11.409999847412108"
"23975","16491","13185","202","64808","Complete","2022-08-07 02:15:34","2022-08-09 00:32:00","2022-08-09 16:26:00",NULL,"11.409999847412108"
"144436","99653","79900","202","389974","Complete","2022-09-04 23:25:14.782133","2022-09-05 18:03:21.782133","2022-09-07 04:13:21.782133",NULL,"11.409999847412108"
"146483","101070","81093","747","395546","Complete","2020-04-23 03:55:26","2020-04-24 05:32:00","2020-04-25 18:50:00",NULL,"11.409999847412108"
"92031","63591","50908","7511","248580","Returned","2021-04-03 14:26:24","2021-04-01 00:25:00","2021-04-03 21:10:00","2021-04-06 03:04:00","11.409999847412108"
"167328","115391","92496","7511","451906","Returned","2022-07-24 06:34:09","2022-07-26 07:49:00","2022-07-30 00:04:00","2022-07-30 20:05:00","11.409999847412108"
"25716","17724","14151","202","69505","Processing","2022-06-21 10:48:54",NULL,NULL,NULL,"11.409999847412108"
"144911","99986","80180","202","391269","Processing","2021-12-31 06:37:14",NULL,NULL,NULL,"11.409999847412108"
"152442","105183","84389","747","411700","Processing","2022-05-11 10:18:11",NULL,NULL,NULL,"11.409999847412108"
"160244","110549","88646","7511","432670","Processing","2022-04-03 02:01:55",NULL,NULL,NULL,"11.409999847412108"
"10183","7005","5699","6539","27615","Shipped","2019-04-22 21:53:05","2019-04-23 15:12:00",NULL,NULL,"11.909999847412108"
"40633","27949","22306","6539","109711","Shipped","2021-08-08 04:43:00","2021-08-10 15:45:00",NULL,NULL,"11.909999847412108"
"59442","40956","32709","611","160443","Shipped","2022-07-23 02:06:30","2022-07-25 07:54:00",NULL,NULL,"11.909999847412108"
"92165","63681","50984","611","248936","Shipped","2022-07-24 06:12:03","2022-07-24 14:51:00",NULL,NULL,"11.909999847412108"
"102598","70888","56667","611","277132","Shipped","2021-11-02 07:32:15","2021-10-31 01:17:00",NULL,NULL,"11.909999847412108"
"118604","81871","65553","611","320245","Complete","2022-09-01 15:59:49","2022-08-30 09:39:00","2022-08-30 12:54:00",NULL,"11.909999847412108"
"160225","110534","88637","6539","432615","Complete","2022-08-07 01:11:32","2022-08-10 00:55:00","2022-08-10 15:34:00",NULL,"11.909999847412108"
"158716","109476","87796","6539","428530","Returned","2021-03-07 09:21:31","2021-03-05 11:51:00","2021-03-09 19:24:00","2021-03-12 12:56:00","11.909999847412108"
"85717","59239","47377","611","231537","Cancelled","2022-08-11 05:21:19",NULL,NULL,NULL,"11.909999847412108"
"112773","77894","62307","611","304599","Cancelled","2022-07-16 09:29:58",NULL,NULL,NULL,"11.909999847412108"
"8397","5753","4648","6539","22782","Processing","2021-08-14 13:12:27",NULL,NULL,NULL,"11.909999847412108"
"84775","58566","46841","6539","228974","Processing","2022-07-17 02:12:45",NULL,NULL,NULL,"11.909999847412108"
"129155","89071","71356","611","348745","Processing","2021-12-11 02:41:25",NULL,NULL,NULL,"11.909999847412108"
"141515","97615","78278","611","382115","Processing","2022-05-16 03:50:51",NULL,NULL,NULL,"11.909999847412108"
"86205","59569","47652","3957","232862","Shipped","2022-07-24 16:00:54","2022-07-25 16:16:00",NULL,NULL,"12.909999847412108"
"131119","90441","72445","3957","354025","Shipped","2021-12-20 12:34:56","2021-12-21 10:30:00",NULL,NULL,"12.909999847412108"
"92261","63747","51037","5229","249192","Complete","2022-07-08 13:44:55","2022-07-11 15:51:00","2022-07-15 22:49:00",NULL,"12.909999847412108"
"162673","112204","89959","10863","439269","Shipped","2021-05-31 17:48:37","2021-05-31 21:27:00",NULL,NULL,"13.409999847412108"
"139231","96064","77031","10863","375982","Complete","2019-12-24 15:07:28","2019-12-25 16:06:00","2019-12-27 22:45:00",NULL,"13.409999847412108"
"168138","115956","92961","10863","454060","Complete","2022-01-30 06:12:51","2022-02-01 06:21:00","2022-02-02 04:54:00",NULL,"13.409999847412108"
"180039","124168","99593","10864","486193","Complete","2021-01-20 08:29:32","2021-01-16 18:54:00","2021-01-18 08:19:00",NULL,"13.409999847412108"
"79376","54738","43779","10864","214315","Returned","2020-12-13 16:28:54","2020-12-14 05:44:00","2020-12-16 05:35:00","2020-12-18 21:24:00","13.409999847412108"
"122939","84813","67877","10864","331961","Returned","2021-12-18 16:09:39","2021-12-20 08:00:00","2021-12-24 10:11:00","2021-12-27 08:17:00","13.409999847412108"
"6051","4123","3345","10863","16367","Cancelled","2022-07-21 15:19:24",NULL,NULL,NULL,"13.409999847412108"
"49885","34355","27428","10864","134672","Cancelled","2022-03-20 05:00:56",NULL,NULL,NULL,"13.409999847412108"
"72922","50235","40212","10864","196898","Cancelled","2021-10-06 22:30:01",NULL,NULL,NULL,"13.409999847412108"
"152421","105169","84377","10864","411644","Cancelled","2020-08-04 09:44:36",NULL,NULL,NULL,"13.409999847412108"
"169674","117004","93820","10864","458188","Cancelled","2022-07-02 05:33:17",NULL,NULL,NULL,"13.409999847412108"
"50272","34629","27639","2104","135703","Shipped","2022-01-08 06:59:11","2022-01-10 18:27:00",NULL,NULL,"13.909999847412108"
"134049","92482","74085","2104","361950","Shipped","2021-03-30 10:40:08","2021-04-01 22:55:00",NULL,NULL,"13.909999847412108"
"35575","24486","19568","2104","96077","Complete","2020-10-07 03:41:01","2020-10-10 00:31:00","2020-10-12 11:16:00",NULL,"13.909999847412108"
"171620","118332","94896","2104","463489","Complete","2021-10-06 08:09:39","2021-10-08 22:50:00","2021-10-10 06:02:00",NULL,"13.909999847412108"
"1483","1028","859","2104","4025","Processing","2022-08-21 22:14:44",NULL,NULL,NULL,"13.909999847412108"
"21791","14975","11963","5642","58896","Shipped","2021-02-17 01:43:41","2021-02-14 19:13:00",NULL,NULL,"14.409999847412108"
"23713","16322","13055","7727","64108","Shipped","2021-09-09 11:59:11","2021-09-12 12:04:00",NULL,NULL,"14.409999847412108"
"174788","120541","96651","5642","472012","Shipped","2020-11-06 00:31:38","2020-11-05 21:09:00",NULL,NULL,"14.409999847412108"
"64568","44443","35542","5642","174332","Complete","2021-02-15 10:05:00","2021-02-16 18:15:00","2021-02-17 06:14:00",NULL,"14.409999847412108"
"120801","83374","66755","7727","326176","Complete","2019-04-16 13:27:19","2019-04-17 09:18:00","2019-04-21 04:04:00",NULL,"14.409999847412108"
"132276","91250","73067","7727","357171","Complete","2021-09-05 02:47:53","2021-09-07 08:43:00","2021-09-07 16:32:00",NULL,"14.409999847412108"
"153228","105707","84800","5642","413808","Complete","2022-06-21 11:40:25","2022-06-21 02:16:00","2022-06-24 13:12:00",NULL,"14.409999847412108"
"86243","59594","47679","5642","232958","Returned","2022-09-05 16:14:26","2022-09-05 03:44:00","2022-09-06 05:36:00","2022-09-06 15:57:00","14.409999847412108"
"123897","85472","68394","5642","334492","Returned","2022-05-18 08:15:55","2022-05-17 23:25:00","2022-05-18 13:02:00","2022-05-21 04:09:00","14.409999847412108"
"132044","91093","72962","5642","356514","Returned","2022-06-28 09:37:07","2022-06-30 10:45:00","2022-07-02 07:42:00","2022-07-03 09:18:00","14.409999847412108"
"135214","93289","74736","7727","365133","Returned","2020-09-25 05:33:51","2020-09-26 01:51:00","2020-09-29 01:53:00","2020-09-29 14:44:00","14.409999847412108"
"142339","98194","78738","5642","384332","Cancelled","2022-04-13 04:59:58",NULL,NULL,NULL,"14.409999847412108"
"46033","31690","25271","5642","124294","Processing","2021-07-13 12:43:57",NULL,NULL,NULL,"14.409999847412108"
"146571","101125","81139","5638","395793","Shipped","2022-07-24 11:35:07","2022-07-24 08:11:00",NULL,NULL,"14.909999847412108"
"151989","104869","84153","5638","410478","Complete","2021-12-05 05:37:40","2021-12-04 21:07:00","2021-12-05 16:39:00",NULL,"14.909999847412108"
"27175","18716","14960","5638","73468","Cancelled","2021-04-03 03:28:12",NULL,NULL,NULL,"14.909999847412108"
"145942","100703","80793","5638","394082","Cancelled","2022-01-11 23:25:40",NULL,NULL,NULL,"14.909999847412108"
"153090","105614","84737","5638","413424","Cancelled","2022-01-15 11:07:35",NULL,NULL,NULL,"14.909999847412108"
"133778","92304","73937","5638","361240","Processing","2021-04-24 11:38:10",NULL,NULL,NULL,"14.909999847412108"
"165448","114104","91479","20525","446840","Shipped","2021-12-05 13:23:55","2021-12-07 21:09:00",NULL,NULL,"15.909999847412108"
"51587","35561","28414","20525","139243","Complete","2022-04-13 22:25:02","2022-04-16 22:20:00","2022-04-21 15:52:00",NULL,"15.909999847412108"
"73009","50295","40258","20525","197138","Complete","2022-03-01 21:37:11","2022-02-28 01:02:00","2022-03-01 14:53:00",NULL,"15.909999847412108"
"84500","58378","46693","20525","228218","Complete","2021-02-04 00:07:55","2021-02-06 17:24:00","2021-02-09 11:50:00",NULL,"15.909999847412108"
"58909","40598","32425","6610","158999","Shipped","2022-01-30 23:34:03","2022-01-30 06:57:00",NULL,NULL,"19.819999694824215"
"81447","56185","44909","22257","219954","Shipped","2020-04-23 11:24:49","2020-04-23 14:43:00",NULL,NULL,"19.819999694824215"
"143446","98985","79368","22257","387295","Shipped","2022-02-10 12:39:30","2022-02-11 10:09:00",NULL,NULL,"19.819999694824215"
"174581","120408","96545","2292","471437","Shipped","2021-05-17 11:00:05","2021-05-19 03:04:00",NULL,NULL,"19.819999694824215"
"44758","30804","24587","2292","120887","Complete","2022-02-01 08:54:10","2022-01-29 21:04:00","2022-02-02 02:17:00",NULL,"19.819999694824215"
"168578","116254","93214","22257","455247","Complete","2022-06-21 03:45:54","2022-06-19 21:13:00","2022-06-23 17:18:00",NULL,"19.819999694824215"
"11692","8047","6524","22257","31679","Returned","2022-08-24 09:18:26","2022-08-24 23:12:00","2022-08-25 08:47:00","2022-08-27 04:00:00","19.819999694824215"
"70470","48535","38817","2292","190251","Returned","2020-12-23 14:47:04","2020-12-24 22:07:00","2020-12-29 18:57:00","2021-01-01 08:22:00","19.819999694824215"
"147896","102060","81860","2292","399328","Returned","2021-03-24 23:45:50","2021-03-27 12:37:00","2021-03-28 04:20:00","2021-03-28 11:44:00","19.819999694824215"
"23162","15941","12746","6610","62605","Cancelled","2020-04-30 17:36:09",NULL,NULL,NULL,"19.819999694824215"
"145131","100140","80303","22257","391880","Cancelled","2021-11-17 05:31:46",NULL,NULL,NULL,"19.819999694824215"
"43319","29794","23757","22257","116979","Processing","2020-11-24 10:26:13",NULL,NULL,NULL,"19.819999694824215"
"48583","33467","26732","22257","131118","Processing","2022-05-03 02:50:06",NULL,NULL,NULL,"19.819999694824215"
"89363","61765","49451","6610","241404","Processing","2022-07-14 22:49:58",NULL,NULL,NULL,"19.819999694824215"
"105939","73210","58562","6610","286162","Processing","2021-10-04 17:15:37",NULL,NULL,NULL,"19.819999694824215"
"133497","92102","73769","22257","360476","Processing","2022-03-31 09:52:36",NULL,NULL,NULL,"19.819999694824215"
"144809","99917","80123","2292","390994","Processing","2022-03-29 07:28:58",NULL,NULL,NULL,"19.819999694824215"
"163238","112591","90290","6610","440776","Processing","2021-11-19 02:50:50",NULL,NULL,NULL,"19.819999694824215"
"70814","48762","39012","28085","191177","Shipped","2022-07-23 08:43:59","2022-07-26 06:29:00",NULL,NULL,"21.819999694824215"
"142705","98460","78942","28085","385304","Shipped","2021-06-06 00:01:01","2021-06-08 17:17:00",NULL,NULL,"21.819999694824215"
"179674","123917","99392","28085","485208","Shipped","2022-06-21 14:54:06","2022-06-22 18:06:00",NULL,NULL,"21.819999694824215"
"121171","83620","66953","28085","327184","Complete","2021-12-16 14:10:20","2021-12-16 14:48:00","2021-12-20 18:42:00",NULL,"21.819999694824215"
"121025","83522","66880","28085","326782","Returned","2021-04-12 16:19:43","2021-04-12 08:55:00","2021-04-15 13:25:00","2021-04-17 09:23:00","21.819999694824215"
"159476","110017","88229","28085","430583","Cancelled","2021-03-13 11:35:28",NULL,NULL,NULL,"21.819999694824215"
"26592","18322","14635","28085","71873","Processing","2021-10-16 00:13:27",NULL,NULL,NULL,"21.819999694824215"
"83773","57856","46257","28085","226257","Processing","2021-02-09 10:25:49",NULL,NULL,NULL,"21.819999694824215"
"166630","114907","92118","28085","450038","Processing","2022-07-25 15:37:16",NULL,NULL,NULL,"21.819999694824215"
"72768","50122","40109","28899","196488","Shipped","2020-07-28 07:08:31","2020-07-27 15:25:00",NULL,NULL,"22.819999694824215"
"138691","95706","76727","28899","374507","Shipped","2021-08-27 04:28:04","2021-08-29 10:15:00",NULL,NULL,"22.819999694824215"
"142297","98164","78713","28899","384207","Shipped","2022-02-21 16:08:52","2022-02-24 07:00:00",NULL,NULL,"22.819999694824215"
"747","527","444","28899","2000","Complete","2020-06-13 05:21:51","2020-06-13 15:20:00","2020-06-18 10:51:00",NULL,"22.819999694824215"
"127484","87908","70387","28899","344180","Complete","2021-12-30 08:49:50","2021-12-30 18:23:00","2022-01-04 09:40:00",NULL,"22.819999694824215"
"133617","92189","73833","28899","360800","Complete","2022-07-25 21:52:08","2022-07-26 01:43:00","2022-07-28 16:47:00",NULL,"22.819999694824215"
"139042","95943","76931","28899","375471","Complete","2021-02-02 15:17:40","2021-02-04 04:13:00","2021-02-08 05:06:00",NULL,"22.819999694824215"
"174042","120036","96258","28899","469986","Complete","2020-09-22 02:11:00","2020-09-24 06:20:00","2020-09-26 01:17:00",NULL,"22.819999694824215"
"134417","92740","74301","28899","362959","Returned","2022-07-08 11:59:43","2022-07-06 12:16:00","2022-07-07 02:27:00","2022-07-07 08:40:00","22.819999694824215"
"177852","122666","98390","28899","480317","Returned","2022-08-27 23:40:28","2022-08-26 13:01:00","2022-08-30 20:20:00","2022-09-01 14:55:00","22.819999694824215"
"71423","49187","39367","28899","192832","Cancelled","2021-08-08 14:56:51",NULL,NULL,NULL,"22.819999694824215"
"115870","80015","64035","2304","312937","Shipped","2021-01-09 16:12:19","2021-01-11 17:57:00",NULL,NULL,"23.819999694824215"
"83363","57563","46016","2904","225146","Complete","2022-05-12 10:29:16","2022-05-09 00:20:00","2022-05-10 19:20:00",NULL,"25.819999694824215"
"133046","91799","73530","2904","359271","Complete","2022-08-27 23:40:16","2022-08-28 23:32:00","2022-09-02 12:11:00",NULL,"25.819999694824215"
"164570","113513","91011","2904","444428","Complete","2022-08-24 23:18:11","2022-08-25 04:11:00","2022-08-27 12:30:00",NULL,"25.819999694824215"
"173415","119605","95895","2904","468341","Complete","2022-01-30 14:37:21","2022-02-01 05:06:00","2022-02-01 18:26:00",NULL,"25.819999694824215"
"151340","104418","83777","4480","408721","Shipped","2022-04-28 14:08:18","2022-04-30 17:07:00",NULL,NULL,"26.819999694824215"
"62218","42851","34258","4480","167950","Returned","2022-09-03 07:57:40.873972","2022-09-04 05:32:06.873972","2022-09-04 12:26:06.873972","2022-09-07 06:11:06.873972","26.819999694824215"
"148672","102586","82299","4480","401468","Processing","2020-11-19 06:03:27",NULL,NULL,NULL,"26.819999694824215"
"49778","34290","27379","8863","134367","Shipped","2020-01-20 04:21:28","2020-01-18 12:31:00",NULL,NULL,"27.819999694824215"
"84888","58647","46895","8863","229291","Shipped","2020-12-12 02:57:38","2020-12-11 14:57:00",NULL,NULL,"27.819999694824215"
"133103","91840","73560","2437","359420","Shipped","2022-05-23 03:10:54","2022-05-23 05:50:00",NULL,NULL,"27.819999694824215"
"163890","113053","90658","8863","442558","Shipped","2021-05-16 05:16:41","2021-05-17 11:22:00",NULL,NULL,"27.819999694824215"
"3039","2069","1669","8863","8215","Complete","2021-08-30 22:04:43","2021-08-29 11:13:00","2021-09-01 05:09:00",NULL,"27.819999694824215"
"42751","29419","23449","15270","115452","Complete","2022-08-17 17:54:46","2022-08-17 21:47:00","2022-08-22 06:37:00",NULL,"27.819999694824215"
"49084","33801","26998","2437","132460","Complete","2022-02-14 03:48:23","2022-02-14 09:26:00","2022-02-18 14:38:00",NULL,"27.819999694824215"
"77053","53128","42505","15270","208050","Complete","2021-02-27 12:04:10","2021-02-27 22:48:00","2021-03-01 18:56:00",NULL,"27.819999694824215"
"81445","56183","44908","2437","219948","Complete","2022-08-15 12:23:23","2022-08-15 20:41:00","2022-08-18 18:10:00",NULL,"27.819999694824215"
"87181","60243","48215","15270","235522","Complete","2019-08-21 23:24:01","2019-08-24 12:55:00","2019-08-29 09:01:00",NULL,"27.819999694824215"
"91165","62993","50431","2437","246273","Complete","2022-08-19 00:45:50","2022-08-20 23:45:00","2022-08-25 21:35:00",NULL,"27.819999694824215"
"105968","73231","58576","15270","286239","Complete","2021-11-23 04:48:48","2021-11-23 08:14:00","2021-11-24 16:26:00",NULL,"27.819999694824215"
"107023","73951","59135","8863","289063","Complete","2021-10-05 01:49:03","2021-10-06 13:58:00","2021-10-11 02:05:00",NULL,"27.819999694824215"
"5722","3896","3171","15270","15493","Returned","2022-08-02 16:36:50","2022-08-01 02:53:00","2022-08-01 06:39:00","2022-08-02 07:57:00","27.819999694824215"
"22332","15362","12274","8863","60347","Returned","2021-11-22 01:31:03","2021-11-22 10:05:00","2021-11-25 03:00:00","2021-11-25 12:53:00","27.819999694824215"
"152082","104933","84205","15270","410736","Returned","2021-10-20 11:42:45","2021-10-22 04:33:00","2021-10-23 21:57:00","2021-10-24 14:36:00","27.819999694824215"
"28451","19592","15663","2437","76908","Cancelled","2021-09-02 01:05:19",NULL,NULL,NULL,"27.819999694824215"
"55302","38118","30451","15270","149206","Cancelled","2021-02-19 03:54:56",NULL,NULL,NULL,"27.819999694824215"
"103830","71755","57376","2437","280484","Cancelled","2022-04-18 01:52:30",NULL,NULL,NULL,"27.819999694824215"
"61638","42448","33940","15270","166392","Processing","2022-07-28 13:14:14",NULL,NULL,NULL,"27.819999694824215"
"91872","63482","50828","15270","248158","Processing","2020-02-08 05:08:19",NULL,NULL,NULL,"27.819999694824215"
"99119","68486","54759","2437","267749","Processing","2022-05-09 02:54:22",NULL,NULL,NULL,"27.819999694824215"
"137763","95062","76206","25652","371963","Complete","2021-07-08 14:31:16","2021-07-11 14:28:00","2021-07-14 02:28:00",NULL,"28.819999694824215"
"176898","121999","97841","25652","477757","Complete","2021-08-06 17:46:47","2021-08-04 17:41:00","2021-08-08 08:07:00",NULL,"28.819999694824215"
"127642","88018","70489","25652","344614","Processing","2021-10-14 04:43:08",NULL,NULL,NULL,"28.819999694824215"
"136932","94504","75746","6461","369771","Shipped","2022-09-05 07:03:06.056157","2022-09-06 19:20:32.056157",NULL,NULL,"79.27999877929686"
"13523","9320","7513","6461","36645","Complete","2022-03-29 23:19:16","2022-03-28 06:08:00","2022-04-01 17:43:00",NULL,"79.27999877929686"
"50193","34573","27600","6461","135487","Cancelled","2020-11-11 23:43:35",NULL,NULL,NULL,"79.27999877929686"
"163462","112750","90412","17555","441387","Shipped","2022-05-16 20:45:05","2022-05-13 07:20:00",NULL,NULL,"75.52999877929686"
"99315","68631","54868","17555","268274","Complete","2021-10-17 17:32:41","2021-10-17 13:21:00","2021-10-21 13:32:00",NULL,"75.52999877929686"
"109162","75404","60289","17555","294858","Complete","2021-02-17 05:07:36","2021-02-18 06:18:00","2021-02-20 00:45:00",NULL,"75.52999877929686"
"26887","18525","14793","17555","72664","Returned","2020-04-04 07:37:02","2020-04-05 03:26:00","2020-04-05 03:46:00","2020-04-06 07:52:00","75.52999877929686"
"99291","68612","54853","17555","268213","Returned","2021-03-09 13:34:18","2021-03-09 15:02:00","2021-03-13 16:52:00","2021-03-16 14:03:00","75.52999877929686"
"125397","86504","69228","17555","338556","Returned","2020-02-21 09:36:18","2020-02-18 15:27:00","2020-02-20 19:34:00","2020-02-21 05:40:00","75.52999877929686"
"39137","26951","21522","17555","105671","Cancelled","2022-08-01 23:23:25",NULL,NULL,NULL,"75.52999877929686"
"140482","96904","77711","17555","379333","Cancelled","2021-07-15 14:02:31",NULL,NULL,NULL,"75.52999877929686"
"8628","5913","4786","17555","23410","Processing","2021-03-22 16:31:22",NULL,NULL,NULL,"75.52999877929686"
"180433","124427","99776","17555","487236","Processing","2022-08-27 12:57:26",NULL,NULL,NULL,"75.52999877929686"
"37824","26037","20802","3719","102110","Shipped","2022-02-26 18:18:10","2022-02-26 12:56:00",NULL,NULL,"183.05999755859372"
"123989","85537","68442","3719","334741","Shipped","2022-07-12 15:30:42","2022-07-13 23:29:00",NULL,NULL,"183.05999755859372"
"176290","121578","97504","3719","476113","Shipped","2021-04-15 14:34:19","2021-04-16 09:52:00",NULL,NULL,"183.05999755859372"
"123799","85407","68350","3719","334229","Complete","2022-01-04 11:14:42","2022-01-04 00:37:00","2022-01-08 15:51:00",NULL,"183.05999755859372"
"15318","10521","8466","4890","41487","Returned","2021-04-25 22:51:20","2021-04-25 23:27:00","2021-04-27 02:53:00","2021-04-30 01:39:00","75.77999877929686"
"58841","40553","32384","4890","158803","Returned","2019-12-13 21:58:07","2019-12-16 14:57:00","2019-12-21 05:08:00","2019-12-23 22:47:00","75.77999877929686"
"178294","122971","98631","4890","481496","Cancelled","2022-09-03 11:05:24",NULL,NULL,NULL,"75.77999877929686"
"38929","26808","21417","4890","105098","Processing","2022-09-05 05:04:38.251197",NULL,NULL,NULL,"75.77999877929686"
"155187","107070","85899","628","419037","Shipped","2022-05-05 02:53:05","2022-05-04 21:44:00",NULL,NULL,"3.1099998950958248"
"85707","59233","47370","628","231512","Complete","2021-06-20 07:03:44","2021-06-21 17:35:00","2021-06-26 03:46:00",NULL,"3.1099998950958248"
"102163","70597","56444","628","275934","Complete","2022-03-03 15:01:07","2022-03-06 05:01:00","2022-03-10 04:58:00",NULL,"3.1099998950958248"
"123466","85190","68178","628","333358","Complete","2021-10-30 08:23:00","2021-10-29 20:31:00","2021-10-30 05:23:00",NULL,"3.1099998950958248"
"130661","90128","72180","628","352786","Complete","2021-10-19 03:51:06","2021-10-20 06:20:00","2021-10-22 13:10:00",NULL,"3.1099998950958248"
"9069","6216","5024","628","24586","Processing","2022-05-29 01:18:52",NULL,NULL,NULL,"3.1099998950958248"
"151118","104279","83655","628","408122","Processing","2021-11-16 10:02:00",NULL,NULL,NULL,"3.1099998950958248"
"32396","22295","17823","4199","87528","Shipped","2021-04-22 00:13:55","2021-04-23 06:09:00",NULL,NULL,"94.70999908447264"
"32980","22708","18135","4199","89101","Shipped","2022-07-07 08:22:28","2022-07-04 00:43:00",NULL,NULL,"94.70999908447264"
"173870","119923","96163","4199","469527","Shipped","2022-06-20 05:22:03","2022-06-22 18:11:00",NULL,NULL,"94.70999908447264"
"123210","85005","68021","4199","332676","Complete","2022-06-13 07:18:26","2022-06-11 02:24:00","2022-06-15 19:46:00",NULL,"94.70999908447264"
"58785","40519","32357","4199","158653","Returned","2021-03-03 03:13:59","2021-03-05 23:21:00","2021-03-08 02:51:00","2021-03-09 21:22:00","94.70999908447264"
"168938","116517","93413","4199","456209","Processing","2022-07-24 02:30:35",NULL,NULL,NULL,"94.70999908447264"
"19464","13382","10733","8743","52671","Shipped","2021-06-03 04:46:26","2021-06-05 13:37:00",NULL,NULL,"197.91999816894528"
"40374","27781","22186","8743","108991","Shipped","2021-08-09 17:01:48","2021-08-06 17:43:00",NULL,NULL,"197.91999816894528"
"57846","39863","31860","8743","156101","Shipped","2021-01-27 11:44:19","2021-01-30 06:11:00",NULL,NULL,"197.91999816894528"
"106828","73814","59021","8743","288542","Shipped","2022-07-24 07:47:01","2022-07-24 07:45:00",NULL,NULL,"197.91999816894528"
"113789","78604","62858","8743","307325","Shipped","2021-10-18 06:04:31","2021-10-18 23:28:00",NULL,NULL,"197.91999816894528"
"60304","41535","33189","8743","162805","Complete","2022-02-05 01:03:36","2022-02-07 06:24:00","2022-02-07 15:30:00",NULL,"197.91999816894528"
"23958","16478","13171","8743","64765","Returned","2021-05-15 22:33:01","2021-05-14 01:21:00","2021-05-15 12:48:00","2021-05-17 20:14:00","197.91999816894528"
"168248","116026","93015","8743","454360","Cancelled","2022-06-30 01:27:40",NULL,NULL,NULL,"197.91999816894528"
"24412","16796","13418","8743","65982","Processing","2022-05-20 05:29:44",NULL,NULL,NULL,"197.91999816894528"
"166717","114976","92162","8743","450260","Processing","2021-06-11 03:21:06",NULL,NULL,NULL,"197.91999816894528"
"9421","6478","5261","8735","25547","Shipped","2021-11-29 06:22:01","2021-11-30 18:42:00",NULL,NULL,"231.41999816894528"
"60471","41649","33287","8735","163270","Shipped","2020-11-22 13:13:58","2020-11-24 05:39:00",NULL,NULL,"231.41999816894528"
"13190","9105","7341","8735","35732","Processing","2022-09-01 06:02:58",NULL,NULL,NULL,"231.41999816894528"
"136511","94205","75508","8735","368610","Processing","2022-04-28 08:26:00",NULL,NULL,NULL,"231.41999816894528"
"39484","27189","21724","17745","106594","Shipped","2022-08-27 23:55:32","2022-08-26 08:16:00",NULL,NULL,"48.200000762939446"
"46923","32317","25808","17745","126669","Shipped","2022-06-14 13:04:40","2022-06-14 21:51:00",NULL,NULL,"48.200000762939446"
"65809","45303","36212","17745","177698","Cancelled","2022-03-12 10:25:40",NULL,NULL,NULL,"48.200000762939446"
"85197","58877","47071","17745","230126","Cancelled","2022-08-05 12:49:22",NULL,NULL,NULL,"48.200000762939446"
"116495","80444","64392","17745","314637","Cancelled","2022-07-12 06:18:13",NULL,NULL,NULL,"48.200000762939446"
"64354","44291","35429","17745","173743","Processing","2022-03-22 10:20:29",NULL,NULL,NULL,"48.200000762939446"
"148373","102386","82130","17745","400634","Processing","2022-02-02 01:49:45",NULL,NULL,NULL,"48.200000762939446"
"24093","16569","13245","27999","65129","Shipped","2020-06-13 09:02:17","2020-06-12 12:13:00",NULL,NULL,"52.200000762939446"
"83240","57484","45952","27999","224819","Shipped","2021-09-10 12:33:43","2021-09-11 12:51:00",NULL,NULL,"52.200000762939446"
"92036","63595","50913","27999","248593","Shipped","2021-10-29 02:59:50","2021-10-31 03:58:00",NULL,NULL,"52.200000762939446"
"2584","1772","1428","9854","6990","Complete","2022-04-13 16:17:08","2022-04-14 23:43:00","2022-04-17 15:06:00",NULL,"52.200000762939446"
"135084","93197","74663","27999","364785","Complete","2022-06-05 04:01:37","2022-06-03 15:50:00","2022-06-05 16:03:00",NULL,"52.200000762939446"
"153510","105906","84952","27999","414562","Complete","2022-06-10 04:18:41","2022-06-12 23:23:00","2022-06-17 19:44:00",NULL,"52.200000762939446"
"165334","114021","91417","27999","446538","Cancelled","2022-04-02 05:06:28",NULL,NULL,NULL,"52.200000762939446"
"16012","10998","8828","27999","43339","Processing","2021-04-04 15:12:08",NULL,NULL,NULL,"52.200000762939446"
"71728","49399","39547","9854","193646","Processing","2022-09-02 13:08:43",NULL,NULL,NULL,"52.200000762939446"
"14005","9644","7787","18782","37953","Shipped","2022-08-11 07:32:57","2022-08-13 06:07:00",NULL,NULL,"54.200000762939446"
"45024","31000","24745","18782","121594","Shipped","2021-12-14 00:32:39","2021-12-15 05:32:00",NULL,NULL,"54.200000762939446"
"51263","35333","28206","18771","138363","Shipped","2022-09-06 00:24:34.963107","2022-09-06 10:39:25.963107",NULL,NULL,"54.200000762939446"
"52266","36018","28768","18771","141043","Shipped","2021-07-19 10:12:27","2021-07-16 05:59:00",NULL,NULL,"54.200000762939446"
"73880","50887","40710","18782","199477","Shipped","2022-03-13 14:50:48","2022-03-16 04:13:00",NULL,NULL,"54.200000762939446"
"166160","114597","91873","18771","448772","Shipped","2021-12-13 13:37:37","2021-12-14 05:14:00",NULL,NULL,"54.200000762939446"
"167141","115263","92387","18782","451407","Shipped","2019-07-01 10:27:49","2019-06-28 15:57:00",NULL,NULL,"54.200000762939446"
"126001","86901","69547","18782","340191","Complete","2021-08-25 12:25:32","2021-08-26 08:35:00","2021-08-29 02:50:00",NULL,"54.200000762939446"
"126587","87312","69880","18771","341792","Complete","2021-06-29 13:22:07","2021-06-25 21:31:00","2021-06-28 01:11:00",NULL,"54.200000762939446"
"127431","87873","70354","18782","344034","Complete","2022-06-23 07:52:45","2022-06-24 04:51:00","2022-06-25 14:53:00",NULL,"54.200000762939446"
"8466","5799","4690","18782","22967","Returned","2021-04-04 07:35:08","2021-04-04 18:04:00","2021-04-08 18:42:00","2021-04-09 04:38:00","54.200000762939446"
"22883","15736","12584","18771","61860","Returned","2022-07-02 17:34:37","2022-07-04 01:57:00","2022-07-05 20:09:00","2022-07-08 16:16:00","54.200000762939446"
"18560","12747","10226","18782","50253","Cancelled","2022-01-12 06:52:01",NULL,NULL,NULL,"54.200000762939446"
"112243","77530","62018","18771","303175","Processing","2022-08-09 05:04:31",NULL,NULL,NULL,"54.200000762939446"
"152008","104885","84165","18782","410526","Processing","2022-06-19 02:32:46",NULL,NULL,NULL,"54.200000762939446"
"299","215","185","12386","785","Shipped","2021-09-27 09:07:14","2021-09-26 06:58:00",NULL,NULL,"36.450000762939446"
"52283","36031","28780","11963","141086","Shipped","2021-08-04 14:50:21","2021-08-06 20:29:00",NULL,NULL,"36.450000762939446"
"53907","37149","29682","28605","145492","Shipped","2022-02-06 16:23:54","2022-02-08 16:07:00",NULL,NULL,"36.450000762939446"
"79158","54579","43668","25449","213728","Shipped","2021-05-23 09:35:06","2021-05-24 05:10:00",NULL,NULL,"36.450000762939446"
"80699","55653","44484","25449","217939","Shipped","2020-10-18 23:07:45","2020-10-20 21:57:00",NULL,NULL,"36.450000762939446"
"89077","61567","49286","25449","240643","Shipped","2022-05-12 23:00:40","2022-05-13 10:30:00",NULL,NULL,"36.450000762939446"
"169965","117202","93974","11963","458980","Shipped","2019-10-14 13:07:28","2019-10-11 12:38:00",NULL,NULL,"36.450000762939446"
"15850","10879","8741","771","42918","Complete","2021-02-09 03:44:35","2021-02-11 12:41:00","2021-02-12 05:36:00",NULL,"36.450000762939446"
"22323","15353","12266","28605","60323","Complete","2022-06-10 13:32:33","2022-06-09 18:30:00","2022-06-14 15:38:00",NULL,"36.450000762939446"
"24764","17049","13617","12386","66925","Complete","2022-03-09 15:19:03","2022-03-10 01:13:00","2022-03-12 19:32:00",NULL,"36.450000762939446"
"25421","17513","13990","12386","68689","Complete","2022-06-06 13:34:35","2022-06-08 16:30:00","2022-06-09 17:19:00",NULL,"36.450000762939446"
"50665","34907","27852","28605","136748","Complete","2020-10-20 05:02:14","2020-10-21 13:08:00","2020-10-23 12:44:00",NULL,"36.450000762939446"
"98237","67884","54247","25449","265385","Complete","2022-04-10 03:27:37","2022-04-11 22:00:00","2022-04-12 07:53:00",NULL,"36.450000762939446"
"136560","94239","75530","25449","368740","Complete","2022-07-28 13:14:32","2022-07-26 13:51:00","2022-07-30 22:31:00",NULL,"36.450000762939446"
"151209","104332","83705","25449","408376","Complete","2021-07-08 07:35:12","2021-07-09 09:47:00","2021-07-11 18:34:00",NULL,"36.450000762939446"
"158398","109256","87626","28605","427665","Complete","2022-08-29 17:24:42","2022-08-31 02:37:00","2022-09-04 08:20:00",NULL,"36.450000762939446"
"84312","58248","46578","11963","227714","Returned","2022-04-20 05:38:07","2022-04-19 17:14:00","2022-04-23 23:40:00","2022-04-25 08:24:00","36.450000762939446"
"99557","68803","55022","25449","268920","Returned","2022-07-11 10:10:49","2022-07-08 06:48:00","2022-07-09 04:09:00","2022-07-09 16:43:00","36.450000762939446"
"17810","12247","9853","11963","48244","Cancelled","2021-03-30 23:28:11",NULL,NULL,NULL,"36.450000762939446"
"44095","30335","24196","12386","119096","Cancelled","2021-07-24 00:36:07",NULL,NULL,NULL,"36.450000762939446"
"57516","39639","31672","25449","155229","Cancelled","2022-02-17 23:50:14",NULL,NULL,NULL,"36.450000762939446"
"59573","41049","32789","771","160798","Cancelled","2021-12-17 03:27:20",NULL,NULL,NULL,"36.450000762939446"
"176145","121479","97422","25449","475720","Cancelled","2020-12-05 08:30:07",NULL,NULL,NULL,"36.450000762939446"
"45625","31414","25070","25449","123197","Processing","2021-10-09 14:42:24",NULL,NULL,NULL,"36.450000762939446"
"69913","48130","38489","11963","188733","Processing","2021-06-11 06:45:54",NULL,NULL,NULL,"36.450000762939446"
"118664","81915","65584","11963","320413","Processing","2022-05-27 09:29:24",NULL,NULL,NULL,"36.450000762939446"
"9403","6465","5250","28461","25501","Shipped","2021-11-13 11:41:52","2021-11-16 10:45:00",NULL,NULL,"38.450000762939446"
"15862","10889","8748","28461","42953","Shipped","2019-12-26 05:10:58","2019-12-28 00:23:00",NULL,NULL,"38.450000762939446"
"63621","43801","35029","28461","171764","Shipped","2021-08-28 01:36:33","2021-08-30 10:26:00",NULL,NULL,"38.450000762939446"
"65303","44968","35950","28461","176333","Shipped","2020-10-21 06:06:30","2020-10-24 01:08:00",NULL,NULL,"38.450000762939446"
"74883","51598","41290","25434","202177","Shipped","2022-07-10 14:20:00","2022-07-08 21:48:00",NULL,NULL,"38.450000762939446"
"165611","114221","91573","28461","447282","Shipped","2021-03-20 10:30:40","2021-03-20 15:17:00",NULL,NULL,"38.450000762939446"
"168027","115879","92899","28461","453745","Shipped","2021-05-26 07:07:00","2021-05-28 04:17:00",NULL,NULL,"38.450000762939446"
"25717","17725","14153","25434","69509","Complete","2021-10-04 23:09:53","2021-10-05 21:37:00","2021-10-07 14:48:00",NULL,"38.450000762939446"
"66054","45461","36347","25434","178368","Complete","2021-01-21 05:52:34","2021-01-21 23:20:00","2021-01-24 00:14:00",NULL,"38.450000762939446"
"171504","118251","94843","28461","463184","Complete","2021-07-27 00:28:39","2021-07-28 18:35:00","2021-07-29 00:05:00",NULL,"38.450000762939446"
"170354","117458","94198","28461","460047","Cancelled","2021-04-20 09:41:42",NULL,NULL,NULL,"38.450000762939446"
"172288","118797","95239","25434","465325","Cancelled","2019-10-23 01:46:26",NULL,NULL,NULL,"38.450000762939446"
"44345","30524","24361","25434","119767","Processing","2022-04-17 01:44:09",NULL,NULL,NULL,"38.450000762939446"
"63658","43831","35056","18147","171849","Shipped","2022-09-04 16:03:53.187401","2022-09-07 08:49:27.187401",NULL,NULL,"40.450000762939446"
"37656","25931","20715","18147","101672","Complete","2022-07-22 02:36:56","2022-07-18 19:14:00","2022-07-21 10:33:00",NULL,"40.450000762939446"
"105003","72558","58010","18147","283637","Complete","2019-10-19 20:40:04","2019-10-17 07:24:00","2019-10-21 03:01:00",NULL,"40.450000762939446"
"24213","16651","13311","2628","65449","Returned","2019-08-30 09:51:19","2019-08-27 16:58:00","2019-08-28 08:43:00","2019-08-30 07:57:00","40.450000762939446"
"144268","99540","79810","18147","389532","Returned","2022-05-30 15:30:37","2022-06-02 14:17:00","2022-06-02 22:16:00","2022-06-04 14:04:00","40.450000762939446"
"143558","99059","79431","2628","387609","Cancelled","2021-03-30 00:50:05",NULL,NULL,NULL,"40.450000762939446"
"30304","20868","16698","2628","81931","Processing","2022-08-08 11:50:31",NULL,NULL,NULL,"40.450000762939446"
"157626","108714","87181","18147","425593","Processing","2021-01-06 01:21:19",NULL,NULL,NULL,"40.450000762939446"
"165076","113845","91274","2628","445811","Processing","2022-09-04 01:50:28",NULL,NULL,NULL,"40.450000762939446"
"126","94","75","17554","345","Shipped","2022-05-09 13:58:18","2022-05-12 01:29:00",NULL,NULL,"44.450000762939446"
"27658","19051","15232","12364","74769","Shipped","2022-06-28 04:13:13","2022-06-28 12:40:00",NULL,NULL,"44.450000762939446"
"54320","37429","29909","23370","146584","Shipped","2021-11-04 08:33:38","2021-11-05 17:31:00",NULL,NULL,"44.450000762939446"
"66611","45825","36649","23370","179848","Shipped","2021-09-15 18:24:28","2021-09-17 10:09:00",NULL,NULL,"44.450000762939446"
"107287","74117","59253","23370","289790","Shipped","2021-08-28 08:49:19","2021-08-27 23:36:00",NULL,NULL,"44.450000762939446"
"179068","123507","99071","23370","483581","Shipped","2021-05-26 05:58:56","2021-05-25 22:51:00",NULL,NULL,"44.450000762939446"
"10988","7551","6131","23370","29780","Complete","2022-05-16 00:57:54","2022-05-17 18:51:00","2022-05-19 04:09:00",NULL,"44.450000762939446"
"15807","10843","8710","23370","42801","Complete","2022-06-01 03:33:18","2022-05-28 23:51:00","2022-06-01 18:06:00",NULL,"44.450000762939446"
"20166","13867","11120","12364","54575","Complete","2021-02-02 01:33:03","2021-02-03 10:10:00","2021-02-03 23:17:00",NULL,"44.450000762939446"
"34299","23610","18839","17554","92658","Complete","2022-08-09 03:52:02","2022-08-11 22:41:00","2022-08-14 07:01:00",NULL,"44.450000762939446"
"57665","39742","31757","23248","155628","Complete","2020-04-26 01:21:46","2020-04-28 02:59:00","2020-05-02 21:31:00",NULL,"44.450000762939446"
"58341","40223","32138","23248","157452","Complete","2021-06-18 23:35:25","2021-06-18 05:56:00","2021-06-21 20:57:00",NULL,"44.450000762939446"
"59363","40904","32665","23370","160226","Complete","2022-04-03 14:21:10","2022-04-04 14:35:00","2022-04-09 06:29:00",NULL,"44.450000762939446"
"67404","46379","37091","17554","182016","Complete","2022-05-28 02:37:13","2022-05-30 10:10:00","2022-06-03 09:21:00",NULL,"44.450000762939446"
"113725","78564","62826","23370","307151","Complete","2022-08-06 01:33:56","2022-08-06 03:31:00","2022-08-09 23:10:00",NULL,"44.450000762939446"
"21645","14881","11885","17554","58510","Returned","2020-06-05 13:30:17","2020-06-08 03:22:00","2020-06-11 02:07:00","2020-06-11 14:47:00","44.450000762939446"
"131804","90918","72831","12364","355864","Returned","2020-04-27 11:06:10","2020-04-28 19:33:00","2020-04-29 17:07:00","2020-04-30 13:24:00","44.450000762939446"
"34783","23937","19109","23248","93966","Cancelled","2022-07-14 00:52:38",NULL,NULL,NULL,"44.450000762939446"
"66983","46079","36848","12364","180867","Cancelled","2021-07-14 07:45:21",NULL,NULL,NULL,"44.450000762939446"
"91113","62962","50411","23370","246128","Cancelled","2022-01-28 03:35:54",NULL,NULL,NULL,"44.450000762939446"
"130357","89912","72024","23248","351963","Cancelled","2021-01-02 03:44:39",NULL,NULL,NULL,"44.450000762939446"
"51281","35347","28221","17554","138411","Processing","2021-12-16 03:04:22",NULL,NULL,NULL,"44.450000762939446"
"99722","68927","55111","23248","269351","Processing","2022-03-06 10:05:58",NULL,NULL,NULL,"44.450000762939446"
"128772","88810","71136","153","347700","Shipped","2022-01-29 06:57:39","2022-01-30 08:14:00",NULL,NULL,"46.450000762939446"
"134842","93029","74525","153","364130","Shipped","2022-02-08 21:37:07","2022-02-09 20:54:00",NULL,NULL,"46.450000762939446"
"168953","116526","93420","153","456253","Shipped","2021-12-22 14:14:27","2021-12-20 18:12:00",NULL,NULL,"46.450000762939446"
"55643","38355","30656","153","150138","Complete","2021-02-06 10:18:47","2021-02-04 14:25:00","2021-02-05 14:03:00",NULL,"46.450000762939446"
"100256","69292","55408","6579","270764","Complete","2021-08-27 21:52:17","2021-08-28 13:21:00","2021-08-29 18:20:00",NULL,"46.450000762939446"
"178368","123027","98678","153","481678","Complete","2021-05-21 09:04:30","2021-05-19 03:49:00","2021-05-19 05:23:00",NULL,"46.450000762939446"
"155792","107479","86230","153","420646","Returned","2022-07-24 16:34:06","2022-07-24 04:23:00","2022-07-24 11:58:00","2022-07-24 14:21:00","46.450000762939446"
"43003","29590","23603","6579","116129","Cancelled","2021-04-18 02:12:17",NULL,NULL,NULL,"46.450000762939446"
"45584","31385","25054","6579","123087","Cancelled","2022-06-29 08:26:11",NULL,NULL,NULL,"46.450000762939446"
"149763","103360","82909","6579","404429","Cancelled","2022-01-11 23:16:34",NULL,NULL,NULL,"46.450000762939446"
"8299","5687","4599","153","22502","Processing","2022-07-07 03:32:10",NULL,NULL,NULL,"46.450000762939446"
"43392","29851","23800","153","117168","Processing","2021-12-31 14:58:23",NULL,NULL,NULL,"46.450000762939446"
"69182","47635","38076","6579","186750","Processing","2022-07-27 01:20:49",NULL,NULL,NULL,"46.450000762939446"
"113662","78519","62791","6579","306981","Processing","2021-08-22 14:13:21",NULL,NULL,NULL,"46.450000762939446"
"57897","39901","31888","14654","156249","Shipped","2021-11-02 02:26:51","2021-11-03 20:03:00",NULL,NULL,"48.450000762939446"
"157222","108448","86975","14654","424513","Complete","2020-10-04 14:20:39","2020-10-05 07:17:00","2020-10-08 20:35:00",NULL,"48.450000762939446"
"178529","123144","98774","14654","482132","Complete","2020-06-15 02:56:55","2020-06-16 02:46:00","2020-06-21 01:29:00",NULL,"48.450000762939446"
"3842","2611","2111","26807","10403","Shipped","2022-04-14 12:19:03","2022-04-16 09:56:00",NULL,NULL,"52.450000762939446"
"4276","2916","2343","25984","11596","Shipped","2021-08-02 08:26:13","2021-08-03 14:57:00",NULL,NULL,"52.450000762939446"
"26727","18413","14701","26726","72246","Shipped","2021-02-22 00:23:39","2021-02-21 10:17:00",NULL,NULL,"52.450000762939446"
"45552","31363","25038","26057","123001","Shipped","2022-05-30 23:17:59","2022-05-28 18:50:00",NULL,NULL,"52.450000762939446"
"76593","52794","42244","26807","206820","Shipped","2022-07-13 08:16:57","2022-07-12 13:28:00",NULL,NULL,"52.450000762939446"
"121559","83886","67156","26807","328214","Shipped","2021-05-26 05:32:27","2021-05-27 22:21:00",NULL,NULL,"52.450000762939446"
"151695","104659","83974","26807","409689","Shipped","2021-06-28 14:06:39","2021-06-30 23:40:00",NULL,NULL,"52.450000762939446"
"156440","107915","86565","26807","422394","Shipped","2022-05-31 02:43:55","2022-06-01 08:48:00",NULL,NULL,"52.450000762939446"
"166766","115008","92184","25984","450393","Shipped","2022-07-11 06:07:17","2022-07-12 13:32:00",NULL,NULL,"52.450000762939446"
"16470","11327","9108","25984","44580","Complete","2021-07-14 10:16:52","2021-07-15 04:52:00","2021-07-15 07:56:00",NULL,"52.450000762939446"
"21462","14763","11799","26726","58013","Complete","2021-01-05 05:17:16","2021-01-06 09:36:00","2021-01-07 11:51:00",NULL,"52.450000762939446"
"63048","43402","34697","26726","170222","Complete","2022-03-02 21:59:26","2022-03-04 07:38:00","2022-03-05 02:35:00",NULL,"52.450000762939446"
"70198","48339","38655","26057","189511","Complete","2019-10-19 11:14:26","2019-10-21 19:16:00","2019-10-24 18:43:00",NULL,"52.450000762939446"
"95296","65866","52683","26807","257413","Complete","2022-05-01 11:43:58","2022-05-01 12:41:00","2022-05-01 23:19:00",NULL,"52.450000762939446"
"105596","72960","58358","26807","285221","Complete","2021-09-05 14:53:55","2021-09-07 21:44:00","2021-09-11 16:46:00",NULL,"52.450000762939446"
"110449","76291","61013","25984","298294","Complete","2021-04-18 02:23:15","2021-04-17 02:48:00","2021-04-18 01:36:00",NULL,"52.450000762939446"
"152686","105356","84524","25563","412337","Complete","2021-07-29 16:14:12","2021-07-29 04:18:00","2021-07-29 16:55:00",NULL,"52.450000762939446"
"3935","2679","2157","26807","10649","Returned","2022-08-05 02:36:13","2022-08-01 21:10:00","2022-08-05 22:14:00","2022-08-08 18:17:00","52.450000762939446"
"36512","25135","20095","26807","98570","Returned","2022-08-27 01:44:07","2022-08-28 12:29:00","2022-08-28 19:12:00","2022-08-30 00:14:00","52.450000762939446"
"43769","30107","24003","26726","118209","Returned","2022-08-28 13:07:31","2022-08-28 16:01:00","2022-08-30 06:37:00","2022-08-31 17:28:00","52.450000762939446"
"48621","33494","26754","25984","131213","Returned","2021-03-14 07:01:49","2021-03-11 16:54:00","2021-03-16 03:27:00","2021-03-19 02:17:00","52.450000762939446"
"88023","60839","48698","25984","237790","Returned","2021-07-08 06:47:14","2021-07-11 00:12:00","2021-07-15 21:26:00","2021-07-17 18:36:00","52.450000762939446"
"176431","121675","97586","25563","476491","Returned","2020-10-18 00:05:34","2020-10-14 20:39:00","2020-10-18 07:29:00","2020-10-18 11:47:00","52.450000762939446"
"103726","71683","57312","25984","280204","Cancelled","2021-10-30 10:53:41",NULL,NULL,NULL,"52.450000762939446"
"1683","1171","951","26807","4557","Processing","2022-08-23 08:13:21",NULL,NULL,NULL,"52.450000762939446"
"3897","2653","2141","25984","10547","Processing","2020-10-10 23:09:30",NULL,NULL,NULL,"52.450000762939446"
"40135","27627","22067","25563","108336","Processing","2022-05-28 00:02:46",NULL,NULL,NULL,"52.450000762939446"
"87898","60750","48639","26057","237442","Processing","2022-08-11 01:09:15",NULL,NULL,NULL,"52.450000762939446"
"102003","70489","56358","26807","275493","Processing","2021-07-16 10:34:40",NULL,NULL,NULL,"52.450000762939446"
"128114","88359","70770","26057","345921","Processing","2022-07-24 13:51:19",NULL,NULL,NULL,"52.450000762939446"
"172103","118676","95145","26726","464828","Processing","2021-04-19 03:57:45",NULL,NULL,NULL,"52.450000762939446"
"8974","6151","4969","7297","24337","Shipped","2020-02-09 04:03:32","2020-02-09 08:12:00",NULL,NULL,"54.450000762939446"
"11052","7602","6173","7297","29946","Shipped","2022-02-28 17:51:31","2022-03-01 08:19:00",NULL,NULL,"54.450000762939446"
"14810","10189","8193","28271","40119","Shipped","2021-04-23 15:05:25","2021-04-24 19:08:00",NULL,NULL,"54.450000762939446"
"47365","32635","26057","18263","127849","Shipped","2022-05-13 01:52:09","2022-05-11 01:01:00",NULL,NULL,"54.450000762939446"
"82472","56921","45514","27595","222711","Shipped","2022-08-02 11:37:14","2022-08-02 21:26:00",NULL,NULL,"54.450000762939446"
"84393","58307","46634","28271","227931","Shipped","2019-12-28 01:06:32","2019-12-29 23:46:00",NULL,NULL,"54.450000762939446"
"86511","59767","47817","7297","233696","Shipped","2022-09-05 11:36:53.506635","2022-09-06 14:57:06.506635",NULL,NULL,"54.450000762939446"
"101203","69933","55921","7297","273314","Shipped","2021-09-24 06:41:17","2021-09-22 02:33:00",NULL,NULL,"54.450000762939446"
"112586","77763","62200","28271","304083","Shipped","2022-08-25 10:19:21","2022-08-25 13:55:00",NULL,NULL,"54.450000762939446"
"150002","103515","83031","7297","405092","Shipped","2022-09-08 11:40:30.349094","2022-09-04 18:35:45.349094",NULL,NULL,"54.450000762939446"
"152510","105229","84430","27595","411875","Shipped","2022-02-09 13:13:14","2022-02-10 13:33:00",NULL,NULL,"54.450000762939446"
"164135","113216","90783","23629","443230","Shipped","2022-01-16 02:01:15","2022-01-16 11:29:00",NULL,NULL,"54.450000762939446"
"172475","118943","95357","28271","465828","Shipped","2022-08-04 06:03:22","2022-08-06 09:27:00",NULL,NULL,"54.450000762939446"
"5285","3606","2948","7297","14303","Complete","2022-08-11 10:29:33","2022-08-11 22:37:00","2022-08-16 05:45:00",NULL,"54.450000762939446"
"33859","23317","18617","23629","91470","Complete","2022-06-08 01:03:55","2022-06-08 05:30:00","2022-06-12 00:05:00",NULL,"54.450000762939446"
"39186","26981","21548","23629","105802","Complete","2021-08-21 09:41:51","2021-08-19 14:45:00","2021-08-21 10:03:00",NULL,"54.450000762939446"
"57943","39928","31914","28271","156371","Complete","2022-03-18 01:03:15","2022-03-17 18:49:00","2022-03-21 08:44:00",NULL,"54.450000762939446"
"83848","57904","46298","28271","226462","Complete","2021-12-14 02:29:11","2021-12-16 23:26:00","2021-12-20 04:29:00",NULL,"54.450000762939446"
"85205","58882","47074","27595","230150","Complete","2020-08-04 06:05:28","2020-08-06 05:56:00","2020-08-10 16:49:00",NULL,"54.450000762939446"
"126217","87057","69675","27595","340784","Complete","2022-01-10 09:52:27","2022-01-09 03:57:00","2022-01-09 05:12:00",NULL,"54.450000762939446"
"141541","97627","78287","7297","382180","Complete","2022-05-21 02:08:35","2022-05-22 22:42:00","2022-05-26 23:10:00",NULL,"54.450000762939446"
"143433","98976","79362","23629","387265","Complete","2022-09-05 01:20:55.639188","2022-09-01 15:59:07.639188","2022-09-02 14:37:07.639188",NULL,"54.450000762939446"
"144439","99656","79904","23629","389983","Complete","2022-07-04 21:50:37","2022-07-05 14:25:00","2022-07-09 10:31:00",NULL,"54.450000762939446"
"160235","110542","88642","7297","432642","Complete","2021-07-06 00:16:23","2021-07-06 12:48:00","2021-07-08 15:11:00",NULL,"54.450000762939446"
"164623","113544","91039","7297","444577","Complete","2022-09-01 08:59:58","2022-09-02 08:55:00","2022-09-03 18:38:00",NULL,"54.450000762939446"
"166601","114888","92102","28016","449958","Complete","2020-12-14 06:32:38","2020-12-12 01:48:00","2020-12-16 16:42:00",NULL,"54.450000762939446"
"168542","116234","93194","28271","455151","Complete","2020-05-18 12:38:17","2020-05-20 16:20:00","2020-05-20 22:08:00",NULL,"54.450000762939446"
"11441","7871","6380","18263","30996","Returned","2020-01-10 01:33:33","2020-01-11 00:04:00","2020-01-15 18:14:00","2020-01-17 19:35:00","54.450000762939446"
"56330","38831","31045","7297","152026","Returned","2019-01-23 08:22:55","2019-01-23 00:31:00","2019-01-26 09:07:00","2019-01-27 08:30:00","54.450000762939446"
"63759","43897","35108","18263","172124","Returned","2022-02-05 10:03:28","2022-02-08 08:52:00","2022-02-09 20:58:00","2022-02-12 20:43:00","54.450000762939446"
"73232","50439","40373","28016","197744","Returned","2022-09-01 09:26:17","2022-08-31 12:00:00","2022-09-03 09:53:00","2022-09-05 18:46:00","54.450000762939446"
"117468","81086","64946","28271","317201","Returned","2022-08-09 15:49:47","2022-08-11 06:14:00","2022-08-13 10:03:00","2022-08-15 04:29:00","54.450000762939446"
"119020","82166","65789","28271","321353","Returned","2022-09-03 10:16:20.856655","2022-09-03 15:40:08.856655","2022-09-05 10:23:08.856655","2022-09-06 00:06:08.856655","54.450000762939446"
"131248","90531","72528","7297","354373","Returned","2022-06-11 00:43:46","2022-06-11 04:22:00","2022-06-13 00:25:00","2022-06-14 07:47:00","54.450000762939446"
"136658","94301","75586","28271","369018","Returned","2020-06-04 09:54:36","2020-06-07 02:53:00","2020-06-09 07:47:00","2020-06-09 08:45:00","54.450000762939446"
"21440","14747","11786","7297","57956","Cancelled","2022-06-13 02:02:46",NULL,NULL,NULL,"54.450000762939446"
"41181","28321","22593","7297","111181","Cancelled","2022-07-13 14:12:36",NULL,NULL,NULL,"54.450000762939446"
"119301","82354","65939","28016","322112","Cancelled","2021-03-17 00:51:16",NULL,NULL,NULL,"54.450000762939446"
"124022","85557","68460","28016","334825","Cancelled","2021-11-08 07:37:52",NULL,NULL,NULL,"54.450000762939446"
"31367","21580","17264","7297","84773","Processing","2021-11-29 01:20:15",NULL,NULL,NULL,"54.450000762939446"
"74718","51488","41202","18263","201733","Processing","2022-08-20 22:27:13",NULL,NULL,NULL,"54.450000762939446"
"101823","70364","56264","28016","274992","Processing","2022-05-27 08:10:09",NULL,NULL,NULL,"54.450000762939446"
"109458","75611","60437","18263","295667","Processing","2021-11-11 09:54:35",NULL,NULL,NULL,"54.450000762939446"
"121019","83520","66880","28271","326763","Processing","2022-07-14 16:42:48",NULL,NULL,NULL,"54.450000762939446"
"154055","106296","85258","23629","416010","Processing","2021-03-08 00:35:30",NULL,NULL,NULL,"54.450000762939446"
"1426","987","827","2525","3874","Shipped","2022-02-08 15:55:05","2022-02-08 23:28:00",NULL,NULL,"58.450000762939446"
"36651","25221","20162","10501","98941","Shipped","2021-10-27 14:39:01","2021-10-27 09:32:00",NULL,NULL,"58.450000762939446"
"55551","38292","30603","9575","149891","Shipped","2021-05-21 00:44:20","2021-05-21 23:05:00",NULL,NULL,"58.450000762939446"
"79169","54585","43671","22344","213757","Shipped","2020-05-21 08:01:11","2020-05-20 11:50:00",NULL,NULL,"58.450000762939446"
"82693","57085","45631","10501","223332","Shipped","2020-09-20 03:27:26","2020-09-22 14:17:00",NULL,NULL,"58.450000762939446"
"93060","64307","51461","10501","251352","Shipped","2019-09-17 22:03:10","2019-09-19 07:18:00",NULL,NULL,"58.450000762939446"
"104515","72220","57740","22344","282327","Shipped","2022-01-21 22:31:41","2022-01-21 08:38:00",NULL,NULL,"58.450000762939446"
"104885","72473","57940","22344","283317","Shipped","2022-05-29 07:44:42","2022-05-30 00:37:00",NULL,NULL,"58.450000762939446"
"107348","74162","59290","22344","289951","Shipped","2022-03-27 15:48:15","2022-03-30 14:56:00",NULL,NULL,"58.450000762939446"
"131222","90512","72505","9575","354302","Shipped","2021-09-22 22:37:39","2021-09-24 07:27:00",NULL,NULL,"58.450000762939446"
"132939","91722","73469","2525","358973","Shipped","2022-07-03 02:56:08","2022-07-02 17:48:00",NULL,NULL,"58.450000762939446"
"135679","93633","75013","22344","366388","Shipped","2022-03-23 16:16:41","2022-03-26 15:24:00",NULL,NULL,"58.450000762939446"
"141017","97268","78011","9575","380747","Shipped","2021-11-09 06:36:33","2021-11-11 02:52:00",NULL,NULL,"58.450000762939446"
"150181","103630","83120","22344","405602","Shipped","2022-07-12 07:18:09","2022-07-14 00:45:00",NULL,NULL,"58.450000762939446"
"177659","122529","98276","2525","479798","Shipped","2019-12-22 12:00:22","2019-12-21 03:21:00",NULL,NULL,"58.450000762939446"
"179127","123546","99103","22344","483731","Shipped","2020-04-16 00:12:41","2020-04-16 05:59:00",NULL,NULL,"58.450000762939446"
"11136","7659","6215","22344","30177","Complete","2020-02-26 02:28:13","2020-02-28 10:33:00","2020-03-02 14:45:00",NULL,"58.450000762939446"
"26278","18100","14458","9575","71025","Complete","2022-01-13 08:35:02","2022-01-13 19:47:00","2022-01-16 07:45:00",NULL,"58.450000762939446"
"50583","34849","27810","22344","136535","Complete","2022-03-30 14:56:07","2022-03-29 05:00:00","2022-04-02 15:09:00",NULL,"58.450000762939446"
"60710","41810","33421","10501","163905","Complete","2022-03-15 03:01:26","2022-03-12 11:01:00","2022-03-12 12:59:00",NULL,"58.450000762939446"
"138616","95654","76688","22344","374305","Complete","2022-07-23 02:19:38","2022-07-23 10:05:00","2022-07-28 03:48:00",NULL,"58.450000762939446"
"172604","119029","95413","10501","466175","Complete","2021-08-10 02:44:01","2021-08-12 21:05:00","2021-08-13 18:20:00",NULL,"58.450000762939446"
"4534","3110","2520","9575","12294","Returned","2022-08-27 22:07:35","2022-08-30 18:59:00","2022-08-31 03:31:00","2022-09-01 18:18:00","58.450000762939446"
"121832","84063","67299","10501","328950","Returned","2019-11-30 09:21:33","2019-11-30 18:19:00","2019-12-05 17:49:00","2019-12-08 06:45:00","58.450000762939446"
"152976","105536","84673","2525","413104","Returned","2021-05-03 06:42:03","2021-05-04 05:16:00","2021-05-05 03:46:00","2021-05-05 22:45:00","58.450000762939446"
"29000","19970","15944","10501","78405","Cancelled","2019-02-27 06:19:16",NULL,NULL,NULL,"58.450000762939446"
"73367","50540","40449","2525","198103","Cancelled","2020-09-12 12:12:50",NULL,NULL,NULL,"58.450000762939446"
"95665","66122","52877","9575","258424","Cancelled","2022-07-19 11:18:58",NULL,NULL,NULL,"58.450000762939446"
"135417","93440","74860","10501","365682","Cancelled","2021-09-26 07:50:53",NULL,NULL,NULL,"58.450000762939446"
"154837","106838","85728","22344","418103","Cancelled","2021-06-29 03:18:39",NULL,NULL,NULL,"58.450000762939446"
"46732","32178","25701","2525","126174","Processing","2021-12-16 06:13:05",NULL,NULL,NULL,"58.450000762939446"
"50155","34543","27580","2525","135387","Processing","2022-02-27 08:54:11",NULL,NULL,NULL,"58.450000762939446"
"107130","74021","59181","22344","289355","Processing","2019-09-22 09:22:15",NULL,NULL,NULL,"58.450000762939446"
"115632","79860","63905","22344","312292","Processing","2020-12-06 13:30:00",NULL,NULL,NULL,"58.450000762939446"
"156006","107623","86333","2525","421215","Processing","2020-12-29 16:21:55",NULL,NULL,NULL,"58.450000762939446"
"169322","116777","93628","9575","457241","Processing","2021-09-19 15:54:06",NULL,NULL,NULL,"58.450000762939446"
"81311","56088","44827","6132","219588","Shipped","2021-08-08 12:08:32","2021-08-10 08:35:00",NULL,NULL,"38.700000762939446"
"26827","18485","14760","6132","72508","Complete","2021-09-25 03:43:51","2021-09-26 05:41:00","2021-09-30 20:48:00",NULL,"38.700000762939446"
"116624","80518","64468","6132","314983","Complete","2022-07-25 14:29:23","2022-07-27 22:53:00","2022-08-01 20:44:00",NULL,"38.700000762939446"
"19309","13268","10639","6132","52248","Cancelled","2021-08-12 06:41:08",NULL,NULL,NULL,"38.700000762939446"
"16577","11402","9172","6132","44864","Processing","2021-05-10 10:52:11",NULL,NULL,NULL,"38.700000762939446"
"79409","54760","43798","6132","214408","Processing","2022-09-02 04:19:55",NULL,NULL,NULL,"38.700000762939446"
"130118","89744","71880","6132","351320","Processing","2022-05-20 15:24:05",NULL,NULL,NULL,"38.700000762939446"
"167841","115745","92783","64","453252","Shipped","2021-11-13 00:16:50","2021-11-15 23:24:00",NULL,NULL,"46.700000762939446"
"106519","73609","58861","64","287718","Complete","2022-04-15 06:56:51","2022-04-15 18:35:00","2022-04-15 19:57:00",NULL,"46.700000762939446"
"18006","12384","9961","64","48784","Cancelled","2022-08-17 07:25:08",NULL,NULL,NULL,"46.700000762939446"
"110758","76511","61194","64","299120","Processing","2022-01-29 22:39:58",NULL,NULL,NULL,"46.700000762939446"
"78801","54334","43487","22311","212736","Shipped","2022-08-05 00:55:31","2022-08-06 17:25:00",NULL,NULL,"48.700000762939446"
"51602","35571","28425","22311","139285","Complete","2020-05-01 02:56:16","2020-05-02 03:02:00","2020-05-06 01:53:00",NULL,"48.700000762939446"
"93138","64362","51501","22311","251557","Returned","2020-06-08 01:44:33","2020-06-04 12:12:00","2020-06-08 09:55:00","2020-06-11 04:42:00","48.700000762939446"
"117965","81425","65210","22311","318553","Cancelled","2022-06-27 08:00:45",NULL,NULL,NULL,"48.700000762939446"
"158765","109505","87814","22311","428663","Cancelled","2022-08-23 21:27:40",NULL,NULL,NULL,"48.700000762939446"
"62712","43186","34534","22311","169303","Processing","2022-09-05 12:16:12.352473",NULL,NULL,NULL,"48.700000762939446"
"19366","13312","10677","19307","52402","Shipped","2019-11-27 21:59:54","2019-11-27 02:30:00",NULL,NULL,"54.700000762939446"
"26812","18476","14754","19307","72468","Shipped","2019-12-22 15:44:09","2019-12-24 14:47:00",NULL,NULL,"54.700000762939446"
"93141","64363","51501","19307","251564","Shipped","2020-07-26 00:34:50","2020-07-28 15:33:00",NULL,NULL,"54.700000762939446"
"109704","75777","60581","19307","296334","Shipped","2022-01-06 11:02:04","2022-01-03 13:09:00",NULL,NULL,"54.700000762939446"
"19809","13628","10914","19307","53610","Complete","2021-08-10 05:56:11","2021-08-08 10:45:00","2021-08-09 14:12:00",NULL,"54.700000762939446"
"167348","115406","92508","19307","451960","Complete","2021-05-20 12:25:18","2021-05-20 12:34:00","2021-05-25 00:19:00",NULL,"54.700000762939446"
"17987","12368","9946","19307","48731","Processing","2021-04-11 10:20:12",NULL,NULL,NULL,"54.700000762939446"
"4354","2973","2387","18019","11811","Shipped","2022-03-24 04:00:39","2022-03-25 11:57:00",NULL,NULL,"56.700000762939446"
"38260","26337","21045","19459","103292","Shipped","2022-09-04 12:54:06","2022-09-06 21:55:00",NULL,NULL,"56.700000762939446"
"175234","120844","96880","19459","473237","Shipped","2022-08-11 13:43:43","2022-08-12 12:11:00",NULL,NULL,"56.700000762939446"
"45045","31015","24759","19459","121652","Complete","2022-05-30 11:40:36","2022-05-30 22:36:00","2022-06-01 12:49:00",NULL,"56.700000762939446"
"129313","89178","71443","19459","349170","Cancelled","2022-06-05 07:57:58",NULL,NULL,NULL,"56.700000762939446"
"3800","2580","2090","19459","10280","Processing","2021-03-14 01:44:45",NULL,NULL,NULL,"56.700000762939446"
"110065","76025","60796","19459","297288","Processing","2022-09-02 13:29:42",NULL,NULL,NULL,"56.700000762939446"
"35524","24454","19540","19458","95945","Shipped","2021-12-22 18:05:38","2021-12-23 12:57:00",NULL,NULL,"62.700000762939446"
"41428","28492","22731","19458","111831","Shipped","2022-07-28 04:56:02","2022-07-29 05:43:00",NULL,NULL,"62.700000762939446"
"142139","98050","78622","19458","383783","Shipped","2022-09-03 06:09:21","2022-09-06 03:07:00",NULL,NULL,"62.700000762939446"
"64501","44394","35503","19458","174141","Complete","2021-07-20 04:54:48","2021-07-21 06:34:00","2021-07-21 15:02:00",NULL,"62.700000762939446"
"148187","102258","82031","19458","400119","Complete","2020-11-30 02:40:02","2020-11-30 08:37:00","2020-12-05 07:28:00",NULL,"62.700000762939446"
"543","390","339","16740","1432","Shipped","2022-03-08 02:33:05","2022-03-09 11:29:00",NULL,NULL,"36.950000762939446"
"779","555","467","8475","2088","Shipped","2020-09-21 02:39:29","2020-09-22 13:09:00",NULL,NULL,"36.950000762939446"
"4278","2917","2343","20192","11600","Shipped","2021-01-14 09:36:01","2021-01-11 15:33:00",NULL,NULL,"36.950000762939446"
"5886","4005","3252","9121","15926","Shipped","2022-01-19 00:17:50","2022-01-21 10:52:00",NULL,NULL,"36.950000762939446"
"7746","5313","4299","20192","21010","Shipped","2021-10-01 06:46:17","2021-09-29 05:32:00",NULL,NULL,"36.950000762939446"
"7825","5362","4339","26534","21228","Shipped","2022-07-05 12:54:00","2022-07-05 05:15:00",NULL,NULL,"36.950000762939446"
"9414","6472","5257","20294","25532","Shipped","2021-01-08 00:47:08","2021-01-10 19:58:00",NULL,NULL,"36.950000762939446"
"9807","6744","5463","13211","26602","Shipped","2022-06-07 11:54:54","2022-06-09 00:58:00",NULL,NULL,"36.950000762939446"
"10749","7392","6014","12479","29134","Shipped","2021-11-07 14:22:15","2021-11-04 14:21:00",NULL,NULL,"36.950000762939446"
"14344","9872","7959","12487","38870","Shipped","2020-11-24 12:34:10","2020-11-23 02:56:00",NULL,NULL,"36.950000762939446"
"26201","18052","14422","20167","70814","Shipped","2022-08-22 00:33:35","2022-08-23 17:01:00",NULL,NULL,"36.950000762939446"
"26347","18157","14510","12487","71212","Shipped","2022-01-29 04:26:22","2022-01-30 12:25:00",NULL,NULL,"36.950000762939446"
"30632","21097","16886","20189","82826","Shipped","2019-04-20 08:28:25","2019-04-19 01:41:00",NULL,NULL,"36.950000762939446"
"31418","21616","17287","9121","84926","Shipped","2021-05-05 16:56:46","2021-05-07 14:50:00",NULL,NULL,"36.950000762939446"
"35084","24146","19274","20192","94778","Shipped","2022-07-14 21:14:34","2022-07-16 04:08:00",NULL,NULL,"36.950000762939446"
"36244","24957","19945","28694","97861","Shipped","2019-08-31 02:20:53","2019-08-28 10:11:00",NULL,NULL,"36.950000762939446"
"37334","25708","20541","9121","100813","Shipped","2022-06-01 03:17:29","2022-06-03 05:30:00",NULL,NULL,"36.950000762939446"
"44324","30504","24349","12370","119714","Shipped","2021-10-27 07:08:42","2021-10-29 10:08:00",NULL,NULL,"36.950000762939446"
"45256","31162","24873","18117","122218","Shipped","2021-05-31 13:28:18","2021-05-31 21:41:00",NULL,NULL,"36.950000762939446"
"46484","31999","25550","20189","125528","Shipped","2020-06-22 04:30:27","2020-06-24 12:50:00",NULL,NULL,"36.950000762939446"
"46823","32251","25763","27382","126414","Shipped","2021-01-03 04:39:57","2021-01-05 07:14:00",NULL,NULL,"36.950000762939446"
"46828","32256","25766","964","126430","Shipped","2022-05-04 00:01:32","2022-05-04 07:02:00",NULL,NULL,"36.950000762939446"
"47772","32914","26292","24980","128941","Shipped","2021-04-19 09:14:36","2021-04-17 12:30:00",NULL,NULL,"36.950000762939446"
"49304","33952","27114","24509","133080","Shipped","2022-01-17 08:46:02","2022-01-19 12:46:00",NULL,NULL,"36.950000762939446"
"54734","37735","30150","20063","147709","Shipped","2019-07-06 05:47:42","2019-07-06 02:51:00",NULL,NULL,"36.950000762939446"
"54747","37744","30158","26241","147745","Shipped","2022-01-05 12:16:10","2022-01-07 07:14:00",NULL,NULL,"36.950000762939446"
"56368","38853","31063","20100","152130","Shipped","2022-01-22 07:46:51","2022-01-18 12:28:00",NULL,NULL,"36.950000762939446"
"56576","39001","31177","8475","152691","Shipped","2020-10-06 00:07:04","2020-10-05 20:44:00",NULL,NULL,"36.950000762939446"
"58595","40388","32259","12318","158147","Shipped","2022-08-07 08:26:48","2022-08-06 12:01:00",NULL,NULL,"36.950000762939446"
"60702","41805","33415","20181","163882","Shipped","2021-11-06 08:46:47","2021-11-05 23:55:00",NULL,NULL,"36.950000762939446"
"68491","47140","37705","12062","184896","Shipped","2022-01-24 17:41:58","2022-01-23 02:43:00",NULL,NULL,"36.950000762939446"
"68994","47492","37984","12370","186250","Shipped","2021-10-01 04:40:51","2021-10-01 09:16:00",NULL,NULL,"36.950000762939446"
"75219","51829","41463","2000","203080","Shipped","2021-06-05 07:36:17","2021-06-07 19:58:00",NULL,NULL,"36.950000762939446"
"76915","53038","42438","854","207706","Shipped","2021-05-10 03:58:34","2021-05-06 08:42:00",NULL,NULL,"36.950000762939446"
"77802","53642","42922","16740","210032","Shipped","2022-07-19 00:23:40","2022-07-19 14:49:00",NULL,NULL,"36.950000762939446"
"78062","53833","43057","16740","210745","Shipped","2022-08-27 08:31:51","2022-08-28 19:28:00",NULL,NULL,"36.950000762939446"
"81267","56056","44802","20178","219475","Shipped","2019-12-05 01:51:18","2019-12-03 15:29:00",NULL,NULL,"36.950000762939446"
"83827","57892","46285","20167","226405","Shipped","2021-12-04 14:04:21","2021-12-06 02:09:00",NULL,NULL,"36.950000762939446"
"85341","58975","47146","24509","230516","Shipped","2021-05-28 05:51:22","2021-05-29 19:31:00",NULL,NULL,"36.950000762939446"
"86416","59709","47773","12391","233435","Shipped","2021-10-18 14:55:03","2021-10-18 22:40:00",NULL,NULL,"36.950000762939446"
"87810","60684","48593","20294","237209","Shipped","2022-08-14 17:52:07","2022-08-16 10:17:00",NULL,NULL,"36.950000762939446"
"89991","62202","49790","27651","243095","Shipped","2021-12-19 17:11:07","2021-12-20 00:26:00",NULL,NULL,"36.950000762939446"
"90414","62494","50031","26864","244243","Shipped","2022-05-26 13:25:05","2022-05-29 08:04:00",NULL,NULL,"36.950000762939446"
"93412","64547","51648","20181","252279","Shipped","2019-12-05 16:21:27","2019-12-07 00:46:00",NULL,NULL,"36.950000762939446"
"99961","69098","55250","12487","269996","Shipped","2022-06-21 13:44:48","2022-06-18 06:28:00",NULL,NULL,"36.950000762939446"
"101806","70353","56253","5218","274944","Shipped","2021-03-30 16:10:04","2021-04-01 02:49:00",NULL,NULL,"36.950000762939446"
"105076","72616","58059","27651","283827","Shipped","2022-08-23 02:45:39","2022-08-21 20:06:00",NULL,NULL,"36.950000762939446"
"105104","72636","58083","13211","283902","Shipped","2020-09-12 05:15:38","2020-09-12 04:35:00",NULL,NULL,"36.950000762939446"
"108695","75095","60038","25924","293613","Shipped","2022-08-27 01:37:35","2022-08-28 20:58:00",NULL,NULL,"36.950000762939446"
"111176","76810","61449","12318","300255","Shipped","2020-07-01 15:43:36","2020-07-01 19:33:00",NULL,NULL,"36.950000762939446"
"113040","78083","62462","12062","305326","Shipped","2022-06-29 10:57:25","2022-07-01 11:49:00",NULL,NULL,"36.950000762939446"
"115853","80002","64025","5218","312886","Shipped","2021-03-30 15:50:50","2021-03-30 22:48:00",NULL,NULL,"36.950000762939446"
"116651","80535","64478","26534","315057","Shipped","2022-07-16 09:57:32","2022-07-17 15:15:00",NULL,NULL,"36.950000762939446"
"117346","81000","64869","20297","316881","Shipped","2022-05-26 00:40:10","2022-05-26 06:39:00",NULL,NULL,"36.950000762939446"
"117638","81207","65043","28694","317659","Shipped","2022-04-01 13:36:58","2022-03-31 08:25:00",NULL,NULL,"36.950000762939446"
"117866","81359","65155","26534","318291","Shipped","2019-03-03 14:44:39","2019-03-04 05:21:00",NULL,NULL,"36.950000762939446"
"120485","83158","66584","9121","325338","Shipped","2021-11-12 04:56:16","2021-11-12 02:10:00",NULL,NULL,"36.950000762939446"
"121008","83513","66874","26241","326735","Shipped","2022-07-02 12:54:58","2022-07-02 15:05:00",NULL,NULL,"36.950000762939446"
"121924","84119","67338","27382","329200","Shipped","2021-06-08 05:27:49","2021-06-07 07:51:00",NULL,NULL,"36.950000762939446"
"122490","84507","67644","20310","330733","Shipped","2022-08-05 11:57:15","2022-08-04 19:31:00",NULL,NULL,"36.950000762939446"
"123079","84909","67949","12391","332338","Shipped","2022-07-02 05:04:24","2022-07-04 01:40:00",NULL,NULL,"36.950000762939446"
"127364","87829","70316","20100","343854","Shipped","2019-12-31 14:16:23","2019-12-29 21:04:00",NULL,NULL,"36.950000762939446"
"136226","94010","75349","12318","367860","Shipped","2021-08-13 14:51:38","2021-08-13 21:25:00",NULL,NULL,"36.950000762939446"
"137342","94768","75967","854","370846","Shipped","2020-06-08 03:52:14","2020-06-07 04:35:00",NULL,NULL,"36.950000762939446"
"137749","95054","76200","12487","371926","Shipped","2022-07-10 07:52:32","2022-07-08 23:30:00",NULL,NULL,"36.950000762939446"
"150347","103742","83226","20310","406057","Shipped","2022-08-28 07:05:08","2022-08-29 03:22:00",NULL,NULL,"36.950000762939446"
"156944","108255","86820","25924","423749","Shipped","2020-08-18 02:01:43","2020-08-19 15:39:00",NULL,NULL,"36.950000762939446"
"157334","108517","87026","11238","424820","Shipped","2021-02-26 00:12:57","2021-02-25 03:19:00",NULL,NULL,"36.950000762939446"
"160363","110635","88711","24980","432986","Shipped","2021-12-23 07:49:25","2021-12-25 21:06:00",NULL,NULL,"36.950000762939446"
"164531","113486","90993","867","444323","Shipped","2022-09-02 03:48:48.322333","2022-08-31 10:36:22.322333",NULL,NULL,"36.950000762939446"
"165940","114445","91744","20063","448177","Shipped","2022-04-26 07:13:31","2022-04-27 03:00:00",NULL,NULL,"36.950000762939446"
"166188","114618","91889","20189","448848","Shipped","2022-04-18 03:52:18","2022-04-15 00:09:00",NULL,NULL,"36.950000762939446"
"167421","115451","92539","25924","452148","Shipped","2019-09-23 00:39:23","2019-09-20 16:56:00",NULL,NULL,"36.950000762939446"
"167936","115815","92849","12062","453497","Shipped","2022-09-03 05:38:59.329204","2022-09-03 12:39:12.329204",NULL,NULL,"36.950000762939446"
"169544","116925","93750","18117","457836","Shipped","2020-01-17 04:31:28","2020-01-15 15:51:00",NULL,NULL,"36.950000762939446"
"177668","122535","98278","24509","479821","Shipped","2020-05-19 14:25:19","2020-05-20 17:28:00",NULL,NULL,"36.950000762939446"
"177855","122668","98390","17539","480325","Shipped","2022-08-31 22:33:36","2022-09-02 01:09:00",NULL,NULL,"36.950000762939446"
"1189","824","692","27651","3216","Complete","2020-06-13 06:03:52","2020-06-09 12:12:00","2020-06-10 23:45:00",NULL,"36.950000762939446"
"2603","1784","1442","20178","7039","Complete","2022-01-03 05:48:34","2022-01-05 18:15:00","2022-01-09 20:08:00",NULL,"36.950000762939446"
"3378","2289","1838","20167","9133","Complete","2022-09-02 10:45:00","2022-09-02 20:48:00","2022-09-02 23:09:00",NULL,"36.950000762939446"
"7704","5279","4274","12487","20896","Complete","2022-01-06 14:12:38","2022-01-09 00:19:00","2022-01-11 10:38:00",NULL,"36.950000762939446"
"8554","5861","4742","20297","23211","Complete","2019-09-03 07:16:48","2019-09-02 03:00:00","2019-09-07 02:19:00",NULL,"36.950000762939446"
"9755","6715","5440","20178","26472","Complete","2022-06-04 14:18:35","2022-06-03 15:29:00","2022-06-04 23:45:00",NULL,"36.950000762939446"
"11668","8029","6515","13211","31617","Complete","2022-06-29 04:45:13","2022-06-29 12:03:00","2022-07-03 11:25:00",NULL,"36.950000762939446"
"12304","8485","6858","20178","33351","Complete","2022-09-01 21:03:50.453359","2022-09-02 23:35:48.453359","2022-09-07 02:27:48.453359",NULL,"36.950000762939446"
"20146","13850","11103","20297","54524","Complete","2022-08-31 21:27:32.54669","2022-09-03 05:13:40.54669","2022-09-07 18:05:40.54669",NULL,"36.950000762939446"
"24407","16793","13416","5218","65970","Complete","2022-04-02 17:24:15","2022-04-05 17:30:00","2022-04-06 14:26:00",NULL,"36.950000762939446"
"25763","17759","14184","20192","69630","Complete","2021-12-07 15:25:17","2021-12-08 03:20:00","2021-12-09 11:46:00",NULL,"36.950000762939446"
"31816","21887","17513","9121","85984","Complete","2021-03-02 06:13:54","2021-02-28 10:45:00","2021-03-02 21:27:00",NULL,"36.950000762939446"
"39234","27009","21571","12062","105932","Complete","2022-01-18 10:09:18","2022-01-21 01:13:00","2022-01-22 15:57:00",NULL,"36.950000762939446"
"40045","27564","22014","20100","108086","Complete","2020-04-18 04:19:34","2020-04-17 02:28:00","2020-04-19 04:18:00",NULL,"36.950000762939446"
"40516","27878","22255","20189","109379","Complete","2021-07-16 15:55:43","2021-07-18 14:31:00","2021-07-21 00:58:00",NULL,"36.950000762939446"
"41075","28249","22536","25924","110890","Complete","2021-09-16 14:13:05","2021-09-18 01:43:00","2021-09-22 10:54:00",NULL,"36.950000762939446"
"41120","28276","22557","12062","111010","Complete","2021-04-20 16:01:24","2021-04-20 22:30:00","2021-04-23 14:25:00",NULL,"36.950000762939446"
"45001","30984","24735","20178","121536","Complete","2022-08-29 07:33:59","2022-08-30 01:38:00","2022-08-31 02:24:00",NULL,"36.950000762939446"
"49450","34051","27185","27651","133473","Complete","2022-06-20 00:37:24","2022-06-18 16:01:00","2022-06-20 16:09:00",NULL,"36.950000762939446"
"52071","35886","28666","8475","140539","Complete","2021-12-23 03:27:03","2021-12-25 07:16:00","2021-12-27 16:45:00",NULL,"36.950000762939446"
"56650","39044","31208","18117","152899","Complete","2019-11-15 06:39:40","2019-11-15 06:38:00","2019-11-16 08:54:00",NULL,"36.950000762939446"
"65351","45000","35969","20310","176466","Complete","2021-09-08 23:48:31","2021-09-09 04:54:00","2021-09-09 11:00:00",NULL,"36.950000762939446"
"66280","45613","36463","18117","178979","Complete","2022-01-11 03:39:59","2022-01-11 23:31:00","2022-01-14 05:28:00",NULL,"36.950000762939446"
"68913","47434","37934","20192","186036","Complete","2022-03-24 09:20:35","2022-03-25 02:57:00","2022-03-27 20:53:00",NULL,"36.950000762939446"
"72070","49638","39733","20297","194561","Complete","2022-02-16 00:02:11","2022-02-12 14:53:00","2022-02-13 07:21:00",NULL,"36.950000762939446"
"75552","52059","41677","26864","203981","Complete","2020-10-26 02:22:34","2020-10-26 22:22:00","2020-10-30 21:45:00",NULL,"36.950000762939446"
"81889","56497","45159","20189","221140","Complete","2021-08-06 01:25:30","2021-08-06 04:19:00","2021-08-08 17:37:00",NULL,"36.950000762939446"
"83645","57770","46183","20297","225900","Complete","2021-01-18 08:15:42","2021-01-19 18:44:00","2021-01-21 23:40:00",NULL,"36.950000762939446"
"87470","60441","48387","24980","236298","Complete","2022-03-03 08:50:21","2022-02-27 12:20:00","2022-03-04 00:08:00",NULL,"36.950000762939446"
"91499","63223","50624","20181","247159","Complete","2022-05-13 02:49:59","2022-05-16 03:02:00","2022-05-19 19:55:00",NULL,"36.950000762939446"
"92599","63981","51216","964","250099","Complete","2021-08-16 23:59:18","2021-08-18 00:58:00","2021-08-21 15:54:00",NULL,"36.950000762939446"
"93354","64511","51624","20475","252121","Complete","2022-05-27 07:59:50","2022-05-28 16:57:00","2022-05-29 08:43:00",NULL,"36.950000762939446"
"94667","65395","52321","12262","255724","Complete","2020-07-07 12:49:10","2020-07-10 16:03:00","2020-07-12 07:03:00",NULL,"36.950000762939446"
"98360","67965","54324","5218","265710","Complete","2022-01-19 12:33:04","2022-01-18 12:06:00","2022-01-23 07:39:00",NULL,"36.950000762939446"
"98452","68027","54377","24980","265957","Complete","2020-11-03 10:08:49","2020-11-02 15:15:00","2020-11-06 05:12:00",NULL,"36.950000762939446"
"100592","69514","55599","26864","271659","Complete","2020-11-27 15:06:58","2020-11-28 18:42:00","2020-11-30 13:19:00",NULL,"36.950000762939446"
"102840","71053","56795","867","277775","Complete","2020-08-24 18:17:20","2020-08-26 01:59:00","2020-08-30 00:56:00",NULL,"36.950000762939446"
"106700","73722","58955","20178","288209","Complete","2020-06-23 00:45:46","2020-06-24 15:13:00","2020-06-26 13:17:00",NULL,"36.950000762939446"
"107517","74289","59390","20297","290415","Complete","2022-02-07 21:49:34","2022-02-05 21:08:00","2022-02-08 01:32:00",NULL,"36.950000762939446"
"111376","76939","61561","27382","300795","Complete","2022-04-20 05:57:17","2022-04-22 06:37:00","2022-04-27 01:03:00",NULL,"36.950000762939446"
"112978","78038","62426","20310","305158","Complete","2022-05-27 08:14:00","2022-05-28 13:31:00","2022-05-30 07:03:00",NULL,"36.950000762939446"
"113343","78297","62622","20297","306140","Complete","2022-08-27 21:01:28","2022-08-26 19:34:00","2022-08-28 17:16:00",NULL,"36.950000762939446"
"120899","83436","66812","20189","326435","Complete","2022-09-05 00:47:17","2022-09-02 15:59:00","2022-09-03 17:41:00",NULL,"36.950000762939446"
"121219","83655","66985","11238","327316","Complete","2021-06-28 10:31:03","2021-06-28 15:38:00","2021-07-01 08:04:00",NULL,"36.950000762939446"
"125143","86333","69087","5218","337875","Complete","2022-04-09 06:11:52","2022-04-10 09:58:00","2022-04-12 04:10:00",NULL,"36.950000762939446"
"128164","88388","70792","27382","346060","Complete","2022-05-25 06:35:28","2022-05-28 00:31:00","2022-05-28 12:11:00",NULL,"36.950000762939446"
"130240","89830","71954","12487","351640","Complete","2022-04-08 15:14:17","2022-04-09 13:07:00","2022-04-12 23:25:00",NULL,"36.950000762939446"
"138724","95731","76748","12262","374598","Complete","2020-07-26 14:09:47","2020-07-28 09:21:00","2020-08-02 04:13:00",NULL,"36.950000762939446"
"140624","97007","77800","20178","379697","Complete","2022-09-04 18:29:50.388686","2022-09-05 17:27:26.388686","2022-09-07 10:41:26.388686",NULL,"36.950000762939446"
"143704","99156","79498","18117","387988","Complete","2022-06-27 13:29:27","2022-06-25 20:10:00","2022-06-29 11:36:00",NULL,"36.950000762939446"
"145287","100244","80385","854","392300","Complete","2021-07-27 05:10:45","2021-07-27 20:38:00","2021-08-01 10:36:00",NULL,"36.950000762939446"
"148997","102820","82475","26534","402343","Complete","2022-04-08 13:10:29","2022-04-09 06:07:00","2022-04-12 14:07:00",NULL,"36.950000762939446"
"154173","106375","85323","20192","416316","Complete","2021-06-06 09:39:22","2021-06-04 19:03:00","2021-06-05 22:03:00",NULL,"36.950000762939446"
"156196","107744","86430","20294","421734","Complete","2022-02-10 15:14:39","2022-02-13 11:01:00","2022-02-17 07:41:00",NULL,"36.950000762939446"
"163433","112728","90393","12391","441308","Complete","2021-09-21 10:59:21","2021-09-22 02:35:00","2021-09-25 03:16:00",NULL,"36.950000762939446"
"164840","113693","91145","20294","445183","Complete","2021-05-11 11:30:35","2021-05-10 07:57:00","2021-05-10 21:28:00",NULL,"36.950000762939446"
"165441","114101","91475","20310","446822","Complete","2021-05-19 11:24:04","2021-05-18 22:00:00","2021-05-20 00:55:00",NULL,"36.950000762939446"
"167153","115271","92392","18117","451440","Complete","2022-09-01 12:16:27","2022-08-31 01:16:00","2022-09-04 09:57:00",NULL,"36.950000762939446"
"168650","116302","93248","2000","455439","Complete","2021-09-02 08:29:53","2021-09-05 05:17:00","2021-09-08 10:31:00",NULL,"36.950000762939446"
"168863","116456","93367","8475","456010","Complete","2022-04-30 20:42:14","2022-05-02 19:51:00","2022-05-04 19:38:00",NULL,"36.950000762939446"
"170095","117287","94056","20189","459340","Complete","2022-06-02 06:38:52","2022-05-31 07:17:00","2022-05-31 18:23:00",NULL,"36.950000762939446"
"177167","122179","97966","20178","478496","Complete","2022-07-28 16:57:09","2022-07-30 15:53:00","2022-08-02 14:30:00",NULL,"36.950000762939446"
"177601","122491","98246","28694","479646","Complete","2020-04-22 09:31:44","2020-04-22 23:52:00","2020-04-24 10:48:00",NULL,"36.950000762939446"
"5374","3669","2996","20297","14556","Returned","2022-09-04 11:05:46","2022-09-06 12:23:00","2022-09-10 15:22:00","2022-09-12 09:58:00","36.950000762939446"
"7515","5145","4174","20181","20363","Returned","2022-04-22 15:54:42","2022-04-22 21:21:00","2022-04-24 03:31:00","2022-04-24 09:02:00","36.950000762939446"
"9273","6361","5158","12391","25149","Returned","2022-08-22 07:48:43","2022-08-22 20:53:00","2022-08-27 04:53:00","2022-08-27 10:22:00","36.950000762939446"
"9691","6672","5413","18117","26298","Returned","2022-04-28 14:17:34","2022-04-30 04:06:00","2022-05-01 09:43:00","2022-05-04 09:23:00","36.950000762939446"
"14868","10225","8225","13211","40267","Returned","2021-06-05 07:05:40","2021-06-04 05:51:00","2021-06-04 06:46:00","2021-06-06 03:21:00","36.950000762939446"
"29430","20260","16193","20063","79553","Returned","2020-04-24 13:54:42","2020-04-24 08:27:00","2020-04-25 14:54:00","2020-04-27 15:23:00","36.950000762939446"
"34025","23430","18689","28694","91928","Returned","2021-04-13 18:17:18","2021-04-16 01:54:00","2021-04-20 03:45:00","2021-04-21 15:32:00","36.950000762939446"
"34746","23914","19093","16740","93858","Returned","2022-01-20 04:20:11","2022-01-21 11:54:00","2022-01-21 18:10:00","2022-01-22 00:08:00","36.950000762939446"
"42147","28998","23126","854","113779","Returned","2022-08-16 07:34:37","2022-08-16 19:18:00","2022-08-17 08:33:00","2022-08-18 13:42:00","36.950000762939446"
"42352","29135","23235","27382","114354","Returned","2022-03-26 03:35:32","2022-03-24 02:20:00","2022-03-27 09:23:00","2022-03-28 06:05:00","36.950000762939446"
"46755","32196","25716","26864","126234","Returned","2020-05-30 00:22:58","2020-06-01 11:39:00","2020-06-02 05:44:00","2020-06-03 03:22:00","36.950000762939446"
"52027","35855","28642","2000","140432","Returned","2022-06-07 01:34:03","2022-06-04 01:36:00","2022-06-05 16:12:00","2022-06-08 11:29:00","36.950000762939446"
"53699","37002","29563","2000","144915","Returned","2021-05-18 03:43:08","2021-05-15 10:34:00","2021-05-20 03:43:00","2021-05-21 08:22:00","36.950000762939446"
"56897","39214","31347","12487","153569","Returned","2019-06-30 21:55:22","2019-06-28 10:03:00","2019-07-01 20:30:00","2019-07-02 14:05:00","36.950000762939446"
"63342","43609","34869","20167","171036","Returned","2022-08-25 12:02:40","2022-08-28 07:33:00","2022-09-01 01:13:00","2022-09-03 14:56:00","36.950000762939446"
"70393","48479","38774","20189","190052","Returned","2022-02-24 23:44:27","2022-02-26 13:48:00","2022-03-02 16:56:00","2022-03-04 05:35:00","36.950000762939446"
"76856","52993","42395","26241","207548","Returned","2021-10-16 02:42:55","2021-10-16 18:40:00","2021-10-19 06:44:00","2021-10-21 23:46:00","36.950000762939446"
"89222","61673","49380","25924","241026","Returned","2022-06-25 06:48:31","2022-06-27 19:30:00","2022-07-02 10:31:00","2022-07-02 16:26:00","36.950000762939446"
"89489","61853","49519","20178","241739","Returned","2022-09-02 03:21:27","2022-09-04 09:49:00","2022-09-08 07:28:00","2022-09-08 12:05:00","36.950000762939446"
"90693","62677","50180","12391","245016","Returned","2021-12-22 03:24:39","2021-12-23 09:22:00","2021-12-25 16:23:00","2021-12-27 01:08:00","36.950000762939446"
"97593","67447","53896","12318","263635","Returned","2022-08-30 21:00:31","2022-08-31 23:41:00","2022-09-02 21:56:00","2022-09-03 03:25:00","36.950000762939446"
"101224","69948","55931","20297","273367","Returned","2022-05-30 09:43:51","2022-06-01 06:04:00","2022-06-05 03:12:00","2022-06-06 16:40:00","36.950000762939446"
"109387","75565","60407","25924","295469","Returned","2021-10-03 06:29:58","2021-10-05 00:14:00","2021-10-07 07:35:00","2021-10-08 19:19:00","36.950000762939446"
"112508","77706","62160","867","303879","Returned","2022-08-21 04:51:27","2022-08-23 23:16:00","2022-08-27 17:21:00","2022-08-29 00:58:00","36.950000762939446"
"131048","90398","72407","9121","353827","Returned","2022-06-24 10:58:33","2022-06-25 11:27:00","2022-06-26 01:05:00","2022-06-29 00:55:00","36.950000762939446"
"132143","91160","73006","12391","356799","Returned","2021-01-13 07:30:48","2021-01-14 10:42:00","2021-01-18 11:55:00","2021-01-20 19:29:00","36.950000762939446"
"134800","92992","74487","854","364023","Returned","2019-09-19 10:05:28","2019-09-19 17:44:00","2019-09-20 18:24:00","2019-09-22 15:23:00","36.950000762939446"
"136650","94295","75577","20063","368994","Returned","2021-08-14 12:27:10","2021-08-16 20:14:00","2021-08-19 19:07:00","2021-08-20 06:15:00","36.950000762939446"
"149431","103131","82719","12062","403521","Returned","2021-10-01 20:32:22","2021-10-03 13:55:00","2021-10-07 01:30:00","2021-10-09 04:52:00","36.950000762939446"
"152960","105525","84658","12487","413057","Returned","2020-06-30 12:45:08","2020-07-01 11:27:00","2020-07-04 11:14:00","2020-07-05 21:27:00","36.950000762939446"
"164879","113715","91166","17539","445285","Returned","2022-07-15 12:51:57","2022-07-12 17:39:00","2022-07-15 17:48:00","2022-07-17 17:38:00","36.950000762939446"
"168329","116085","93074","2000","454582","Returned","2019-08-27 22:45:47","2019-08-28 05:54:00","2019-08-31 10:17:00","2019-09-01 19:49:00","36.950000762939446"
"171742","118416","94948","25924","463823","Returned","2021-12-22 00:21:31","2021-12-24 07:36:00","2021-12-26 00:35:00","2021-12-27 08:24:00","36.950000762939446"
"173385","119585","95875","964","468260","Returned","2020-04-28 06:38:17","2020-04-26 19:13:00","2020-04-30 00:49:00","2020-05-02 07:08:00","36.950000762939446"
"177865","122674","98397","12370","480350","Returned","2021-05-23 06:07:04","2021-05-25 00:12:00","2021-05-29 11:46:00","2021-05-31 17:07:00","36.950000762939446"
"177986","122763","98466","867","480675","Returned","2022-05-25 16:14:18","2022-05-25 15:57:00","2022-05-30 10:52:00","2022-05-31 00:30:00","36.950000762939446"
"8141","5580","4517","18117","22082","Cancelled","2021-12-03 02:21:02",NULL,NULL,NULL,"36.950000762939446"
"11231","7719","6270","2000","30428","Cancelled","2021-11-03 11:53:15",NULL,NULL,NULL,"36.950000762939446"
"13439","9266","7471","9121","36420","Cancelled","2021-01-19 23:16:43",NULL,NULL,NULL,"36.950000762939446"
"20249","13922","11161","27651","54801","Cancelled","2022-09-07 10:25:44",NULL,NULL,NULL,"36.950000762939446"
"27680","19063","15241","854","74826","Cancelled","2021-12-18 03:58:42",NULL,NULL,NULL,"36.950000762939446"
"30938","21292","17049","20297","83639","Cancelled","2022-06-16 09:16:48",NULL,NULL,NULL,"36.950000762939446"
"31250","21498","17207","20310","84455","Cancelled","2022-03-28 08:32:00",NULL,NULL,NULL,"36.950000762939446"
"34844","23980","19145","20475","94133","Cancelled","2022-08-08 05:12:56",NULL,NULL,NULL,"36.950000762939446"
"38189","26292","21008","9121","103096","Cancelled","2020-12-29 01:01:22",NULL,NULL,NULL,"36.950000762939446"
"43225","29735","23715","24509","116725","Cancelled","2022-05-25 00:10:13",NULL,NULL,NULL,"36.950000762939446"
"46745","32190","25711","16740","126207","Cancelled","2022-09-05 16:51:29.006287",NULL,NULL,NULL,"36.950000762939446"
"50526","34812","27787","12487","136387","Cancelled","2022-01-11 15:05:13",NULL,NULL,NULL,"36.950000762939446"
"51100","35227","28119","20475","137935","Cancelled","2020-03-11 15:05:32",NULL,NULL,NULL,"36.950000762939446"
"54956","37888","30264","8475","148298","Cancelled","2021-09-17 06:03:47",NULL,NULL,NULL,"36.950000762939446"
"55340","38144","30477","26241","149308","Cancelled","2019-05-13 02:22:48",NULL,NULL,NULL,"36.950000762939446"
"62622","43127","34484","20294","169053","Cancelled","2020-07-28 05:01:30",NULL,NULL,NULL,"36.950000762939446"
"62927","43322","34640","12318","169893","Cancelled","2021-06-19 08:19:39",NULL,NULL,NULL,"36.950000762939446"
"72406","49869","39918","20189","195488","Cancelled","2020-02-25 05:21:15",NULL,NULL,NULL,"36.950000762939446"
"76449","52694","42168","12062","206441","Cancelled","2020-11-17 14:29:39",NULL,NULL,NULL,"36.950000762939446"
"85620","59166","47308","27651","231278","Cancelled","2022-07-23 10:08:17",NULL,NULL,NULL,"36.950000762939446"
"95590","66072","52846","12262","258217","Cancelled","2021-02-15 13:50:53",NULL,NULL,NULL,"36.950000762939446"
"96821","66896","53468","20294","261517","Cancelled","2022-01-04 06:05:18",NULL,NULL,NULL,"36.950000762939446"
"97951","67692","54085","20178","264603","Cancelled","2022-01-19 16:16:32",NULL,NULL,NULL,"36.950000762939446"
"100242","69280","55400","24509","270733","Cancelled","2022-06-13 03:02:23",NULL,NULL,NULL,"36.950000762939446"
"100307","69325","55433","20294","270903","Cancelled","2022-05-15 10:30:53",NULL,NULL,NULL,"36.950000762939446"
"114487","79077","63246","20310","309222","Cancelled","2020-02-20 23:26:33",NULL,NULL,NULL,"36.950000762939446"
"118048","81481","65248","17539","318759","Cancelled","2022-08-27 22:12:05",NULL,NULL,NULL,"36.950000762939446"
"120042","82861","66335","12479","324114","Cancelled","2022-08-11 06:42:43",NULL,NULL,NULL,"36.950000762939446"
"123915","85485","68399","9121","334536","Cancelled","2021-02-21 12:07:15",NULL,NULL,NULL,"36.950000762939446"
"129485","89301","71542","8475","349622","Cancelled","2021-03-04 18:16:26",NULL,NULL,NULL,"36.950000762939446"
"135508","93509","74921","8475","365933","Cancelled","2022-05-08 12:14:43",NULL,NULL,NULL,"36.950000762939446"
"143592","99077","79447","2000","387703","Cancelled","2022-05-29 16:17:41",NULL,NULL,NULL,"36.950000762939446"
"147403","101705","81574","12062","398001","Cancelled","2021-08-06 07:53:54",NULL,NULL,NULL,"36.950000762939446"
"150125","103593","83084","2000","405448","Cancelled","2021-07-26 22:16:01",NULL,NULL,NULL,"36.950000762939446"
"150610","103929","83376","20297","406764","Cancelled","2020-09-18 06:32:11",NULL,NULL,NULL,"36.950000762939446"
"154377","106513","85440","20192","416849","Cancelled","2022-01-08 00:23:38",NULL,NULL,NULL,"36.950000762939446"
"156304","107819","86486","20294","422034","Cancelled","2022-08-30 08:14:20",NULL,NULL,NULL,"36.950000762939446"
"156447","107919","86567","867","422409","Cancelled","2022-06-14 12:17:43",NULL,NULL,NULL,"36.950000762939446"
"162324","111955","89759","12391","438308","Cancelled","2022-02-21 17:52:00",NULL,NULL,NULL,"36.950000762939446"
"163570","112829","90469","12391","441694","Cancelled","2022-02-10 11:23:29",NULL,NULL,NULL,"36.950000762939446"
"166809","115035","92209","27651","450505","Cancelled","2020-06-15 11:27:19",NULL,NULL,NULL,"36.950000762939446"
"167607","115583","92641","14294","452640","Cancelled","2022-09-01 05:25:33",NULL,NULL,NULL,"36.950000762939446"
"169983","117212","93985","20297","459028","Cancelled","2022-07-27 02:22:50",NULL,NULL,NULL,"36.950000762939446"
"173364","119571","95864","24980","468209","Cancelled","2022-08-31 15:48:53",NULL,NULL,NULL,"36.950000762939446"
"1058","734","615","27382","2844","Processing","2022-09-03 01:46:29",NULL,NULL,NULL,"36.950000762939446"
"7778","5331","4316","20181","21099","Processing","2021-04-01 15:14:40",NULL,NULL,NULL,"36.950000762939446"
"10504","7224","5877","20475","28476","Processing","2020-10-22 05:47:04",NULL,NULL,NULL,"36.950000762939446"
"14177","9761","7875","13211","38422","Processing","2022-07-21 11:03:16",NULL,NULL,NULL,"36.950000762939446"
"15325","10525","8469","26864","41510","Processing","2020-11-08 15:18:26",NULL,NULL,NULL,"36.950000762939446"
"18031","12404","9975","20294","48857","Processing","2021-03-02 16:20:32",NULL,NULL,NULL,"36.950000762939446"
"27425","18893","15114","26241","74145","Processing","2022-08-06 13:39:51",NULL,NULL,NULL,"36.950000762939446"
"27496","18943","15152","18117","74332","Processing","2020-08-24 23:55:25",NULL,NULL,NULL,"36.950000762939446"
"28786","19813","15830","8475","77811","Processing","2021-04-16 23:02:49",NULL,NULL,NULL,"36.950000762939446"
"29858","20569","16450","20181","80713","Processing","2022-09-01 16:49:27",NULL,NULL,NULL,"36.950000762939446"
"30021","20679","16541","5218","81158","Processing","2021-07-27 02:30:28",NULL,NULL,NULL,"36.950000762939446"
"31701","21814","17459","28694","85678","Processing","2021-09-07 23:27:51",NULL,NULL,NULL,"36.950000762939446"
"32962","22695","18125","12370","89050","Processing","2022-08-14 05:41:23",NULL,NULL,NULL,"36.950000762939446"
"34618","23826","19024","26864","93521","Processing","2021-05-26 08:15:12",NULL,NULL,NULL,"36.950000762939446"
"36832","25349","20269","27651","99430","Processing","2021-12-27 22:53:27",NULL,NULL,NULL,"36.950000762939446"
"37507","25814","20622","20192","101279","Processing","2022-04-19 00:20:36",NULL,NULL,NULL,"36.950000762939446"
"38815","26735","21364","16740","104798","Processing","2022-09-05 07:47:58.758667",NULL,NULL,NULL,"36.950000762939446"
"39055","26893","21482","20475","105429","Processing","2022-04-25 06:38:42",NULL,NULL,NULL,"36.950000762939446"
"43935","30225","24102","20178","118661","Processing","2021-07-31 09:44:47",NULL,NULL,NULL,"36.950000762939446"
"46480","31995","25546","20167","125516","Processing","2020-11-11 13:13:00",NULL,NULL,NULL,"36.950000762939446"
"46714","32168","25695","25924","126125","Processing","2022-09-03 02:42:32",NULL,NULL,NULL,"36.950000762939446"
"47325","32604","26034","25924","127740","Processing","2020-07-14 15:59:13",NULL,NULL,NULL,"36.950000762939446"
"48172","33182","26512","24509","130024","Processing","2021-01-03 23:49:23",NULL,NULL,NULL,"36.950000762939446"
"49148","33848","27032","20189","132649","Processing","2022-05-01 12:10:47",NULL,NULL,NULL,"36.950000762939446"
"51358","35400","28277","14294","138619","Processing","2020-05-31 03:19:04",NULL,NULL,NULL,"36.950000762939446"
"52290","36038","28785","26241","141104","Processing","2022-03-01 21:58:12",NULL,NULL,NULL,"36.950000762939446"
"53172","36654","29290","9121","143473","Processing","2021-06-01 08:15:51",NULL,NULL,NULL,"36.950000762939446"
"70221","48355","38666","26241","189575","Processing","2022-04-22 09:19:55",NULL,NULL,NULL,"36.950000762939446"
"70730","48707","38965","20294","190952","Processing","2019-12-16 07:40:02",NULL,NULL,NULL,"36.950000762939446"
"71713","49387","39535","12391","193606","Processing","2022-08-23 00:34:19",NULL,NULL,NULL,"36.950000762939446"
"74033","51000","40810","12370","199898","Processing","2022-05-11 13:48:50",NULL,NULL,NULL,"36.950000762939446"
"82565","56990","45566","26864","222977","Processing","2019-05-16 23:24:44",NULL,NULL,NULL,"36.950000762939446"
"86405","59704","47767","27382","233405","Processing","2021-11-16 05:14:20",NULL,NULL,NULL,"36.950000762939446"
"91523","63238","50633","20475","247218","Processing","2020-07-23 05:04:13",NULL,NULL,NULL,"36.950000762939446"
"91830","63452","50808","8475","248050","Processing","2022-06-26 23:51:14",NULL,NULL,NULL,"36.950000762939446"
"95158","65762","52610","20475","257034","Processing","2021-01-07 11:08:41",NULL,NULL,NULL,"36.950000762939446"
"98563","68100","54431","12487","266262","Processing","2022-02-09 03:25:48",NULL,NULL,NULL,"36.950000762939446"
"99247","68582","54828","20181","268098","Processing","2021-07-26 22:52:14",NULL,NULL,NULL,"36.950000762939446"
"113370","78319","62640","11238","306207","Processing","2020-07-25 05:25:51",NULL,NULL,NULL,"36.950000762939446"
"115736","79924","63961","12262","312570","Processing","2021-11-04 23:00:34",NULL,NULL,NULL,"36.950000762939446"
"120879","83422","66800","20192","326379","Processing","2019-09-22 13:10:08",NULL,NULL,NULL,"36.950000762939446"
"122252","84334","67517","26241","330087","Processing","2022-07-09 00:32:14",NULL,NULL,NULL,"36.950000762939446"
"126735","87406","69960","20189","342192","Processing","2020-11-30 06:58:32",NULL,NULL,NULL,"36.950000762939446"
"129211","89111","71391","20063","348898","Processing","2020-08-01 11:39:32",NULL,NULL,NULL,"36.950000762939446"
"130801","90227","72262","26241","353179","Processing","2020-12-22 15:48:19",NULL,NULL,NULL,"36.950000762939446"
"133238","91937","73636","20167","359770","Processing","2020-11-22 08:18:48",NULL,NULL,NULL,"36.950000762939446"
"136862","94447","75697","27382","369580","Processing","2022-05-12 05:14:29",NULL,NULL,NULL,"36.950000762939446"
"143525","99035","79411","20297","387523","Processing","2022-01-11 06:10:27",NULL,NULL,NULL,"36.950000762939446"
"144541","99725","79960","20167","390253","Processing","2022-05-28 23:52:43",NULL,NULL,NULL,"36.950000762939446"
"148071","102180","81967","12262","399805","Processing","2021-08-07 13:25:40",NULL,NULL,NULL,"36.950000762939446"
"153511","105907","84953","24509","414564","Processing","2022-06-25 16:56:36",NULL,NULL,NULL,"36.950000762939446"
"171389","118162","94760","12262","462882","Processing","2022-03-06 02:50:58",NULL,NULL,NULL,"36.950000762939446"
"172474","118942","95356","13211","465826","Processing","2022-03-29 04:45:26",NULL,NULL,NULL,"36.950000762939446"
"173516","119676","95958","12370","468596","Processing","2021-04-23 02:12:01",NULL,NULL,NULL,"36.950000762939446"
"174865","120591","96691","9121","472224","Processing","2022-03-05 01:29:06",NULL,NULL,NULL,"36.950000762939446"
"178221","122922","98596","20294","481288","Processing","2022-04-18 12:02:17",NULL,NULL,NULL,"36.950000762939446"
"178342","123009","98665","20310","481618","Processing","2022-07-20 02:56:35",NULL,NULL,NULL,"36.950000762939446"
"179238","123622","99167","8475","484034","Processing","2022-05-02 07:39:37",NULL,NULL,NULL,"36.950000762939446"
